-9.622000000000000552e-01
2.700000000000000143e-03
-2.280000000000000082e-02
2.553000000000000269e-01
-5.162999999999999812e-01
-7.128999999999999782e-01
-6.414999999999999591e-01
-7.056000000000000050e-01
3.235000000000000098e-01
9.265999999999999792e-01
-7.960000000000000409e-01
2.894999999999999796e-01
4.146000000000000241e-01
-8.760999999999999899e-01
-3.955000000000000182e-01
1.577000000000000068e-01
9.203999999999999959e-01
-7.225000000000000311e-01
-1.370000000000000107e-01
2.195000000000000007e-01
3.980000000000000204e-02
7.173000000000000487e-01
-8.837000000000000410e-01
-5.328000000000000513e-01
6.068999999999999950e-01
1.703999999999999959e-01
8.366999999999999993e-01
-1.550999999999999879e-01
-8.869000000000000217e-01
-1.539000000000000090e-01
-7.116999999999999993e-01
1.121999999999999942e-01
-3.407999999999999918e-01
-2.464999999999999969e-01
9.408999999999999586e-01
5.436999999999999611e-01
6.713999999999999968e-01
2.642999999999999794e-01
3.915000000000000147e-01
-1.433000000000000107e-01
5.413999999999999924e-01
8.288999999999999702e-01
-1.237999999999999934e-01
-8.649000000000000021e-01
-6.114000000000000545e-01
-4.273000000000000131e-01
-9.605000000000000204e-01
-2.780000000000000249e-01
8.027999999999999581e-01
3.255000000000000115e-01
-2.391000000000000070e-01
-3.905000000000000138e-01
-5.959999999999999742e-01
-8.436000000000000165e-01
5.645000000000000018e-01
-7.579000000000000181e-01
-1.789999999999999925e-02
-4.565000000000000169e-01
-3.678000000000000158e-01
5.129999999999999838e-02
-5.715000000000000080e-01
-8.296000000000000041e-01
3.780000000000000027e-02
-9.477999999999999758e-01
3.682000000000000273e-01
-9.196999999999999620e-01
-6.464999999999999636e-01
3.755999999999999894e-01
3.561000000000000276e-01
4.835999999999999743e-01
5.884000000000000341e-01
9.398999999999999577e-01
8.021000000000000352e-01
4.062000000000000055e-01
-2.068000000000000116e-01
3.492000000000000104e-01
-5.336999999999999522e-01
4.986999999999999766e-01
1.746000000000000052e-01
3.400000000000000244e-01
-5.084999999999999520e-01
-7.984999999999999876e-01
-4.779999999999999805e-01
2.454999999999999960e-01
-7.390999999999999792e-01
6.508000000000000451e-01
-7.131999999999999451e-01
4.349999999999999978e-01
1.389999999999999916e-02
1.370000000000000107e-01
8.112000000000000322e-01
7.010999999999999455e-01
9.971999999999999753e-01
2.101999999999999980e-01
1.288999999999999868e-01
-4.202000000000000179e-01
-5.172999999999999821e-01
-1.915999999999999925e-01
8.764999999999999458e-01
-9.893999999999999462e-01
2.500000000000000052e-03
5.275999999999999579e-01
8.178999999999999604e-01
-9.429999999999999494e-02
-3.053000000000000158e-01
1.836000000000000132e-01
-2.063000000000000111e-01
4.429999999999999910e-02
3.020000000000000115e-02
9.291000000000000369e-01
-9.360000000000000264e-02
-4.519999999999999712e-02
7.889000000000000457e-01
4.334999999999999964e-01
9.961999999999999744e-01
-7.849000000000000421e-01
-1.155999999999999944e-01
8.305000000000000160e-01
2.373000000000000109e-01
3.387999999999999901e-01
5.167000000000000481e-01
4.190999999999999726e-01
6.739000000000000545e-01
7.557000000000000384e-01
7.589999999999999525e-02
7.141999999999999460e-01
9.358999999999999542e-01
4.789999999999999813e-01
-9.814000000000000501e-01
3.005999999999999783e-01
-2.154999999999999971e-01
-2.691000000000000059e-01
-5.708999999999999631e-01
7.631999999999999895e-01
-2.222999999999999976e-01
-3.746999999999999775e-01
6.136000000000000343e-01
-1.173000000000000015e-01
9.197999999999999510e-01
-6.981000000000000538e-01
1.396999999999999909e-01
-8.918000000000000371e-01
-9.877000000000000224e-01
9.908000000000000140e-01
7.368000000000000105e-01
3.889999999999999708e-02
-5.384999999999999787e-01
7.136000000000000121e-01
-8.972999999999999865e-01
2.238999999999999879e-01
6.108999999999999986e-01
7.223000000000000531e-01
-3.706999999999999740e-01
-1.073999999999999955e-01
-4.899999999999999911e-01
-6.883000000000000229e-01
5.426999999999999602e-01
-3.590999999999999748e-01
-7.561999999999999833e-01
4.346999999999999753e-01
2.330000000000000127e-01
7.740000000000000213e-01
-3.826999999999999846e-01
4.855999999999999761e-01
5.693000000000000282e-01
6.601000000000000201e-01
-3.694000000000000061e-01
3.291000000000000036e-01
2.187999999999999945e-01
2.565000000000000058e-01
1.175999999999999962e-01
2.144000000000000072e-01
1.691999999999999893e-01
-6.362999999999999767e-01
-1.829999999999999960e-01
4.386999999999999789e-01
4.283000000000000140e-01
9.790000000000000091e-02
-4.309999999999999942e-01
8.525000000000000355e-01
8.383000000000000451e-01
5.147000000000000464e-01
-3.215999999999999970e-01
1.184000000000000052e-01
6.424999999999999600e-01
-9.445999999999999952e-01
3.825000000000000067e-01
2.010000000000000120e-01
9.952999999999999625e-01
-4.324000000000000066e-01
-3.181999999999999829e-01
7.835999999999999632e-01
8.508999999999999897e-01
3.796999999999999820e-01
8.250999999999999446e-01
-7.220999999999999641e-01
3.507000000000000117e-01
-6.371999999999999886e-01
-6.292999999999999705e-01
6.903000000000000247e-01
-2.869999999999999774e-01
-8.211000000000000520e-01
-1.329999999999999932e-02
-5.625999999999999890e-01
-1.529000000000000081e-01
1.366999999999999882e-01
-5.723000000000000309e-01
9.690999999999999615e-01
-5.340000000000000302e-02
-5.925000000000000266e-01
2.700000000000000178e-01
-4.747000000000000108e-01
-2.394000000000000017e-01
-2.268999999999999906e-01
-9.132000000000000117e-01
-5.372000000000000108e-01
6.405999999999999472e-01
-6.042999999999999483e-01
-7.633999999999999675e-01
1.001999999999999974e-01
-6.896999999999999797e-01
-8.242000000000000437e-01
8.633999999999999453e-01
4.933000000000000163e-01
-2.977000000000000202e-01
6.764999999999999902e-01
-7.939000000000000501e-01
-4.341999999999999749e-01
-1.854000000000000092e-01
-8.781999999999999806e-01
-5.845000000000000195e-01
3.906999999999999917e-01
9.572000000000000508e-01
4.814999999999999836e-01
-6.091999999999999638e-01
4.008999999999999786e-01
6.737999999999999545e-01
-3.034000000000000030e-01
-9.362000000000000322e-01
7.816999999999999504e-01
8.552999999999999492e-01
8.677000000000000268e-01
-1.400000000000000133e-01
7.622999999999999776e-01
-2.361999999999999933e-01
-5.786000000000000032e-01
-3.471000000000000196e-01
-6.389000000000000234e-01
9.589999999999999913e-02
7.641999999999999904e-01
-8.970000000000000195e-02
-6.482999999999999874e-01
-5.560000000000000497e-01
5.282000000000000028e-01
-2.630000000000000115e-01
8.904999999999999583e-01
-1.348000000000000032e-01
3.085999999999999854e-01
-2.351999999999999924e-01
4.939000000000000057e-01
3.790999999999999925e-01
2.560000000000000123e-02
4.850999999999999757e-01
4.273000000000000131e-01
-3.210999999999999965e-01
2.564000000000000168e-01
-4.833000000000000074e-01
7.459999999999999964e-01
-1.489999999999999936e-01
-7.699999999999999900e-02
2.124999999999999944e-01
9.794000000000000483e-01
7.402999999999999581e-01
7.080999999999999517e-01
8.155999999999999917e-01
-4.606999999999999984e-01
-1.804000000000000048e-01
-2.948000000000000065e-01
9.357999999999999652e-01
6.885000000000000009e-01
8.923999999999999710e-01
-8.141000000000000458e-01
4.228999999999999981e-01
-1.479000000000000037e-01
-1.244999999999999996e-01
8.470999999999999641e-01
-3.326999999999999957e-01
-9.721999999999999531e-01
7.964999999999999858e-01
1.754000000000000004e-01
4.802000000000000157e-01
-6.347000000000000419e-01
2.300000000000000100e-01
4.171000000000000263e-01
-4.009999999999999676e-02
-5.371000000000000218e-01
5.318000000000000504e-01
1.547999999999999932e-01
5.639999999999999875e-02
-5.462000000000000188e-01
-9.494000000000000217e-01
5.999999999999999778e-01
9.039999999999999425e-02
9.610999999999999543e-01
5.763000000000000345e-01
-8.970000000000000195e-02
-3.325000000000000178e-01
-8.961999999999999966e-01
-7.294000000000000483e-01
-6.759999999999999343e-02
5.960000000000000020e-02
6.172999999999999599e-01
-4.919999999999999929e-01
6.753000000000000114e-01
-7.650000000000000133e-01
2.356000000000000039e-01
-6.112999999999999545e-01
1.117999999999999966e-01
-8.397000000000000020e-01
8.950000000000000178e-01
-7.147000000000000020e-01
-5.018000000000000238e-01
-9.006999999999999451e-01
4.540000000000000147e-01
2.788999999999999813e-01
-1.385000000000000120e-01
-6.613999999999999879e-01
3.679999999999999938e-01
-1.857999999999999929e-01
2.938000000000000056e-01
9.493000000000000327e-01
8.219999999999999529e-02
-7.456000000000000405e-01
-9.311000000000000387e-01
6.024000000000000465e-01
-1.978999999999999926e-01
5.836999999999999966e-01
7.695999999999999508e-01
-9.968000000000000194e-01
-1.414999999999999869e-01
9.308999999999999497e-01
-1.849999999999999908e-02
8.000000000000000444e-01
1.832999999999999907e-01
9.268999999999999462e-01
-5.064999999999999503e-01
-9.586000000000000076e-01
-3.479999999999999760e-01
-6.663999999999999924e-01
2.069999999999999965e-02
6.501000000000000112e-01
-1.899999999999999996e-03
9.617999999999999883e-01
9.729999999999999760e-02
-1.159000000000000030e-01
5.766000000000000014e-01
-9.464000000000000190e-01
1.048000000000000043e-01
-6.055000000000000382e-01
-7.528000000000000247e-01
-5.268000000000000460e-01
9.216999999999999638e-01
-9.374000000000000110e-01
7.789999999999999702e-02
-9.059999999999999998e-02
-6.799999999999999621e-03
-6.203999999999999515e-01
4.818000000000000060e-01
-8.695000000000000506e-01
-6.282999999999999696e-01
-7.599999999999999811e-02
-2.625000000000000111e-01
4.288000000000000145e-01
3.869000000000000217e-01
-6.665999999999999703e-01
