1.925999999999999934e-01
8.299999999999999600e-01
2.806000000000000161e-01
5.750000000000000250e-02
6.717999999999999527e-01
1.975999999999999979e-01
2.039999999999999869e-01
7.389000000000000012e-01
-9.900000000000000466e-02
-1.393999999999999961e-01
5.756000000000000005e-01
-4.593999999999999750e-01
-7.258000000000000007e-01
4.870000000000000023e-02
-1.998000000000000054e-01
8.552999999999999492e-01
-3.070999999999999841e-01
-7.261999999999999567e-01
-4.380999999999999894e-01
8.240000000000000102e-02
-8.114999999999999991e-01
1.280000000000000061e-02
-6.713999999999999968e-01
7.055000000000000160e-01
-1.360000000000000098e-01
-6.569999999999999452e-02
-4.694999999999999729e-01
-3.059000000000000052e-01
-8.989000000000000323e-01
-8.514000000000000457e-01
-2.406999999999999973e-01
5.867999999999999883e-01
-3.035999999999999810e-01
-8.131000000000000449e-01
-7.179999999999999716e-01
2.879999999999999782e-01
3.719999999999999696e-02
-4.562999999999999834e-01
2.273999999999999910e-01
5.454999999999999849e-01
7.983000000000000096e-01
1.494999999999999940e-01
-7.518000000000000238e-01
-4.257000000000000228e-01
-8.778000000000000247e-01
-5.138000000000000345e-01
7.590000000000000080e-01
-7.534999999999999476e-01
7.082000000000000517e-01
2.132000000000000006e-01
7.910000000000000364e-02
-3.341000000000000081e-01
5.058000000000000274e-01
-4.800000000000000100e-02
-4.470999999999999974e-01
2.867999999999999994e-01
-2.081000000000000072e-01
-9.824000000000000510e-01
9.365999999999999881e-01
-2.058000000000000107e-01
-3.996999999999999997e-01
1.000000000000000021e-03
7.336000000000000298e-01
-9.223000000000000087e-01
6.822000000000000286e-01
7.415000000000000480e-01
-2.189000000000000112e-01
-7.163000000000000478e-01
9.387999999999999678e-01
-4.569999999999999757e-02
-2.399999999999999790e-03
-6.410000000000000420e-02
1.025999999999999968e-01
8.056999999999999718e-01
-7.240000000000000602e-02
-4.966999999999999749e-01
-8.121000000000000441e-01
-4.203999999999999959e-01
-7.850000000000000311e-01
-8.550000000000000655e-02
-2.285999999999999976e-01
-8.200000000000000691e-03
-6.939999999999999503e-01
8.242000000000000437e-01
9.634000000000000341e-01
8.279999999999999860e-02
3.618000000000000105e-01
7.920000000000000651e-02
-3.094000000000000083e-01
7.084000000000000297e-01
-8.748000000000000220e-01
4.885999999999999788e-01
7.301999999999999602e-01
-9.366999999999999771e-01
-8.100000000000000533e-01
-3.556000000000000272e-01
-8.425000000000000266e-01
5.128000000000000336e-01
3.827999999999999736e-01
-4.487999999999999767e-01
-6.754999999999999893e-01
-4.060000000000000275e-01
7.957999999999999519e-01
8.085999999999999854e-01
-8.235999999999999988e-01
4.092000000000000082e-01
5.580000000000000515e-01
-6.450000000000000178e-01
5.920999999999999597e-01
-4.687000000000000055e-01
5.199999999999999761e-02
4.259000000000000008e-01
4.556000000000000050e-01
-3.382999999999999896e-01
5.548999999999999488e-01
4.601999999999999980e-01
8.689999999999999947e-01
-5.109000000000000208e-01
6.947999999999999732e-01
1.395000000000000129e-01
2.210000000000000159e-02
-1.310000000000000053e-02
1.097000000000000058e-01
7.379999999999999893e-01
2.889999999999999861e-02
4.107000000000000095e-01
-5.614999999999999991e-01
7.775999999999999579e-01
-2.510999999999999899e-01
-6.930000000000000049e-02
6.146000000000000352e-01
-9.012000000000000011e-01
-8.932999999999999829e-01
-9.981999999999999762e-01
-4.603999999999999759e-01
7.389000000000000012e-01
6.400000000000000307e-03
-1.042000000000000010e-01
-2.656000000000000028e-01
-8.763999999999999568e-01
3.371000000000000107e-01
-6.076000000000000290e-01
-2.549000000000000155e-01
-9.009999999999999953e-02
2.730000000000000135e-02
-1.250000000000000000e-01
2.230000000000000038e-02
-7.189999999999999725e-01
8.419999999999999707e-02
-8.060000000000000497e-02
-3.190999999999999948e-01
1.039999999999999952e-01
2.761000000000000121e-01
5.332999999999999963e-01
-5.605999999999999872e-01
8.527000000000000135e-01
7.734999999999999654e-01
-1.844999999999999973e-01
-4.364000000000000101e-01
-6.805999999999999828e-01
-7.147999999999999909e-01
8.679000000000000048e-01
-3.567000000000000171e-01
-7.791000000000000147e-01
-7.940000000000000391e-01
-9.335999999999999854e-01
-5.370000000000000329e-01
5.380000000000000060e-02
-2.490999999999999881e-01
1.335000000000000075e-01
-5.047000000000000375e-01
3.280000000000000138e-01
-8.696000000000000396e-01
1.643000000000000016e-01
-1.044999999999999957e-01
6.175000000000000488e-01
-6.884000000000000119e-01
2.011000000000000010e-01
-6.552999999999999936e-01
8.679999999999999938e-01
3.549999999999999822e-01
-9.299999999999999239e-03
-9.264000000000000012e-01
4.149999999999999800e-01
-5.845000000000000195e-01
5.770999999999999464e-01
7.627000000000000446e-01
4.148000000000000020e-01
4.621999999999999997e-01
5.753000000000000336e-01
-5.767999999999999794e-01
-5.603000000000000203e-01
-2.541999999999999815e-01
9.973999999999999533e-01
5.147000000000000464e-01
4.475000000000000089e-01
-4.924000000000000044e-01
9.808000000000000052e-01
-1.887999999999999956e-01
6.183999999999999497e-01
-8.115999999999999881e-01
-7.054000000000000270e-01
-7.812999999999999945e-01
-3.408999999999999808e-01
9.553000000000000380e-01
-2.569000000000000172e-01
8.871999999999999886e-01
-5.229000000000000314e-01
-2.119000000000000050e-01
-8.771999999999999797e-01
-7.788000000000000478e-01
5.268000000000000460e-01
-1.111000000000000043e-01
-7.393999999999999462e-01
4.645000000000000240e-01
1.817000000000000004e-01
6.768999999999999462e-01
1.418999999999999984e-01
-6.592999999999999972e-01
1.540999999999999870e-01
3.246999999999999886e-01
-3.876000000000000001e-01
5.927999999999999936e-01
-7.760000000000000231e-01
-2.636000000000000010e-01
-7.409000000000000030e-01
-3.054999999999999938e-01
-5.696999999999999842e-01
4.329999999999999821e-02
1.996999999999999886e-01
-5.914000000000000368e-01
8.477999999999999980e-01
4.005000000000000226e-01
3.603999999999999981e-01
-4.380000000000000004e-01
7.571999999999999842e-01
8.410999999999999588e-01
5.863000000000000433e-01
2.807999999999999940e-01
9.637999999999999901e-01
9.284999999999999920e-01
2.997000000000000219e-01
-1.629999999999999852e-02
6.391999999999999904e-01
1.103999999999999981e-01
9.045999999999999597e-01
-8.690999999999999837e-01
1.014000000000000040e-01
9.400000000000000022e-02
8.099999999999999561e-03
3.191999999999999837e-01
-3.423999999999999821e-01
-9.690000000000000002e-02
2.700000000000000143e-03
3.410000000000000253e-01
-6.817999999999999616e-01
7.154000000000000359e-01
-9.233000000000000096e-01
-3.079999999999999960e-01
-3.937999999999999834e-01
-2.400000000000000050e-02
-9.938000000000000167e-01
7.770000000000000517e-02
6.843000000000000194e-01
-1.567999999999999949e-01
4.868999999999999995e-01
7.422999999999999599e-01
-2.736000000000000099e-01
1.371999999999999886e-01
7.557000000000000384e-01
-6.215000000000000524e-01
8.913999999999999702e-01
-1.754000000000000004e-01
-6.180000000000000077e-02
3.799000000000000155e-01
-5.083999999999999631e-01
2.877000000000000113e-01
-7.498000000000000220e-01
1.080000000000000057e-02
-4.339999999999999969e-01
4.955999999999999850e-01
4.005000000000000226e-01
-3.361000000000000099e-01
6.087000000000000188e-01
-5.799999999999999600e-03
-6.703999999999999959e-01
-9.674000000000000377e-01
-5.669999999999999485e-01
4.661000000000000143e-01
-4.089999999999999886e-02
-9.536999999999999922e-01
5.627999999999999670e-01
3.507000000000000117e-01
5.750999999999999446e-01
-8.823999999999999622e-01
4.758000000000000007e-01
6.720000000000000417e-01
8.927000000000000490e-01
6.179000000000000048e-01
8.353000000000000425e-01
-3.966000000000000081e-01
-1.847999999999999921e-01
-7.893999999999999906e-01
7.907999999999999474e-01
2.316999999999999893e-01
-8.826000000000000512e-01
-4.919000000000000039e-01
7.127999999999999892e-01
2.064999999999999891e-01
2.179999999999999993e-01
1.103999999999999981e-01
9.650999999999999579e-01
8.574000000000000510e-01
-9.744000000000000439e-01
-7.513999999999999568e-01
-3.230000000000000232e-02
8.630999999999999783e-01
-4.550000000000000155e-01
-5.349000000000000421e-01
7.689999999999999614e-02
9.394000000000000128e-01
8.502999999999999448e-01
-9.271000000000000352e-01
1.136000000000000065e-01
6.955999999999999961e-01
-3.953999999999999737e-01
-4.874999999999999889e-01
-6.862000000000000322e-01
1.398000000000000076e-01
2.897000000000000131e-01
5.106000000000000538e-01
-3.765000000000000013e-01
8.993999999999999773e-01
-3.259999999999999704e-02
7.146000000000000130e-01
4.491999999999999882e-01
-7.155000000000000249e-01
4.359999999999999987e-02
1.092000000000000054e-01
9.126999999999999558e-01
-2.011000000000000010e-01
-3.808000000000000274e-01
3.603000000000000091e-01
1.665000000000000091e-01
4.371999999999999775e-01
-7.933000000000000052e-01
-1.479000000000000037e-01
5.756999999999999895e-01
5.231000000000000094e-01
-3.966999999999999971e-01
-1.986999999999999877e-01
-6.503999999999999782e-01
-8.225000000000000089e-01
6.441000000000000059e-01
-1.721000000000000030e-01
5.439000000000000501e-01
2.091999999999999971e-01
-8.094000000000000083e-01
3.549999999999999822e-01
2.549999999999999836e-02
-5.052999999999999714e-01
-1.985000000000000098e-01
-4.603999999999999759e-01
-5.897000000000000020e-01
-7.546000000000000485e-01
-6.661000000000000254e-01
3.212999999999999745e-01
7.539000000000000146e-01
3.358999999999999764e-01
7.027999999999999803e-01
8.409999999999999698e-01
6.429000000000000270e-01
-7.509000000000000119e-01
1.809000000000000052e-01
-3.296999999999999931e-01
