1.333000000000000018e-01
-7.153000000000000469e-01
-6.205000000000000515e-01
1.345999999999999974e-01
3.623999999999999999e-01
-2.813999999999999835e-01
-6.145000000000000462e-01
3.462000000000000077e-01
1.683000000000000052e-01
-1.584000000000000130e-01
4.406999999999999806e-01
-1.719999999999999862e-01
-6.693000000000000060e-01
4.924999999999999933e-01
-1.459000000000000019e-01
4.929000000000000048e-01
-1.719999999999999862e-01
-5.279999999999999971e-02
-2.995999999999999774e-01
-7.806999999999999496e-01
-3.037000000000000255e-01
9.345999999999999863e-01
1.092000000000000054e-01
7.995999999999999774e-01
2.326000000000000012e-01
-9.600999999999999535e-01
-8.031000000000000361e-01
6.743999999999999995e-01
-7.342999999999999527e-01
6.445999999999999508e-01
-8.111000000000000432e-01
2.787999999999999923e-01
-6.421999999999999931e-01
8.249999999999999556e-01
-8.788000000000000256e-01
-3.270000000000000129e-01
2.126000000000000112e-01
5.990999999999999659e-01
-9.234999999999999876e-01
-6.334999999999999520e-01
-8.387999999999999901e-01
-3.313999999999999724e-01
6.159000000000000030e-01
2.008999999999999952e-01
1.650999999999999968e-01
1.555999999999999883e-01
1.514000000000000068e-01
-1.799999999999999864e-02
4.534000000000000252e-01
6.932000000000000384e-01
-1.671999999999999875e-01
8.315000000000000169e-01
-6.774999999999999911e-01
-7.843999999999999861e-01
6.811000000000000387e-01
-4.862000000000000210e-01
-9.566000000000000059e-01
-7.725999999999999535e-01
-4.147000000000000131e-01
-4.524000000000000243e-01
4.524000000000000243e-01
4.868000000000000105e-01
-3.452999999999999958e-01
9.593000000000000416e-01
-9.959999999999999409e-02
9.340000000000000524e-01
2.200000000000000011e-01
-1.053999999999999937e-01
4.625000000000000222e-01
9.661999999999999478e-01
2.868999999999999884e-01
6.844999999999999973e-01
3.316999999999999948e-01
8.308999999999999719e-01
-4.527999999999999803e-01
-3.009999999999999898e-01
-5.729999999999999677e-02
2.645000000000000129e-01
-7.281999999999999584e-01
-3.608000000000000096e-01
5.988999999999999879e-01
-9.667000000000000037e-01
-6.813000000000000167e-01
4.939999999999999947e-01
5.596999999999999753e-01
8.147999999999999687e-01
1.686999999999999889e-01
7.070999999999999508e-01
2.308000000000000052e-01
-1.208999999999999936e-01
-4.780000000000000221e-02
8.252000000000000446e-01
-2.073000000000000120e-01
-7.459999999999999964e-02
-9.290000000000000480e-01
8.081000000000000405e-01
-9.432000000000000384e-01
-7.078999999999999737e-01
-3.008000000000000118e-01
8.555000000000000382e-01
3.916000000000000036e-01
-3.367999999999999883e-01
9.756000000000000227e-01
9.956000000000000405e-01
1.449999999999999900e-01
-6.169999999999999790e-02
7.161999999999999478e-01
-3.815999999999999948e-01
6.137000000000000233e-01
9.730999999999999650e-01
4.566000000000000059e-01
8.453000000000000513e-01
-4.000000000000000083e-02
-1.343999999999999917e-01
2.824999999999999734e-01
-8.387999999999999901e-01
-4.601000000000000090e-01
1.799000000000000044e-01
6.260999999999999899e-01
4.979999999999999705e-02
-5.106000000000000538e-01
-8.797000000000000375e-01
7.552999999999999714e-01
-5.401000000000000245e-01
4.406999999999999806e-01
3.402999999999999914e-01
-8.410999999999999588e-01
-6.008000000000000007e-01
3.608000000000000096e-01
-3.406000000000000139e-01
5.554999999999999938e-01
-3.549999999999999684e-02
1.736999999999999933e-01
-7.561999999999999833e-01
2.460000000000000034e-02
-9.953999999999999515e-01
-8.205999999999999961e-01
-6.608000000000000540e-01
2.690000000000000030e-02
-7.874999999999999778e-01
-9.404000000000000137e-01
5.772000000000000464e-01
-9.500000000000000111e-02
-4.217000000000000193e-01
1.028000000000000025e-01
7.513999999999999568e-01
3.402000000000000024e-01
-4.486999999999999877e-01
3.523000000000000020e-01
-5.766999999999999904e-01
7.613999999999999657e-01
8.258999999999999675e-01
-2.534000000000000141e-01
-2.054999999999999882e-01
5.966000000000000192e-01
9.899999999999999911e-01
-6.150999999999999801e-01
8.398999999999999799e-01
4.459000000000000186e-01
-3.323999999999999733e-01
-7.809000000000000385e-01
2.156000000000000139e-01
6.034000000000000474e-01
-9.004999999999999671e-01
3.110999999999999877e-01
-7.796999999999999487e-01
-3.528999999999999915e-01
-7.028999999999999693e-01
-5.590000000000000524e-01
4.638999999999999790e-01
3.826999999999999846e-01
-7.550999999999999934e-01
1.237000000000000044e-01
-6.820000000000000506e-01
8.806000000000000494e-01
6.659000000000000474e-01
3.821999999999999842e-01
7.760000000000000231e-02
-7.811000000000000165e-01
8.609999999999999598e-02
-4.732999999999999985e-01
-7.889999999999999791e-02
1.549999999999999989e-02
-3.269999999999999990e-02
6.408000000000000362e-01
2.538000000000000256e-01
-2.817999999999999949e-01
-8.959999999999999909e-02
6.534999999999999698e-01
-9.073999999999999844e-01
1.797999999999999876e-01
-3.736999999999999766e-01
-1.044000000000000067e-01
-8.507000000000000117e-01
-3.410000000000000253e-01
-1.310000000000000053e-01
4.711000000000000187e-01
-3.478999999999999870e-01
5.750000000000000250e-02
-2.876000000000000223e-01
5.931999999999999496e-01
6.279000000000000137e-01
-4.909000000000000030e-01
8.229999999999999538e-01
4.894999999999999907e-01
8.851999999999999869e-01
-3.865999999999999992e-01
7.764999999999999680e-01
2.001000000000000001e-01
-5.917000000000000037e-01
-1.009000000000000036e-01
-2.747999999999999887e-01
-2.091000000000000081e-01
4.133999999999999897e-01
-2.555000000000000049e-01
-6.121999999999999664e-01
4.259000000000000008e-01
2.431000000000000105e-01
4.526999999999999913e-01
7.177000000000000046e-01
7.750000000000000222e-01
-1.434999999999999887e-01
-8.233000000000000318e-01
2.112999999999999878e-01
-8.046999999999999709e-01
8.812999999999999723e-01
4.114999999999999769e-01
7.056000000000000050e-01
-4.912000000000000255e-01
3.430000000000000271e-01
-7.000000000000000666e-02
-6.864999999999999991e-01
-7.119999999999999940e-02
-8.532999999999999474e-01
-4.232000000000000206e-01
-1.738999999999999990e-01
1.965000000000000080e-01
-8.595000000000000417e-01
2.299999999999999961e-02
-1.053999999999999937e-01
1.635999999999999954e-01
6.195000000000000506e-01
-4.300999999999999823e-01
-7.169999999999999984e-02
-3.800000000000000044e-01
-5.964000000000000412e-01
2.587999999999999745e-01
-7.139999999999999680e-01
2.030000000000000138e-01
5.074999999999999512e-01
3.760000000000000009e-01
-8.095999999999999863e-01
6.971000000000000529e-01
-8.813999999999999613e-01
-7.673999999999999710e-01
5.355999999999999650e-01
-1.308999999999999886e-01
-8.612999999999999545e-01
-1.770000000000000046e-02
6.068999999999999950e-01
2.533000000000000251e-01
8.177999999999999714e-01
4.319000000000000061e-01
7.983999999999999986e-01
8.021000000000000352e-01
-1.507999999999999896e-01
-5.723000000000000309e-01
-4.938000000000000167e-01
-6.780000000000000471e-01
-7.949000000000000510e-01
-4.051000000000000156e-01
3.156999999999999806e-01
-5.366999999999999549e-01
9.219000000000000528e-01
7.891000000000000236e-01
-5.905000000000000249e-01
-1.615999999999999936e-01
3.663000000000000145e-01
-7.328000000000000069e-01
2.015000000000000124e-01
4.591999999999999971e-01
-1.519999999999999962e-01
1.597999999999999976e-01
-1.789000000000000035e-01
-7.026000000000000023e-01
-5.936000000000000165e-01
-8.732999999999999652e-01
8.111000000000000432e-01
8.930000000000000160e-01
9.717999999999999972e-01
9.518999999999999684e-01
4.043999999999999817e-01
7.846999999999999531e-01
-7.159999999999999698e-02
6.841000000000000414e-01
-4.305999999999999828e-01
5.657999999999999696e-01
-2.985999999999999766e-01
-9.794000000000000483e-01
-5.805000000000000160e-01
5.943000000000000504e-01
-7.802000000000000046e-01
5.760999999999999455e-01
9.638999999999999790e-01
4.657000000000000028e-01
8.900000000000000133e-01
-5.613000000000000211e-01
9.260000000000000175e-02
2.331999999999999906e-01
8.115999999999999881e-01
7.380999999999999783e-01
-4.471999999999999864e-01
4.230999999999999761e-01
8.860999999999999988e-01
-6.442999999999999838e-01
5.625999999999999890e-01
8.185000000000000053e-01
-2.659000000000000252e-01
-2.907000000000000139e-01
1.421000000000000041e-01
7.994999999999999885e-01
4.859999999999999737e-02
2.807999999999999940e-01
8.814999999999999503e-01
2.644000000000000239e-01
2.822999999999999954e-01
6.171999999999999709e-01
-5.077000000000000401e-01
-8.348999999999999755e-01
3.477999999999999980e-01
-3.885000000000000120e-01
4.235999999999999766e-01
4.576999999999999957e-01
-9.879999999999999893e-01
3.220000000000000084e-01
3.839000000000000190e-01
-1.593999999999999861e-01
-1.434999999999999887e-01
-5.691000000000000503e-01
-8.659999999999999643e-02
-5.129000000000000226e-01
-1.830000000000000029e-02
6.730000000000000426e-01
-7.269999999999999796e-01
-8.336000000000000076e-01
-7.390999999999999792e-01
-3.139999999999999736e-02
-7.226000000000000201e-01
4.435000000000000053e-01
-1.132999999999999979e-01
9.304999999999999938e-01
-7.198999999999999844e-01
7.338000000000000078e-01
-6.700000000000000400e-01
1.399999999999999986e-03
-5.548999999999999488e-01
6.199999999999999956e-02
-9.992999999999999661e-01
3.395000000000000240e-01
-9.166999999999999593e-01
4.999000000000000110e-01
-7.116000000000000103e-01
-3.587000000000000188e-01
-1.650000000000000078e-01
-6.710000000000000409e-01
3.320000000000000173e-01
-3.140000000000000013e-01
-7.286000000000000254e-01
3.173000000000000265e-01
8.778000000000000247e-01
5.921999999999999487e-01
2.800000000000000266e-01
2.230000000000000038e-01
7.722999999999999865e-01
-1.691000000000000003e-01
