1.810000000000000150e-02
-4.344999999999999973e-01
3.170999999999999930e-01
5.040000000000000036e-02
-4.043999999999999817e-01
4.028999999999999804e-01
1.386000000000000010e-01
9.583000000000000407e-01
8.941000000000000059e-01
-9.769999999999999796e-01
-5.846000000000000085e-01
1.423000000000000098e-01
-9.190000000000000391e-01
2.590000000000000080e-01
-7.456000000000000405e-01
-5.731000000000000538e-01
1.459999999999999909e-01
-4.719999999999999751e-01
-8.720999999999999863e-01
2.779999999999999832e-02
-4.823000000000000065e-01
2.978000000000000091e-01
6.646999999999999575e-01
-2.454000000000000070e-01
1.837000000000000022e-01
-1.379999999999999977e-02
-3.973999999999999755e-01
3.222999999999999754e-01
-2.270000000000000143e-02
9.193999999999999950e-01
-2.162999999999999923e-01
-3.929000000000000270e-01
8.447999999999999954e-01
9.802999999999999492e-01
7.727000000000000535e-01
-4.689999999999999725e-01
-7.447000000000000286e-01
-1.151999999999999968e-01
7.057999999999999829e-01
-4.223999999999999977e-01
-2.457999999999999907e-01
5.106000000000000538e-01
4.687999999999999945e-01
9.536000000000000032e-01
-8.418999999999999817e-01
-5.521000000000000352e-01
-5.160000000000000003e-02
-7.012000000000000455e-01
9.172000000000000153e-01
7.261999999999999567e-01
-1.338000000000000023e-01
5.995000000000000329e-01
2.396000000000000074e-01
4.819999999999999840e-01
7.429999999999999938e-01
-1.521000000000000130e-01
5.685999999999999943e-01
-9.303000000000000158e-01
1.622999999999999998e-01
-6.592999999999999972e-01
-9.599999999999999645e-01
-7.851000000000000201e-01
1.779999999999999985e-02
-7.731999999999999984e-01
-6.880000000000000004e-02
-7.588000000000000300e-01
-3.916999999999999926e-01
7.834999999999999742e-01
6.114000000000000545e-01
2.631999999999999895e-01
-7.429000000000000048e-01
5.127000000000000446e-01
-6.267000000000000348e-01
-8.962999999999999856e-01
-6.760000000000000453e-01
-2.089999999999999913e-01
8.240000000000000102e-02
1.817999999999999894e-01
-2.967000000000000193e-01
-5.355999999999999650e-01
-4.804999999999999827e-01
5.302999999999999936e-01
-3.774000000000000132e-01
1.244999999999999996e-01
8.648000000000000131e-01
-5.018000000000000238e-01
3.690000000000000224e-02
-5.109000000000000208e-01
8.400999999999999579e-01
6.572000000000000064e-01
5.413999999999999924e-01
2.585000000000000075e-01
-6.831000000000000405e-01
8.145000000000000018e-01
-4.776000000000000245e-01
2.719999999999999848e-02
-8.158999999999999586e-01
-7.316000000000000281e-01
-3.285000000000000142e-01
-9.616999999999999993e-01
-3.736999999999999766e-01
-6.717999999999999527e-01
8.465000000000000302e-01
-9.669999999999999429e-02
9.285999999999999810e-01
-5.394999999999999796e-01
-6.389000000000000234e-01
-5.565999999999999837e-01
3.693000000000000171e-01
1.910999999999999921e-01
1.905999999999999917e-01
-6.346000000000000529e-01
4.314999999999999947e-01
5.604999999999999982e-01
-5.362000000000000099e-01
6.965999999999999970e-01
8.839000000000000190e-01
-6.479000000000000314e-01
-6.552000000000000046e-01
7.946999999999999620e-01
8.324000000000000288e-01
-8.994999999999999662e-01
-5.530000000000000471e-01
9.036999999999999478e-01
2.860000000000000042e-02
-7.679999999999999327e-02
-9.006999999999999451e-01
-5.934000000000000385e-01
5.245999999999999552e-01
-4.665000000000000258e-01
1.860999999999999877e-01
-9.184999999999999831e-01
-9.902999999999999581e-01
-7.096999999999999975e-01
2.207000000000000073e-01
-1.562000000000000055e-01
-7.067999999999999838e-01
2.743999999999999773e-01
1.865999999999999881e-01
4.864999999999999880e-01
-6.763000000000000123e-01
-5.272000000000000020e-01
7.026000000000000023e-01
-1.010999999999999954e-01
-5.685000000000000053e-01
7.209999999999999742e-01
-3.855000000000000093e-01
5.554000000000000048e-01
-6.852000000000000313e-01
2.419999999999999929e-01
9.987000000000000322e-01
7.568000000000000282e-01
-8.806000000000000494e-01
6.779999999999999916e-02
-3.943999999999999728e-01
8.061000000000000387e-01
2.738999999999999768e-01
-7.259999999999999787e-02
5.360000000000000181e-02
1.703999999999999959e-01
-1.285000000000000031e-01
9.720999999999999641e-01
9.164999999999999813e-01
-3.125999999999999890e-01
-8.010000000000000453e-01
-8.594000000000000528e-01
-8.856000000000000538e-01
8.137999999999999678e-01
-3.083000000000000185e-01
9.494000000000000217e-01
-7.709000000000000297e-01
6.944000000000000172e-01
8.735000000000000542e-01
6.706999999999999629e-01
-2.645000000000000129e-01
4.728999999999999870e-01
3.760999999999999899e-01
3.990000000000000213e-01
-3.723000000000000198e-01
6.122999999999999554e-01
-3.432000000000000051e-01
-7.819000000000000394e-01
6.610000000000000320e-01
-6.579999999999999738e-02
-6.332999999999999741e-01
-7.578000000000000291e-01
9.266999999999999682e-01
5.184999999999999609e-01
3.932999999999999829e-01
9.363000000000000211e-01
-5.789999999999999591e-01
-7.877999999999999448e-01
-7.268999999999999906e-01
-4.761000000000000232e-01
5.505999999999999783e-01
8.026999999999999691e-01
6.579000000000000403e-01
7.236000000000000210e-01
-6.774000000000000021e-01
-3.965000000000000191e-01
1.390000000000000124e-01
1.234999999999999987e-01
-8.740999999999999881e-01
3.917999999999999816e-01
6.643000000000000016e-01
5.513000000000000123e-01
1.327000000000000124e-01
1.877999999999999947e-01
-3.961999999999999966e-01
-6.859999999999999432e-02
6.178000000000000158e-01
6.429000000000000270e-01
-4.714999999999999747e-01
-6.358000000000000318e-01
1.102000000000000063e-01
-7.053000000000000380e-01
2.582999999999999741e-01
2.514000000000000123e-01
7.251999999999999558e-01
-2.021999999999999909e-01
4.189999999999999974e-02
-6.329000000000000181e-01
4.727000000000000091e-01
6.619000000000000439e-01
-7.322999999999999510e-01
6.947999999999999732e-01
9.316999999999999726e-01
-6.350999999999999979e-01
1.540000000000000049e-02
-9.479999999999999538e-01
7.931000000000000272e-01
-4.823999999999999955e-01
-8.659000000000000030e-01
2.149000000000000077e-01
-5.419999999999999818e-02
-3.457000000000000073e-01
6.979999999999999538e-01
9.789999999999999813e-01
-7.677000000000000490e-01
-1.776999999999999968e-01
6.594999999999999751e-01
-4.969999999999999973e-01
-6.671000000000000263e-01
6.058000000000000052e-01
-9.717000000000000082e-01
-6.871000000000000441e-01
-2.492999999999999938e-01
5.903000000000000469e-01
9.072000000000000064e-01
4.845999999999999752e-01
7.278000000000000025e-01
5.394999999999999796e-01
-6.104000000000000536e-01
-2.877000000000000113e-01
-9.899000000000000021e-01
-3.469999999999999751e-01
2.431999999999999995e-01
1.676999999999999880e-01
6.754999999999999893e-01
-7.921000000000000263e-01
3.594999999999999862e-01
-1.661999999999999866e-01
5.194999999999999618e-01
-1.860999999999999877e-01
9.799999999999999822e-01
-5.252000000000000002e-01
-8.799000000000000155e-01
-6.553999999999999826e-01
-8.196999999999999842e-01
-2.227999999999999980e-01
2.615000000000000102e-01
-9.405999999999999917e-01
-1.615000000000000047e-01
-9.264999999999999902e-01
6.845999999999999863e-01
9.779999999999999805e-02
4.400000000000000265e-03
-4.325999999999999845e-01
-8.619999999999999885e-02
-7.487000000000000322e-01
3.615999999999999770e-01
9.917000000000000259e-01
6.897999999999999687e-01
2.526999999999999802e-01
-5.413000000000000034e-01
-9.102000000000000091e-01
-9.163999999999999924e-01
5.957999999999999963e-01
-2.702999999999999847e-01
9.721999999999999531e-01
8.778000000000000247e-01
1.877999999999999947e-01
7.498000000000000220e-01
-4.780000000000000221e-02
-6.985000000000000098e-01
-2.943000000000000060e-01
-3.677000000000000268e-01
-6.268000000000000238e-01
6.657999999999999474e-01
-4.400999999999999912e-01
9.889999999999999902e-01
-5.790999999999999481e-01
-8.838000000000000300e-01
-2.738999999999999768e-01
-2.204000000000000126e-01
-9.089999999999999469e-02
-1.741000000000000048e-01
4.713999999999999857e-01
8.021000000000000352e-01
2.829999999999999738e-01
3.168000000000000260e-01
6.463999999999999746e-01
4.136000000000000232e-01
-2.584000000000000186e-01
-3.663000000000000145e-01
-5.949999999999999734e-01
2.851000000000000201e-01
-1.600999999999999923e-01
7.386000000000000343e-01
-7.015000000000000124e-01
5.552000000000000268e-01
-5.721000000000000529e-01
4.371999999999999775e-01
-5.573000000000000176e-01
-3.108000000000000207e-01
1.243999999999999967e-01
-2.296999999999999875e-01
4.279000000000000026e-01
9.719999999999999751e-01
4.599999999999999922e-02
7.763999999999999790e-01
-4.904999999999999916e-01
2.829999999999999738e-01
-6.508000000000000451e-01
-2.253000000000000003e-01
8.042000000000000259e-01
-4.858000000000000096e-01
8.516000000000000236e-01
6.185000000000000497e-01
6.790000000000000480e-01
6.040000000000000230e-02
-6.644999999999999796e-01
-9.991999999999999771e-01
2.535999999999999921e-01
4.070000000000000007e-02
-5.223999999999999755e-01
-7.689000000000000279e-01
-4.178000000000000047e-01
-4.839999999999999858e-01
-3.998999999999999777e-01
-9.434000000000000163e-01
-7.359999999999999876e-01
-9.536000000000000032e-01
9.295999999999999819e-01
-8.286999999999999922e-01
9.387999999999999678e-01
-8.697000000000000286e-01
-2.073000000000000120e-01
-9.966000000000000414e-01
-2.034999999999999865e-01
-8.830000000000000349e-02
-3.003000000000000114e-01
-8.594000000000000528e-01
8.847000000000000419e-01
-8.811999999999999833e-01
-9.329999999999999405e-02
-2.285000000000000087e-01
5.957000000000000073e-01
8.962999999999999856e-01
1.942000000000000115e-01
-4.116000000000000214e-01
1.411999999999999922e-01
-5.461000000000000298e-01
-5.097000000000000419e-01
3.595999999999999752e-01
