-5.909999999999999698e-01
2.716000000000000081e-01
4.456999999999999851e-01
-9.270000000000000462e-01
4.138000000000000012e-01
1.328000000000000014e-01
-4.582999999999999852e-01
7.007999999999999785e-01
-1.480000000000000066e-02
-5.510000000000000314e-02
7.905999999999999694e-01
7.881000000000000227e-01
2.064000000000000001e-01
-9.679999999999999716e-01
7.979999999999999594e-02
-2.273000000000000020e-01
-1.820000000000000090e-02
-6.761000000000000343e-01
-9.784000000000000474e-01
1.426999999999999935e-01
3.809000000000000163e-01
1.993999999999999939e-01
2.599000000000000199e-01
1.497999999999999887e-01
-1.645999999999999963e-01
-6.945999999999999952e-01
8.000000000000000167e-02
4.302000000000000268e-01
9.338999999999999524e-01
-9.365999999999999881e-01
-4.879000000000000004e-01
9.051000000000000156e-01
8.262000000000000455e-01
3.756999999999999784e-01
-6.705999999999999739e-01
-6.334999999999999520e-01
8.319999999999999618e-01
2.431999999999999995e-01
9.997000000000000330e-01
-8.909000000000000252e-01
8.027999999999999581e-01
-1.024999999999999939e-01
9.014999999999999680e-01
7.971000000000000307e-01
2.605000000000000093e-01
-7.417000000000000259e-01
-1.874000000000000110e-01
-6.596999999999999531e-01
-5.870000000000000218e-02
9.646000000000000130e-01
-8.424000000000000377e-01
6.281999999999999806e-01
-1.389999999999999916e-02
1.776999999999999968e-01
7.592999999999999750e-01
1.078000000000000069e-01
-1.184999999999999942e-01
9.226999999999999647e-01
8.881999999999999895e-01
5.445999999999999730e-01
-2.879999999999999782e-01
-8.656000000000000361e-01
4.509000000000000230e-01
-4.974999999999999978e-01
-2.179999999999999993e-02
2.999999999999999889e-01
8.811999999999999833e-01
8.132000000000000339e-01
6.199000000000000066e-01
-9.609999999999999654e-01
-7.513999999999999568e-01
-1.147999999999999993e-01
4.618999999999999773e-01
2.659000000000000252e-01
3.711999999999999744e-01
-7.282999999999999474e-01
-8.298999999999999710e-01
-9.139000000000000457e-01
2.326999999999999902e-01
7.761000000000000121e-01
4.688999999999999835e-01
-4.156000000000000250e-01
-3.608000000000000096e-01
-6.925000000000000044e-01
-3.508999999999999897e-01
6.664999999999999813e-01
3.079999999999999960e-01
-3.335000000000000187e-01
4.899999999999999911e-01
4.632999999999999896e-01
9.941999999999999726e-01
5.695999999999999952e-01
-1.039000000000000062e-01
-1.869999999999999996e-01
5.637999999999999678e-01
-1.044999999999999957e-01
2.589000000000000190e-01
-8.699000000000000066e-01
4.415000000000000036e-01
-7.921000000000000263e-01
-2.963999999999999968e-01
-2.510000000000000078e-02
-5.091999999999999860e-01
-1.665000000000000091e-01
3.417000000000000037e-01
-8.070000000000000506e-01
3.516000000000000236e-01
-6.314999999999999503e-01
3.986999999999999988e-01
8.454000000000000403e-01
-8.859000000000000208e-01
5.326999999999999513e-01
5.926000000000000156e-01
-5.685999999999999943e-01
1.720000000000000001e-02
-1.669999999999999957e-02
4.721000000000000196e-01
-7.078999999999999737e-01
1.185999999999999971e-01
-7.610000000000000098e-01
-2.781000000000000139e-01
9.838000000000000078e-01
-5.212999999999999856e-01
-1.279000000000000137e-01
-6.228000000000000203e-01
-7.741000000000000103e-01
-8.190000000000000058e-02
6.641000000000000236e-01
1.834999999999999964e-01
1.726999999999999924e-01
-3.986000000000000099e-01
5.030999999999999917e-01
-1.176999999999999991e-01
7.899000000000000465e-01
-7.259999999999999787e-02
-8.699999999999999956e-01
-9.546999999999999931e-01
7.442999999999999616e-01
-9.054999999999999716e-01
4.199999999999999740e-03
-1.074999999999999983e-01
-8.145999999999999908e-01
-7.493999999999999551e-01
-9.633000000000000451e-01
4.763999999999999901e-01
6.248000000000000220e-01
8.927000000000000490e-01
-8.690999999999999837e-01
-4.803000000000000047e-01
9.244999999999999885e-01
-7.947999999999999510e-01
5.859999999999999931e-02
6.366000000000000547e-01
-5.665999999999999925e-01
7.206000000000000183e-01
-8.972999999999999865e-01
-9.000000000000000222e-01
9.864000000000000545e-01
-8.810000000000000053e-01
-9.738999999999999879e-01
5.555999999999999828e-01
2.079999999999999905e-01
-2.787000000000000033e-01
6.703999999999999959e-01
4.950000000000000233e-02
4.338000000000000189e-01
-1.037000000000000005e-01
-1.223999999999999949e-01
1.400000000000000029e-02
-2.569000000000000172e-01
-1.820000000000000090e-02
8.932999999999999829e-01
-6.733000000000000096e-01
-8.670999999999999819e-01
3.894000000000000239e-01
-4.900999999999999801e-01
-2.187000000000000055e-01
2.824999999999999734e-01
-2.094000000000000028e-01
-8.550000000000000655e-02
-5.620000000000000551e-01
-7.655999999999999472e-01
4.052000000000000046e-01
1.844000000000000083e-01
5.306999999999999496e-01
9.004999999999999671e-01
4.244999999999999885e-01
-7.230000000000000315e-02
-2.280000000000000082e-01
9.245999999999999774e-01
8.198999999999999622e-01
7.921000000000000263e-01
5.626999999999999780e-01
8.719999999999999973e-01
-9.569999999999999341e-02
-4.825999999999999734e-01
8.496000000000000218e-01
5.008000000000000229e-01
6.237000000000000322e-01
8.843999999999999639e-01
3.272999999999999798e-01
7.266000000000000236e-01
6.571000000000000174e-01
-1.552000000000000046e-01
5.093999999999999639e-01
6.041999999999999593e-01
8.998000000000000442e-01
-8.336999999999999966e-01
-5.917000000000000037e-01
2.356999999999999929e-01
2.066000000000000059e-01
-9.704000000000000403e-01
3.141999999999999793e-01
4.282000000000000250e-01
3.452000000000000068e-01
1.058000000000000052e-01
-4.953000000000000180e-01
-5.132999999999999785e-01
2.726999999999999980e-01
2.560999999999999943e-01
4.299999999999999656e-02
-5.978999999999999870e-01
5.301000000000000156e-01
9.304000000000000048e-01
-8.350000000000000477e-02
7.305000000000000382e-01
-8.464000000000000412e-01
7.852999999999999980e-01
-1.391000000000000014e-01
7.781000000000000139e-01
-7.367000000000000215e-01
-3.957999999999999852e-01
-3.160000000000000309e-02
1.980999999999999983e-01
4.823000000000000065e-01
7.701000000000000068e-01
6.300000000000000044e-02
7.249999999999999500e-02
1.081000000000000016e-01
-1.812999999999999889e-01
3.862999999999999767e-01
3.793000000000000260e-01
8.439999999999999725e-01
-6.800000000000000488e-02
7.896999999999999575e-01
1.786999999999999977e-01
9.650000000000000244e-02
8.859000000000000208e-01
6.800000000000000488e-02
-3.508000000000000007e-01
-9.606000000000000094e-01
4.586000000000000076e-01
8.380999999999999561e-01
-3.271000000000000019e-01
-8.958000000000000407e-01
4.944000000000000061e-01
-9.807000000000000162e-01
-3.335000000000000187e-01
9.310000000000000497e-01
8.924999999999999600e-01
3.634999999999999898e-01
4.845999999999999752e-01
1.494999999999999940e-01
-3.274000000000000243e-01
7.433999999999999497e-01
3.709999999999999964e-01
-8.296999999999999931e-01
2.519000000000000128e-01
-2.225999999999999923e-01
-3.245000000000000107e-01
8.225000000000000089e-01
-4.772000000000000131e-01
1.016999999999999987e-01
-5.339000000000000412e-01
7.806999999999999496e-01
9.360000000000000264e-02
-3.978999999999999759e-01
5.465999999999999748e-01
8.751999999999999780e-01
-8.669999999999999929e-01
1.322000000000000119e-01
-4.873000000000000109e-01
3.580999999999999739e-01
9.548999999999999710e-01
-6.050999999999999712e-01
3.483999999999999875e-01
4.509000000000000230e-01
8.205000000000000071e-01
7.199999999999999803e-03
9.729999999999999760e-02
-7.806999999999999496e-01
-5.204999999999999627e-01
1.937000000000000111e-01
-8.819000000000000172e-01
-5.192999999999999838e-01
-5.659999999999999754e-02
-3.972999999999999865e-01
-5.467999999999999527e-01
-7.799000000000000377e-01
6.912000000000000366e-01
-6.101999999999999647e-01
7.167000000000000037e-01
-2.215000000000000024e-01
1.625999999999999945e-01
5.086000000000000520e-01
-3.996000000000000107e-01
-7.306000000000000272e-01
8.427999999999999936e-01
3.703000000000000180e-01
6.079999999999999849e-01
4.974000000000000088e-01
-1.842999999999999916e-01
-2.182000000000000051e-01
-3.261000000000000010e-01
-3.634000000000000008e-01
3.985000000000000209e-01
-3.299999999999999982e-03
7.146000000000000130e-01
7.551999999999999824e-01
-6.956999999999999851e-01
4.556999999999999940e-01
5.718999999999999639e-01
-3.809000000000000163e-01
5.641000000000000458e-01
-3.140999999999999903e-01
5.743000000000000327e-01
1.287999999999999978e-01
1.449999999999999900e-01
-6.611000000000000210e-01
-2.899999999999999800e-03
-6.122999999999999554e-01
-9.909000000000000030e-01
-9.408999999999999586e-01
-3.096999999999999753e-01
-4.586999999999999966e-01
-3.981000000000000094e-01
-8.377999999999999892e-01
2.549999999999999836e-02
-8.870000000000000107e-01
-4.859999999999999737e-02
-5.387999999999999456e-01
-2.389000000000000012e-01
-2.381999999999999951e-01
-4.187000000000000166e-01
-6.206000000000000405e-01
7.156000000000000139e-01
1.441000000000000059e-01
2.635000000000000120e-01
7.180000000000000271e-02
2.693999999999999728e-01
8.349999999999999645e-01
2.811000000000000165e-01
5.424999999999999822e-01
2.763999999999999790e-01
2.328000000000000069e-01
-4.875999999999999779e-01
9.139000000000000457e-01
-1.595000000000000029e-01
7.099999999999999645e-01
-1.700000000000000122e-02
-1.620000000000000051e-01
3.983999999999999764e-01
5.086000000000000520e-01
-1.159000000000000030e-01
-6.124000000000000554e-01
1.867999999999999938e-01
-5.252000000000000002e-01
5.554999999999999938e-01
-3.940000000000000169e-01
-7.890000000000000346e-01
-5.995000000000000329e-01
-3.687000000000000277e-01
7.950000000000000122e-02
3.924000000000000266e-01
-3.861999999999999877e-01
