-1.069999999999999979e-01
-9.701999999999999513e-01
4.700000000000000011e-02
7.755999999999999561e-01
-1.650000000000000078e-01
-9.559999999999999609e-01
-3.079000000000000070e-01
-4.668999999999999817e-01
-2.139000000000000068e-01
-1.685999999999999999e-01
3.251999999999999891e-01
6.374999999999999556e-01
6.330999999999999961e-01
1.318999999999999895e-01
5.625999999999999890e-01
2.000000000000000042e-03
-2.456000000000000127e-01
6.858999999999999542e-01
-9.173999999999999932e-01
-2.005000000000000115e-01
4.953000000000000180e-01
7.002000000000000446e-01
6.061999999999999611e-01
1.494000000000000050e-01
7.056000000000000050e-01
-5.000000000000000278e-02
-4.521000000000000019e-01
7.880000000000000338e-01
-9.448999999999999622e-01
-7.924999999999999822e-01
-3.272999999999999798e-01
8.245999999999999996e-01
-9.865000000000000435e-01
8.670999999999999819e-01
8.852999999999999758e-01
7.514999999999999458e-01
-2.565999999999999948e-01
8.594000000000000528e-01
8.938000000000000389e-01
-2.901000000000000245e-01
-6.499999999999999702e-03
-7.780000000000000249e-01
8.728000000000000203e-01
3.976000000000000090e-01
-6.913000000000000256e-01
-8.942999999999999838e-01
1.519000000000000072e-01
2.210000000000000159e-02
-6.019999999999999796e-01
9.149999999999999800e-02
-2.732999999999999874e-01
8.002000000000000224e-01
8.477000000000000091e-01
-5.852000000000000535e-01
2.965999999999999748e-01
8.535000000000000364e-01
8.131000000000000449e-01
4.316999999999999726e-01
7.047999999999999821e-01
-3.815999999999999948e-01
-6.377000000000000446e-01
-5.572000000000000286e-01
4.274999999999999911e-01
-1.096000000000000030e-01
-3.943999999999999728e-01
3.590999999999999748e-01
-5.163999999999999702e-01
6.830000000000000515e-01
8.609999999999999876e-01
3.805000000000000049e-01
3.313999999999999724e-01
-8.740000000000000546e-02
6.800000000000000488e-01
6.836999999999999744e-01
1.938999999999999890e-01
-6.370000000000000107e-01
-8.471999999999999531e-01
1.801999999999999991e-01
8.691999999999999726e-01
3.740999999999999881e-01
1.656999999999999862e-01
-9.016999999999999460e-01
-5.262000000000000011e-01
7.117999999999999883e-01
8.207999999999999741e-01
2.182999999999999940e-01
-3.338999999999999746e-01
-1.179999999999999938e-01
2.818999999999999839e-01
-2.822000000000000064e-01
-4.915999999999999814e-01
7.979000000000000536e-01
-4.040000000000000258e-01
8.560999999999999721e-01
4.737000000000000099e-01
-8.373000000000000442e-01
6.677999999999999492e-01
9.217999999999999527e-01
6.441000000000000059e-01
6.866999999999999771e-01
9.315999999999999837e-01
7.469000000000000083e-01
5.312999999999999945e-01
-3.664999999999999925e-01
-6.032999999999999474e-01
-1.113999999999999990e-01
-9.576999999999999957e-01
-3.672000000000000264e-01
4.773999999999999910e-01
6.300000000000000044e-01
-7.599999999999999811e-02
-5.174999999999999600e-01
-8.930000000000000437e-02
4.178999999999999937e-01
-4.045000000000000262e-01
5.203999999999999737e-01
-2.388000000000000123e-01
-3.096999999999999753e-01
-4.897000000000000242e-01
-4.529999999999999999e-02
-9.448999999999999622e-01
-1.567000000000000060e-01
-6.868999999999999551e-01
-6.733999999999999986e-01
-8.143000000000000238e-01
1.019999999999999934e-01
-2.094999999999999918e-01
-3.824000000000000177e-01
3.330000000000000182e-01
3.625999999999999779e-01
1.899999999999999996e-03
-4.995999999999999885e-01
-7.577000000000000401e-01
4.970000000000000112e-02
-4.300999999999999823e-01
1.499999999999999944e-02
-6.966999999999999860e-01
-3.049000000000000044e-01
4.943000000000000171e-01
2.376000000000000056e-01
8.566000000000000281e-01
4.174999999999999822e-01
-6.753000000000000114e-01
-3.408999999999999808e-01
7.570999999999999952e-01
-4.551000000000000045e-01
-7.546000000000000485e-01
3.489999999999999769e-01
-6.343999999999999639e-01
8.760000000000000009e-01
4.449000000000000177e-01
-4.945999999999999841e-01
9.942999999999999616e-01
-6.259000000000000119e-01
-3.925000000000000155e-01
6.020999999999999686e-01
2.283000000000000029e-01
2.849999999999999756e-01
1.535999999999999865e-01
6.696999999999999620e-01
2.983000000000000096e-01
5.524999999999999911e-01
8.441999999999999504e-01
-8.179999999999999771e-02
-9.599999999999999645e-01
4.338000000000000189e-01
-8.481999999999999540e-01
2.718999999999999750e-01
-5.633000000000000229e-01
-5.941999999999999504e-01
-7.168999999999999817e-01
9.012999999999999901e-01
-1.368999999999999939e-01
-2.757000000000000006e-01
5.987999999999999989e-01
7.326000000000000290e-01
7.123000000000000442e-01
-7.885999999999999677e-01
-3.589999999999999858e-01
1.489999999999999936e-01
-6.797999999999999599e-01
-4.937000000000000277e-01
-4.459000000000000186e-01
6.119999999999999885e-01
9.012000000000000011e-01
8.882999999999999785e-01
3.617000000000000215e-01
9.637999999999999901e-01
5.524999999999999911e-01
-8.173000000000000265e-01
8.507000000000000117e-01
8.072000000000000286e-01
-9.496999999999999886e-01
-7.831000000000000183e-01
3.432000000000000051e-01
-6.206000000000000405e-01
-6.048999999999999932e-01
-6.969999999999999529e-01
-9.579999999999999627e-02
3.391000000000000125e-01
-1.943999999999999895e-01
8.693999999999999506e-01
-3.859000000000000208e-01
-2.484999999999999987e-01
-2.058000000000000107e-01
-9.514000000000000234e-01
-8.932999999999999829e-01
-3.753000000000000225e-01
-9.774000000000000465e-01
5.712000000000000410e-01
-6.199999999999999956e-01
1.396000000000000019e-01
8.386000000000000121e-01
8.474000000000000421e-01
5.161999999999999922e-01
5.282000000000000028e-01
6.050999999999999712e-01
2.200000000000000133e-03
-5.558999999999999497e-01
-1.149999999999999981e-02
-6.549000000000000377e-01
-5.708999999999999631e-01
8.054000000000000048e-01
-5.842000000000000526e-01
-7.755999999999999561e-01
-5.090000000000000080e-02
-9.627000000000000002e-01
4.717999999999999972e-01
-2.119000000000000050e-01
-9.429999999999999494e-01
-7.876999999999999558e-01
-6.750000000000000444e-02
-9.638999999999999790e-01
-5.133999999999999675e-01
8.709000000000000075e-01
-4.445000000000000062e-01
8.973999999999999755e-01
-2.278999999999999915e-01
6.502999999999999892e-01
-9.842999999999999527e-01
-2.798999999999999821e-01
-3.549999999999999684e-02
-2.247999999999999998e-01
-8.151000000000000467e-01
-9.081000000000000183e-01
8.443000000000000504e-01
-4.935999999999999832e-01
-7.831000000000000183e-01
-4.036000000000000143e-01
-8.478999999999999870e-01
7.345000000000000417e-01
8.069999999999999396e-02
2.451000000000000123e-01
3.282999999999999807e-01
-5.880999999999999561e-01
8.971999999999999975e-01
-1.097999999999999948e-01
3.542000000000000148e-01
-1.107999999999999957e-01
2.526999999999999802e-01
-4.360999999999999877e-01
2.881000000000000227e-01
9.365999999999999881e-01
-7.520999999999999908e-01
-5.403999999999999915e-01
-2.964999999999999858e-01
7.580000000000000071e-01
5.193999999999999728e-01
8.748000000000000220e-01
9.667999999999999927e-01
5.050000000000000322e-02
1.140999999999999931e-01
4.913000000000000145e-01
9.085999999999999632e-01
-5.739999999999999963e-02
-9.466999999999999860e-01
-9.009999999999999953e-02
9.216999999999999638e-01
-1.875999999999999890e-01
-5.501000000000000334e-01
-6.838999999999999524e-01
5.425999999999999712e-01
-5.137000000000000455e-01
-2.801000000000000156e-01
7.671999999999999931e-01
-3.008000000000000118e-01
9.042999999999999927e-01
3.350000000000000200e-01
-2.218999999999999861e-01
-8.399999999999999689e-01
-1.272999999999999965e-01
3.089999999999999969e-01
1.474000000000000032e-01
-8.640999999999999792e-01
-4.408000000000000251e-01
5.906000000000000139e-01
-5.665999999999999925e-01
1.555999999999999883e-01
-3.593999999999999972e-01
5.849999999999999645e-01
5.053999999999999604e-01
5.515999999999999792e-01
1.049999999999999961e-01
1.146999999999999964e-01
-8.338999999999999746e-01
6.956999999999999851e-01
5.276999999999999469e-01
2.841000000000000192e-01
3.811999999999999833e-01
-9.862999999999999545e-01
2.803999999999999826e-01
4.707999999999999963e-01
-5.670000000000000040e-02
-1.444000000000000006e-01
1.952000000000000124e-01
-9.775000000000000355e-01
-7.540999999999999925e-01
3.220000000000000084e-01
-4.242000000000000215e-01
8.040000000000000480e-01
-8.761999999999999789e-01
-4.023999999999999799e-01
1.700000000000000122e-02
-2.949999999999999845e-02
7.802000000000000046e-01
5.330000000000000016e-02
7.762000000000000011e-01
5.948999999999999844e-01
1.567000000000000060e-01
-8.955999999999999517e-01
6.410000000000000142e-01
9.546999999999999931e-01
-2.988999999999999990e-01
-9.166999999999999593e-01
-7.583999999999999631e-01
6.563999999999999835e-01
3.160000000000000309e-02
-7.752999999999999892e-01
1.494000000000000050e-01
3.013000000000000123e-01
-8.187999999999999723e-01
-7.625999999999999446e-01
6.360000000000000375e-02
-3.589999999999999858e-01
-7.531999999999999806e-01
8.064000000000000057e-01
6.525999999999999579e-01
-5.481000000000000316e-01
-3.009999999999999828e-02
6.769999999999999629e-02
-2.671000000000000041e-01
-7.926999999999999602e-01
-5.760999999999999455e-01
4.158999999999999919e-01
8.316999999999999948e-01
-8.939000000000000279e-01
-1.140000000000000041e-01
-3.516000000000000236e-01
-8.555000000000000382e-01
-9.869999999999999885e-01
5.412000000000000144e-01
4.046000000000000152e-01
-3.699000000000000066e-01
6.853000000000000203e-01
2.908000000000000029e-01
1.433999999999999997e-01
2.614000000000000212e-01
7.583999999999999631e-01
9.314000000000000057e-01
-9.314999999999999947e-01
9.443000000000000282e-01
2.963000000000000078e-01
8.501999999999999558e-01
6.242999999999999661e-01
-6.955999999999999961e-01
