-9.545000000000000151e-01
-2.431999999999999995e-01
-8.921999999999999931e-01
-8.960000000000000187e-01
-8.508999999999999897e-01
-5.057000000000000384e-01
6.140999999999999792e-01
-3.008000000000000118e-01
5.131000000000000005e-01
8.263000000000000345e-01
-5.967000000000000082e-01
-1.282000000000000084e-01
6.529999999999999694e-02
-9.483000000000000318e-01
7.156000000000000139e-01
3.373999999999999777e-01
-3.372999999999999887e-01
-3.533999999999999919e-01
-1.832000000000000017e-01
-5.888999999999999790e-01
-6.280999999999999917e-01
4.061000000000000165e-01
6.247000000000000330e-01
-5.480000000000000149e-02
-6.602999999999999980e-01
3.070000000000000159e-02
6.895999999999999908e-01
3.346000000000000085e-01
3.832999999999999741e-01
-6.310000000000000053e-01
2.495999999999999885e-01
3.625999999999999779e-01
-4.263000000000000123e-01
-6.888999999999999568e-01
-6.168000000000000149e-01
5.127000000000000446e-01
9.827000000000000179e-01
7.821000000000000174e-01
8.667000000000000259e-01
-1.839999999999999969e-02
7.866999999999999549e-01
8.114999999999999991e-01
5.987999999999999989e-01
2.172000000000000042e-01
-7.108999999999999764e-01
-2.197000000000000064e-01
6.292999999999999705e-01
3.743000000000000216e-01
-8.414000000000000368e-01
8.689999999999999947e-01
3.962999999999999856e-01
8.034000000000000030e-01
7.112000000000000544e-01
9.171000000000000263e-01
2.541999999999999815e-01
-6.894000000000000128e-01
-1.824999999999999956e-01
1.111999999999999933e-01
-5.090000000000000080e-01
4.164999999999999813e-01
-1.119999999999999989e-02
1.378000000000000058e-01
6.966999999999999860e-01
9.387999999999999678e-01
8.249999999999999556e-01
8.679999999999999938e-01
4.399000000000000132e-01
-4.091000000000000192e-01
2.013000000000000067e-01
-4.809999999999999831e-01
1.484999999999999931e-01
3.629999999999999893e-02
-7.697000000000000508e-01
8.979000000000000314e-01
-8.796000000000000485e-01
9.580999999999999517e-01
-3.095999999999999863e-01
-6.618000000000000549e-01
9.033999999999999808e-01
6.512999999999999901e-01
-2.919999999999999818e-01
-1.428999999999999992e-01
-5.659999999999999476e-01
6.907999999999999696e-01
-4.389000000000000123e-01
6.061999999999999611e-01
1.401000000000000023e-01
-6.908999999999999586e-01
-2.928000000000000047e-01
8.087999999999999634e-01
-2.702999999999999847e-01
9.977000000000000313e-01
-3.637000000000000233e-01
6.155000000000000471e-01
3.929000000000000270e-01
3.553000000000000047e-01
-2.419999999999999929e-01
7.749000000000000332e-01
7.120999999999999552e-01
6.834999999999999964e-01
5.725000000000000089e-01
-8.566000000000000281e-01
9.124999999999999778e-01
-5.147000000000000464e-01
5.016000000000000458e-01
6.320999999999999952e-01
7.831000000000000183e-01
-6.834000000000000075e-01
-8.628000000000000114e-01
9.518999999999999684e-01
-1.799999999999999933e-01
5.227000000000000535e-01
1.696999999999999897e-01
4.568999999999999728e-01
-5.734000000000000208e-01
6.700000000000000400e-02
9.299999999999999239e-03
2.240000000000000047e-01
-6.108999999999999986e-01
-4.220999999999999752e-01
2.852999999999999980e-01
-1.758000000000000118e-01
1.534999999999999976e-01
4.356999999999999762e-01
7.541999999999999815e-01
2.747999999999999887e-01
-9.180000000000000659e-02
9.819999999999999840e-01
4.668999999999999817e-01
-5.575999999999999845e-01
7.257000000000000117e-01
-8.430999999999999606e-01
7.176000000000000156e-01
7.683999999999999719e-01
-1.622000000000000108e-01
4.469000000000000195e-01
-6.180000000000000077e-02
-3.342999999999999861e-01
1.919999999999999832e-02
5.179000000000000270e-01
-9.697000000000000064e-01
-4.082999999999999963e-01
-7.075000000000000178e-01
3.824000000000000177e-01
-4.269000000000000017e-01
6.090000000000000274e-02
1.754000000000000004e-01
4.203999999999999959e-01
-8.470999999999999641e-01
3.660000000000000059e-02
-8.548000000000000043e-01
2.260000000000000064e-01
2.819999999999999937e-02
2.664000000000000257e-01
-6.410000000000000420e-02
8.319999999999999618e-02
5.470000000000000417e-01
-1.293999999999999873e-01
-6.122999999999999554e-01
-6.157000000000000250e-01
4.615000000000000213e-01
-6.102999999999999536e-01
8.568999999999999950e-01
-4.210999999999999743e-01
3.089999999999999969e-01
-1.610000000000000042e-01
-5.154999999999999583e-01
6.643999999999999906e-01
4.703999999999999848e-01
-5.098000000000000309e-01
8.712999999999999634e-01
4.737000000000000099e-01
8.494000000000000439e-01
6.814999999999999947e-01
-6.997999999999999776e-01
-6.683000000000000052e-01
8.752999999999999670e-01
7.426000000000000378e-01
1.295000000000000040e-01
6.344999999999999529e-01
-3.956000000000000072e-01
-5.662000000000000366e-01
-8.229999999999999538e-01
-1.980999999999999983e-01
-5.967000000000000082e-01
4.951999999999999735e-01
-4.736000000000000210e-01
8.947000000000000508e-01
-1.363000000000000045e-01
6.100999999999999757e-01
3.956000000000000072e-01
-9.404000000000000137e-01
7.758000000000000451e-01
-5.760999999999999455e-01
3.669999999999999929e-01
1.587000000000000077e-01
3.508000000000000007e-01
-3.583000000000000074e-01
7.389999999999999347e-02
3.367999999999999883e-01
9.378999999999999559e-01
8.403000000000000469e-01
8.719999999999999973e-01
7.296000000000000263e-01
3.098000000000000198e-01
-2.957000000000000184e-01
2.225999999999999923e-01
5.666999999999999815e-01
1.348999999999999921e-01
-4.506000000000000005e-01
2.212000000000000077e-01
-1.894000000000000128e-01
9.433000000000000274e-01
3.926999999999999935e-01
-5.191000000000000059e-01
2.026999999999999913e-01
2.137000000000000011e-01
-3.500000000000000073e-03
-7.964999999999999858e-01
-7.409999999999999920e-01
-9.123999999999999888e-01
-4.798999999999999932e-01
-1.618999999999999884e-01
-8.857000000000000428e-01
6.094000000000000528e-01
-2.146000000000000130e-01
-1.539999999999999980e-01
8.515000000000000346e-01
-7.896999999999999575e-01
7.930000000000000382e-01
-1.841000000000000136e-01
-2.921000000000000263e-01
5.843000000000000416e-01
-2.503000000000000225e-01
3.855000000000000093e-01
-1.993000000000000049e-01
-5.633000000000000229e-01
-4.368000000000000216e-01
1.517000000000000015e-01
3.160999999999999921e-01
2.016000000000000014e-01
-7.532999999999999696e-01
6.256000000000000449e-01
5.641000000000000458e-01
5.611000000000000432e-01
-9.535000000000000142e-01
-7.351999999999999647e-01
-7.622999999999999776e-01
5.199999999999999761e-03
-2.918000000000000038e-01
7.578000000000000291e-01
6.811000000000000387e-01
2.270999999999999963e-01
2.576999999999999846e-01
3.731999999999999762e-01
5.249999999999999806e-02
-7.217999999999999972e-01
4.333000000000000185e-01
-8.074999999999999956e-01
6.569000000000000394e-01
2.285999999999999976e-01
9.475999999999999979e-01
-1.419999999999999873e-01
-4.278000000000000136e-01
-2.779999999999999832e-02
9.032999999999999918e-01
-3.790999999999999925e-01
-6.860000000000000542e-01
-1.743000000000000105e-01
4.789999999999999813e-02
7.272999999999999465e-01
-1.456999999999999962e-01
-4.143999999999999906e-01
-1.451999999999999957e-01
-9.516999999999999904e-01
-9.757000000000000117e-01
5.351000000000000201e-01
5.278000000000000469e-01
6.956999999999999851e-01
7.687000000000000499e-01
6.756999999999999673e-01
-7.567000000000000393e-01
7.720000000000000473e-02
-6.130000000000000032e-02
-1.661999999999999866e-01
1.461000000000000076e-01
-5.534000000000000030e-01
2.928000000000000047e-01
4.344999999999999973e-01
-9.827000000000000179e-01
6.238000000000000211e-01
2.040000000000000147e-02
5.580000000000000238e-02
8.245999999999999996e-01
-3.987999999999999878e-01
5.915000000000000258e-01
-3.119999999999999857e-02
5.896000000000000130e-01
7.156000000000000139e-01
5.283999999999999808e-01
8.959999999999999909e-02
-4.390000000000000013e-01
6.699000000000000510e-01
3.461000000000000187e-01
3.432000000000000051e-01
6.026000000000000245e-01
-3.165999999999999925e-01
3.940000000000000169e-01
8.429999999999999716e-01
6.189999999999999669e-02
-9.450000000000000067e-02
6.219999999999999973e-01
1.615000000000000047e-01
1.938999999999999890e-01
-9.329999999999999405e-02
6.000000000000000125e-03
2.048000000000000098e-01
-5.945000000000000284e-01
1.170000000000000068e-01
9.174999999999999822e-01
3.774000000000000132e-01
7.210999999999999632e-01
5.991999999999999549e-01
-1.144000000000000017e-01
7.059999999999999609e-02
8.657000000000000250e-01
1.708999999999999964e-01
2.275000000000000078e-01
-6.977999999999999758e-01
-9.965000000000000524e-01
5.887999999999999901e-01
-4.461999999999999855e-01
-7.476000000000000423e-01
-3.598000000000000087e-01
-1.358999999999999930e-01
-3.939999999999999752e-02
-6.333999999999999631e-01
8.849000000000000199e-01
8.429999999999999716e-01
2.963999999999999968e-01
-6.666999999999999593e-01
9.321000000000000396e-01
4.229999999999999871e-01
4.546999999999999931e-01
1.597999999999999976e-01
7.243000000000000549e-01
1.912000000000000088e-01
1.731999999999999929e-01
-6.300000000000000044e-01
2.384000000000000008e-01
1.511000000000000121e-01
1.923999999999999877e-01
4.937000000000000277e-01
-9.912999999999999590e-01
-9.946000000000000396e-01
6.438000000000000389e-01
-4.495999999999999996e-01
3.497999999999999998e-01
-7.550000000000000044e-01
-3.694000000000000061e-01
-6.165000000000000480e-01
-9.515000000000000124e-01
5.700000000000000205e-02
-2.252000000000000113e-01
-6.694999999999999840e-01
7.531999999999999806e-01
5.413000000000000034e-01
5.190000000000000169e-01
1.327000000000000124e-01
-7.255000000000000338e-01
5.956000000000000183e-01
1.454000000000000015e-01
-1.208999999999999936e-01
-1.820000000000000090e-02
-1.723999999999999977e-01
