-1.938000000000000000e-01
9.352000000000000313e-01
-3.266999999999999904e-01
-4.479999999999999954e-02
-1.353999999999999926e-01
-3.990000000000000213e-01
-9.354000000000000092e-01
5.399999999999999939e-02
-1.032000000000000001e-01
-4.320000000000000229e-02
-3.544999999999999818e-01
-6.370000000000000662e-02
4.966999999999999749e-01
9.759999999999999787e-01
-1.648000000000000020e-01
-4.727000000000000091e-01
2.174999999999999989e-01
-2.187999999999999945e-01
-9.719999999999999751e-01
5.096000000000000529e-01
1.414999999999999869e-01
5.245999999999999552e-01
-7.560999999999999943e-01
6.824999999999999956e-01
9.284000000000000030e-01
-8.796000000000000485e-01
-5.676999999999999824e-01
8.136999999999999789e-01
7.583999999999999631e-01
1.024999999999999939e-01
7.290999999999999703e-01
2.802999999999999936e-01
-9.240000000000000435e-01
6.117000000000000215e-01
6.848999999999999533e-01
-5.094999999999999529e-01
6.936999999999999833e-01
-7.451999999999999735e-01
7.577000000000000401e-01
3.669999999999999929e-01
-1.511000000000000121e-01
-6.615999999999999659e-01
6.084000000000000519e-01
8.915999999999999481e-01
6.963000000000000300e-01
-7.789999999999999702e-02
1.673999999999999932e-01
-6.844999999999999973e-01
-5.112999999999999767e-01
-8.847000000000000419e-01
6.017000000000000126e-01
8.218999999999999639e-01
-4.534000000000000252e-01
-1.827999999999999903e-01
1.233999999999999958e-01
-4.118999999999999884e-01
4.428000000000000269e-01
-4.288000000000000145e-01
9.626000000000000112e-01
8.605000000000000426e-01
-1.361999999999999877e-01
1.469999999999999953e-02
5.250000000000000222e-01
2.286999999999999866e-01
-7.633999999999999675e-01
-3.019000000000000017e-01
-1.020999999999999963e-01
4.554000000000000270e-01
-7.096999999999999975e-01
9.020000000000000240e-02
7.685999999999999499e-01
5.211999999999999966e-01
5.164999999999999591e-01
3.860000000000000098e-01
-2.477000000000000035e-01
-8.782999999999999696e-01
-3.211999999999999855e-01
3.578999999999999959e-01
4.709999999999999742e-01
5.886000000000000121e-01
8.699999999999999400e-02
8.531999999999999584e-01
3.085999999999999854e-01
-3.438999999999999835e-01
4.208999999999999964e-01
5.471000000000000307e-01
-4.887000000000000233e-01
7.544999999999999485e-01
8.991999999999999993e-01
-8.899999999999999925e-03
-6.202999999999999625e-01
-2.730000000000000204e-01
7.065000000000000169e-01
-1.496999999999999997e-01
5.565999999999999837e-01
6.484999999999999654e-01
-5.305999999999999606e-01
8.964999999999999636e-01
-8.406000000000000139e-01
-1.288999999999999868e-01
9.747999999999999998e-01
9.479999999999999538e-01
8.903999999999999693e-01
-2.607999999999999763e-01
2.982000000000000206e-01
6.202999999999999625e-01
3.921000000000000041e-01
9.929999999999999938e-02
6.108999999999999986e-01
9.270000000000000462e-02
-9.660000000000000531e-02
-5.601000000000000423e-01
2.008000000000000063e-01
1.693000000000000060e-01
-3.790000000000000313e-02
-6.191999999999999726e-01
-4.824999999999999845e-01
4.811000000000000276e-01
6.877999999999999670e-01
-1.375000000000000111e-01
-3.950000000000000039e-02
9.918000000000000149e-01
9.223999999999999977e-01
3.526000000000000245e-01
4.158999999999999919e-01
-1.549000000000000099e-01
5.325999999999999623e-01
3.639000000000000012e-01
-1.743000000000000105e-01
8.185000000000000053e-01
6.096000000000000307e-01
-8.497999999999999998e-01
9.153000000000000025e-01
1.534999999999999976e-01
-3.079999999999999960e-01
7.660000000000000142e-02
-6.713999999999999968e-01
6.401000000000000023e-01
-2.776000000000000134e-01
4.986999999999999766e-01
9.092999999999999972e-01
2.267000000000000126e-01
-1.290000000000000036e-01
-5.926000000000000156e-01
7.003000000000000336e-01
-4.791000000000000258e-01
-7.715999999999999526e-01
-8.881000000000000005e-01
4.442999999999999727e-01
-2.637999999999999790e-01
-8.979000000000000314e-01
3.244000000000000217e-01
-3.042000000000000259e-01
-7.042000000000000481e-01
-8.715000000000000524e-01
-1.948000000000000009e-01
8.182000000000000384e-01
-2.786000000000000143e-01
2.814999999999999725e-01
2.994999999999999885e-01
2.721999999999999975e-01
-9.969999999999999973e-01
-5.284999999999999698e-01
1.681999999999999884e-01
-4.955999999999999850e-01
9.433000000000000274e-01
-8.500999999999999668e-01
6.757999999999999563e-01
5.829999999999999766e-02
-6.246000000000000441e-01
4.724999999999999756e-01
1.434999999999999887e-01
4.914000000000000035e-01
3.357999999999999874e-01
-4.186000000000000276e-01
-4.235999999999999766e-01
3.956000000000000072e-01
1.776000000000000079e-01
5.403000000000000025e-01
-6.141999999999999682e-01
-7.775999999999999579e-01
-1.794000000000000039e-01
6.020999999999999686e-01
9.626000000000000112e-01
7.648000000000000353e-01
-7.476000000000000423e-01
-9.099999999999999756e-02
7.420000000000000207e-02
-4.608999999999999764e-01
-3.629000000000000004e-01
-1.194000000000000061e-01
6.582999999999999963e-01
3.492000000000000104e-01
2.844999999999999751e-01
-8.834999999999999520e-01
2.833999999999999853e-01
1.865999999999999881e-01
-5.346999999999999531e-01
4.803000000000000047e-01
5.049000000000000155e-01
7.157000000000000028e-01
-7.507000000000000339e-01
-5.363999999999999879e-01
-9.615000000000000213e-01
-9.429999999999999494e-02
9.869999999999999607e-02
-3.644000000000000017e-01
7.365000000000000435e-01
-4.027999999999999914e-01
6.606999999999999540e-01
8.528999999999999915e-01
-9.190000000000000391e-01
2.380000000000000171e-02
2.743999999999999773e-01
-5.358000000000000540e-01
4.843999999999999972e-01
-3.654000000000000026e-01
4.786000000000000254e-01
-3.111999999999999766e-01
-8.907000000000000473e-01
6.742000000000000215e-01
8.098999999999999533e-01
2.824999999999999734e-01
-7.760000000000000231e-01
9.700000000000000289e-03
-7.251999999999999558e-01
-9.155999999999999694e-01
-2.666999999999999926e-01
-5.190000000000000169e-02
-2.610999999999999988e-01
-1.233999999999999958e-01
-2.810000000000000275e-01
1.962000000000000133e-01
-3.130000000000000004e-01
-4.667000000000000037e-01
8.186999999999999833e-01
-8.283000000000000362e-01
1.729999999999999871e-01
3.837999999999999745e-01
-8.084999999999999964e-01
5.403999999999999915e-01
5.560000000000000497e-01
6.765999999999999792e-01
1.355000000000000093e-01
-1.434999999999999887e-01
7.138999999999999790e-01
9.512000000000000455e-01
-2.667999999999999816e-01
-5.516999999999999682e-01
-6.349000000000000199e-01
6.957999999999999741e-01
-1.287000000000000088e-01
-3.064000000000000057e-01
-8.970000000000000195e-02
5.451000000000000290e-01
5.006000000000000449e-01
-9.971999999999999753e-01
-1.685000000000000109e-01
-5.609999999999999709e-02
3.568000000000000060e-01
6.432999999999999829e-01
7.352999999999999536e-01
-2.485999999999999877e-01
-9.455999999999999961e-01
-9.585000000000000187e-01
2.446000000000000119e-01
-8.184000000000000163e-01
4.262000000000000233e-01
5.152999999999999803e-01
-7.782999999999999918e-01
-8.264000000000000234e-01
4.652999999999999914e-01
5.443999999999999950e-01
7.419000000000000039e-01
1.026999999999999996e-01
9.926000000000000378e-01
-7.066999999999999948e-01
3.250000000000000111e-02
3.647000000000000242e-01
7.284000000000000474e-01
7.441999999999999726e-01
9.452000000000000401e-01
2.761000000000000121e-01
-1.685000000000000109e-01
-2.311999999999999889e-01
7.516000000000000458e-01
1.062000000000000027e-01
7.455000000000000515e-01
6.660000000000000364e-01
5.534000000000000030e-01
2.928000000000000047e-01
7.751000000000000112e-01
1.754000000000000004e-01
-8.266999999999999904e-01
9.690000000000000002e-02
7.173000000000000487e-01
9.226999999999999647e-01
4.778999999999999915e-01
8.185000000000000053e-01
-6.002999999999999448e-01
2.716000000000000081e-01
-5.463000000000000078e-01
3.130000000000000004e-01
-4.677999999999999936e-01
3.995000000000000218e-01
-8.597000000000000197e-01
-3.975000000000000200e-01
2.290999999999999981e-01
-6.836999999999999744e-01
1.509999999999999953e-01
-1.092999999999999944e-01
-4.176000000000000267e-01
-4.384000000000000119e-01
-4.030000000000000249e-02
-6.532000000000000028e-01
-5.473000000000000087e-01
-2.273000000000000020e-01
-7.347000000000000197e-01
4.586999999999999966e-01
-3.711999999999999744e-01
-7.522999999999999687e-01
8.994999999999999662e-01
7.984999999999999876e-01
7.339999999999999858e-01
9.349999999999999978e-02
5.661000000000000476e-01
-4.899999999999999911e-01
-4.023999999999999799e-01
-4.143000000000000016e-01
6.461000000000000076e-01
6.540000000000000258e-01
-7.144000000000000350e-01
-9.002999999999999892e-01
4.018999999999999795e-01
-9.058000000000000496e-01
-4.010000000000000231e-01
-8.135999999999999899e-01
-8.377999999999999892e-01
6.238000000000000211e-01
-9.090000000000000302e-01
7.776999999999999469e-01
-7.577000000000000401e-01
-8.957000000000000517e-01
4.187000000000000166e-01
4.177000000000000157e-01
5.825000000000000178e-01
5.594000000000000083e-01
6.606999999999999540e-01
9.799999999999999684e-03
-1.584000000000000130e-01
-9.379999999999999449e-02
-7.383999999999999453e-01
-5.273999999999999799e-01
-5.739999999999999547e-01
4.139999999999999791e-01
9.331000000000000405e-01
-5.489000000000000545e-01
7.317000000000000171e-01
1.439000000000000001e-01
5.578999999999999515e-01
9.400000000000000369e-03
-5.884000000000000341e-01
-9.550000000000000155e-02
6.301999999999999824e-01
-9.271000000000000352e-01
3.261999999999999900e-01
1.479999999999999927e-01
-5.157000000000000473e-01
-8.355000000000000204e-01
3.202999999999999736e-01
-2.908999999999999919e-01
-5.064999999999999503e-01
6.328000000000000291e-01
1.458000000000000129e-01
-7.642999999999999794e-01
