7.282999999999999474e-01
9.647000000000000020e-01
2.089999999999999913e-01
-4.314000000000000057e-01
3.276999999999999913e-01
4.455999999999999961e-01
7.599999999999999811e-02
5.063999999999999613e-01
-9.982999999999999652e-01
-8.820000000000000062e-02
5.040999999999999925e-01
4.549999999999999878e-02
3.562000000000000166e-01
-4.066000000000000170e-01
5.784000000000000252e-01
-1.252000000000000057e-01
-5.412000000000000144e-01
3.014000000000000012e-01
6.842000000000000304e-01
9.076999999999999513e-01
6.455999999999999517e-01
-8.225999999999999979e-01
9.427999999999999714e-01
-7.651000000000000023e-01
-6.818999999999999506e-01
-8.470999999999999641e-01
1.348999999999999921e-01
8.548999999999999932e-01
-5.584000000000000075e-01
4.161000000000000254e-01
-5.726999999999999869e-01
-3.269999999999999990e-02
2.273000000000000020e-01
-4.914999999999999925e-01
-3.441000000000000170e-01
-3.440000000000000002e-02
-5.858999999999999764e-01
-7.718000000000000416e-01
5.930999999999999606e-01
-6.618000000000000549e-01
7.501999999999999780e-01
-3.553000000000000047e-01
-2.822999999999999954e-01
-7.970000000000000417e-01
2.001000000000000001e-01
-6.516999999999999460e-01
9.073999999999999844e-01
2.252000000000000113e-01
6.137000000000000233e-01
5.770000000000000129e-02
-8.081000000000000405e-01
-1.839000000000000079e-01
3.590999999999999748e-01
-4.746000000000000218e-01
-9.529999999999999583e-02
-8.598999999999999977e-01
-8.050000000000000211e-02
-4.753999999999999893e-01
-7.140000000000000513e-02
-5.866999999999999993e-01
8.135999999999999899e-01
4.480000000000000093e-01
-2.750000000000000014e-02
-5.030000000000000027e-01
-1.083999999999999964e-01
2.932000000000000162e-01
-9.690999999999999615e-01
-7.197000000000000064e-01
6.864999999999999991e-01
-3.991999999999999993e-01
7.057999999999999829e-01
6.337000000000000410e-01
1.753000000000000114e-01
-8.298999999999999710e-01
9.841999999999999638e-01
-7.701999999999999957e-01
-6.258000000000000229e-01
1.779000000000000026e-01
-8.840000000000000635e-02
9.394000000000000128e-01
8.428999999999999826e-01
-7.967999999999999527e-01
-7.765999999999999570e-01
1.778000000000000136e-01
-3.160000000000000031e-01
6.861000000000000432e-01
-6.500000000000000222e-02
-5.354999999999999760e-01
-8.962999999999999856e-01
8.840000000000000080e-01
4.080000000000000293e-02
-1.388999999999999957e-01
-9.073999999999999844e-01
1.764999999999999902e-01
4.738999999999999879e-01
4.262000000000000233e-01
6.286000000000000476e-01
8.735000000000000542e-01
3.881000000000000005e-01
1.042000000000000010e-01
1.318999999999999895e-01
1.908999999999999864e-01
7.589999999999999525e-02
-5.820000000000000173e-02
-4.188999999999999946e-01
-1.332000000000000128e-01
-5.383999999999999897e-01
-3.966000000000000081e-01
5.829999999999999627e-01
9.131000000000000227e-01
3.909000000000000252e-01
5.546999999999999709e-01
8.343000000000000416e-01
8.151000000000000467e-01
8.590999999999999748e-01
-1.584000000000000130e-01
7.671999999999999931e-01
9.947000000000000286e-01
7.377000000000000224e-01
6.064000000000000501e-01
-9.799999999999999684e-03
-8.245999999999999996e-01
-7.260999999999999677e-01
-8.500999999999999668e-01
6.804000000000000048e-01
-1.927999999999999992e-01
3.441000000000000170e-01
7.410999999999999810e-01
1.572999999999999954e-01
-6.390000000000000124e-01
8.473000000000000531e-01
8.350999999999999535e-01
5.688999999999999613e-01
3.595999999999999752e-01
3.830000000000000071e-01
-1.728999999999999981e-01
2.533000000000000251e-01
-1.950999999999999956e-01
-9.781999999999999584e-01
-8.601999999999999647e-01
6.563999999999999835e-01
4.232000000000000206e-01
-7.882000000000000117e-01
6.256000000000000449e-01
-3.401000000000000134e-01
4.121000000000000218e-01
-8.551999999999999602e-01
-8.972999999999999865e-01
-4.133999999999999897e-01
-6.279000000000000137e-01
8.068999999999999506e-01
-8.659000000000000030e-01
4.879000000000000004e-01
6.736999999999999655e-01
1.255000000000000004e-01
-7.639000000000000234e-01
9.263000000000000123e-01
4.985999999999999877e-01
-2.795000000000000262e-01
-2.457999999999999907e-01
-9.163000000000000034e-01
-8.374000000000000332e-01
-8.576000000000000290e-01
-3.604999999999999871e-01
-1.448000000000000120e-01
9.282000000000000250e-01
8.223000000000000309e-01
5.375999999999999668e-01
7.314000000000000501e-01
-7.340999999999999748e-01
-5.747999999999999776e-01
1.038000000000000034e-01
-1.605999999999999928e-01
5.301000000000000156e-01
7.006000000000000005e-01
-6.298000000000000265e-01
-9.686000000000000165e-01
8.135000000000000009e-01
-3.790000000000000313e-02
-1.691000000000000003e-01
-9.766000000000000236e-01
5.725999999999999979e-01
6.210000000000000242e-02
-7.751000000000000112e-01
5.469000000000000528e-01
-6.828999999999999515e-01
8.092000000000000304e-01
2.817000000000000060e-01
9.959999999999999409e-02
-1.587999999999999967e-01
7.890000000000000346e-01
-7.954999999999999849e-01
5.735999999999999988e-01
-6.290999999999999925e-01
-8.401999999999999469e-01
1.560999999999999888e-01
-8.963999999999999746e-01
-4.299999999999999656e-02
4.410000000000000031e-02
-6.588000000000000522e-01
6.740000000000000435e-01
5.588999999999999524e-01
5.221999999999999975e-01
-7.874999999999999778e-01
-2.580000000000000002e-02
7.420000000000000207e-02
2.687999999999999834e-01
-9.479999999999999538e-01
-3.183000000000000274e-01
6.487000000000000544e-01
4.858000000000000096e-01
-3.771999999999999797e-01
2.813999999999999835e-01
3.874000000000000221e-01
7.895999999999999686e-01
-9.260000000000000453e-01
9.064999999999999725e-01
-2.041999999999999926e-01
-1.527999999999999914e-01
3.241999999999999882e-01
-3.209000000000000186e-01
4.379000000000000115e-01
-8.461999999999999522e-01
-4.335999999999999854e-01
-5.162999999999999812e-01
-2.829999999999999738e-01
7.492999999999999661e-01
6.663999999999999924e-01
7.044000000000000261e-01
-9.364999999999999991e-01
-2.270000000000000073e-01
9.717000000000000082e-01
5.422000000000000153e-01
-2.620000000000000107e-02
7.758000000000000451e-01
9.971999999999999753e-01
-6.532999999999999918e-01
8.440000000000000280e-02
7.897999999999999465e-01
5.229000000000000314e-01
7.180000000000000271e-02
-7.096999999999999975e-01
-7.582999999999999741e-01
-4.591000000000000081e-01
-9.522000000000000464e-01
-9.021000000000000130e-01
2.918000000000000038e-01
8.477000000000000091e-01
-6.180000000000000077e-02
9.733000000000000540e-01
-6.178000000000000158e-01
-9.100000000000000311e-01
-8.087999999999999634e-01
-4.370999999999999885e-01
8.104000000000000092e-01
-9.133000000000000007e-01
4.189999999999999836e-01
4.546999999999999931e-01
-7.639999999999999569e-02
6.719000000000000528e-01
-2.021999999999999909e-01
-1.617000000000000104e-01
-5.184999999999999609e-01
9.262000000000000233e-01
-7.007999999999999785e-01
9.499999999999999764e-03
5.621000000000000441e-01
4.549999999999999878e-02
2.691999999999999948e-01
-1.527000000000000024e-01
5.692000000000000393e-01
-2.414000000000000035e-01
-6.736999999999999655e-01
8.519999999999999796e-02
2.222000000000000086e-01
-3.956999999999999962e-01
9.344999999999999973e-01
9.942999999999999616e-01
-6.725999999999999757e-01
-6.904000000000000137e-01
6.348000000000000309e-01
5.167000000000000481e-01
9.598999999999999755e-01
1.024999999999999939e-01
-4.894000000000000017e-01
4.374000000000000110e-01
2.270000000000000143e-02
2.220000000000000029e-01
6.720000000000000417e-01
9.239999999999999603e-02
-3.803000000000000269e-01
-6.800000000000000488e-02
1.545999999999999874e-01
-4.606999999999999984e-01
2.333000000000000074e-01
5.755000000000000115e-01
-7.715999999999999526e-01
7.088999999999999746e-01
-7.709000000000000297e-01
9.393000000000000238e-01
-5.285999999999999588e-01
-4.042000000000000037e-01
-2.456000000000000127e-01
-5.098000000000000309e-01
1.589000000000000135e-01
-7.308000000000000052e-01
8.359999999999999376e-02
2.139999999999999958e-01
-1.476999999999999980e-01
-2.073000000000000120e-01
-1.020999999999999963e-01
2.454999999999999960e-01
6.860000000000000542e-01
2.963999999999999968e-01
-4.161000000000000254e-01
-3.421000000000000152e-01
-1.542999999999999927e-01
9.256999999999999673e-01
3.486000000000000210e-01
6.048999999999999932e-01
-1.751999999999999946e-01
9.339999999999999691e-02
-1.630000000000000060e-01
-2.632999999999999785e-01
-6.479999999999999649e-02
-9.161000000000000254e-01
-4.133000000000000007e-01
7.467000000000000304e-01
5.396999999999999575e-01
7.941000000000000281e-01
5.162999999999999812e-01
7.027999999999999803e-01
-4.717999999999999972e-01
-2.873999999999999888e-01
-2.348000000000000087e-01
6.132999999999999563e-01
8.794999999999999485e-01
5.484999999999999876e-01
7.349999999999999589e-02
2.525999999999999912e-01
-2.814999999999999725e-01
-4.474000000000000199e-01
4.540000000000000147e-01
6.561000000000000165e-01
-1.408000000000000085e-01
8.400999999999999579e-01
-3.155999999999999917e-01
-9.243000000000000105e-01
7.556000000000000494e-01
4.329000000000000070e-01
4.854999999999999871e-01
-7.741000000000000103e-01
-1.414999999999999869e-01
-5.030000000000000027e-01
-4.290000000000000063e-02
-4.442999999999999727e-01
-5.063999999999999613e-01
-6.490000000000000213e-01
-9.421000000000000485e-01
4.000000000000000083e-02
4.913000000000000145e-01
-1.295999999999999930e-01
-5.799999999999999600e-03
-1.991999999999999882e-01
-3.131999999999999784e-01
8.140000000000000013e-02
5.020000000000000157e-02
9.879000000000000004e-01
9.021000000000000130e-01
6.362999999999999767e-01
7.906999999999999584e-01
2.955999999999999739e-01
8.800000000000000044e-01
3.649999999999999772e-02
-9.404000000000000137e-01
