-6.276715400000004763e+01 6.427603389570164527e-01 0.000000000000000000e+00 2.555749423207654747e+00
-6.293302800000000019e+01 6.444589539438314585e-01 0.000000000000000000e+00 2.228190906628019885e+00
-6.243700200000001388e+01 6.393794526509819498e-01 0.000000000000000000e+00 2.655756489916448082e+00
-6.197850800000007609e+01 6.346842937968825149e-01 0.000000000000000000e+00 2.168911280752105153e+00
-6.214534000000003289e+01 6.363927190804129497e-01 0.000000000000000000e+00 2.605796427004591909e+00
-6.259609400000002211e+01 6.410086172909041924e-01 0.000000000000000000e+00 1.827918066252788298e+00
-6.256894800000003443e+01 6.407306315762528737e-01 0.000000000000000000e+00 1.720586808079550556e+00
-6.250902000000001379e+01 6.401169452906992907e-01 0.000000000000000000e+00 2.464724262406844613e+00
-6.302034000000003999e+01 6.453530631576256393e-01 0.000000000000000000e+00 2.257989439991053615e+00
-6.232949000000002115e+01 6.382784874939199105e-01 0.000000000000000000e+00 2.530011760642606244e+00
-6.247323600000002131e+01 6.397505030593176878e-01 0.000000000000000000e+00 2.355067319783261226e+00
-6.209382200000005270e+01 6.358651545019333717e-01 0.000000000000000000e+00 2.418991173128320682e+00
-6.259534400000002563e+01 6.410009369959809300e-01 0.000000000000000000e+00 2.543626303882317252e+00
-6.283177200000003637e+01 6.434220526868235090e-01 0.000000000000000000e+00 2.218114339671097390e+00
-6.319990600000003411e+01 6.471918896085613326e-01 0.000000000000000000e+00 2.370933571649732396e+00
-6.244515200000003574e+01 6.394629118558156078e-01 0.000000000000000000e+00 2.059540338168061702e+00
-6.307146800000003850e+01 6.458766339827453073e-01 0.000000000000000000e+00 1.880374740583978133e+00
-6.355338600000004590e+01 6.508116638078906835e-01 0.000000000000000000e+00 2.166450930099570460e+00
-6.337316600000004740e+01 6.489661401397818219e-01 0.000000000000000000e+00 1.940979275708865748e+00
-6.362560400000004535e+01 6.515512045262542573e-01 0.000000000000000000e+00 2.270454771066489297e+00
-6.282091200000004960e+01 6.433108420163339281e-01 0.000000000000000000e+00 2.107483477979259501e+00
-6.188798400000003852e+01 6.337572924400300955e-01 0.000000000000000000e+00 1.707922888089683511e+00
-6.363812200000000985e+01 6.516793937687207494e-01 0.000000000000000000e+00 2.355058590516091677e+00
-6.466231400000005181e+01 6.621675225928680408e-01 0.000000000000000000e+00 2.278655867707623628e+00
-6.433889400000001046e+01 6.588555746140652980e-01 0.000000000000000000e+00 1.942237325417896399e+00
-6.420631600000005790e+01 6.574979237602729398e-01 0.000000000000000000e+00 2.081315067898810156e+00
-6.441003000000003453e+01 6.595840352269530804e-01 0.000000000000000000e+00 2.059732827310131853e+00
-6.464766400000002022e+01 6.620175008320321464e-01 0.000000000000000000e+00 2.621057957788199388e+00
-6.419826200000004235e+01 6.574154476331894870e-01 0.000000000000000000e+00 1.922691265276803563e+00
-6.419163800000004017e+01 6.573476152684266660e-01 0.000000000000000000e+00 2.264275847437518419e+00
-6.413613600000005022e+01 6.567792529633142973e-01 0.000000000000000000e+00 2.744078367167299248e+00
-6.465193800000005808e+01 6.620612682727022857e-01 0.000000000000000000e+00 2.196347088666759984e+00
-6.267933400000003985e+01 6.418610276234610890e-01 0.000000000000000000e+00 1.934533334389104242e+00
-6.370556800000007769e+01 6.523700673305862230e-01 0.000000000000000000e+00 1.729337432816804743e+00
-6.373731200000004549e+01 6.526951383733139433e-01 0.000000000000000000e+00 2.351562340888896596e+00
-6.446170200000000250e+01 6.601131768259901333e-01 0.000000000000000000e+00 2.234518681817160068e+00
-6.291071800000005254e+01 6.442304907708461537e-01 0.000000000000000000e+00 1.945669945557689795e+00
-6.428204000000002338e+01 6.582733672973044570e-01 0.000000000000000000e+00 2.040110457001696798e+00
-6.366013800000001766e+01 6.519048462660967935e-01 0.000000000000000000e+00 2.563780522555381136e+00
-6.427545200000001557e+01 6.582059035866978380e-01 0.000000000000000000e+00 2.678937436896211111e+00
-6.382643400000004164e+01 6.536077826988559991e-01 0.000000000000000000e+00 2.063894173752250261e+00
-6.271356200000004577e+01 6.422115358029752974e-01 0.000000000000000000e+00 1.877947686085191581e+00
-6.321232200000000745e+01 6.473190343309183081e-01 0.000000000000000000e+00 2.046025627750077458e+00
-6.347382800000004011e+01 6.499969586032107172e-01 0.000000000000000000e+00 2.078372892436812780e+00
-6.419690000000005625e+01 6.574015002176089029e-01 0.000000000000000000e+00 2.004502574332357234e+00
-6.397989200000002796e+01 6.551792529633140294e-01 0.000000000000000000e+00 2.356514689869705137e+00
-6.355030000000007107e+01 6.507800619543797627e-01 0.000000000000000000e+00 1.982179830592592840e+00
-6.379934400000005468e+01 6.533303704462256611e-01 0.000000000000000000e+00 1.910506849578632593e+00
-6.379504400000001851e+01 6.532863367553315426e-01 0.000000000000000000e+00 1.819521344778634253e+00
-6.386058400000003132e+01 6.539574921276980479e-01 0.000000000000000000e+00 2.642097312941849907e+00
-6.445408800000002714e+01 6.600352064719288148e-01 0.000000000000000000e+00 1.831906559264076417e+00
-6.426718800000003284e+01 6.581212769770362625e-01 0.000000000000000000e+00 1.648726233118687823e+00
-6.461611200000005795e+01 6.616943959448048362e-01 0.000000000000000000e+00 2.279139970317529684e+00
-6.353807800000004136e+01 6.506549038683089314e-01 0.000000000000000000e+00 2.133809990100933529e+00
-6.334874000000002070e+01 6.487160082947187600e-01 0.000000000000000000e+00 1.657252953998077816e+00
-6.351190000000006108e+01 6.503868308543053756e-01 0.000000000000000000e+00 2.617790782358671020e+00
-6.472003800000007345e+01 6.627586390517402615e-01 0.000000000000000000e+00 2.284498447034055246e+00
-6.354230400000003698e+01 6.506981797701035797e-01 0.000000000000000000e+00 1.766891460593771557e+00
-6.480865000000004272e+01 6.636660607767342901e-01 0.000000000000000000e+00 2.190102488884522636e+00
-6.497118800000002636e+01 6.653305138117305839e-01 0.000000000000000000e+00 1.989517057752173912e+00
-6.551750200000003588e+01 6.709249839993859377e-01 0.000000000000000000e+00 2.227972118044531769e+00
-6.420351200000003189e+01 6.574692096976526567e-01 0.000000000000000000e+00 1.646292695068025669e+00
-6.444180400000004738e+01 6.599094134814781354e-01 0.000000000000000000e+00 2.343721684700931451e+00
-6.615304200000001345e+01 6.774331635134790419e-01 0.000000000000000000e+00 1.998177086073477104e+00
-6.656689600000001406e+01 6.816711912137427554e-01 0.000000000000000000e+00 2.158436131583525430e+00
-6.607351000000005570e+01 6.766187245590236099e-01 0.000000000000000000e+00 2.132601981338308583e+00
-6.691758000000004358e+01 6.852623332735980899e-01 0.000000000000000000e+00 1.857681114516784415e+00
-6.761127000000003306e+01 6.923659916540798598e-01 0.000000000000000000e+00 2.472423443412425037e+00
-6.796450800000003767e+01 6.959832876782472422e-01 0.000000000000000000e+00 2.116586414306839803e+00
-6.668963400000004071e+01 6.829280765981418089e-01 0.000000000000000000e+00 1.853572571664860336e+00
-6.806616600000005235e+01 6.970243055733345017e-01 0.000000000000000000e+00 1.773899563292832937e+00
-6.894357400000002656e+01 7.060093085174473648e-01 0.000000000000000000e+00 2.394487345593219185e+00
-6.905360400000004972e+01 7.071360589846654721e-01 0.000000000000000000e+00 2.117192018885467597e+00
-6.827018000000003894e+01 6.991134891579839916e-01 0.000000000000000000e+00 1.828721024612170121e+00
-6.954367600000001914e+01 7.121545889762168624e-01 0.000000000000000000e+00 2.063321125391994748e+00
-6.943668000000003815e+01 7.110589078620622727e-01 0.000000000000000000e+00 2.001624311816922130e+00
-7.006089800000005141e+01 7.174511456439932600e-01 0.000000000000000000e+00 2.487102354957745121e+00
-7.001399600000004853e+01 7.169708507206681292e-01 0.000000000000000000e+00 1.867690188977829679e+00
-6.926783200000004115e+01 7.093298379457775305e-01 0.000000000000000000e+00 2.198703911370229580e+00
-7.036226200000004383e+01 7.205372315096904012e-01 0.000000000000000000e+00 1.894713034148901798e+00
-7.016784600000003991e+01 7.185463352192728026e-01 0.000000000000000000e+00 2.011586380533402441e+00
-7.046763400000003230e+01 7.216162822252377707e-01 0.000000000000000000e+00 1.925247515307047630e+00
-7.051502000000003534e+01 7.221015334988867274e-01 0.000000000000000000e+00 1.967558520737122230e+00
-7.041944400000004123e+01 7.211227976754310820e-01 0.000000000000000000e+00 1.925700894588300738e+00
-7.026866400000002955e+01 7.195787511840457951e-01 0.000000000000000000e+00 2.145511010850516431e+00
-7.065809400000001972e+01 7.235666675200329578e-01 0.000000000000000000e+00 2.346019009189565629e+00
-6.964579800000001342e+01 7.132003584137631691e-01 0.000000000000000000e+00 1.802604200660362421e+00
-6.947869400000001860e+01 7.114891477432735423e-01 0.000000000000000000e+00 1.926625870272700380e+00
-6.939027400000003354e+01 7.105836921737798129e-01 0.000000000000000000e+00 2.189082346307038573e+00
-6.974908000000004904e+01 7.142580067074580930e-01 0.000000000000000000e+00 2.042468144578065026e+00
-7.006856400000005181e+01 7.175296484985028700e-01 0.000000000000000000e+00 2.789799929234273446e+00
-6.898963400000002366e+01 7.064809810296717174e-01 0.000000000000000000e+00 1.894524380824748055e+00
-7.029612200000005373e+01 7.198599319013855302e-01 0.000000000000000000e+00 1.608882816079140854e+00
-7.070624799999998800e+01 7.240597834156830004e-01 0.000000000000000000e+00 2.307339837596008358e+00
-6.877445400000004838e+01 7.042774532142038746e-01 0.000000000000000000e+00 1.697010518435525306e+00
-6.905583000000002869e+01 7.071588540999976802e-01 0.000000000000000000e+00 2.092044800566124074e+00
-7.058047400000002369e+01 7.227718081974350284e-01 0.000000000000000000e+00 1.906312150481853429e+00
-7.117052400000002876e+01 7.288141522234456993e-01 0.000000000000000000e+00 2.124751652706924787e+00
-7.103191200000003391e+01 7.273947108368964409e-01 0.000000000000000000e+00 2.116093951785657623e+00
-7.013850400000001173e+01 7.182458616010856112e-01 0.000000000000000000e+00 1.740650701963626590e+00
-7.055452400000005753e+01 7.225060699930883068e-01 0.000000000000000000e+00 2.173353990286660320e+00
-6.940863800000003891e+01 7.107717467550758172e-01 0.000000000000000000e+00 1.847185167050043875e+00
-7.039379000000005249e+01 7.208600906274805764e-01 0.000000000000000000e+00 1.970980398075018680e+00
-7.067361400000000060e+01 7.237255984229794548e-01 0.000000000000000000e+00 1.889448581685229112e+00
-7.094657000000002256e+01 7.265207751977678097e-01 0.000000000000000000e+00 2.072912835342888727e+00
-7.081168600000002300e+01 7.251395099971841285e-01 0.000000000000000000e+00 1.756500596429322547e+00
-7.119740000000005864e+01 7.290893730319250032e-01 0.000000000000000000e+00 2.491743357003628923e+00
-7.048899799999996674e+01 7.218350579862262695e-01 0.000000000000000000e+00 1.673702099531382714e+00
-7.041389800000004584e+01 7.210660044545714742e-01 0.000000000000000000e+00 1.823954712023056368e+00
-7.006302600000005043e+01 7.174729372007889738e-01 0.000000000000000000e+00 1.993773556872706854e+00
-7.084528200000002585e+01 7.254835462481761255e-01 0.000000000000000000e+00 2.157030517964523941e+00
-7.095934400000002995e+01 7.266515859809019595e-01 0.000000000000000000e+00 1.915310801496006077e+00
-6.997938200000002951e+01 7.166163897493667001e-01 0.000000000000000000e+00 1.860572023280512521e+00
-7.136691600000003177e+01 7.308252835308879369e-01 0.000000000000000000e+00 1.760774107923942289e+00
-7.162118600000006552e+01 7.334291083177600923e-01 0.000000000000000000e+00 2.122372896957886557e+00
-7.057884800000003622e+01 7.227551573180414080e-01 0.000000000000000000e+00 1.931567401976901799e+00
-7.080616800000004218e+01 7.250830035073351221e-01 0.000000000000000000e+00 2.158498236493478384e+00
-7.190556400000005510e+01 7.363412508640336807e-01 0.000000000000000000e+00 1.980871965101543397e+00
-7.182411400000002288e+01 7.355071708353603244e-01 0.000000000000000000e+00 2.079470810742799269e+00
-7.190500800000003778e+01 7.363355572053970066e-01 0.000000000000000000e+00 2.187562717077494501e+00
-7.211391400000003671e+01 7.384748367937332691e-01 0.000000000000000000e+00 2.259702889249116442e+00
-7.116683600000001775e+01 7.287763856532092355e-01 0.000000000000000000e+00 1.912237199876076765e+00
-7.156781600000003607e+01 7.328825785310159047e-01 0.000000000000000000e+00 2.345090534950656114e+00
-7.110710400000003517e+01 7.281647064847293072e-01 0.000000000000000000e+00 2.065440212423237831e+00
-7.188029600000002972e+01 7.360824966078700626e-01 0.000000000000000000e+00 1.598984647775650636e+00
-7.148355000000005077e+01 7.320196615550041974e-01 0.000000000000000000e+00 1.990983269465850913e+00
-7.169231200000007220e+01 7.341574665267153188e-01 0.000000000000000000e+00 2.095784172869068485e+00
-7.127367800000004650e+01 7.298704897468066832e-01 0.000000000000000000e+00 1.965548390004810742e+00
-7.151037600000005057e+01 7.322943703438217211e-01 0.000000000000000000e+00 1.709677480549764317e+00
-7.238477800000003981e+01 7.412485906658820012e-01 0.000000000000000000e+00 2.333867818765815283e+00
-7.138136400000003334e+01 7.309732367322908653e-01 0.000000000000000000e+00 1.943227884634275870e+00
-7.084301600000003418e+01 7.254603415171145819e-01 0.000000000000000000e+00 1.798426392105670901e+00
-7.042288000000004899e+01 7.211579836665732435e-01 0.000000000000000000e+00 2.094470424713608114e+00
-7.094079000000000690e+01 7.264615857248918340e-01 0.000000000000000000e+00 1.733683033808998131e+00
-7.100877799999999240e+01 7.271578095798877373e-01 0.000000000000000000e+00 1.903611215695371950e+00
-7.174581200000002923e+01 7.347053275645787362e-01 0.000000000000000000e+00 1.892142039497120232e+00
-7.183182600000003504e+01 7.355861447479586923e-01 0.000000000000000000e+00 2.093055127943385774e+00
-7.129057200000002581e+01 7.300434909500527203e-01 0.000000000000000000e+00 2.086251556835848397e+00
-7.190359800000004498e+01 7.363211182509412644e-01 0.000000000000000000e+00 1.808523472421353473e+00
-7.063462000000001240e+01 7.233262845293260135e-01 0.000000000000000000e+00 2.152480157090110868e+00
-7.075635800000004849e+01 7.245729295204940135e-01 0.000000000000000000e+00 1.960379584619759363e+00
-7.189426000000007377e+01 7.362254934589494981e-01 0.000000000000000000e+00 2.122083503721678088e+00
-7.146365000000004386e+01 7.318158777297052442e-01 0.000000000000000000e+00 1.806214093012779909e+00
-7.138458400000001802e+01 7.310062107984948154e-01 0.000000000000000000e+00 2.032752732244747396e+00
-7.050839000000000567e+01 7.220336396917641508e-01 0.000000000000000000e+00 1.821106318514471800e+00
-7.109473000000005527e+01 7.280379918588879562e-01 0.000000000000000000e+00 2.205848324020910134e+00
-7.146799200000003793e+01 7.318603415171146542e-01 0.000000000000000000e+00 1.680700656543291815e+00
-7.107415400000003558e+01 7.278272855277646558e-01 0.000000000000000000e+00 1.952747411731543759e+00
-7.042528400000001909e+01 7.211826015719005056e-01 0.000000000000000000e+00 1.639574755333611522e+00
-7.168474600000007513e+01 7.340799877115288252e-01 0.000000000000000000e+00 1.952856429082819423e+00
-7.167840200000004813e+01 7.340150226568704639e-01 0.000000000000000000e+00 2.085832621289724909e+00
-7.120714400000004218e+01 7.291891554235686579e-01 0.000000000000000000e+00 2.194408451907260194e+00
-7.117883200000005672e+01 7.288992294104099656e-01 0.000000000000000000e+00 2.203279074969391793e+00
-7.072308000000002437e+01 7.242321497145493003e-01 0.000000000000000000e+00 1.909089769359928468e+00
-7.156420200000005138e+01 7.328455697498789112e-01 0.000000000000000000e+00 2.207926030179324872e+00
-7.147874200000005374e+01 7.319704257443491180e-01 0.000000000000000000e+00 1.864060600804251511e+00
-7.149563000000001978e+01 7.321433655052356215e-01 0.000000000000000000e+00 1.750742482924073418e+00
-7.169701000000009117e+01 7.342055758941152810e-01 0.000000000000000000e+00 1.913877008888374975e+00
-7.140878800000002968e+01 7.312540692762604655e-01 0.000000000000000000e+00 1.762982444395996939e+00
-7.087458000000005143e+01 7.257835692890611812e-01 0.000000000000000000e+00 1.609663008084598834e+00
-7.126290400000003444e+01 7.297601597501347515e-01 0.000000000000000000e+00 1.831658367638849594e+00
-7.108533800000004987e+01 7.279418140856613872e-01 0.000000000000000000e+00 1.623741109556768425e+00
-7.203864600000004259e+01 7.377040628760148655e-01 0.000000000000000000e+00 1.891959299507771863e+00
-7.068098800000004189e+01 7.238011110826659822e-01 0.000000000000000000e+00 1.716831802429795717e+00
-7.065501000000004694e+01 7.235350861473085482e-01 0.000000000000000000e+00 2.018286790319898660e+00
-7.125288600000004635e+01 7.296575714907457266e-01 0.000000000000000000e+00 2.088481426997408352e+00
-7.095882800000002533e+01 7.266463019379946209e-01 0.000000000000000000e+00 2.423341650191222385e+00
-7.208655400000002089e+01 7.381946596349301393e-01 0.000000000000000000e+00 2.148117519282989107e+00
-7.162408399999999631e+01 7.334587849773430701e-01 0.000000000000000000e+00 1.905285666575111003e+00
-7.217447400000004620e+01 7.390949950078087305e-01 0.000000000000000000e+00 1.555130278255643095e+00
-7.156100200000005884e+01 7.328128004915394067e-01 0.000000000000000000e+00 1.855330978013290721e+00
-7.146007800000006682e+01 7.317792990450839863e-01 0.000000000000000000e+00 1.769339219212195058e+00
-7.142044600000002674e+01 7.313734517805485780e-01 0.000000000000000000e+00 2.291148453382796824e+00
-7.072002800000005607e+01 7.242008960344082924e-01 0.000000000000000000e+00 1.729202226407930088e+00
-7.199980200000000252e+01 7.373062850413455438e-01 0.000000000000000000e+00 1.830230038750165766e+00
-7.079430599999999174e+01 7.249615319628273102e-01 0.000000000000000000e+00 2.066861774261410822e+00
-7.058518000000002246e+01 7.228199994879805912e-01 0.000000000000000000e+00 2.485268963596121594e+00
-7.134379200000003607e+01 7.305884846778120112e-01 0.000000000000000000e+00 2.194251276720580179e+00
-7.121043400000003487e+01 7.292228463172989450e-01 0.000000000000000000e+00 1.818163886348038272e+00
-7.078401600000000826e+01 7.248561583164794264e-01 0.000000000000000000e+00 2.222524832903498559e+00
-7.183152800000002003e+01 7.355830931107756321e-01 0.000000000000000000e+00 2.007933237455062692e+00
-7.131780399999999531e+01 7.303223573385216882e-01 0.000000000000000000e+00 1.601655797643567691e+00
-7.018464800000006676e+01 7.187183943063419900e-01 0.000000000000000000e+00 2.002040870554270047e+00
-7.122939400000004184e+01 7.294170041729606258e-01 0.000000000000000000e+00 2.202951607597901429e+00
-7.130635800000007407e+01 7.302051457975993198e-01 0.000000000000000000e+00 2.091557515499495423e+00
-7.116904200000004721e+01 7.287989759606773310e-01 0.000000000000000000e+00 1.868365126060425485e+00
-7.070355200000007301e+01 7.240321753155328777e-01 0.000000000000000000e+00 1.509259945110566603e+00
-7.159045200000002751e+01 7.331143800721949821e-01 0.000000000000000000e+00 1.922846616241638218e+00
-7.191288000000004388e+01 7.364161695809123831e-01 0.000000000000000000e+00 2.288696160867072837e+00
-7.048905600000003346e+01 7.218356519290344275e-01 0.000000000000000000e+00 1.896315291855564356e+00
-7.135273000000002241e+01 7.306800133125114227e-01 0.000000000000000000e+00 2.025349714733160500e+00
-7.124918000000006657e+01 7.296196205934314394e-01 0.000000000000000000e+00 1.911006732832015720e+00
-7.087729800000006719e+01 7.258114026778634820e-01 0.000000000000000000e+00 1.950727934888808468e+00
-7.187682800000008854e+01 7.360469829241451656e-01 0.000000000000000000e+00 1.690057984904480559e+00
-7.151398800000004030e+01 7.323313586441723144e-01 0.000000000000000000e+00 1.757714743481007202e+00
-7.117054200000005437e+01 7.288143365505240778e-01 0.000000000000000000e+00 2.056936206745902496e+00
-7.108738400000007118e+01 7.279627659302124743e-01 0.000000000000000000e+00 1.932191060084562650e+00
-7.103593200000003094e+01 7.274358772176854337e-01 0.000000000000000000e+00 1.953916863448566188e+00
-7.090571800000003577e+01 7.261024346534910023e-01 0.000000000000000000e+00 2.028695507436971912e+00
-7.156389400000003320e+01 7.328424157087635171e-01 0.000000000000000000e+00 1.645948570070514538e+00
-7.168682600000002481e+01 7.341012877294490480e-01 0.000000000000000000e+00 1.812709399934280707e+00
-7.138761800000006019e+01 7.310372801515584440e-01 0.000000000000000000e+00 2.100765153552343278e+00
-7.145031000000003019e+01 7.316792708840021975e-01 0.000000000000000000e+00 1.605995187075319741e+00
-7.108834800000001053e+01 7.279726376692865486e-01 0.000000000000000000e+00 1.667903470578462111e+00
-7.151481000000003974e+01 7.323397762474083139e-01 0.000000000000000000e+00 2.171887261314128459e+00
-7.108062600000006626e+01 7.278935613527566240e-01 0.000000000000000000e+00 1.855654005902017012e+00
-7.167935000000002788e+01 7.340247305496533370e-01 0.000000000000000000e+00 1.635977870086922525e+00
-7.141007800000006966e+01 7.312672793835289786e-01 0.000000000000000000e+00 1.688077840106487315e+00
-7.111521400000005144e+01 7.282477560738337408e-01 0.000000000000000000e+00 2.203333762115209815e+00
-7.172727200000002767e+01 7.345154706740741890e-01 0.000000000000000000e+00 2.331432020514170755e+00
-7.138949800000000323e+01 7.310565320908323228e-01 0.000000000000000000e+00 1.788166205299087874e+00
-7.158609600000004036e+01 7.330697729192804379e-01 0.000000000000000000e+00 1.948721543298880921e+00
-7.147985200000005079e+01 7.319817925808356218e-01 0.000000000000000000e+00 1.645374214442270056e+00
-7.215268800000004035e+01 7.388718978008759208e-01 0.000000000000000000e+00 2.137558582399059492e+00
-7.160724800000005530e+01 7.332863777169048580e-01 0.000000000000000000e+00 1.804431330911696607e+00
-7.170709600000002126e+01 7.343088605002433544e-01 0.000000000000000000e+00 1.761155500618152514e+00
-7.136081400000000485e+01 7.307627966513914330e-01 0.000000000000000000e+00 1.811983538011381345e+00
-7.198296800000001383e+01 7.371338982616933988e-01 0.000000000000000000e+00 2.048883050671583383e+00
-7.167396800000003054e+01 7.339696167532836490e-01 0.000000000000000000e+00 1.787724087183183874e+00
-7.020911600000002295e+01 7.189689562479201212e-01 0.000000000000000000e+00 1.901341707805944692e+00
-7.086737400000004072e+01 7.257097770154378180e-01 0.000000000000000000e+00 1.533852289427445559e+00
-7.101817200000006380e+01 7.272540078339014835e-01 0.000000000000000000e+00 2.176139117938516332e+00
-7.127306200000005276e+01 7.298641816645764502e-01 0.000000000000000000e+00 1.665098934833554312e+00
-7.104063400000001138e+01 7.274840275466578632e-01 0.000000000000000000e+00 1.791009117969672770e+00
-7.146643000000003099e+01 7.318443460228876152e-01 0.000000000000000000e+00 1.858940459460223016e+00
-7.186164600000003588e+01 7.358915132741100651e-01 0.000000000000000000e+00 1.704300640442918180e+00
-7.210478000000006205e+01 7.383813010419606471e-01 0.000000000000000000e+00 2.337022877444072222e+00
-7.194786600000004739e+01 7.367744399784956766e-01 0.000000000000000000e+00 1.962720114978550701e+00
-7.157011000000002809e+01 7.329060699930880496e-01 0.000000000000000000e+00 2.249175523262789245e+00
-7.097867000000005078e+01 7.268494918204864153e-01 0.000000000000000000e+00 1.982164132554072200e+00
-7.038248800000005190e+01 7.207443537031826830e-01 0.000000000000000000e+00 2.058833803236554072e+00
-7.145799000000002366e+01 7.317579171040170527e-01 0.000000000000000000e+00 1.783645328329801938e+00
-7.200290600000005270e+01 7.373380712219353983e-01 0.000000000000000000e+00 1.849385751033367553e+00
-7.074727800000005118e+01 7.244799467499557499e-01 0.000000000000000000e+00 1.742324648660315223e+00
-7.092273000000002980e+01 7.262766442231384234e-01 0.000000000000000000e+00 2.422084586829612807e+00
-7.080202600000006896e+01 7.250405877985721670e-01 0.000000000000000000e+00 1.653913506381121667e+00
-7.133507400000006271e+01 7.304992089296235003e-01 0.000000000000000000e+00 1.660048647858419102e+00
-7.136142800000004627e+01 7.307690842528357100e-01 0.000000000000000000e+00 1.654339179742873256e+00
-7.189422400000005098e+01 7.362251248047929630e-01 0.000000000000000000e+00 1.876797916026124113e+00
-7.099960800000005179e+01 7.270639051739591352e-01 0.000000000000000000e+00 1.672522974955363173e+00
-7.117502200000004109e+01 7.288602135121993175e-01 0.000000000000000000e+00 2.160282819848672542e+00
-7.106255000000005850e+01 7.277084560047111239e-01 0.000000000000000000e+00 2.068646316831713960e+00
-7.190911000000004094e+01 7.363775632984310704e-01 0.000000000000000000e+00 2.016188323610328403e+00
-7.153032599999998808e+01 7.324986661887814554e-01 0.000000000000000000e+00 2.008436804608262793e+00
-7.152361200000005681e+01 7.324299121886286290e-01 0.000000000000000000e+00 1.762659153314570570e+00
-7.086683600000003480e+01 7.257042676838794115e-01 0.000000000000000000e+00 1.694394563635273077e+00
-7.111117800000008060e+01 7.282064258467533246e-01 0.000000000000000000e+00 2.340825761040645769e+00
-7.061001000000003103e+01 7.230742684519088082e-01 0.000000000000000000e+00 1.551072548661770023e+00
-7.150965600000006361e+01 7.322869972606954603e-01 0.000000000000000000e+00 2.251881838868607932e+00
-7.225337600000007399e+01 7.399029825145292394e-01 0.000000000000000000e+00 2.187787658482902131e+00
-7.124618800000001784e+01 7.295889813368835464e-01 0.000000000000000000e+00 1.940447034680411020e+00
-7.195485000000007858e+01 7.368459588848219610e-01 0.000000000000000000e+00 1.872435419743791352e+00
-7.102222800000004099e+01 7.272955428688465673e-01 0.000000000000000000e+00 1.725812767802785475e+00
-7.098860000000003367e+01 7.269511789252710576e-01 0.000000000000000000e+00 1.720834445813713476e+00
-7.125385800000005077e+01 7.296675251529664008e-01 0.000000000000000000e+00 1.743809897732635283e+00
-7.065029600000002574e+01 7.234868129336169407e-01 0.000000000000000000e+00 1.823552854987574801e+00
-7.106420200000005138e+01 7.277253731343288345e-01 0.000000000000000000e+00 1.699286941957440789e+00
-7.091724600000001999e+01 7.262204859066589968e-01 0.000000000000000000e+00 1.771775842094677644e+00
-7.155238400000003196e+01 7.327245487826735681e-01 0.000000000000000000e+00 1.822730240114060374e+00
-7.084458000000007871e+01 7.254763574921284652e-01 0.000000000000000000e+00 1.606163662239619594e+00
-7.156452600000005759e+01 7.328488876372858396e-01 0.000000000000000000e+00 1.695045458144340600e+00
-7.135523000000004856e+01 7.307056142955894451e-01 0.000000000000000000e+00 1.853125307351738194e+00
-7.202109600000004264e+01 7.375243439748090379e-01 0.000000000000000000e+00 2.008849875879783919e+00
-7.125693800000003364e+01 7.296990655641180101e-01 0.000000000000000000e+00 2.120497191497191292e+00
-7.175505000000005396e+01 7.347999283172479412e-01 0.000000000000000000e+00 1.844999972379622655e+00
-7.062208600000002434e+01 7.231979314405675430e-01 0.000000000000000000e+00 1.833734462619378114e+00
-7.122326600000008057e+01 7.293542510432408088e-01 0.000000000000000000e+00 1.793354284896198303e+00
-7.218020000000004188e+01 7.391536314994500145e-01 0.000000000000000000e+00 1.999683514050069277e+00
-7.165764400000004741e+01 7.338024525741793092e-01 0.000000000000000000e+00 1.929103624799912708e+00
-7.142772600000006378e+01 7.314480018432714115e-01 0.000000000000000000e+00 1.603469011749339090e+00
-7.152391200000008098e+01 7.324329843065982004e-01 0.000000000000000000e+00 2.237479890063909238e+00
-7.147598000000006380e+01 7.319421417782449035e-01 0.000000000000000000e+00 1.891125163023913647e+00
-7.200436200000004305e+01 7.373529812344797874e-01 0.000000000000000000e+00 2.165003625199568127e+00
-7.114279000000004771e+01 7.285301451575745268e-01 0.000000000000000000e+00 2.412483738512212206e+00
-7.059851000000003296e+01 7.229565039297511930e-01 0.000000000000000000e+00 1.863697726038319846e+00
-7.191303400000003876e+01 7.364177466014698581e-01 0.000000000000000000e+00 2.144567660049291113e+00
-7.159005000000006191e+01 7.331102634341164492e-01 0.000000000000000000e+00 1.687933217927124252e+00
-7.157155800000001022e+01 7.329208980824863939e-01 0.000000000000000000e+00 2.081963331418133833e+00
-7.124620200000003933e+01 7.295891247023889026e-01 0.000000000000000000e+00 1.813130178792599745e+00
-7.110125999999999635e+01 7.281048616266864171e-01 0.000000000000000000e+00 2.011349667172857458e+00
-7.111519999999998731e+01 7.282476127083278294e-01 0.000000000000000000e+00 1.960752672734725310e+00
-7.108860800000005042e+01 7.279753001715271177e-01 0.000000000000000000e+00 2.134360306867448820e+00
-7.152425200000003258e+01 7.324364660402962190e-01 0.000000000000000000e+00 1.647219363046695140e+00
-7.075410800000004485e+01 7.245498886357240043e-01 0.000000000000000000e+00 2.010222917820134292e+00
-7.201730000000006271e+01 7.374854714421039681e-01 0.000000000000000000e+00 1.669796793056272266e+00
-7.111697000000000912e+01 7.282657382043471461e-01 0.000000000000000000e+00 1.885184127303850765e+00
-7.173912800000003642e+01 7.346368807762221342e-01 0.000000000000000000e+00 1.874741366678442489e+00
-7.158123000000000502e+01 7.330199431658176445e-01 0.000000000000000000e+00 1.870597627697488718e+00
-7.114574600000001681e+01 7.285604157599653297e-01 0.000000000000000000e+00 1.849254746283081952e+00
-7.123321400000004644e+01 7.294561224751034967e-01 0.000000000000000000e+00 2.142263419514485623e+00
-7.121035000000003379e+01 7.292219861242674739e-01 0.000000000000000000e+00 2.163572180002508727e+00
-7.124893800000005228e+01 7.296171424182693599e-01 0.000000000000000000e+00 1.591978630305537878e+00
-7.154954400000002579e+01 7.326954660658971941e-01 0.000000000000000000e+00 2.431693282356676367e+00
-7.114359600000011596e+01 7.285383989145194361e-01 0.000000000000000000e+00 2.118053020860374502e+00
-7.138932200000006389e+01 7.310547297816242240e-01 0.000000000000000000e+00 1.827640638128122719e+00
-7.209526600000000940e+01 7.382838739407594497e-01 0.000000000000000000e+00 2.076824095021195138e+00
-7.158863000000005172e+01 7.330957220757282622e-01 0.000000000000000000e+00 1.856350785680052962e+00
-7.076591800000001342e+01 7.246708276797829695e-01 0.000000000000000000e+00 1.797802071575626881e+00
-7.065867200000009518e+01 7.235725864673212548e-01 0.000000000000000000e+00 1.974414438092848334e+00
-7.110531800000002534e+01 7.281464171424184562e-01 0.000000000000000000e+00 1.812225070887033329e+00
