1.706999999999999906e-01
-4.415000000000000036e-01
-1.033000000000000029e-01
2.924999999999999822e-01
-1.779999999999999916e-01
-1.550999999999999879e-01
7.647000000000000464e-01
1.572000000000000064e-01
1.607000000000000095e-01
3.336000000000000076e-01
8.195000000000000062e-01
8.695000000000000506e-01
6.454999999999999627e-01
-2.207000000000000073e-01
-1.751000000000000056e-01
4.858999999999999986e-01
-9.396999999999999797e-01
8.312000000000000499e-01
-7.900000000000000355e-01
5.299999999999999850e-02
-4.272000000000000242e-01
9.929000000000000048e-01
7.439999999999999947e-01
-3.865999999999999992e-01
7.285000000000000364e-01
7.910000000000000364e-02
-4.062000000000000055e-01
9.674000000000000377e-01
-9.230000000000000426e-01
-3.435000000000000275e-01
4.647000000000000020e-01
-1.466000000000000081e-01
9.100000000000000450e-03
3.658000000000000140e-01
-2.431999999999999995e-01
-3.214000000000000190e-01
2.434999999999999942e-01
4.252000000000000224e-01
8.167999999999999705e-01
-1.363000000000000045e-01
-9.045999999999999597e-01
-2.154999999999999971e-01
-7.279999999999999805e-01
-9.606000000000000094e-01
-1.469999999999999918e-01
-8.041000000000000369e-01
7.951000000000000290e-01
-5.691000000000000503e-01
7.316000000000000281e-01
6.383999999999999675e-01
-9.574000000000000288e-01
9.324000000000000066e-01
6.313999999999999613e-01
-9.151000000000000245e-01
4.702000000000000068e-01
-9.560000000000000442e-02
5.379000000000000448e-01
-8.373000000000000442e-01
5.333999999999999853e-01
1.890000000000000013e-02
3.710000000000000103e-02
2.777000000000000024e-01
-9.216999999999999638e-01
-4.549999999999999878e-02
3.549999999999999684e-02
9.598999999999999755e-01
5.712000000000000410e-01
-5.041999999999999815e-01
5.313999999999999835e-01
-9.584000000000000297e-01
-4.852000000000000202e-01
-2.359999999999999945e-02
-5.148000000000000353e-01
-1.379999999999999977e-02
5.273999999999999799e-01
2.842999999999999972e-01
-1.269999999999999948e-02
-7.480999999999999872e-01
5.319999999999999729e-02
-1.938999999999999890e-01
-3.881999999999999895e-01
7.018999999999999684e-01
4.909999999999999920e-01
4.369000000000000106e-01
-4.277000000000000246e-01
-8.113000000000000211e-01
1.557000000000000051e-01
7.811000000000000165e-01
5.506999999999999673e-01
-5.605999999999999872e-01
-2.232000000000000095e-01
9.827000000000000179e-01
-1.640000000000000069e-01
-7.540000000000000036e-01
1.097999999999999948e-01
8.306000000000000050e-01
-2.277000000000000135e-01
4.107999999999999985e-01
6.223999999999999533e-01
6.556999999999999496e-01
4.045000000000000262e-01
4.863999999999999990e-01
-1.479000000000000037e-01
4.334999999999999964e-01
-8.994999999999999662e-01
-3.173000000000000265e-01
-3.977999999999999869e-01
9.400000000000000369e-03
3.488999999999999879e-01
-6.447000000000000508e-01
-4.526000000000000023e-01
-3.941000000000000059e-01
1.689999999999999836e-02
6.816999999999999726e-01
1.275000000000000022e-01
-3.312999999999999834e-01
5.543000000000000149e-01
1.759000000000000008e-01
3.320000000000000173e-01
-5.420000000000000373e-01
1.910999999999999921e-01
7.165000000000000258e-01
3.746999999999999775e-01
-4.385000000000000009e-01
-7.106000000000000094e-01
-4.183000000000000052e-01
-6.516999999999999460e-01
-8.609999999999999598e-02
3.572000000000000175e-01
4.808999999999999941e-01
-9.901999999999999691e-01
-2.015000000000000124e-01
2.268000000000000016e-01
-5.157000000000000473e-01
-3.262999999999999790e-01
-2.725000000000000200e-01
-9.099000000000000421e-01
6.179000000000000048e-01
-3.919000000000000261e-01
1.210999999999999993e-01
-3.450000000000000289e-02
1.165999999999999953e-01
-7.812999999999999945e-01
-8.387999999999999901e-01
7.429999999999999938e-01
5.596999999999999753e-01
-2.902000000000000135e-01
1.156999999999999973e-01
8.902999999999999803e-01
-5.090000000000000080e-01
9.301000000000000378e-01
-4.780000000000000221e-02
-7.812999999999999945e-01
-9.063999999999999835e-01
-8.362000000000000544e-01
-1.912000000000000088e-01
-2.477000000000000035e-01
-6.948999999999999622e-01
-1.496999999999999997e-01
-2.308000000000000052e-01
-3.090000000000000038e-02
-1.592999999999999972e-01
-5.826000000000000068e-01
-1.620000000000000051e-01
2.968000000000000083e-01
4.524000000000000243e-01
-6.207000000000000295e-01
-5.762000000000000455e-01
3.165000000000000036e-01
-8.168999999999999595e-01
9.655000000000000249e-01
8.060000000000000497e-01
-9.059000000000000385e-01
-1.645000000000000073e-01
-4.123999999999999888e-01
-2.978000000000000091e-01
-6.995999999999999996e-01
7.275000000000000355e-01
7.236000000000000210e-01
5.899999999999999689e-01
-6.469000000000000306e-01
8.344000000000000306e-01
7.560000000000000053e-01
2.051999999999999935e-01
-8.453000000000000513e-01
