9.963999999999999524e-01
-3.458999999999999853e-01
-6.679999999999999827e-02
-1.021999999999999992e-01
5.562000000000000277e-01
-1.638999999999999901e-01
-2.112999999999999878e-01
2.609000000000000208e-01
2.606999999999999873e-01
4.247000000000000219e-01
4.889999999999999902e-01
-8.716000000000000414e-01
-3.830000000000000071e-02
7.909000000000000474e-01
-5.394999999999999796e-01
-7.080999999999999517e-01
-2.200000000000000011e-01
-8.650999999999999801e-01
-9.896000000000000352e-01
-1.049999999999999961e-01
5.862000000000000544e-01
2.215000000000000024e-01
-3.618999999999999995e-01
-4.713999999999999857e-01
-2.661999999999999922e-01
2.240000000000000047e-01
7.805999999999999606e-01
2.759999999999999953e-02
3.402000000000000024e-01
-2.160999999999999865e-01
4.146000000000000241e-01
7.016999999999999904e-01
8.581999999999999629e-01
7.934999999999999831e-01
-1.048000000000000043e-01
-7.747000000000000552e-01
6.247000000000000330e-01
-5.815000000000000169e-01
8.161000000000000476e-01
1.163000000000000006e-01
1.170999999999999958e-01
-3.437000000000000055e-01
-3.704000000000000070e-01
-5.229999999999999927e-02
4.218000000000000083e-01
1.862000000000000044e-01
2.265999999999999959e-01
-9.630999999999999561e-01
-7.034000000000000252e-01
-9.375000000000000000e-01
-4.277000000000000246e-01
-4.870000000000000023e-02
-7.700000000000000178e-01
-8.076999999999999735e-01
-9.829999999999999849e-01
7.399000000000000021e-01
5.900999999999999579e-01
7.861000000000000210e-01
8.576000000000000290e-01
-7.901000000000000245e-01
4.860999999999999766e-01
-5.292000000000000037e-01
-8.457000000000000073e-01
1.617999999999999994e-01
3.052000000000000268e-01
1.274000000000000132e-01
9.801999999999999602e-01
-4.645000000000000240e-01
2.477000000000000035e-01
1.912000000000000088e-01
5.682000000000000384e-01
-7.028999999999999693e-01
3.357999999999999874e-01
-8.407000000000000028e-01
8.941999999999999948e-01
-9.130000000000000338e-01
7.629000000000000226e-01
-6.245000000000000551e-01
-3.323999999999999733e-01
-4.506999999999999895e-01
-3.195000000000000062e-01
-4.657000000000000028e-01
-7.832000000000000073e-01
8.355000000000000204e-01
-9.505000000000000115e-01
-9.173999999999999932e-01
-1.796999999999999986e-01
-5.628999999999999559e-01
-9.970999999999999863e-01
6.477000000000000535e-01
6.552999999999999936e-01
-7.234000000000000430e-01
4.375000000000000000e-01
6.521000000000000130e-01
-4.002000000000000002e-01
9.064999999999999725e-01
-6.737999999999999545e-01
7.820000000000000562e-02
9.717999999999999972e-01
-6.552999999999999936e-01
-6.977999999999999758e-01
-6.582000000000000073e-01
4.632000000000000006e-01
-5.007000000000000339e-01
4.984999999999999987e-01
-3.715999999999999859e-01
6.750000000000000444e-02
-7.189999999999999725e-01
7.085000000000000187e-01
-4.509000000000000230e-01
-1.510000000000000057e-02
4.262000000000000233e-01
-5.578999999999999515e-01
1.170000000000000068e-01
-7.673999999999999710e-01
4.067999999999999949e-01
4.620000000000000218e-01
-6.417000000000000481e-01
7.269999999999999796e-01
-1.050999999999999990e-01
7.910000000000000364e-01
4.526000000000000023e-01
1.030000000000000013e-02
-5.764000000000000234e-01
-3.624999999999999889e-01
1.078000000000000069e-01
-8.353000000000000425e-01
5.607999999999999652e-01
-8.329999999999999627e-01
-9.526999999999999913e-01
-4.501999999999999891e-01
-9.102999999999999980e-01
5.754000000000000226e-01
7.403999999999999471e-01
2.883000000000000007e-01
-3.518000000000000016e-01
-2.323000000000000065e-01
-4.153999999999999915e-01
-5.072999999999999732e-01
2.983999999999999986e-01
-3.549999999999999684e-02
-2.157000000000000028e-01
4.217000000000000193e-01
6.045000000000000373e-01
6.381000000000000005e-01
-2.732999999999999874e-01
-3.901000000000000023e-01
3.805999999999999939e-01
-3.610999999999999766e-01
3.166999999999999815e-01
1.862000000000000044e-01
-8.299999999999999600e-01
-8.834999999999999520e-01
4.857000000000000206e-01
-7.438000000000000167e-01
1.325000000000000067e-01
1.557999999999999940e-01
3.860000000000000236e-02
1.801999999999999991e-01
-7.350999999999999757e-01
7.448000000000000176e-01
-2.923999999999999932e-01
4.101000000000000201e-01
9.344999999999999973e-01
5.211000000000000076e-01
8.082000000000000295e-01
-2.543000000000000260e-01
-1.175999999999999962e-01
1.658000000000000029e-01
-6.616999999999999549e-01
2.162000000000000033e-01
2.900000000000000147e-02
-8.670999999999999819e-01
-2.913999999999999924e-01
-8.304000000000000270e-01
-5.167000000000000481e-01
-2.157000000000000028e-01
6.715999999999999748e-01
-3.926000000000000045e-01
-4.551000000000000045e-01
-7.180999999999999606e-01
3.688000000000000167e-01
1.849999999999999978e-01
-7.884999999999999787e-01
8.041000000000000369e-01
