-6.981805800000005036e+01 6.648775294284584580e-01 0.000000000000000000e+00 2.632143795816358267e+00
-6.900742400000005716e+01 6.571578599528236087e-01 0.000000000000000000e+00 2.334359248538313558e+00
-6.936626200000003450e+01 6.605750750650662972e-01 0.000000000000000000e+00 2.493793460815887375e+00
-6.896548400000001777e+01 6.567584652348517071e-01 0.000000000000000000e+00 2.824428489208127502e+00
-7.017615200000005871e+01 6.682876594269634429e-01 0.000000000000000000e+00 2.860826582625123571e+00
-6.963199600000001510e+01 6.631056605678187221e-01 0.000000000000000000e+00 2.020365670768586863e+00
-6.945952400000003024e+01 6.614632093089255482e-01 0.000000000000000000e+00 2.568904283542701616e+00
-6.855880600000004677e+01 6.528856696908552637e-01 0.000000000000000000e+00 2.230124223283709739e+00
-6.960757200000007572e+01 6.628730707587650040e-01 0.000000000000000000e+00 2.355747467476343893e+00
-6.961877600000002531e+01 6.629797664769370158e-01 0.000000000000000000e+00 2.123923989353078579e+00
-6.899077800000004856e+01 6.569993400559386298e-01 0.000000000000000000e+00 2.474582205633993670e+00
-6.833596800000007931e+01 6.507635828963076463e-01 0.000000000000000000e+00 2.374545004152045724e+00
-6.872468800000002886e+01 6.544653643643542074e-01 0.000000000000000000e+00 2.303832564205773092e+00
-6.967631200000002423e+01 6.635276819393406411e-01 0.000000000000000000e+00 2.430617502755838988e+00
-6.938740000000001373e+01 6.607763722884443247e-01 0.000000000000000000e+00 2.506297264608861042e+00
-6.779387600000005420e+01 6.456012395139846261e-01 0.000000000000000000e+00 2.343850005246698398e+00
-6.924421400000002791e+01 6.594128116759629954e-01 0.000000000000000000e+00 2.290708818227019883e+00
-6.980867800000002887e+01 6.647882036665466732e-01 0.000000000000000000e+00 2.422311614031256166e+00
-7.051091600000000881e+01 6.714756177809690918e-01 0.000000000000000000e+00 2.140205899219639551e+00
-6.923527200000002324e+01 6.593276569890744732e-01 0.000000000000000000e+00 2.204647542965322060e+00
-6.887379800000003627e+01 6.558853392426741147e-01 0.000000000000000000e+00 2.631146574127220639e+00
-7.089394000000001483e+01 6.751231562277103526e-01 0.000000000000000000e+00 2.504209600257174984e+00
-7.135780400000002999e+01 6.795405341832932988e-01 0.000000000000000000e+00 2.586198228667639487e+00
-7.074541400000002511e+01 6.737087427827548325e-01 0.000000000000000000e+00 2.258195535146045430e+00
-7.029379000000002975e+01 6.694079263757646281e-01 0.000000000000000000e+00 2.252760269854372055e+00
-7.079306000000006804e+01 6.741624757520560118e-01 0.000000000000000000e+00 2.322481794298608460e+00
-7.028688800000003312e+01 6.693421986136416368e-01 0.000000000000000000e+00 2.740876676653333455e+00
-7.053610600000006059e+01 6.717155022098132422e-01 0.000000000000000000e+00 2.301002357156636702e+00
-7.136113800000001106e+01 6.795722838730813287e-01 0.000000000000000000e+00 2.677193301857583752e+00
-7.169935399999999959e+01 6.827931156311513039e-01 0.000000000000000000e+00 2.589583408305223600e+00
-7.060922000000005028e+01 6.724117670026069638e-01 0.000000000000000000e+00 2.251072642007795999e+00
-7.128874400000003675e+01 6.788828756419698074e-01 0.000000000000000000e+00 2.130098290060149058e+00
-7.224284000000004369e+01 6.879687340787309369e-01 0.000000000000000000e+00 2.173240195345802928e+00
-7.302186000000006061e+01 6.953873433585159303e-01 0.000000000000000000e+00 2.331697387542110977e+00
-7.334893800000000397e+01 6.985021079165670832e-01 0.000000000000000000e+00 2.365837767894484855e+00
-7.332259400000003779e+01 6.982512339430280157e-01 0.000000000000000000e+00 2.254457735683647712e+00
-7.429525200000003338e+01 7.075138583491498157e-01 0.000000000000000000e+00 2.513387854584269387e+00
-7.456855200000003947e+01 7.101164948875765548e-01 0.000000000000000000e+00 2.313070810467846794e+00
-7.410263600000003237e+01 7.056795757312002149e-01 0.000000000000000000e+00 2.553047344357188830e+00
-7.378829600000003097e+01 7.026861151769043801e-01 0.000000000000000000e+00 2.246063913026069780e+00
-7.382495600000004288e+01 7.030352284425419596e-01 0.000000000000000000e+00 2.533558779773956271e+00
-7.435445600000004163e+01 7.080776581794500091e-01 0.000000000000000000e+00 2.579833242058935827e+00
-7.245916200000006313e+01 6.900287689900576060e-01 0.000000000000000000e+00 2.516018367663519495e+00
-7.453783800000003623e+01 7.098240053938288385e-01 0.000000000000000000e+00 1.995376670285385678e+00
-7.475462800000005359e+01 7.118884970702488157e-01 0.000000000000000000e+00 2.634124363664041013e+00
-7.514252200000004223e+01 7.155824125383661860e-01 0.000000000000000000e+00 2.496201694598649823e+00
-7.505796200000004603e+01 7.147771474608347608e-01 0.000000000000000000e+00 2.534736339516330705e+00
-7.375672600000002888e+01 7.023854739931570945e-01 0.000000000000000000e+00 2.170743882301523708e+00
-7.577930600000006223e+01 7.216465080578889912e-01 0.000000000000000000e+00 2.541259483879614312e+00
-7.424372200000003374e+01 7.070231380387761444e-01 0.000000000000000000e+00 2.248381004035813646e+00
-7.575057000000008145e+01 7.213728550627621638e-01 0.000000000000000000e+00 2.171233527423077625e+00
-7.553423000000003640e+01 7.193126487373930900e-01 0.000000000000000000e+00 1.854462389110725917e+00
-7.497410600000006298e+01 7.139785865769479045e-01 0.000000000000000000e+00 2.223410810417820738e+00
-7.499070400000005066e+01 7.141366493697205442e-01 0.000000000000000000e+00 2.677689646847133620e+00
-7.531299600000002670e+01 7.172058368385920701e-01 0.000000000000000000e+00 2.207842639041948996e+00
-7.577506200000009073e+01 7.216060924359753992e-01 0.000000000000000000e+00 2.423354232029429678e+00
-7.582541800000004173e+01 7.220856327416060871e-01 0.000000000000000000e+00 2.094743960361434620e+00
-7.564587400000004891e+01 7.203758348101927389e-01 0.000000000000000000e+00 2.087674967088042788e+00
-7.527545800000007148e+01 7.168483623769039692e-01 0.000000000000000000e+00 1.915592873658732431e+00
-7.606035000000008495e+01 7.243228907264058769e-01 0.000000000000000000e+00 2.849422134628902370e+00
-7.485947200000008195e+01 7.128869267271639165e-01 0.000000000000000000e+00 2.067107371978747832e+00
-7.492647600000005070e+01 7.135250059756844676e-01 0.000000000000000000e+00 1.904241494166391657e+00
-7.505411000000003696e+01 7.147404648558364215e-01 0.000000000000000000e+00 2.448193042394386509e+00
-7.606623400000005120e+01 7.243789240721505429e-01 0.000000000000000000e+00 2.523244966717390625e+00
-7.626054800000005685e+01 7.262293767480666462e-01 0.000000000000000000e+00 2.229539709006403747e+00
-7.538247000000002629e+01 7.178674379028827657e-01 0.000000000000000000e+00 2.240134318731712870e+00
-7.494810200000000577e+01 7.137309504242022040e-01 0.000000000000000000e+00 2.050807527079827164e+00
-7.683932800000003738e+01 7.317411000400921850e-01 0.000000000000000000e+00 2.455357007434062933e+00
-7.450776400000003719e+01 7.095376106215762757e-01 0.000000000000000000e+00 2.305999353444151634e+00
-7.690159200000000794e+01 7.323340402575401198e-01 0.000000000000000000e+00 2.256477522787329715e+00
-7.723932400000001053e+01 7.355502628824795996e-01 0.000000000000000000e+00 2.472313919017092854e+00
-7.656770800000006716e+01 7.291544621455902098e-01 0.000000000000000000e+00 2.343499068223334536e+00
-7.736002800000007085e+01 7.366997273564438453e-01 0.000000000000000000e+00 2.258475387507190568e+00
-7.745807200000005821e+01 7.376334005974737318e-01 0.000000000000000000e+00 2.177601574343162483e+00
-7.755591200000003482e+01 7.385651311460270652e-01 0.000000000000000000e+00 2.470249539240351400e+00
-7.745553600000008032e+01 7.376092502635498427e-01 0.000000000000000000e+00 2.471389871974264629e+00
-7.681491800000003423e+01 7.315086435530706588e-01 0.000000000000000000e+00 2.261585698663660882e+00
-7.657027600000006373e+01 7.291789172155890286e-01 0.000000000000000000e+00 2.499673003952898043e+00
-7.628508400000006873e+01 7.264630331333826740e-01 0.000000000000000000e+00 2.246706232846455098e+00
-7.730944000000002347e+01 7.362179777142702219e-01 0.000000000000000000e+00 2.090781116127548245e+00
-7.855247200000005137e+01 7.480553743539838374e-01 0.000000000000000000e+00 2.293103594204486395e+00
-7.789173000000003810e+01 7.417631267444954046e-01 0.000000000000000000e+00 2.361648994416461367e+00
-7.863077600000003997e+01 7.488010635289013006e-01 0.000000000000000000e+00 2.537239904135072610e+00
-7.806571000000003835e+01 7.434199386909113860e-01 0.000000000000000000e+00 2.191137924260204262e+00
-7.709301800000004334e+01 7.341569905027102161e-01 0.000000000000000000e+00 2.004872926292791124e+00
-7.828529200000004096e+01 7.455110185898532471e-01 0.000000000000000000e+00 2.250295693238126393e+00
-7.883221200000006945e+01 7.507193390274545797e-01 0.000000000000000000e+00 2.328978812472422000e+00
-7.928554200000002083e+01 7.550364016764296027e-01 0.000000000000000000e+00 2.282797215591238160e+00
-7.780091800000005264e+01 7.408983238563593421e-01 0.000000000000000000e+00 2.180412825353413631e+00
-7.988774000000000797e+01 7.607711346371593963e-01 0.000000000000000000e+00 2.241889558728384912e+00
-8.009927400000002251e+01 7.627855734133014431e-01 0.000000000000000000e+00 2.420420670951163089e+00
-7.997730400000001794e+01 7.616240528183803038e-01 0.000000000000000000e+00 2.622424290225294108e+00
-8.008957400000004156e+01 7.626932002906424701e-01 0.000000000000000000e+00 1.911639789122829836e+00
-8.054779200000000117e+01 7.670568113750358963e-01 0.000000000000000000e+00 1.845622962561789038e+00
-7.923808400000004326e+01 7.545844590315682332e-01 0.000000000000000000e+00 2.122620607974486262e+00
-8.044682000000005928e+01 7.660952547831665349e-01 0.000000000000000000e+00 2.116255192455759104e+00
-8.026698600000005968e+01 7.643826951810757109e-01 0.000000000000000000e+00 1.904778187516962484e+00
-7.979224200000005851e+01 7.598617069600772655e-01 0.000000000000000000e+00 2.190334702211771400e+00
-8.073019200000000239e+01 7.687938070011208769e-01 0.000000000000000000e+00 2.054174820768376097e+00
-8.129534600000000921e+01 7.741757698633164875e-01 0.000000000000000000e+00 2.176386139583161405e+00
-8.190264400000006617e+01 7.799590701359605527e-01 0.000000000000000000e+00 2.498769669148916073e+00
-8.050717600000007224e+01 7.666700251121578713e-01 0.000000000000000000e+00 2.311697486199483453e+00
-8.103864200000001006e+01 7.717311770716578367e-01 0.000000000000000000e+00 2.120822844181003752e+00
-8.149746000000001800e+01 7.761005019574532815e-01 0.000000000000000000e+00 1.972898065836605097e+00
-8.148924200000001861e+01 7.760222419242561731e-01 0.000000000000000000e+00 1.632500613280005730e+00
-8.098280200000006346e+01 7.711994126212164957e-01 0.000000000000000000e+00 2.223057996398090541e+00
-8.124055400000008831e+01 7.736539855193235171e-01 0.000000000000000000e+00 2.131228391432622438e+00
-8.059085600000001648e+01 7.674669099476332246e-01 0.000000000000000000e+00 2.329818636818901556e+00
-7.921879000000005533e+01 7.544007222244977218e-01 0.000000000000000000e+00 1.762216194529667934e+00
-8.098817800000007594e+01 7.712506082817749409e-01 0.000000000000000000e+00 1.898312894325811184e+00
-8.129318400000008182e+01 7.741551811322667787e-01 0.000000000000000000e+00 1.890936668582503977e+00
-8.043892400000004272e+01 7.660200611567213880e-01 0.000000000000000000e+00 2.301090155219583266e+00
-8.190514400000006390e+01 7.799828776418005205e-01 0.000000000000000000e+00 2.489747161814150012e+00
-8.016896800000002088e+01 7.634492695381059901e-01 0.000000000000000000e+00 1.665517306775189166e+00
-8.022119800000005796e+01 7.639466559501152387e-01 0.000000000000000000e+00 1.793328223377872455e+00
-8.198025400000004481e+01 7.806981503472567585e-01 0.000000000000000000e+00 2.345126235598614883e+00
-8.212000200000005634e+01 7.820289708777070636e-01 0.000000000000000000e+00 1.957299643937426392e+00
-8.181755800000004797e+01 7.791487959592001689e-01 0.000000000000000000e+00 2.123821230334653087e+00
-8.297676400000005970e+01 7.901879174050967514e-01 0.000000000000000000e+00 2.106448226281395719e+00
-8.292705600000006427e+01 7.897145480049793109e-01 0.000000000000000000e+00 1.913452681649883580e+00
-8.218870000000003984e+01 7.826831820921850147e-01 0.000000000000000000e+00 2.113563867552201714e+00
-8.249477000000004523e+01 7.855978874171621884e-01 0.000000000000000000e+00 1.929951645675731298e+00
-8.248460400000006132e+01 7.855010765754146806e-01 0.000000000000000000e+00 2.411156250814622037e+00
-8.198554800000005116e+01 7.807485651216234945e-01 0.000000000000000000e+00 2.173543031920950774e+00
-8.204154000000005453e+01 7.812817770684205021e-01 0.000000000000000000e+00 1.475733382067877519e+00
-8.223877999999999133e+01 7.831600940491709739e-01 0.000000000000000000e+00 1.878370760832779540e+00
-8.261026200000003428e+01 7.866977180029506300e-01 0.000000000000000000e+00 2.004724209288920811e+00
-8.257613600000004794e+01 7.863727360252326104e-01 0.000000000000000000e+00 2.211593216725595834e+00
-8.218325000000008629e+01 7.826312817294542867e-01 0.000000000000000000e+00 1.694692863058380849e+00
-8.286868400000000179e+01 7.891586713126220731e-01 0.000000000000000000e+00 1.976082027021953236e+00
-8.264251400000004821e+01 7.870048538742910882e-01 0.000000000000000000e+00 2.207445055290222502e+00
-8.244907399999999598e+01 7.851627243024162928e-01 0.000000000000000000e+00 2.074169573862115978e+00
-8.293949400000005312e+01 7.898329951080341749e-01 0.000000000000000000e+00 2.148871361446385020e+00
-8.201008200000001125e+01 7.809822024609344160e-01 0.000000000000000000e+00 2.374236990901636535e+00
-8.231942000000005066e+01 7.839280289575459859e-01 0.000000000000000000e+00 2.330838907545798477e+00
-8.253261600000003284e+01 7.859582949635700588e-01 0.000000000000000000e+00 2.238038633399766830e+00
-8.294189800000002322e+01 7.898558884056496865e-01 0.000000000000000000e+00 1.835826339467551360e+00
-8.189898800000005963e+01 7.799242540394201173e-01 0.000000000000000000e+00 2.151853815079153520e+00
-8.184958000000004574e+01 7.794537415400032421e-01 0.000000000000000000e+00 1.923718305886816360e+00
-8.333771400000001961e+01 7.936252450982728135e-01 0.000000000000000000e+00 2.499792143804413058e+00
-8.199621600000000399e+01 7.808501565105434583e-01 0.000000000000000000e+00 1.969768365437618352e+00
-8.217064200000004348e+01 7.825112157160016846e-01 0.000000000000000000e+00 2.024145370132862443e+00
-8.323290200000010941e+01 7.926271201774336417e-01 0.000000000000000000e+00 1.767293145295963486e+00
-8.225309200000005205e+01 7.832963872586042875e-01 0.000000000000000000e+00 1.704178058681935726e+00
-8.256738000000005684e+01 7.862893526167787916e-01 0.000000000000000000e+00 1.991051393742826026e+00
-8.310841800000000035e+01 7.914416587546388993e-01 0.000000000000000000e+00 2.538677247096458700e+00
-8.246175800000000322e+01 7.852835140640460621e-01 0.000000000000000000e+00 1.471544559070262048e+00
-8.274290800000008517e+01 7.879609061708111595e-01 0.000000000000000000e+00 2.198049152108948689e+00
-8.288343800000006922e+01 7.892991736890879739e-01 0.000000000000000000e+00 2.205725024886398433e+00
-8.299515400000001364e+01 7.903630454180552434e-01 0.000000000000000000e+00 2.375015372089327226e+00
-8.331710800000004724e+01 7.934290141121376205e-01 0.000000000000000000e+00 2.157449415335928045e+00
-8.301885400000004722e+01 7.905887405734185469e-01 0.000000000000000000e+00 2.200949539044042336e+00
-8.260653400000001056e+01 7.866622162502417970e-01 0.000000000000000000e+00 1.807655996158694878e+00
-8.278243200000005686e+01 7.883372933151385764e-01 0.000000000000000000e+00 2.087308662246890822e+00
-8.274475400000005720e+01 7.879784856331231158e-01 0.000000000000000000e+00 1.757010341369910522e+00
-8.304515200000005848e+01 7.908391764888506037e-01 0.000000000000000000e+00 1.824277754773547144e+00
-8.273006000000006566e+01 7.878385546367980830e-01 0.000000000000000000e+00 2.123725157511315853e+00
-8.241790400000003558e+01 7.848658923196037973e-01 0.000000000000000000e+00 1.870605289815804317e+00
-8.288609000000008109e+01 7.893244286912831642e-01 0.000000000000000000e+00 2.156765004432202204e+00
-8.324916600000004507e+01 7.927820022874255690e-01 0.000000000000000000e+00 1.900042751258534723e+00
-8.333960600000006025e+01 7.936432626186928907e-01 0.000000000000000000e+00 1.837510669291913423e+00
-8.209904800000002467e+01 7.818294258867584112e-01 0.000000000000000000e+00 1.925963936564092371e+00
-8.307557600000005493e+01 7.911289043119207332e-01 0.000000000000000000e+00 2.274774880331207338e+00
-8.231745399999999790e+01 7.839093067349529598e-01 0.000000000000000000e+00 2.285861555915432497e+00
-8.324419800000003988e+01 7.927346920118203411e-01 0.000000000000000000e+00 2.029276516246590667e+00
-8.337398600000005899e+01 7.939706634390043538e-01 0.000000000000000000e+00 1.772816212652180923e+00
-8.263814400000003957e+01 7.869632383540827725e-01 0.000000000000000000e+00 2.118085592375885007e+00
-8.264152200000006587e+01 7.869954070559740389e-01 0.000000000000000000e+00 1.746546513076417728e+00
-8.161750800000001504e+01 7.772437193418845203e-01 0.000000000000000000e+00 2.230631659403980560e+00
-8.291385400000004324e+01 7.895888253281392322e-01 0.000000000000000000e+00 1.837186462189541514e+00
-8.229476800000004744e+01 7.836932679039591010e-01 0.000000000000000000e+00 1.841352641862206596e+00
-8.283082400000003531e+01 7.887981304441817887e-01 0.000000000000000000e+00 1.889962151677042845e+00
-8.231347200000006126e+01 7.838713861396515714e-01 0.000000000000000000e+00 2.125559373558220333e+00
-8.238634199999999908e+01 7.845653273198748279e-01 0.000000000000000000e+00 2.547717864165870427e+00
-8.276688600000001372e+01 7.881892487208228548e-01 0.000000000000000000e+00 1.877132591551984087e+00
-8.186695400000004952e+01 7.796191941825888483e-01 0.000000000000000000e+00 1.850638989587600536e+00
-8.179711800000001176e+01 7.789541457914520572e-01 0.000000000000000000e+00 2.176626619538786667e+00
-8.266302000000004568e+01 7.872001325601929445e-01 0.000000000000000000e+00 2.404457353089940241e+00
-8.262235400000000141e+01 7.868128701471970299e-01 0.000000000000000000e+00 1.819491059899593033e+00
-8.316785199999998213e+01 7.920076488754761446e-01 0.000000000000000000e+00 1.697354664371187427e+00
-8.304569600000007767e+01 7.908443570021215230e-01 0.000000000000000000e+00 2.268626896414514427e+00
-8.199835000000004470e+01 7.808704785975288942e-01 0.000000000000000000e+00 2.000094312397505458e+00
-8.320157799999998360e+01 7.923288216522598182e-01 0.000000000000000000e+00 1.710120379458236251e+00
-8.328830800000005752e+01 7.931547516448611557e-01 0.000000000000000000e+00 1.953392079977077200e+00
-8.349202600000006669e+01 7.950947586347449914e-01 0.000000000000000000e+00 1.787033320509189949e+00
-8.298934600000004025e+01 7.903077358204879665e-01 0.000000000000000000e+00 2.213320199825035584e+00
-8.337909000000006188e+01 7.940192688429272838e-01 0.000000000000000000e+00 1.845580533752362973e+00
-8.275950800000008201e+01 7.881189880095885725e-01 0.000000000000000000e+00 1.830304758179397195e+00
-8.297216000000010183e+01 7.901440735023421702e-01 0.000000000000000000e+00 1.984878969009486349e+00
-8.342308200000005058e+01 7.944382047616921350e-01 0.000000000000000000e+00 2.078736348103157550e+00
-8.321589600000005760e+01 7.924651719997072297e-01 0.000000000000000000e+00 2.041367780122242515e+00
-8.158748400000004608e+01 7.769578007197489589e-01 0.000000000000000000e+00 1.638150045712134073e+00
-8.292711800000003564e+01 7.897151384311238420e-01 0.000000000000000000e+00 1.983672862019116190e+00
-8.369065200000007110e+01 7.969862744967338708e-01 0.000000000000000000e+00 2.140766593011375729e+00
-8.194493000000007044e+01 7.803617598127403632e-01 0.000000000000000000e+00 1.967101708919069436e+00
-8.262002000000005353e+01 7.867906434597453647e-01 0.000000000000000000e+00 2.054518748731412714e+00
-8.243781600000005483e+01 7.850555143421181770e-01 0.000000000000000000e+00 2.286143722371227760e+00
-8.361352600000007840e+01 7.962518034185681604e-01 0.000000000000000000e+00 1.992917407231028060e+00
-8.360144200000002002e+01 7.961367274583394105e-01 0.000000000000000000e+00 2.345787224033843099e+00
-8.251592000000003679e+01 7.857992989165684117e-01 0.000000000000000000e+00 1.844260946172140203e+00
-8.291377200000003711e+01 7.895880444419476341e-01 0.000000000000000000e+00 1.964361291733423442e+00
-8.325163200000002917e+01 7.928054860111860558e-01 0.000000000000000000e+00 1.661072618586610927e+00
-8.321188399999998353e+01 7.924269657143345746e-01 0.000000000000000000e+00 1.969891879446968419e+00
-8.223447000000001594e+01 7.831190499091030821e-01 0.000000000000000000e+00 2.030045401368197222e+00
-8.202268000000005088e+01 7.811021732443635956e-01 0.000000000000000000e+00 2.111643631454566350e+00
-8.351997600000004240e+01 7.953609265500357628e-01 0.000000000000000000e+00 1.998113273860057548e+00
-8.321852400000007322e+01 7.924901984498463614e-01 0.000000000000000000e+00 2.040062074769572131e+00
-8.329452000000006251e+01 7.932139085353724361e-01 0.000000000000000000e+00 2.006915538881001826e+00
-8.356568000000005725e+01 7.957961658488000856e-01 0.000000000000000000e+00 2.128298056042323694e+00
-8.291853000000003249e+01 7.896333548870623220e-01 0.000000000000000000e+00 2.097260384671181477e+00
-8.399403000000005193e+01 7.998753438994223863e-01 0.000000000000000000e+00 1.860488071160171231e+00
-8.371727400000010277e+01 7.972397958649228844e-01 0.000000000000000000e+00 1.827758777412402225e+00
-8.343652600000005748e+01 7.945662320050972394e-01 0.000000000000000000e+00 1.933882751954489443e+00
-8.266229599999996935e+01 7.871932379065009755e-01 0.000000000000000000e+00 1.958061687615865631e+00
-8.311874000000005935e+01 7.915399551847516202e-01 0.000000000000000000e+00 2.158739390281170234e+00
-8.317059800000005509e+01 7.920337990398914618e-01 0.000000000000000000e+00 2.083616437393835508e+00
-8.362386399999998332e+01 7.963502522167167363e-01 0.000000000000000000e+00 1.783641412840595741e+00
-8.298923200000002964e+01 7.903066501982215497e-01 0.000000000000000000e+00 1.948714409106317991e+00
-8.393149800000006167e+01 7.992798515173481499e-01 0.000000000000000000e+00 2.073535185437779482e+00
-8.284900800000004040e+01 7.889712967186595094e-01 0.000000000000000000e+00 2.090440549850821839e+00
-8.327249400000002311e+01 7.930041548859194656e-01 0.000000000000000000e+00 1.647423964114699713e+00
-8.345707800000005250e+01 7.947619487491065504e-01 0.000000000000000000e+00 2.125326841344976625e+00
-8.336986200000004033e+01 7.939313905773704994e-01 0.000000000000000000e+00 1.744777649043573131e+00
-8.338409200000006649e+01 7.940669029006118818e-01 0.000000000000000000e+00 2.165175526590270128e+00
-8.329411200000005522e+01 7.932100231504192189e-01 0.000000000000000000e+00 1.596896623364559398e+00
-8.403963800000003914e+01 8.003096689899622529e-01 0.000000000000000000e+00 2.065783905836262146e+00
-8.315359200000004591e+01 7.918718508621654939e-01 0.000000000000000000e+00 2.057063991564165306e+00
-8.294883400000003348e+01 7.899219399498521588e-01 0.000000000000000000e+00 1.820449331380923796e+00
-8.348138600000002896e+01 7.949934338898896335e-01 0.000000000000000000e+00 1.778115697058336275e+00
-8.326635200000005455e+01 7.929456646055720315e-01 0.000000000000000000e+00 2.061539219523200295e+00
-8.367427800000007210e+01 7.968303448564842961e-01 0.000000000000000000e+00 1.661057969274067236e+00
-8.301370200000003763e+01 7.905396780653833888e-01 0.000000000000000000e+00 1.796757707817617788e+00
-8.343588400000004413e+01 7.945601182375974236e-01 0.000000000000000000e+00 2.273307137622111007e+00
-8.316937600000002817e+01 7.920221619310365835e-01 0.000000000000000000e+00 2.296462762075622610e+00
-8.329457000000004996e+01 7.932143846854891045e-01 0.000000000000000000e+00 2.066487709627232050e+00
-8.298377800000001514e+01 7.902547117434809421e-01 0.000000000000000000e+00 1.548927687963971289e+00
-8.326961600000007024e+01 7.929767476851968810e-01 0.000000000000000000e+00 1.916593056437343678e+00
-8.323111199999999599e+01 7.926100740032511194e-01 0.000000000000000000e+00 1.856486609150616696e+00
-8.349952400000000807e+01 7.951661621062596774e-01 0.000000000000000000e+00 1.684284775048028315e+00
-8.426792200000005550e+01 8.024836180552320508e-01 0.000000000000000000e+00 2.238933934430275663e+00
-8.291022800000003201e+01 7.895542949216688422e-01 0.000000000000000000e+00 1.930747280361213125e+00
-8.326175400000001048e+01 7.929018778408307710e-01 0.000000000000000000e+00 1.871543196414243937e+00
-8.325294600000005119e+01 7.928179992362557327e-01 0.000000000000000000e+00 1.730764721239391513e+00
-8.357378400000006025e+01 7.958733402597309992e-01 0.000000000000000000e+00 2.036416676455349517e+00
-8.394305800000006457e+01 7.993899374243522704e-01 0.000000000000000000e+00 2.298814070063786019e+00
-8.321638200000005270e+01 7.924698001788424984e-01 0.000000000000000000e+00 2.143929141014909501e+00
-8.332133200000004081e+01 7.934692392740048117e-01 0.000000000000000000e+00 1.969205957334072110e+00
-8.330292600000007042e+01 7.932939588930087993e-01 0.000000000000000000e+00 2.345528490279133571e+00
-8.372008200000001921e+01 7.972665364554816225e-01 0.000000000000000000e+00 2.162191823986284067e+00
-8.319180800000003728e+01 7.922357819194376649e-01 0.000000000000000000e+00 2.166705622665175301e+00
-8.374307000000003143e+01 7.974854512331814860e-01 0.000000000000000000e+00 2.191156160730464819e+00
-8.351712400000000969e+01 7.953337669473731220e-01 0.000000000000000000e+00 1.911487585975219838e+00
-8.379495200000003763e+01 7.979795236403774972e-01 0.000000000000000000e+00 1.919632623232315094e+00
-8.359416600000004394e+01 7.960674380933430161e-01 0.000000000000000000e+00 1.860613038553788234e+00
-8.448137800000006337e+01 8.045163600418637762e-01 0.000000000000000000e+00 1.996324300873629554e+00
-8.391105800000003967e+01 7.990852013496002604e-01 0.000000000000000000e+00 2.118008752148532015e+00
-8.399668600000005370e+01 7.999006369936267902e-01 0.000000000000000000e+00 2.228531572924016491e+00
-8.450188400000007505e+01 8.047116387277657434e-01 0.000000000000000000e+00 1.832817180824991787e+00
-8.341098600000003671e+01 7.943230145254358554e-01 0.000000000000000000e+00 2.176460897834376684e+00
-8.452670400000006623e+01 8.049479996457449271e-01 0.000000000000000000e+00 2.226907352439134957e+00
-8.402689399999999864e+01 8.001883078481919487e-01 0.000000000000000000e+00 1.978687574923225778e+00
-8.466778800000005845e+01 8.062915429073160833e-01 0.000000000000000000e+00 1.920676009216494284e+00
-8.386939400000005662e+01 7.986884349802736427e-01 0.000000000000000000e+00 1.821997802935840571e+00
-8.357496800000005521e+01 7.958846154944967388e-01 0.000000000000000000e+00 1.749434208385874268e+00
-8.372070200000003126e+01 7.972724407169300420e-01 0.000000000000000000e+00 2.035351938990284992e+00
-8.369945400000008817e+01 7.970700959632953664e-01 0.000000000000000000e+00 2.142587314035688806e+00
-8.370426200000002837e+01 7.971158825585262786e-01 0.000000000000000000e+00 1.698917693191280609e+00
-8.370487000000005651e+01 7.971216725439468354e-01 0.000000000000000000e+00 1.639695140518012018e+00
-8.394253200000007098e+01 7.993849283251236448e-01 0.000000000000000000e+00 2.264331627872969932e+00
-8.370086000000000581e+01 7.970834853045790647e-01 0.000000000000000000e+00 1.900806714439047251e+00
-8.419546000000002550e+01 8.017935622599611234e-01 0.000000000000000000e+00 2.132554813818249961e+00
-8.297942600000004632e+01 7.902132676373150311e-01 0.000000000000000000e+00 1.565874654904640728e+00
-8.353491000000005329e+01 7.955031430669214920e-01 0.000000000000000000e+00 2.442773170626227675e+00
-8.376270200000004706e+01 7.976724068150418123e-01 0.000000000000000000e+00 1.900546323049392416e+00
-8.420442600000006905e+01 8.018789454989060372e-01 0.000000000000000000e+00 1.822167155878854583e+00
-8.432856200000006197e+01 8.030610929168866541e-01 0.000000000000000000e+00 2.221864812495589980e+00
-8.402724400000003868e+01 8.001916408990098484e-01 0.000000000000000000e+00 2.020788990844712529e+00
-8.364653400000007366e+01 7.965661386796745180e-01 0.000000000000000000e+00 1.837334839260279740e+00
-8.452822400000003711e+01 8.049624746092953753e-01 0.000000000000000000e+00 2.051717031857004603e+00
-8.465337600000003704e+01 8.061542973976495441e-01 0.000000000000000000e+00 1.671067060966275664e+00
-8.369321400000002598e+01 7.970106724287182587e-01 0.000000000000000000e+00 1.771037203438605934e+00
-8.436079000000009387e+01 8.033680002361713868e-01 0.000000000000000000e+00 1.941686788164696642e+00
-8.353584800000005828e+01 7.955120756431127704e-01 0.000000000000000000e+00 2.291948149433780113e+00
-8.355997400000006792e+01 7.957418275974710298e-01 0.000000000000000000e+00 1.757325054851286872e+00
-8.350100000000006162e+01 7.951802180577081103e-01 0.000000000000000000e+00 2.014661173708493180e+00
-8.383309600000001183e+01 7.983427690414813815e-01 0.000000000000000000e+00 1.988575222144048693e+00
-8.435783600000003446e+01 8.033398692872703029e-01 0.000000000000000000e+00 2.182893746333480323e+00
-8.372081600000005608e+01 7.972735263391965699e-01 0.000000000000000000e+00 2.175298394983125494e+00
-8.381491000000006864e+01 7.981695837209995537e-01 0.000000000000000000e+00 2.009874346014615565e+00
-8.343136000000004060e+01 7.945170361750293342e-01 0.000000000000000000e+00 1.806209900774703669e+00
-8.289490800000005777e+01 7.894084025258817361e-01 0.000000000000000000e+00 1.684490280586355304e+00
-8.369386200000002418e+01 7.970168433342319503e-01 0.000000000000000000e+00 2.087598168442587721e+00
-8.286407800000006318e+01 7.891148083638631627e-01 0.000000000000000000e+00 1.697548330998786881e+00
-8.358472600000004604e+01 7.959775409512912514e-01 0.000000000000000000e+00 1.848958935393568037e+00
-8.366610000000005698e+01 7.967524657433804336e-01 0.000000000000000000e+00 2.157926264549445250e+00
-8.431446000000003949e+01 8.029267995379443246e-01 0.000000000000000000e+00 2.013325114171462982e+00
-8.351501200000004133e+01 7.953136543664398594e-01 0.000000000000000000e+00 2.321309230083903774e+00
-8.290379400000001908e+01 7.894930239246389370e-01 0.000000000000000000e+00 2.003676032091964210e+00
-8.348825000000005048e+01 7.950587997779240412e-01 0.000000000000000000e+00 2.023575160102994097e+00
-8.239844600000003538e+01 7.846805937401499786e-01 0.000000000000000000e+00 2.554647737143602715e+00
-8.394753800000002286e+01 7.994326004748171233e-01 0.000000000000000000e+00 2.436319796841294405e+00
-8.402307600000003163e+01 8.001519490252734235e-01 0.000000000000000000e+00 1.877640950021051802e+00
-8.406714000000003750e+01 8.005715706002066723e-01 0.000000000000000000e+00 1.894341531823635849e+00
-8.459988800000004971e+01 8.056449310487020510e-01 0.000000000000000000e+00 2.185153173341781052e+00
-8.368054600000010623e+01 7.968900350351266759e-01 0.000000000000000000e+00 1.811436320078905871e+00
-8.395789800000004277e+01 7.995312587790182057e-01 0.000000000000000000e+00 2.103863416754899074e+00
-8.425921200000006195e+01 8.024006727048855758e-01 0.000000000000000000e+00 1.983966166280426879e+00
-8.390470200000002876e+01 7.990246731467526287e-01 0.000000000000000000e+00 2.175539952203204841e+00
-8.393226200000003701e+01 7.992871270911326986e-01 0.000000000000000000e+00 1.714604348670796918e+00
-8.320651600000002190e+01 7.923758462377953338e-01 0.000000000000000000e+00 1.928537075678522283e+00
-8.371331000000007805e+01 7.972020466836627905e-01 0.000000000000000000e+00 2.302772354328275206e+00
-8.437954799999998556e+01 8.035466327139888509e-01 0.000000000000000000e+00 1.755504090284628615e+00
-8.386746200000003171e+01 7.986700365397603196e-01 0.000000000000000000e+00 1.938703568215136785e+00
-8.280712400000000173e+01 7.885724352888183741e-01 0.000000000000000000e+00 2.148969442705225497e+00
-8.410964400000003138e+01 8.009763362914955609e-01 0.000000000000000000e+00 2.119893348199719085e+00
-8.431104200000002891e+01 8.028942499159598123e-01 0.000000000000000000e+00 2.089355595846468017e+00
-8.420913400000006277e+01 8.019237797939038348e-01 0.000000000000000000e+00 2.173563006651251683e+00
-8.392276800000003334e+01 7.991967157069547190e-01 0.000000000000000000e+00 2.045051456460623474e+00
-8.270964000000006422e+01 7.876440949290971494e-01 0.000000000000000000e+00 1.895559902359813753e+00
-8.444819600000001003e+01 8.042003677783503557e-01 0.000000000000000000e+00 2.091024122479680614e+00
-8.391910400000006121e+01 7.991618234263958565e-01 0.000000000000000000e+00 1.760547486007942863e+00
-8.359695400000006771e+01 7.960939882238560195e-01 0.000000000000000000e+00 1.977902518020521638e+00
-8.366457200000004946e+01 7.967379145958108921e-01 0.000000000000000000e+00 2.229354180618777548e+00
-8.442636200000006852e+01 8.039924425453468526e-01 0.000000000000000000e+00 1.993261039267718582e+00
-8.415376600000006135e+01 8.013965102005645713e-01 0.000000000000000000e+00 1.839174702717268461e+00
-8.414098800000004985e+01 8.012748252767151191e-01 0.000000000000000000e+00 1.910827923648264814e+00
-8.375015000000006182e+01 7.975528740897206426e-01 0.000000000000000000e+00 2.143007855653809912e+00
-8.427587000000005446e+01 8.025593068777985284e-01 0.000000000000000000e+00 1.851771470808699416e+00
-8.406493800000002636e+01 8.005506009490627184e-01 0.000000000000000000e+00 2.040289711988090282e+00
-8.310937600000002590e+01 7.914507817908770226e-01 0.000000000000000000e+00 1.522158609126320394e+00
-8.369656600000006108e+01 7.970425935325488043e-01 0.000000000000000000e+00 2.043921349779596497e+00
-8.358839600000004566e+01 7.960124903698643228e-01 0.000000000000000000e+00 2.072815161299514486e+00
-8.423108399999998142e+01 8.021328096951780839e-01 0.000000000000000000e+00 2.117283110174522864e+00
-8.456452000000007274e+01 8.053081215020829742e-01 0.000000000000000000e+00 2.644643249355882020e+00
-8.346110400000006280e+01 7.948002883565113974e-01 0.000000000000000000e+00 2.130762348513420168e+00
-8.425745000000004836e+01 8.023838931747694359e-01 0.000000000000000000e+00 2.649387890788848399e+00
-8.308807400000006282e+01 7.912479227951161320e-01 0.000000000000000000e+00 2.157098775062880947e+00
-8.427476200000003814e+01 8.025487553912100669e-01 0.000000000000000000e+00 2.113306378318680956e+00
-8.392705000000005100e+01 7.992374932029575607e-01 0.000000000000000000e+00 2.047207599303613623e+00
-8.419262200000004270e+01 8.017665359793316737e-01 0.000000000000000000e+00 1.655726110638624293e+00
-8.380452800000010427e+01 7.980707159107476301e-01 0.000000000000000000e+00 1.839065294432983944e+00
-8.441359200000002261e+01 8.038708338055157165e-01 0.000000000000000000e+00 1.692358953595288984e+00
-8.369073800000005292e+01 7.969870934749345714e-01 0.000000000000000000e+00 2.010102368707332943e+00
-8.468475600000007830e+01 8.064531292109533567e-01 0.000000000000000000e+00 2.015132792893296720e+00
-8.432834400000007236e+01 8.030590169023775760e-01 0.000000000000000000e+00 2.165113920362033095e+00
-8.284318200000005561e+01 7.889158157070501609e-01 0.000000000000000000e+00 1.901852596460257727e+00
-8.459074000000002513e+01 8.055578146233322023e-01 0.000000000000000000e+00 1.878754753080406958e+00
-8.375825800000005472e+01 7.976300865926607697e-01 0.000000000000000000e+00 1.984021100469213650e+00
-8.333858800000004408e+01 7.936335682023146765e-01 0.000000000000000000e+00 1.995063646754664077e+00
-8.330243000000004372e+01 7.932892354838498861e-01 0.000000000000000000e+00 1.662077513751140101e+00
-8.414841400000005933e+01 8.013455430920622957e-01 0.000000000000000000e+00 1.967490594795842984e+00
-8.352379000000004794e+01 7.953972472809451855e-01 0.000000000000000000e+00 1.532362453464544805e+00
-8.354741200000006529e+01 7.956221996421262155e-01 0.000000000000000000e+00 1.929359116562447296e+00
-8.320908600000002764e+01 7.924003203537988149e-01 0.000000000000000000e+00 2.456493412130881904e+00
-8.408447600000005195e+01 8.007366613687035839e-01 0.000000000000000000e+00 1.897918377885400742e+00
-8.470274999999999466e+01 8.066244861149863832e-01 0.000000000000000000e+00 1.965567125474852350e+00
-8.419365600000004690e+01 8.017763827637471863e-01 0.000000000000000000e+00 1.974725432305448614e+00
-8.421891000000005079e+01 8.020168766647403080e-01 0.000000000000000000e+00 2.095366625016329198e+00
-8.485244000000001563e+01 8.080499843346613531e-01 0.000000000000000000e+00 2.224804073725290543e+00
-8.391515000000003965e+01 7.991241694751591851e-01 0.000000000000000000e+00 2.228329083357611928e+00
-8.377464600000000416e+01 7.977861495549425364e-01 0.000000000000000000e+00 2.185768616374402562e+00
-8.382477400000003342e+01 7.982635186160415008e-01 0.000000000000000000e+00 1.870258014859301099e+00
-8.448250400000006266e+01 8.045270829424940873e-01 0.000000000000000000e+00 1.947833828180951965e+00
-8.437237600000003113e+01 8.034783337412355619e-01 0.000000000000000000e+00 1.904992248194414373e+00
-8.376403400000006627e+01 7.976850914541535609e-01 0.000000000000000000e+00 1.875778103664146101e+00
-8.302234800000005066e+01 7.906220139435805594e-01 0.000000000000000000e+00 2.048852578044993766e+00
-8.324526600000005772e+01 7.927448625783153346e-01 0.000000000000000000e+00 1.734572160576337785e+00
-8.324354200000006188e+01 7.927284449222881113e-01 0.000000000000000000e+00 2.087544399826859465e+00
-8.383231200000004435e+01 7.983353030076503210e-01 0.000000000000000000e+00 2.094060558070049094e+00
-8.426926200000006872e+01 8.024963788783624485e-01 0.000000000000000000e+00 2.044768433051537215e+00
-8.476271800000006351e+01 8.071955615190719024e-01 0.000000000000000000e+00 2.214557444280043974e+00
-8.391873999999999967e+01 7.991583570535449876e-01 0.000000000000000000e+00 2.179768334461070989e+00
-8.427327600000006669e+01 8.025346042097390997e-01 0.000000000000000000e+00 1.926204958472604201e+00
-8.361377000000005921e+01 7.962541270311379593e-01 0.000000000000000000e+00 2.501162228006828414e+00
-8.444213800000002834e+01 8.041426774301990710e-01 0.000000000000000000e+00 2.456532780150828543e+00
-8.408637600000007239e+01 8.007547550731420882e-01 0.000000000000000000e+00 2.297993218824114781e+00
-8.455895400000005679e+01 8.052551164710806120e-01 0.000000000000000000e+00 2.184367265685415394e+00
-8.444662400000005675e+01 8.041853976186785768e-01 0.000000000000000000e+00 2.170531961195157233e+00
-8.447579600000001676e+01 8.044632026428237825e-01 0.000000000000000000e+00 1.947779926896312075e+00
-8.362821200000006172e+01 7.963916582308743219e-01 0.000000000000000000e+00 1.816154475546192248e+00
-8.321596200000004728e+01 7.924658005178613074e-01 0.000000000000000000e+00 1.984014164721144002e+00
-8.367126600000003123e+01 7.968016615734478947e-01 0.000000000000000000e+00 2.324992925989889603e+00
-8.417273599999998623e+01 8.015771615548775708e-01 0.000000000000000000e+00 2.197655249363408281e+00
-8.379847200000006069e+01 7.980130446086004525e-01 0.000000000000000000e+00 1.786995212447165526e+00
-8.392210000000001457e+01 7.991903543413940714e-01 0.000000000000000000e+00 2.434938029452233810e+00
-8.398242600000006064e+01 7.997648389803155844e-01 0.000000000000000000e+00 1.968972546639028431e+00
-8.372103600000004064e+01 7.972756213997103103e-01 0.000000000000000000e+00 1.881947094841355694e+00
-8.467696000000002243e+01 8.063788878847414354e-01 0.000000000000000000e+00 1.965360800248014739e+00
-8.480348400000001163e+01 8.075837762323004876e-01 0.000000000000000000e+00 2.288607482870425258e+00
-8.463566600000007156e+01 8.059856450262794514e-01 0.000000000000000000e+00 1.938885271542918565e+00
-8.414443400000006079e+01 8.013076415427651256e-01 0.000000000000000000e+00 2.282380853859548697e+00
-8.397207800000006728e+01 7.996662949521428088e-01 0.000000000000000000e+00 1.766449582064474777e+00
-8.454517400000003136e+01 8.051238894988904660e-01 0.000000000000000000e+00 2.612564494767004142e+00
-8.441578600000003973e+01 8.038917272726411323e-01 0.000000000000000000e+00 2.389401517772882233e+00
-8.415142400000009104e+01 8.013742073290939238e-01 0.000000000000000000e+00 2.214780978163836789e+00
-8.363595400000002655e+01 7.964653853149592511e-01 0.000000000000000000e+00 1.974563065204219647e+00
-8.474298800000003951e+01 8.070076726829824576e-01 0.000000000000000000e+00 1.914151638614903783e+00
-8.403801800000005073e+01 8.002942417261780239e-01 0.000000000000000000e+00 1.648152916337656260e+00
-8.459140400000002558e+01 8.055641378968833033e-01 0.000000000000000000e+00 2.085290605328356861e+00
-8.384312200000003656e+01 7.984382466629023067e-01 0.000000000000000000e+00 2.045051271668643977e+00
