-4.090606895341740312e+01 9.648190242909064906e-01 1.659321163470282075e-03 8.554901736215261288e-01
-3.991825156034322220e+01 9.415201584319372596e-01 4.185746608014633604e-04 1.077374783915287182e+00
-4.074062183127406911e+01 9.609167541622405384e-01 3.818398562393368178e-03 6.826861191758664127e-01
-4.015059623916808107e+01 9.470002882038364156e-01 1.854059900853444708e-03 9.551619190293915151e-01
-4.070578566942307930e+01 9.600951012254749228e-01 7.496400063691920513e-04 5.062546811394612600e-01
-3.984341690848425799e+01 9.397550928160762762e-01 1.396166604770212542e-03 1.073484028280511815e+00
-3.958514513952665226e+01 9.336634413202717919e-01 2.623469067817367733e-04 1.338749143100858241e+00
-4.020016711742890436e+01 9.481694772171174179e-01 5.462213968377431679e-04 8.496974769985758957e-01
-4.079446554018970517e+01 9.621867230453259312e-01 1.713620238224719799e-03 9.195257330790640449e-01
-4.028126383492832474e+01 9.500822412116260995e-01 4.846199057674134276e-04 8.640369801061289490e-01
-4.061594044057257236e+01 9.579759930282181202e-01 1.342029861795196411e-03 8.769081145986963310e-01
-4.021013458542008578e+01 9.484045719839319100e-01 1.541026562842170251e-03 9.126593688960465967e-01
-4.027772489642995168e+01 9.499987710743974523e-01 1.765003999270245774e-03 9.009961783658949619e-01
-4.116340001315948172e+01 9.708884880240955528e-01 1.527591911721565884e-03 8.082714134490549540e-01
-4.056047236870973904e+01 9.566677115838451151e-01 5.332291224552520746e-04 8.329000307619713883e-01
-4.118108650383179281e+01 9.713056452604220681e-01 1.335963890563074798e-03 8.016862786740203140e-01
-4.127942006974657829e+01 9.736249611357506994e-01 2.101873841068507571e-03 8.604262750204201282e-01
-4.131844136519450927e+01 9.745453255013295513e-01 2.205623786583850009e-03 8.488367376499909023e-01
-4.073065337215200543e+01 9.606816360184075032e-01 2.994645175425706286e-03 1.097355616972609305e+00
-4.098368060121211442e+01 9.666495887087236394e-01 9.015645078662146757e-04 8.829878953746861381e-01
