-6.903794000000003450e+01 6.785715760059213286e-01 0.000000000000000000e+00 3.082919180572107010e+00
-6.882079000000001656e+01 6.764372160043091720e-01 0.000000000000000000e+00 1.963342031441348334e+00
-6.922281200000006152e+01 6.803886766378258733e-01 0.000000000000000000e+00 1.984296589170565062e+00
-6.979155200000008108e+01 6.859788028515804159e-01 0.000000000000000000e+00 2.049612151656546200e+00
-6.985653000000006330e+01 6.866174694147151314e-01 0.000000000000000000e+00 2.482764977283239638e+00
-6.939600800000003744e+01 6.820910142608473947e-01 0.000000000000000000e+00 2.258876195501209772e+00
-6.947141200000004346e+01 6.828321576251649150e-01 0.000000000000000000e+00 2.250059547821664285e+00
-6.834710200000004932e+01 6.717813526819813585e-01 0.000000000000000000e+00 2.643029411011294627e+00
-6.986890599999999552e+01 6.867391126999088380e-01 0.000000000000000000e+00 2.566782960207606212e+00
-7.030414200000002722e+01 6.910170326154586595e-01 0.000000000000000000e+00 2.380664671349180583e+00
-6.993944600000004641e+01 6.874324479728253223e-01 0.000000000000000000e+00 2.252364431975492742e+00
-7.031196400000006008e+01 6.910939147887613654e-01 0.000000000000000000e+00 1.825916368111467181e+00
-7.070042200000001742e+01 6.949120553252848831e-01 0.000000000000000000e+00 2.357992185608319247e+00
-7.107006800000000624e+01 6.985452933504096018e-01 0.000000000000000000e+00 2.104027998569324875e+00
-7.157698400000005279e+01 7.035277535602978416e-01 0.000000000000000000e+00 2.537483016680789127e+00
-7.195089000000005797e+01 7.072028629812636691e-01 0.000000000000000000e+00 2.219740565671783017e+00
-7.132284600000002683e+01 7.010298397583649699e-01 0.000000000000000000e+00 2.193122542298854949e+00
-7.206397600000003933e+01 7.083143814484165190e-01 0.000000000000000000e+00 2.130401392782045544e+00
-7.184283000000003483e+01 7.061407448980296930e-01 0.000000000000000000e+00 2.209434804526837492e+00
-7.123707000000001699e+01 7.001867503570373685e-01 0.000000000000000000e+00 2.272296952847314699e+00
-7.254513800000002277e+01 7.130437064638232014e-01 0.000000000000000000e+00 2.047238470848281811e+00
-7.240524200000005806e+01 7.116686734139249237e-01 0.000000000000000000e+00 2.105167672545660729e+00
-7.261452600000002633e+01 7.137257187677231718e-01 0.000000000000000000e+00 2.239924418034923370e+00
-7.202389800000005948e+01 7.079204561426621911e-01 0.000000000000000000e+00 2.055607746156003834e+00
-7.266829400000004568e+01 7.142542026202062244e-01 0.000000000000000000e+00 2.166101054649467450e+00
-7.187264800000006915e+01 7.064338250109845063e-01 0.000000000000000000e+00 2.298831101413115530e+00
-7.225494800000005569e+01 7.101914387738960110e-01 0.000000000000000000e+00 2.427776579193564821e+00
-7.213309000000000992e+01 7.089937006155883070e-01 0.000000000000000000e+00 2.037886421707003848e+00
-7.181259000000002857e+01 7.058435169613557214e-01 0.000000000000000000e+00 2.329029117768635082e+00
-7.239251600000001474e+01 7.115435899905742101e-01 0.000000000000000000e+00 2.215090003083760806e+00
-7.240932000000000812e+01 7.117087559379242645e-01 0.000000000000000000e+00 1.909990070205294765e+00
-7.280751800000003016e+01 7.156226306048454333e-01 0.000000000000000000e+00 2.304703570868001705e+00
-7.320491000000006920e+01 7.195285831250418651e-01 0.000000000000000000e+00 2.258152051563356189e+00
-7.262181800000004728e+01 7.137973915889609389e-01 0.000000000000000000e+00 2.015766956446857883e+00
-7.312379200000006563e+01 7.187312770480869251e-01 0.000000000000000000e+00 2.197196894377612342e+00
-7.228564000000002920e+01 7.104931094032739258e-01 0.000000000000000000e+00 1.954157006088416360e+00
-7.370752000000004500e+01 7.244687198066450673e-01 0.000000000000000000e+00 1.904838645092645111e+00
-7.220136400000005494e+01 7.096647634511864533e-01 0.000000000000000000e+00 2.170690765609655237e+00
-7.388173600000001784e+01 7.261810829751496055e-01 0.000000000000000000e+00 1.788299889292745304e+00
-7.453266599999999187e+01 7.325790519175821025e-01 0.000000000000000000e+00 1.719331312594720940e+00
-7.541653000000003715e+01 7.412665212634943490e-01 0.000000000000000000e+00 2.218967716021905900e+00
-7.509852000000003613e+01 7.381408117349996800e-01 0.000000000000000000e+00 2.281841287604854607e+00
-7.607300000000002171e+01 7.477189426784525139e-01 0.000000000000000000e+00 2.128448551590495619e+00
-7.565622200000002806e+01 7.436224458202815857e-01 0.000000000000000000e+00 2.158688063400237667e+00
-7.549793600000006677e+01 7.420666580827035563e-01 0.000000000000000000e+00 2.018542637873456336e+00
-7.596290600000006066e+01 7.466368324780500165e-01 0.000000000000000000e+00 2.467822621927469040e+00
-7.564199800000000096e+01 7.434826386056235803e-01 0.000000000000000000e+00 2.081965064474649019e+00
-7.471549800000003927e+01 7.343761014585207247e-01 0.000000000000000000e+00 2.034958506909771536e+00
-7.589170800000003680e+01 7.459370297454006593e-01 0.000000000000000000e+00 2.433930106633252599e+00
-7.564302800000001525e+01 7.434927624407683400e-01 0.000000000000000000e+00 1.905488864555616724e+00
-7.622322400000000187e+01 7.491954892908500030e-01 0.000000000000000000e+00 2.320060380402007461e+00
-7.655494400000004873e+01 7.524559539453966606e-01 0.000000000000000000e+00 2.231307061905440925e+00
-7.513322600000005025e+01 7.384819358345435791e-01 0.000000000000000000e+00 1.895911427342341193e+00
-7.665064600000000894e+01 7.533966056648264686e-01 0.000000000000000000e+00 1.847789695903424345e+00
-7.643898200000002419e+01 7.513161673715675892e-01 0.000000000000000000e+00 2.196874565247251887e+00
-7.701362400000000719e+01 7.569643041435973885e-01 0.000000000000000000e+00 2.015704840462170910e+00
-7.599164400000003639e+01 7.469192973075516884e-01 0.000000000000000000e+00 1.850926755167242588e+00
-7.692497000000005869e+01 7.560929269776622830e-01 0.000000000000000000e+00 1.891148875844009369e+00
-7.636384200000003375e+01 7.505776188543163974e-01 0.000000000000000000e+00 2.155194390312939579e+00
-7.572431000000003110e+01 7.442916804681736220e-01 0.000000000000000000e+00 2.220104072794877759e+00
-7.587815600000003258e+01 7.458038275960022778e-01 0.000000000000000000e+00 1.853008622760359492e+00
-7.645724600000002624e+01 7.514956836095111337e-01 0.000000000000000000e+00 1.889133945094706668e+00
-7.577676600000003759e+01 7.448072687170549377e-01 0.000000000000000000e+00 2.090841204846228596e+00
-7.641867800000005673e+01 7.511166000426582334e-01 0.000000000000000000e+00 2.349752248774797714e+00
-7.587744200000005890e+01 7.457968097141643993e-01 0.000000000000000000e+00 2.016038833459356194e+00
-7.563863600000003373e+01 7.434495936213945111e-01 0.000000000000000000e+00 1.601706629685909711e+00
-7.482777200000005280e+01 7.354796388051521028e-01 0.000000000000000000e+00 2.075528629952749338e+00
-7.687892200000007392e+01 7.556403227439335568e-01 0.000000000000000000e+00 2.230627848725804441e+00
-7.636363000000005741e+01 7.505755351134907327e-01 0.000000000000000000e+00 2.143793734118197403e+00
-7.652902800000006778e+01 7.522012264583981533e-01 0.000000000000000000e+00 1.879780406801267567e+00
-7.556905400000002260e+01 7.427656744980595249e-01 0.000000000000000000e+00 2.172935141967187178e+00
-7.649514400000002468e+01 7.518681817690372471e-01 0.000000000000000000e+00 1.858552733254255518e+00
-7.591754800000003911e+01 7.461910102309712300e-01 0.000000000000000000e+00 2.179669595037585061e+00
-7.536553400000009617e+01 7.407652833052070784e-01 0.000000000000000000e+00 1.988625926106727393e+00
-7.519024800000003950e+01 7.390424031429105867e-01 0.000000000000000000e+00 2.113804002003223381e+00
-7.687494999999999834e+01 7.556012820903459382e-01 0.000000000000000000e+00 1.984109939601190975e+00
-7.554247200000001783e+01 7.425044009195982397e-01 0.000000000000000000e+00 1.766305495619188370e+00
-7.658480200000005311e+01 7.527494272169975575e-01 0.000000000000000000e+00 2.119535102922622816e+00
-7.662358600000003150e+01 7.531306338405410195e-01 0.000000000000000000e+00 1.812122565760212023e+00
-7.720457000000003234e+01 7.588411059159567706e-01 0.000000000000000000e+00 2.010149335298752504e+00
-7.589020200000007321e+01 7.459222273223642397e-01 0.000000000000000000e+00 2.218041869793619725e+00
-7.717987600000003567e+01 7.585983894256054239e-01 0.000000000000000000e+00 2.116870498089292507e+00
-7.522245400000007010e+01 7.393589548270551592e-01 0.000000000000000000e+00 2.105162433398890531e+00
-7.677020200000005445e+01 7.545717175430342039e-01 0.000000000000000000e+00 2.051030685564521949e+00
-7.689494400000005214e+01 7.557978024397464800e-01 0.000000000000000000e+00 1.786705770169099594e+00
-7.619729200000000446e+01 7.489406045403926848e-01 0.000000000000000000e+00 2.254498891293682306e+00
-7.566139200000004905e+01 7.436732615753282039e-01 0.000000000000000000e+00 2.091240081656640992e+00
-7.700300800000005097e+01 7.568599598388447980e-01 0.000000000000000000e+00 2.335282400749101317e+00
-7.619564800000001981e+01 7.489244457200260330e-01 0.000000000000000000e+00 2.298228219912905601e+00
-7.684038600000006625e+01 7.552615537039973903e-01 0.000000000000000000e+00 2.091419197482895509e+00
-7.731172200000006001e+01 7.598942992979175193e-01 0.000000000000000000e+00 2.089040111484195439e+00
-7.812453000000003556e+01 7.678833616243746496e-01 0.000000000000000000e+00 2.338970893514297433e+00
-7.774559000000006392e+01 7.641587731877604872e-01 0.000000000000000000e+00 2.417169665584570026e+00
-7.703592600000006030e+01 7.571835097468948561e-01 0.000000000000000000e+00 2.370124465325683438e+00
-7.646946600000005390e+01 7.516157935759848474e-01 0.000000000000000000e+00 1.751228720285135987e+00
-7.758962200000004827e+01 7.626257689937404605e-01 0.000000000000000000e+00 2.021161312720081149e+00
-7.717993200000005061e+01 7.585989398477105405e-01 0.000000000000000000e+00 1.763405677778146163e+00
-7.835090200000003335e+01 7.701083643519127664e-01 0.000000000000000000e+00 2.409963090793271867e+00
-7.694725200000004861e+01 7.563119360016360426e-01 0.000000000000000000e+00 1.998381994225439717e+00
-7.805951600000005897e+01 7.672443412184581923e-01 0.000000000000000000e+00 1.875151468560458001e+00
-7.829493600000003539e+01 7.695582764318104063e-01 0.000000000000000000e+00 2.001253344328463246e+00
-7.753648800000001984e+01 7.621035167058025639e-01 0.000000000000000000e+00 1.946102065864900421e+00
-7.787530800000007503e+01 7.654337670200842547e-01 0.000000000000000000e+00 2.372911636169090510e+00
-7.780575600000004499e+01 7.647501427657339423e-01 0.000000000000000000e+00 1.900010399350594348e+00
-7.818239600000005396e+01 7.684521245801808620e-01 0.000000000000000000e+00 2.227015804324501858e+00
-7.804867600000004302e+01 7.671377952252852461e-01 0.000000000000000000e+00 1.989246532406406143e+00
-7.779307200000005196e+01 7.646254721589624825e-01 0.000000000000000000e+00 1.664775358163218311e+00
-7.806776400000003946e+01 7.673254105313445095e-01 0.000000000000000000e+00 2.237053968884302524e+00
-7.665930200000009620e+01 7.534816851959069695e-01 0.000000000000000000e+00 1.971355773331252781e+00
-7.689815400000006207e+01 7.558293534211196762e-01 0.000000000000000000e+00 2.232209871175588667e+00
-7.771332200000001933e+01 7.638416121077138410e-01 0.000000000000000000e+00 2.014068379948176446e+00
-7.829217800000004956e+01 7.695311681431417083e-01 0.000000000000000000e+00 2.086379997521200735e+00
-7.679346400000002859e+01 7.548003589538444524e-01 0.000000000000000000e+00 2.189034030473189674e+00
-7.664680200000003651e+01 7.533588231189082274e-01 0.000000000000000000e+00 2.051824956500230446e+00
-7.621920600000005663e+01 7.491559965048202319e-01 0.000000000000000000e+00 2.359683438357054186e+00
-7.816568800000003137e+01 7.682879022135817859e-01 0.000000000000000000e+00 1.623261095230489559e+00
-7.765451800000005278e+01 7.632636295816502825e-01 0.000000000000000000e+00 2.072801433106139957e+00
-7.836444000000003030e+01 7.702414288957847299e-01 0.000000000000000000e+00 1.875019430902684636e+00
-7.858438200000001927e+01 7.724032313709149333e-01 0.000000000000000000e+00 2.177586806692864307e+00
-7.953686600000001761e+01 7.817651643747157708e-01 0.000000000000000000e+00 1.770615801353880192e+00
-7.816094600000006665e+01 7.682412932560521712e-01 0.000000000000000000e+00 2.049245212287892137e+00
-7.945926600000004214e+01 7.810024366007114471e-01 0.000000000000000000e+00 2.120296243272708825e+00
-7.917860200000005477e+01 7.782437996424227400e-01 0.000000000000000000e+00 1.948055825739596125e+00
-7.994449000000003025e+01 7.857716868766595475e-01 0.000000000000000000e+00 1.860226114500789896e+00
-7.950481600000007631e+01 7.814501460092930785e-01 0.000000000000000000e+00 1.962725821774041757e+00
-8.003196600000002547e+01 7.866314855204588063e-01 0.000000000000000000e+00 2.131939028645665868e+00
-7.975857200000005776e+01 7.839443051461524314e-01 0.000000000000000000e+00 2.186078428920128935e+00
-7.899825200000003633e+01 7.764711455954932395e-01 0.000000000000000000e+00 2.056544982033524871e+00
-7.870137800000003381e+01 7.735531810957531063e-01 0.000000000000000000e+00 2.004161773727032969e+00
-7.940369800000003409e+01 7.804562606091407506e-01 0.000000000000000000e+00 1.978945870911066551e+00
-8.016933800000002464e+01 7.879817102597700407e-01 0.000000000000000000e+00 2.259538617549604833e+00
-8.002606400000004783e+01 7.865734749621835498e-01 0.000000000000000000e+00 2.050332990817921530e+00
-7.972441200000000094e+01 7.836085476621312829e-01 0.000000000000000000e+00 2.240472963293349107e+00
-7.962964400000005583e+01 7.826770761970949231e-01 0.000000000000000000e+00 1.903215405162664631e+00
-8.007363200000007453e+01 7.870410192244756686e-01 0.000000000000000000e+00 1.951205743821812222e+00
-7.977871600000001706e+01 7.841422998404760092e-01 0.000000000000000000e+00 1.776658250404763217e+00
-7.957612800000002551e+01 7.821510692440839518e-01 0.000000000000000000e+00 1.687199507406857313e+00
-7.971768400000003396e+01 7.835424183778081364e-01 0.000000000000000000e+00 2.005547101090101147e+00
-7.970067800000006741e+01 7.833752669792939383e-01 0.000000000000000000e+00 2.407947306362450579e+00
-7.905208000000004631e+01 7.770002191859458618e-01 0.000000000000000000e+00 1.924259786846029163e+00
-7.931652000000006808e+01 7.795993909972573910e-01 0.000000000000000000e+00 2.260415320647553017e+00
-7.901793600000006279e+01 7.766646189653839683e-01 0.000000000000000000e+00 1.890013485362611378e+00
-7.940660200000007762e+01 7.804848039268693638e-01 0.000000000000000000e+00 1.808819085826021134e+00
-7.931567400000004397e+01 7.795910756918859041e-01 0.000000000000000000e+00 1.771393438301205103e+00
-7.926044800000005353e+01 7.790482612067419765e-01 0.000000000000000000e+00 1.941331216827850703e+00
-8.022147400000004325e+01 7.884941532394802444e-01 0.000000000000000000e+00 1.982294000894881281e+00
-7.945263000000001341e+01 7.809372115812743820e-01 0.000000000000000000e+00 2.140255074456634432e+00
-7.971628000000001180e+01 7.835286185093194300e-01 0.000000000000000000e+00 2.006761427642743456e+00
-7.983881000000003780e+01 7.847329617328864249e-01 0.000000000000000000e+00 2.166751083367152386e+00
-7.914769800000004807e+01 7.779400452722186055e-01 0.000000000000000000e+00 1.646297346510427140e+00
-7.957839600000006897e+01 7.821733613393349049e-01 0.000000000000000000e+00 2.120993015667211434e+00
-7.999602600000002894e+01 7.862782324766737219e-01 0.000000000000000000e+00 2.207426462008588608e+00
-7.899722200000006467e+01 7.764610217603488129e-01 0.000000000000000000e+00 1.845110902668854358e+00
-7.949117200000006278e+01 7.813160395950079495e-01 0.000000000000000000e+00 2.002185605281378233e+00
-7.830610000000001492e+01 7.696680070100188065e-01 0.000000000000000000e+00 1.819916910080226380e+00
-7.958001000000005831e+01 7.821892252907168830e-01 0.000000000000000000e+00 2.181267407571417571e+00
-7.948860400000003779e+01 7.812907988099091483e-01 0.000000000000000000e+00 2.198884735033566074e+00
-7.846342600000005518e+01 7.712143589400841659e-01 0.000000000000000000e+00 2.340269597981472938e+00
-7.983219400000007226e+01 7.846679332927731787e-01 0.000000000000000000e+00 1.830355101928463402e+00
-7.982174200000000042e+01 7.845652009384697090e-01 0.000000000000000000e+00 1.768585728949101377e+00
-8.011482200000004639e+01 7.874458743405996497e-01 0.000000000000000000e+00 1.909712171214512866e+00
-7.963985600000005149e+01 7.827774495995193371e-01 0.000000000000000000e+00 2.340378713993342075e+00
-7.887801200000009771e+01 7.752893107044331877e-01 0.000000000000000000e+00 1.959448100883656174e+00
-7.941865600000006964e+01 7.806032822849601205e-01 0.000000000000000000e+00 1.787449001395536641e+00
-7.973265400000006764e+01 7.836895580012214202e-01 0.000000000000000000e+00 1.796459394994116776e+00
-7.990382200000004786e+01 7.853719624808708222e-01 0.000000000000000000e+00 1.842722874837805058e+00
-7.972817000000004839e+01 7.836454849169605108e-01 0.000000000000000000e+00 1.718158406726824072e+00
-7.972942800000004127e+01 7.836578497563895240e-01 0.000000000000000000e+00 2.125369202107880273e+00
-7.957212600000005409e+01 7.821117337215125476e-01 0.000000000000000000e+00 2.277508111711818106e+00
-8.000710600000007844e+01 7.863871374217253907e-01 0.000000000000000000e+00 2.134820490067518506e+00
-7.935926600000004782e+01 7.800195399847262845e-01 0.000000000000000000e+00 1.904196137307649694e+00
-7.990370000000005746e+01 7.853707633469994009e-01 0.000000000000000000e+00 2.009146687355886751e+00
-8.023311000000003901e+01 7.886085230897162957e-01 0.000000000000000000e+00 1.978587433759323222e+00
-7.987621800000002281e+01 7.851006436989940163e-01 0.000000000000000000e+00 2.051432280158612897e+00
-7.953882000000005803e+01 7.817843701745924578e-01 0.000000000000000000e+00 2.209957231817992529e+00
-7.942377800000004129e+01 7.806536262496306389e-01 0.000000000000000000e+00 2.073503845642671095e+00
-7.943543400000004340e+01 7.807681926791898430e-01 0.000000000000000000e+00 1.746647388294025882e+00
-7.969036800000003495e+01 7.832739303381855978e-01 0.000000000000000000e+00 1.716062822946463617e+00
-7.997942400000006558e+01 7.861150519804881442e-01 0.000000000000000000e+00 2.098906157021756869e+00
-8.005895000000003847e+01 7.868967103433163190e-01 0.000000000000000000e+00 2.150441894240587626e+00
-7.991953800000000285e+01 7.855264345130386072e-01 0.000000000000000000e+00 1.909117609003191607e+00
-7.993673200000003476e+01 7.856954337571914193e-01 0.000000000000000000e+00 2.423984975737684344e+00
-7.994717400000000396e+01 7.857980678218323689e-01 0.000000000000000000e+00 2.103365099055138909e+00
-7.943894400000003486e+01 7.808026923504108874e-01 0.000000000000000000e+00 1.839734995756209912e+00
-7.953438000000004138e+01 7.817407295648426402e-01 0.000000000000000000e+00 1.840985865664306331e+00
-8.038611800000002461e+01 7.901124335439028146e-01 0.000000000000000000e+00 1.746737545195024444e+00
-7.922075000000005218e+01 7.786580709081282192e-01 0.000000000000000000e+00 2.112323372545505507e+00
-7.997803600000000301e+01 7.861014093754576937e-01 0.000000000000000000e+00 2.069729477444340215e+00
-8.016960400000009201e+01 7.879843247647692062e-01 0.000000000000000000e+00 1.722373180619452882e+00
-8.098869800000002783e+01 7.960351719725067277e-01 0.000000000000000000e+00 2.001274958568646678e+00
-8.020145000000000834e+01 7.882973380210950287e-01 0.000000000000000000e+00 1.976906196816150985e+00
-8.022331800000003454e+01 7.885122778530789800e-01 0.000000000000000000e+00 1.683853539804192279e+00
-8.049883000000002653e+01 7.912202759777121619e-01 0.000000000000000000e+00 2.084546130262392882e+00
-8.037221400000002802e+01 7.899757715984162543e-01 0.000000000000000000e+00 1.961414088990106386e+00
-7.992301600000004669e+01 7.855606196573430289e-01 0.000000000000000000e+00 2.098864686892137232e+00
-8.000015600000004667e+01 7.863188261069140594e-01 0.000000000000000000e+00 1.919382297328223519e+00
-8.071997400000002187e+01 7.933938928701664839e-01 0.000000000000000000e+00 1.914490490893390406e+00
-7.994957799999998826e+01 7.858216966564804951e-01 0.000000000000000000e+00 1.884279985177737649e+00
-7.997917400000004307e+01 7.861125947389480118e-01 0.000000000000000000e+00 1.659660831276296378e+00
-7.993819600000000491e+01 7.857098233636492512e-01 0.000000000000000000e+00 2.384184295208571225e+00
