-3.023476200000001768e+01 2.129633018411417056e-01 0.000000000000000000e+00 3.599752694726107816e+00
-3.002131600000001299e+01 2.114598613667372784e-01 0.000000000000000000e+00 3.536048465740345037e+00
-2.936025400000003316e+01 2.068035671897993366e-01 0.000000000000000000e+00 3.537132856242624968e+00
-3.079432200000001885e+01 2.169046507156004999e-01 0.000000000000000000e+00 4.122551430716789866e+00
-3.145553200000000871e+01 2.215619873538177687e-01 0.000000000000000000e+00 3.490602812773377472e+00
-3.071050200000000885e+01 2.163142513613629248e-01 0.000000000000000000e+00 3.288285245374168664e+00
-3.166687200000003344e+01 2.230505938859648485e-01 0.000000000000000000e+00 3.790218218500690295e+00
-3.149699200000001653e+01 2.218540173851550612e-01 0.000000000000000000e+00 3.828521711745813239e+00
-3.131059400000000892e+01 2.205410937531917248e-01 0.000000000000000000e+00 3.692718320575664404e+00
-3.186931600000001907e+01 2.244765400428396507e-01 0.000000000000000000e+00 4.916352375095285332e+00
-3.098273200000001637e+01 2.182317461860357743e-01 0.000000000000000000e+00 4.150328044254484539e+00
-3.025057600000001656e+01 2.130746902375615370e-01 0.000000000000000000e+00 3.098892144143506666e+00
-2.982626600000002881e+01 2.100859960118814374e-01 0.000000000000000000e+00 3.622922376857018900e+00
-3.100507800000001168e+01 2.183891437518886702e-01 0.000000000000000000e+00 3.833909928798193700e+00
-2.958231000000001032e+01 2.083676535534899621e-01 0.000000000000000000e+00 3.605948893610852135e+00
-3.117933000000001087e+01 2.196165151223800904e-01 0.000000000000000000e+00 3.427098078299310568e+00
-2.998112200000000271e+01 2.111767486055319554e-01 0.000000000000000000e+00 3.568982497546596022e+00
-2.975078000000000245e+01 2.095542984975174716e-01 0.000000000000000000e+00 3.040568561664383829e+00
-3.063935800000000853e+01 2.158131374069621466e-01 0.000000000000000000e+00 3.379831386780510094e+00
-3.000917400000000868e+01 2.113743372798945752e-01 0.000000000000000000e+00 3.253676995715537146e+00
-2.967997600000003899e+01 2.090555793865963297e-01 0.000000000000000000e+00 3.615415214935606691e+00
-3.206566600000002865e+01 2.258595621521755914e-01 0.000000000000000000e+00 4.053710463122930818e+00
-2.978268200000002963e+01 2.097790052524554638e-01 0.000000000000000000e+00 3.892733897512703489e+00
-3.043755400000000577e+01 2.143916991907542646e-01 0.000000000000000000e+00 3.387437676475250292e+00
-3.068066400000003568e+01 2.161040827150765564e-01 0.000000000000000000e+00 4.225508544363493435e+00
-3.024805800000001099e+01 2.130569543084995798e-01 0.000000000000000000e+00 4.009202406615071546e+00
-3.002646400000001137e+01 2.114961221144778247e-01 0.000000000000000000e+00 3.533621166364297128e+00
-2.966876800000001069e+01 2.089766340756644414e-01 0.000000000000000000e+00 3.712602147827930743e+00
-3.241689600000002969e+01 2.283335059029372172e-01 0.000000000000000000e+00 3.632648965402853758e+00
-2.947168200000001548e+01 2.075884278345614953e-01 0.000000000000000000e+00 3.059037093113854855e+00
-3.114112000000001146e+01 2.193473769772427417e-01 0.000000000000000000e+00 3.558782955341941001e+00
-3.217691000000000656e+01 2.266431267639959779e-01 0.000000000000000000e+00 4.228342467363912505e+00
-3.236561000000003219e+01 2.279722648950462116e-01 0.000000000000000000e+00 3.857198852925539878e+00
-3.244332000000000704e+01 2.285196275032277957e-01 0.000000000000000000e+00 4.521792318418558665e+00
-3.152735000000000198e+01 2.220678487332334583e-01 0.000000000000000000e+00 3.900005458828088134e+00
-3.226791200000000970e+01 2.272841136649065286e-01 0.000000000000000000e+00 4.267940767229768007e+00
-3.191539000000000925e+01 2.248010695089233124e-01 0.000000000000000000e+00 3.823861267651119444e+00
-3.245944800000003738e+01 2.286332276080376424e-01 0.000000000000000000e+00 4.032570842288671464e+00
-3.248903000000002095e+01 2.288415930780572649e-01 0.000000000000000000e+00 4.062882858005973041e+00
-3.183684600000000842e+01 2.242478324905597953e-01 0.000000000000000000e+00 3.465747029517605160e+00
-3.152582200000001222e+01 2.220570860248909650e-01 0.000000000000000000e+00 2.837635382204590773e+00
-3.329096200000002170e+01 2.344901272577564477e-01 0.000000000000000000e+00 3.814170663282180129e+00
-3.389006999999998726e+01 2.387100386908094229e-01 0.000000000000000000e+00 3.633571549975021409e+00
-3.331019400000000985e+01 2.346255908748011709e-01 0.000000000000000000e+00 3.325241529127521911e+00
-3.471464400000001405e+01 2.445180553589202110e-01 0.000000000000000000e+00 3.810541219607428864e+00
-3.265362400000000775e+01 2.300009368064199200e-01 0.000000000000000000e+00 3.492671308051309431e+00
-3.287731800000001670e+01 2.315765606807555221e-01 0.000000000000000000e+00 3.704332226531687589e+00
-3.352449600000000629e+01 2.361350607198477447e-01 0.000000000000000000e+00 4.137584277683457046e+00
-3.461085200000001549e+01 2.437869800812416665e-01 0.000000000000000000e+00 3.544369364900396668e+00
-3.456871600000003042e+01 2.434901885375749531e-01 0.000000000000000000e+00 3.204514054864204375e+00
-3.497472799999999893e+01 2.463499979221210889e-01 0.000000000000000000e+00 3.860582017252755183e+00
-3.463433600000003310e+01 2.439523933290932978e-01 0.000000000000000000e+00 3.859637791911504134e+00
-3.394217600000001056e+01 2.390770554976802409e-01 0.000000000000000000e+00 3.093237250177041542e+00
-3.317273000000000849e+01 2.336573415687774880e-01 0.000000000000000000e+00 3.469931702104917193e+00
-3.405178800000003037e+01 2.398491248607999282e-01 0.000000000000000000e+00 3.454872560010737725e+00
-3.637158400000002700e+01 2.561889728727628768e-01 0.000000000000000000e+00 4.871126548993268912e+00
-3.472607400000003963e+01 2.445985643617709648e-01 0.000000000000000000e+00 3.733087812019222351e+00
-3.635846000000000799e+01 2.560965319144590802e-01 0.000000000000000000e+00 3.833916757288580168e+00
-3.649840200000002000e+01 2.570822354032530344e-01 0.000000000000000000e+00 4.409207199128255539e+00
-3.563662200000001690e+01 2.510121524219264821e-01 0.000000000000000000e+00 3.242935600876202695e+00
-3.425848200000000077e+01 2.413050065611667683e-01 0.000000000000000000e+00 3.677424469841617416e+00
-3.436966999999999217e+01 2.420881767281788666e-01 0.000000000000000000e+00 3.723720000798050656e+00
-3.429010200000001163e+01 2.415277270047482272e-01 0.000000000000000000e+00 2.968226637661149692e+00
-3.583320800000001327e+01 2.523968368343832980e-01 0.000000000000000000e+00 3.704913599769032562e+00
-3.520695200000003666e+01 2.479857041931598782e-01 0.000000000000000000e+00 3.172000503473535460e+00
-3.559423200000003362e+01 2.507135717893075322e-01 0.000000000000000000e+00 3.447816057600298301e+00
-3.595710600000003154e+01 2.532695318855802125e-01 0.000000000000000000e+00 3.864050846273880957e+00
-3.383168200000001491e+01 2.382987736288289526e-01 0.000000000000000000e+00 2.762699160639460416e+00
-3.538360200000001754e+01 2.492299662538380312e-01 0.000000000000000000e+00 3.430119584980775738e+00
-3.470906200000003139e+01 2.444787376639149246e-01 0.000000000000000000e+00 3.314189494981000905e+00
-3.422954800000000830e+01 2.411012053810724920e-01 0.000000000000000000e+00 3.030165019358090017e+00
-3.532611400000004664e+01 2.488250404834206064e-01 0.000000000000000000e+00 4.235814568985796669e+00
-3.507290800000003372e+01 2.470415441950757351e-01 0.000000000000000000e+00 3.357706557698590721e+00
-3.545286000000002247e+01 2.497177958705856238e-01 0.000000000000000000e+00 3.764173772972139620e+00
-3.418413600000000940e+01 2.407813388161162416e-01 0.000000000000000000e+00 3.930457892093386807e+00
-3.478669000000002143e+01 2.450255226921986829e-01 0.000000000000000000e+00 2.991580285931119132e+00
-3.513938000000002404e+01 2.475097501826069857e-01 0.000000000000000000e+00 3.479186959476293417e+00
-3.386858400000000557e+01 2.385586986702279699e-01 0.000000000000000000e+00 3.601848011440681230e+00
-3.586618800000002238e+01 2.526291366518821913e-01 0.000000000000000000e+00 3.734631178016665221e+00
-3.585200600000001003e+01 2.525292435041632255e-01 0.000000000000000000e+00 3.668888088126422531e+00
-3.526836200000002464e+01 2.484182551874776768e-01 0.000000000000000000e+00 3.656677946524962586e+00
-3.479792800000002728e+01 2.451046793128491552e-01 0.000000000000000000e+00 3.403500190255124291e+00
-3.479436200000002799e+01 2.450795616309449643e-01 0.000000000000000000e+00 4.054796863344186875e+00
-3.449707800000002322e+01 2.429855950164717671e-01 0.000000000000000000e+00 3.634987757321164192e+00
-3.456009800000002485e+01 2.434294862990301900e-01 0.000000000000000000e+00 3.432474021736355407e+00
-3.565816200000001146e+01 2.511638728000017973e-01 0.000000000000000000e+00 3.900507035229490604e+00
-3.636543800000004012e+01 2.561456825550447181e-01 0.000000000000000000e+00 3.416557724524211359e+00
-3.455106000000002098e+01 2.433658257244226963e-01 0.000000000000000000e+00 3.498603493747847182e+00
-3.474920600000002935e+01 2.447614982422555430e-01 0.000000000000000000e+00 3.746172255252585348e+00
-3.524028400000003103e+01 2.482204833780255471e-01 0.000000000000000000e+00 3.379594026145684271e+00
-3.473233400000003002e+01 2.446426576564204591e-01 0.000000000000000000e+00 3.961947472467283848e+00
-3.570370200000002825e+01 2.514846409530915317e-01 0.000000000000000000e+00 3.348984837290249761e+00
-3.437650400000001127e+01 2.421363130821143350e-01 0.000000000000000000e+00 3.270734734987003733e+00
-3.403400400000001724e+01 2.397238604595142430e-01 0.000000000000000000e+00 3.356539794476304017e+00
-3.665224000000002036e+01 2.581658175537802080e-01 0.000000000000000000e+00 4.678189152510474180e+00
-3.649504400000000004e+01 2.570585828020655050e-01 0.000000000000000000e+00 3.621986988590542911e+00
-3.643581600000002396e+01 2.566414010679594626e-01 0.000000000000000000e+00 3.980022054269132692e+00
-3.755945800000002066e+01 2.645559502351526593e-01 0.000000000000000000e+00 3.396100070421834705e+00
-3.657289000000002233e+01 2.576069033476391379e-01 0.000000000000000000e+00 2.869267269625723760e+00
-3.599434800000001644e+01 2.535318517704586161e-01 0.000000000000000000e+00 3.299751452056578049e+00
-3.749727200000002370e+01 2.641179333627760029e-01 0.000000000000000000e+00 3.686729339597701216e+00
-3.891707400000000661e+01 2.741185320736457265e-01 0.000000000000000000e+00 3.953992759827932968e+00
-3.768501000000003387e+01 2.654402954955109584e-01 0.000000000000000000e+00 4.046681208038872768e+00
-3.766540400000003075e+01 2.653021975506388297e-01 0.000000000000000000e+00 3.245042687176856955e+00
-3.760784400000002847e+01 2.648967646368961537e-01 0.000000000000000000e+00 4.058973525320973330e+00
-3.862167000000001593e+01 2.720378075348820479e-01 0.000000000000000000e+00 3.690262460280782975e+00
-3.814154800000001444e+01 2.686559927084060662e-01 0.000000000000000000e+00 3.037177033533979387e+00
-3.948159400000002250e+01 2.780948174882742485e-01 0.000000000000000000e+00 3.450538324911173849e+00
-3.859788200000001268e+01 2.718702530152136698e-01 0.000000000000000000e+00 3.145471354518583507e+00
-3.961483600000002525e+01 2.790333284732099961e-01 0.000000000000000000e+00 4.732211035867254445e+00
-3.814068600000000231e+01 2.686499210758200862e-01 0.000000000000000000e+00 3.507678358871715307e+00
-3.762758400000002013e+01 2.650358064318453777e-01 0.000000000000000000e+00 3.211898152677907348e+00
-3.974683800000003231e+01 2.799631053231033673e-01 0.000000000000000000e+00 4.283997205923411045e+00
-3.818125400000005243e+01 2.689356681648529257e-01 0.000000000000000000e+00 3.083579962860955703e+00
-4.019332600000002742e+01 2.831080137802113317e-01 0.000000000000000000e+00 3.592348655735920548e+00
-3.993537000000002024e+01 2.812910601197282090e-01 0.000000000000000000e+00 4.177648544566571864e+00
-4.099147800000001496e+01 2.887299229353456620e-01 0.000000000000000000e+00 4.291470658414940686e+00
-3.976819200000002752e+01 2.801135155809222899e-01 0.000000000000000000e+00 3.578743805497942798e+00
-4.113158400000003212e+01 2.897167815839356009e-01 0.000000000000000000e+00 3.699577555592316269e+00
-4.120816800000002900e+01 2.902562130340062829e-01 0.000000000000000000e+00 3.314766368624132209e+00
-3.892989000000003585e+01 2.742088035855035910e-01 0.000000000000000000e+00 3.583393650274594222e+00
-4.024540400000002904e+01 2.834748333646778251e-01 0.000000000000000000e+00 4.375489492453351836e+00
-4.007267400000002056e+01 2.822581824405851481e-01 0.000000000000000000e+00 4.467219560322198468e+00
-3.951016000000002748e+01 2.782960266024850360e-01 0.000000000000000000e+00 3.497529324040793419e+00
-3.927871800000001201e+01 2.766658284714489935e-01 0.000000000000000000e+00 2.716917329368382372e+00
-4.178406600000001703e+01 2.943126411813059562e-01 0.000000000000000000e+00 4.028294141111988580e+00
-4.103953200000002965e+01 2.890683988428681683e-01 0.000000000000000000e+00 3.478819789389278494e+00
-4.152076000000003120e+01 2.924580039543094312e-01 0.000000000000000000e+00 3.743586282988788927e+00
-3.875005400000000577e+01 2.729421004326919031e-01 0.000000000000000000e+00 2.598787618320387960e+00
-4.006725000000002979e+01 2.822199776434319851e-01 0.000000000000000000e+00 3.126089980981340499e+00
-4.067613400000001889e+01 2.865087478701742740e-01 0.000000000000000000e+00 3.311439730957157934e+00
-4.035962200000002298e+01 2.842793458132855111e-01 0.000000000000000000e+00 4.667086598066778613e+00
-4.184615400000001983e+01 2.947499677752680181e-01 0.000000000000000000e+00 3.028277276024916809e+00
-4.115888800000001169e+01 2.899091016026434375e-01 0.000000000000000000e+00 3.614210090187918833e+00
-4.025379400000001340e+01 2.835339296493598060e-01 0.000000000000000000e+00 3.543182700461905643e+00
-4.232601400000001490e+01 2.981299371635334206e-01 0.000000000000000000e+00 4.047801756659553440e+00
-4.333574399999999827e+01 3.052421292412501597e-01 0.000000000000000000e+00 3.741448440914861173e+00
-4.241929400000002914e+01 2.987869695157558403e-01 0.000000000000000000e+00 4.011748412452122103e+00
-4.342193200000002662e+01 3.058492079759559390e-01 0.000000000000000000e+00 3.808737794870731719e+00
-4.180580600000001112e+01 2.944657702908397567e-01 0.000000000000000000e+00 3.370085663804079257e+00
-4.167324000000000694e+01 2.935320208182335411e-01 0.000000000000000000e+00 3.424358671917910435e+00
-4.199539399999999745e+01 2.958011631895652305e-01 0.000000000000000000e+00 3.627979556974132436e+00
-4.153130000000002298e+01 2.925322441021698250e-01 0.000000000000000000e+00 3.072675547959839992e+00
-4.393262200000003759e+01 3.094463333185419329e-01 0.000000000000000000e+00 3.718587358357113182e+00
-4.365795800000002203e+01 3.075116942320196278e-01 0.000000000000000000e+00 3.046448369381809851e+00
-4.323280400000002999e+01 3.045170551595848263e-01 0.000000000000000000e+00 4.086945480278848741e+00
-4.280686600000002784e+01 3.015168938598328241e-01 0.000000000000000000e+00 3.107412017760961653e+00
-4.366834400000001182e+01 3.075848496566570001e-01 0.000000000000000000e+00 3.850696612993183443e+00
-4.439595400000001746e+01 3.127098851390806566e-01 0.000000000000000000e+00 4.247354207399608228e+00
-4.373893400000004306e+01 3.080820614249180633e-01 0.000000000000000000e+00 3.096379604929314411e+00
-4.330322400000002148e+01 3.050130695061059605e-01 0.000000000000000000e+00 2.907345603884802010e+00
-4.451921400000002649e+01 3.135780863369250770e-01 0.000000000000000000e+00 3.452812970301581075e+00
-4.462873600000002483e+01 3.143495217708883183e-01 0.000000000000000000e+00 3.734310855182700895e+00
-4.291066800000003667e+01 3.022480395740844150e-01 0.000000000000000000e+00 3.576744445449878906e+00
-4.276053400000000693e+01 3.011905471301675186e-01 0.000000000000000000e+00 3.379174174179008450e+00
-4.329561200000004106e+01 3.049594531867974023e-01 0.000000000000000000e+00 3.422632636598188949e+00
-4.275224400000001168e+01 3.011321552112147248e-01 0.000000000000000000e+00 3.478886272041961547e+00
-4.336448800000002279e+01 3.054445921264591912e-01 0.000000000000000000e+00 3.307445734692461059e+00
-4.390878600000003473e+01 3.092784407033234984e-01 0.000000000000000000e+00 4.136615814426771287e+00
-4.362195600000001150e+01 3.072581084821834896e-01 0.000000000000000000e+00 3.863743428447692807e+00
-4.346446600000001581e+01 3.061488028952250029e-01 0.000000000000000000e+00 3.028118658264449703e+00
-4.490320000000000533e+01 3.162827521259519159e-01 0.000000000000000000e+00 3.361579535836921817e+00
-4.397920800000002828e+01 3.097744691371592252e-01 0.000000000000000000e+00 3.339466696964857206e+00
-4.571818400000002924e+01 3.220232201206298939e-01 0.000000000000000000e+00 3.499151451906273191e+00
-4.578669600000004181e+01 3.225057951690374902e-01 0.000000000000000000e+00 3.570098468039640593e+00
-4.550901800000002595e+01 3.205499264994363662e-01 0.000000000000000000e+00 3.289517028944086707e+00
-4.529294200000001069e+01 3.190279612063531833e-01 0.000000000000000000e+00 3.553168588175342091e+00
-4.492746200000002688e+01 3.164536453391769699e-01 0.000000000000000000e+00 3.441933786002903783e+00
-4.309100600000002856e+01 3.035182786428564650e-01 0.000000000000000000e+00 3.033991036849121858e+00
-4.507934800000003861e+01 3.175234782706697345e-01 0.000000000000000000e+00 3.961277987447275883e+00
-4.461799200000003651e+01 3.142738447169403093e-01 0.000000000000000000e+00 3.075033916990578930e+00
-4.509120800000004436e+01 3.176070160461559877e-01 0.000000000000000000e+00 4.113720341738893893e+00
-4.481302000000002295e+01 3.156475551113357425e-01 0.000000000000000000e+00 3.442082742183924182e+00
-4.501713800000001697e+01 3.170852923505178556e-01 0.000000000000000000e+00 4.188464362811436636e+00
-4.524704800000002081e+01 3.187046995985821085e-01 0.000000000000000000e+00 3.821436526828859481e+00
-4.557479000000004277e+01 3.210132019268631676e-01 0.000000000000000000e+00 3.696767322549622925e+00
-4.406950800000002033e+01 3.104105113906505120e-01 0.000000000000000000e+00 3.204094739506516465e+00
-4.496725200000003042e+01 3.167339124628361091e-01 0.000000000000000000e+00 3.992887867916344646e+00
-4.466618200000002759e+01 3.146132785618544481e-01 0.000000000000000000e+00 3.185772134634575981e+00
-4.404995400000004935e+01 3.102727797159578471e-01 0.000000000000000000e+00 3.112964670126949773e+00
-4.387315000000000964e+01 3.090274329320562563e-01 0.000000000000000000e+00 3.050047297447477934e+00
-4.412487800000000959e+01 3.108005186949230891e-01 0.000000000000000000e+00 4.288226970275947458e+00
-4.417835600000002927e+01 3.111771993995988694e-01 0.000000000000000000e+00 4.421698967781592771e+00
-4.575623200000003266e+01 3.222912171932859615e-01 0.000000000000000000e+00 3.981540997468343335e+00
-4.574754200000003124e+01 3.222300078114161415e-01 0.000000000000000000e+00 3.527317579421644478e+00
-4.571622200000003744e+01 3.220094004650225217e-01 0.000000000000000000e+00 3.561574299608576410e+00
-4.474562000000003081e+01 3.151728126098372607e-01 0.000000000000000000e+00 3.108494149451099808e+00
-4.558031800000001255e+01 3.210521392643745919e-01 0.000000000000000000e+00 4.391307857468736309e+00
-4.542573400000002692e+01 3.199633025455074775e-01 0.000000000000000000e+00 3.459089293476892202e+00
-4.665158200000004030e+01 3.285977557499138446e-01 0.000000000000000000e+00 4.709745383591196877e+00
-4.505290400000001938e+01 3.173372157972329521e-01 0.000000000000000000e+00 3.590271914519268304e+00
-4.604343800000002318e+01 3.243141978295676076e-01 0.000000000000000000e+00 3.348387117078033270e+00
-4.484839800000003152e+01 3.158967456190214795e-01 0.000000000000000000e+00 3.461497207272534737e+00
-4.608921200000002472e+01 3.246366141984636799e-01 0.000000000000000000e+00 3.265368225721490436e+00
-4.541183799999999593e+01 3.198654238837739805e-01 0.000000000000000000e+00 4.089913451426273383e+00
-4.488452200000003245e+01 3.161511906950472128e-01 0.000000000000000000e+00 3.092224708065000716e+00
-4.451517000000004032e+01 3.135496017868352747e-01 0.000000000000000000e+00 3.096043124406024916e+00
-4.636762200000003276e+01 3.265976388252027074e-01 0.000000000000000000e+00 4.356216092802085882e+00
-4.537561000000002309e+01 3.196102462673900968e-01 0.000000000000000000e+00 3.015083476523335193e+00
-4.494994400000001633e+01 3.166120008424215260e-01 0.000000000000000000e+00 2.507309118924594404e+00
-4.622914200000001017e+01 3.256222331633699674e-01 0.000000000000000000e+00 3.840813843818084550e+00
-4.713501800000003783e+01 3.320029132566563734e-01 0.000000000000000000e+00 4.089106928462497237e+00
-4.648338200000001308e+01 3.274130125933549795e-01 0.000000000000000000e+00 3.724944286109823199e+00
-4.648730800000004137e+01 3.274406659918845941e-01 0.000000000000000000e+00 3.837809897431638362e+00
-4.555850000000001643e+01 3.208984607495720676e-01 0.000000000000000000e+00 3.200413276469465718e+00
-4.664987800000003659e+01 3.285857533578878109e-01 0.000000000000000000e+00 3.888426971078419836e+00
-4.628662600000001959e+01 3.260271307591584566e-01 0.000000000000000000e+00 4.136484872195596907e+00
-4.634858600000001871e+01 3.264635557649870901e-01 0.000000000000000000e+00 3.392902874793473078e+00
-4.598869200000002166e+01 3.239285857674453761e-01 0.000000000000000000e+00 3.574648876892199567e+00
-4.562619600000003572e+01 3.213752881736292033e-01 0.000000000000000000e+00 2.577542748312387388e+00
-4.769516200000005313e+01 3.359483756269739385e-01 0.000000000000000000e+00 3.218523708845407949e+00
-4.659659600000001234e+01 3.282104532100412198e-01 0.000000000000000000e+00 3.436394192587998386e+00
-4.754815800000001502e+01 3.349129298303817892e-01 0.000000000000000000e+00 3.387869254903321803e+00
-4.719500000000000028e+01 3.324254059083606161e-01 0.000000000000000000e+00 3.508112152071987122e+00
-4.608206200000004316e+01 3.245862520488241310e-01 0.000000000000000000e+00 3.753172274675105058e+00
-4.660746800000000434e+01 3.282870318521226571e-01 0.000000000000000000e+00 3.509208675565280267e+00
-4.616178600000002064e+01 3.251478005827923567e-01 0.000000000000000000e+00 3.930073212596385535e+00
-4.838990400000002268e+01 3.408419001815152227e-01 0.000000000000000000e+00 3.823436475740670915e+00
-4.660105400000001197e+01 3.282418538342501413e-01 0.000000000000000000e+00 3.199754717601353438e+00
-4.686969600000001179e+01 3.301340760165583088e-01 0.000000000000000000e+00 3.662074839939398530e+00
-4.640886000000004685e+01 3.268881051646211899e-01 0.000000000000000000e+00 3.708015354702171695e+00
-4.662502600000001962e+01 3.284107043868603193e-01 0.000000000000000000e+00 3.544737161934007563e+00
-4.665082600000003055e+01 3.285924307450008297e-01 0.000000000000000000e+00 3.561943670929220040e+00
-4.660356800000000987e+01 3.282595615886829132e-01 0.000000000000000000e+00 3.324518827639466600e+00
-4.644535200000002106e+01 3.271451423065302455e-01 0.000000000000000000e+00 3.249660385875932089e+00
-4.679261400000003590e+01 3.295911368251562834e-01 0.000000000000000000e+00 3.624425994122756123e+00
-4.690768800000001448e+01 3.304016786444060050e-01 0.000000000000000000e+00 2.927063755186287697e+00
-4.608438400000001423e+01 3.246026074210565660e-01 0.000000000000000000e+00 3.548715391667037977e+00
-4.589936200000001776e+01 3.232993758615274604e-01 0.000000000000000000e+00 3.376876459269375630e+00
-4.601720000000000965e+01 3.241293863495330885e-01 0.000000000000000000e+00 2.842334774175070411e+00
-4.667158600000003332e+01 3.287386570703881850e-01 0.000000000000000000e+00 3.887759430585314480e+00
-4.688814200000001620e+01 3.302640033189714330e-01 0.000000000000000000e+00 3.709844559600846470e+00
-4.685058600000002116e+01 3.299994717257032084e-01 0.000000000000000000e+00 3.668182353535865303e+00
-4.643385600000002711e+01 3.270641684222984624e-01 0.000000000000000000e+00 3.515063398147170393e+00
-4.589717200000001895e+01 3.232839502520574171e-01 0.000000000000000000e+00 2.750562637689704992e+00
-4.573491800000004304e+01 3.221410886817587249e-01 0.000000000000000000e+00 3.505931378965674750e+00
-4.436742400000001396e+01 3.125089295965323699e-01 0.000000000000000000e+00 3.754533013050337598e+00
-4.675332000000003774e+01 3.293143633555140615e-01 0.000000000000000000e+00 2.893485158074946995e+00
-4.684158200000005223e+01 3.299360506354439004e-01 0.000000000000000000e+00 3.812285726527174123e+00
-4.824806800000003193e+01 3.398428560058098236e-01 0.000000000000000000e+00 4.056513406006083677e+00
-4.639856000000003888e+01 3.268155554945108010e-01 0.000000000000000000e+00 3.613132526065033101e+00
-4.463461800000001034e+01 3.143909525630813051e-01 0.000000000000000000e+00 3.999300374885789822e+00
-4.588925200000003457e+01 3.232281644863028158e-01 0.000000000000000000e+00 3.656164996069078743e+00
-4.466003000000002743e+01 3.145699459821924004e-01 0.000000000000000000e+00 3.533184166248096947e+00
-4.661820400000001996e+01 3.283626525568125176e-01 0.000000000000000000e+00 3.807326358852380022e+00
-4.721852400000003058e+01 3.325911009025040443e-01 0.000000000000000000e+00 3.578139154464385907e+00
-4.714988800000003266e+01 3.321076524405922603e-01 0.000000000000000000e+00 3.518893997481468805e+00
-4.787113600000000702e+01 3.371878761753223097e-01 0.000000000000000000e+00 3.664050914292716676e+00
-4.698464800000002128e+01 3.309437585096186019e-01 0.000000000000000000e+00 4.166901241069224326e+00
-4.591008000000002198e+01 3.233748697803859873e-01 0.000000000000000000e+00 2.877310465337272749e+00
-4.619789400000003354e+01 3.254021329603014601e-01 0.000000000000000000e+00 3.806207365960361244e+00
-4.583435600000003518e+01 3.228414958755867481e-01 0.000000000000000000e+00 3.485964434884091467e+00
-4.645061600000003210e+01 3.271822201185168311e-01 0.000000000000000000e+00 3.308923105257825625e+00
-4.605356600000003908e+01 3.243855359906237523e-01 0.000000000000000000e+00 3.501516101539071002e+00
-4.589617400000003755e+01 3.232769206820798602e-01 0.000000000000000000e+00 3.704601361578065966e+00
-4.619836800000001631e+01 3.254054716538579139e-01 0.000000000000000000e+00 4.147633365562495733e+00
-4.642977600000001104e+01 3.270354303005458818e-01 0.000000000000000000e+00 3.463063844245031220e+00
-4.698836400000005398e+01 3.309699327401168789e-01 0.000000000000000000e+00 3.401984368859391594e+00
-4.678300000000003678e+01 3.295234191039484450e-01 0.000000000000000000e+00 4.297695407653931987e+00
-4.673913400000003548e+01 3.292144420331660215e-01 0.000000000000000000e+00 3.598006728990737813e+00
-4.710859800000002906e+01 3.318168198309947026e-01 0.000000000000000000e+00 3.125831519722860552e+00
-4.485059000000002527e+01 3.159121853158060600e-01 0.000000000000000000e+00 3.672050071661316473e+00
-4.627572200000004443e+01 3.259503267200438148e-01 0.000000000000000000e+00 3.686435171743930983e+00
-4.702823000000003617e+01 3.312507351817301493e-01 0.000000000000000000e+00 3.883207494423582595e+00
-4.762131800000004489e+01 3.354282437978839959e-01 0.000000000000000000e+00 3.981777849517103451e+00
-4.745067400000001356e+01 3.342262859429028232e-01 0.000000000000000000e+00 3.724297352389325688e+00
-4.772068600000003613e+01 3.361281579357015548e-01 0.000000000000000000e+00 3.700537452011722905e+00
-4.667245799999999889e+01 3.287447991395467950e-01 0.000000000000000000e+00 3.303101421366643642e+00
-4.783305800000000119e+01 3.369196677929474637e-01 0.000000000000000000e+00 3.412046510191959925e+00
-4.696687600000002760e+01 3.308185786322205835e-01 0.000000000000000000e+00 4.030926618917161974e+00
-4.591636600000003199e+01 3.234191462101251857e-01 0.000000000000000000e+00 3.392611373344948333e+00
-4.651237000000001842e+01 3.276171941309431457e-01 0.000000000000000000e+00 3.644592875782152408e+00
-4.736327800000002952e+01 3.336106984701882605e-01 0.000000000000000000e+00 3.775580320785539179e+00
-4.727587200000004231e+01 3.329950405609008457e-01 0.000000000000000000e+00 3.592686647269798694e+00
-4.609663600000002504e+01 3.246889063102014195e-01 0.000000000000000000e+00 4.202229829135090355e+00
-4.687256000000002842e+01 3.301542490510434580e-01 0.000000000000000000e+00 4.184468862956266300e+00
-4.724183200000002358e+01 3.327552744666720241e-01 0.000000000000000000e+00 3.387775732648669713e+00
-4.717529400000002227e+01 3.322866035977594112e-01 0.000000000000000000e+00 3.896733990289142913e+00
-4.638631000000003723e+01 3.267292706926805401e-01 0.000000000000000000e+00 3.075534855529320044e+00
-4.594597800000002508e+01 3.236277229898636421e-01 0.000000000000000000e+00 4.568421800378964726e+00
-4.692096600000002127e+01 3.304952043259327121e-01 0.000000000000000000e+00 3.161972923945051139e+00
-4.737319800000002346e+01 3.336805715505274939e-01 0.000000000000000000e+00 3.182239217654731611e+00
-4.731127600000001365e+01 3.332444142036758983e-01 0.000000000000000000e+00 3.055370613209573705e+00
-4.691455800000004217e+01 3.304500685700040297e-01 0.000000000000000000e+00 3.603081684739473545e+00
-4.757373400000003727e+01 3.350930784092888692e-01 0.000000000000000000e+00 3.712044662311316578e+00
-4.590010400000003443e+01 3.233046022552384380e-01 0.000000000000000000e+00 3.736109840811709493e+00
-4.598195000000004740e+01 3.238810974299811130e-01 0.000000000000000000e+00 3.199385669992527603e+00
-4.598613200000003332e+01 3.239105540047772513e-01 0.000000000000000000e+00 3.046418371782732226e+00
-4.662924200000002628e+01 3.284404004460045878e-01 0.000000000000000000e+00 3.588498626242095924e+00
-4.671232400000003082e+01 3.290256015811603985e-01 0.000000000000000000e+00 3.904371291261147903e+00
-4.645847400000003091e+01 3.272375691775193940e-01 0.000000000000000000e+00 3.678524611978738701e+00
-4.693948200000003368e+01 3.306256246843563562e-01 0.000000000000000000e+00 3.760494917147867877e+00
-4.651847000000001486e+01 3.276601604404258961e-01 0.000000000000000000e+00 3.887884289271951843e+00
-4.623403600000004587e+01 3.256567048221585270e-01 0.000000000000000000e+00 3.066968653362976749e+00
-4.652840000000001197e+01 3.277301039573380370e-01 0.000000000000000000e+00 3.059576113837280342e+00
-4.584754000000002350e+01 3.229343594533278239e-01 0.000000000000000000e+00 3.466890725509856885e+00
-4.608920400000002360e+01 3.246365578492053094e-01 0.000000000000000000e+00 2.965087006811711667e+00
-4.640628600000002280e+01 3.268699747907506947e-01 0.000000000000000000e+00 3.539697046929926927e+00
-4.566511000000002696e+01 3.216493850535002696e-01 0.000000000000000000e+00 3.481093484463718912e+00
-4.536179200000002254e+01 3.195129170109256012e-01 0.000000000000000000e+00 3.343837919857777230e+00
-4.669789200000001017e+01 3.289239475191182982e-01 0.000000000000000000e+00 4.255637748872936221e+00
-4.603323400000001442e+01 3.242423243505572761e-01 0.000000000000000000e+00 3.852857988511957377e+00
-4.607625800000002414e+01 3.245453706618997014e-01 0.000000000000000000e+00 4.015240575234074960e+00
-4.669204000000001997e+01 3.288827280366440897e-01 0.000000000000000000e+00 3.022890760229821616e+00
-4.666048000000002816e+01 3.286604302125002985e-01 0.000000000000000000e+00 3.676000627768380991e+00
-4.761219000000001955e+01 3.353639492941200007e-01 0.000000000000000000e+00 3.896123701433090059e+00
-4.731374600000002317e+01 3.332618120371878545e-01 0.000000000000000000e+00 3.789516333398624148e+00
-4.605020600000002418e+01 3.243618693021216304e-01 0.000000000000000000e+00 3.343354206582172417e+00
-4.595861400000002561e+01 3.237167266434086699e-01 0.000000000000000000e+00 3.572198243082657765e+00
-4.690846800000002048e+01 3.304071726970940204e-01 0.000000000000000000e+00 3.591899255152861237e+00
-4.670713200000001564e+01 3.289890309124988699e-01 0.000000000000000000e+00 3.007348617780227329e+00
-4.518489800000003243e+01 3.182669362978680638e-01 0.000000000000000000e+00 3.181241926408520548e+00
-4.570196600000002007e+01 3.219089860866639063e-01 0.000000000000000000e+00 3.587818104581055323e+00
-4.766114200000001233e+01 3.357087504058908212e-01 0.000000000000000000e+00 4.191273242026734458e+00
-4.730621000000002141e+01 3.332087310358333720e-01 0.000000000000000000e+00 4.022401373959629822e+00
-4.635727600000000592e+01 3.265247651468567991e-01 0.000000000000000000e+00 4.155355758903747976e+00
-4.552787000000003559e+01 3.206827135267101281e-01 0.000000000000000000e+00 3.259450696409324610e+00
-4.642735400000003665e+01 3.270183705625842041e-01 0.000000000000000000e+00 4.066446564322330204e+00
-4.590337000000003087e+01 3.233276068399549286e-01 0.000000000000000000e+00 3.578120913922063551e+00
-4.627418000000004383e+01 3.259394654004991176e-01 0.000000000000000000e+00 4.405587698467581248e+00
-4.585172000000004289e+01 3.229638019408096472e-01 0.000000000000000000e+00 3.857196998135335342e+00
-4.668894600000002271e+01 3.288609349609818433e-01 0.000000000000000000e+00 3.905426189638091738e+00
-4.677805800000001568e+01 3.294886093496099400e-01 0.000000000000000000e+00 4.038880452868295556e+00
-4.532865000000001743e+01 3.192794761209453713e-01 0.000000000000000000e+00 2.535279109911079409e+00
-4.655817000000004668e+01 3.279397936349289777e-01 0.000000000000000000e+00 4.235906855584989472e+00
-4.592901800000002766e+01 3.235082625621868990e-01 0.000000000000000000e+00 3.378685407388052120e+00
-4.653659400000002933e+01 3.277878196851909953e-01 0.000000000000000000e+00 3.286090998384038286e+00
-4.832804800000003098e+01 3.404062077160450173e-01 0.000000000000000000e+00 3.873521868422518111e+00
-4.634919800000001544e+01 3.264678664832499355e-01 0.000000000000000000e+00 3.475169281712995328e+00
-4.572085800000002820e+01 3.220420548602294097e-01 0.000000000000000000e+00 3.391481653182683687e+00
-4.909901800000004357e+01 3.458366561786612725e-01 0.000000000000000000e+00 3.386873090356026239e+00
-4.834496800000003702e+01 3.405253863974301853e-01 0.000000000000000000e+00 3.420262190105703759e+00
-4.716169400000003264e+01 3.321908098585847346e-01 0.000000000000000000e+00 3.301946032933924524e+00
-4.827962000000002263e+01 3.400650974806952442e-01 0.000000000000000000e+00 4.310975382191203131e+00
-4.721634800000001775e+01 3.325757739042359828e-01 0.000000000000000000e+00 3.916140912964952925e+00
-4.718189000000002409e+01 3.323330635612591899e-01 0.000000000000000000e+00 3.215459746115458373e+00
-4.579603600000002217e+01 3.225715829281470826e-01 0.000000000000000000e+00 2.934063767442380843e+00
-4.733933000000001812e+01 3.334420169653530830e-01 0.000000000000000000e+00 3.531660841944658458e+00
-4.685845000000003324e+01 3.300548630466496602e-01 0.000000000000000000e+00 3.496836720869912707e+00
-4.819697400000001863e+01 3.394829673801188497e-01 0.000000000000000000e+00 3.272515283405907915e+00
-4.740170600000003986e+01 3.338813721326154282e-01 0.000000000000000000e+00 3.656913051941293347e+00
-4.694397000000004994e+01 3.306572366182841671e-01 0.000000000000000000e+00 4.437287056356063353e+00
-4.747231400000002566e+01 3.343787106867074921e-01 0.000000000000000000e+00 3.542502699899029661e+00
-4.681368000000005480e+01 3.297395185096752002e-01 0.000000000000000000e+00 3.192106581788106467e+00
-4.697228200000003540e+01 3.308566566435425793e-01 0.000000000000000000e+00 4.155790226386954167e+00
-4.833761800000002751e+01 3.404736155163319844e-01 0.000000000000000000e+00 3.033021508860113791e+00
-4.882974000000002945e+01 3.439399542303151480e-01 0.000000000000000000e+00 3.629816789766768359e+00
-4.762462600000001345e+01 3.354515442162065431e-01 0.000000000000000000e+00 2.741168612793020820e+00
-4.760003400000002216e+01 3.352783265960753156e-01 0.000000000000000000e+00 3.337354978931365679e+00
-4.805808400000004355e+01 3.385046738187965643e-01 0.000000000000000000e+00 4.075663705328659070e+00
-4.813006000000002871e+01 3.390116480960644330e-01 0.000000000000000000e+00 3.873093078659431310e+00
-4.687304800000000427e+01 3.301576863558019492e-01 0.000000000000000000e+00 3.562476953148347558e+00
-4.685088200000001990e+01 3.300015566482617513e-01 0.000000000000000000e+00 3.678996067945106585e+00
-4.766870600000003577e+01 3.357620286296497114e-01 0.000000000000000000e+00 3.199437386583882326e+00
-4.794770800000001998e+01 3.377272231015056025e-01 0.000000000000000000e+00 3.619561442257719808e+00
-4.702764800000002055e+01 3.312466357731859157e-01 0.000000000000000000e+00 2.944847906226065515e+00
-4.735138400000004566e+01 3.335269212103542102e-01 0.000000000000000000e+00 4.573109902588778475e+00
-4.788868800000001613e+01 3.373115064481161940e-01 0.000000000000000000e+00 3.438778951933169736e+00
-4.703971800000002190e+01 3.313316527167035619e-01 0.000000000000000000e+00 2.880706570606480721e+00
-4.767144800000002647e+01 3.357813423379449880e-01 0.000000000000000000e+00 3.290216991231718069e+00
-4.773669200000002633e+01 3.362408987143214456e-01 0.000000000000000000e+00 3.082591011302935780e+00
-4.648120600000002867e+01 3.273976855950871401e-01 0.000000000000000000e+00 3.878364611659627759e+00
-4.698449400000001930e+01 3.309426737863955803e-01 0.000000000000000000e+00 3.403380915045056909e+00
-4.879000400000004589e+01 3.436600674641498987e-01 0.000000000000000000e+00 4.143701556126655028e+00
-4.746902600000002792e+01 3.343555511415305381e-01 0.000000000000000000e+00 3.488708085463700481e+00
-4.742509200000004199e+01 3.340460951020523539e-01 0.000000000000000000e+00 3.916065929420968761e+00
-4.841043200000001434e+01 3.409864923784107216e-01 0.000000000000000000e+00 3.427662446072860192e+00
-4.820668600000004034e+01 3.395513753797414491e-01 0.000000000000000000e+00 4.008276812076015716e+00
-4.760406400000002236e+01 3.353067125349631361e-01 0.000000000000000000e+00 3.203973921933241709e+00
-4.767265800000004106e+01 3.357898651632687526e-01 0.000000000000000000e+00 4.341528265884112336e+00
-4.751483600000003094e+01 3.346782210820891112e-01 0.000000000000000000e+00 3.782625222626810668e+00
-4.689103200000003824e+01 3.302843594885462308e-01 0.000000000000000000e+00 3.676682292911105154e+00
-4.695479000000002401e+01 3.307334489901862518e-01 0.000000000000000000e+00 3.250931965132336288e+00
-4.797793600000003522e+01 3.379401387741362006e-01 0.000000000000000000e+00 3.497312592318261526e+00
-4.841011600000003767e+01 3.409842665827065300e-01 0.000000000000000000e+00 3.915163639670502072e+00
-4.767053400000001773e+01 3.357749044351798218e-01 0.000000000000000000e+00 3.621572417918253350e+00
-4.820286400000002658e+01 3.395244545215703180e-01 0.000000000000000000e+00 3.283942317851173076e+00
-4.811220200000004610e+01 3.388858624641393202e-01 0.000000000000000000e+00 3.437728279787762187e+00
-4.730943000000004162e+01 3.332314116123145653e-01 0.000000000000000000e+00 3.318434019917444910e+00
-4.843197200000002312e+01 3.411382127564861477e-01 0.000000000000000000e+00 3.666978277504917116e+00
-4.849095400000000211e+01 3.415536617508982409e-01 0.000000000000000000e+00 3.999009676584713624e+00
-4.844084400000001267e+01 3.412007040839830085e-01 0.000000000000000000e+00 3.907481260618513197e+00
-4.778600400000001969e+01 3.365882355427174399e-01 0.000000000000000000e+00 4.022971175935527555e+00
-4.977551800000001947e+01 3.506016903368771587e-01 0.000000000000000000e+00 3.176267299528892973e+00
-4.861637400000002174e+01 3.424370772484940373e-01 0.000000000000000000e+00 4.719283292842786359e+00
-4.901857000000002529e+01 3.452700080368131252e-01 0.000000000000000000e+00 4.050905875931525735e+00
-4.893169000000001034e+01 3.446580550912612395e-01 0.000000000000000000e+00 3.655749767023299235e+00
-4.698716800000002536e+01 3.309615085259951517e-01 0.000000000000000000e+00 3.449133830570782600e+00
-4.817659000000003289e+01 3.393393894698734647e-01 0.000000000000000000e+00 3.603821509876773188e+00
-4.839335600000003268e+01 3.408662148864881614e-01 0.000000000000000000e+00 3.316522759671367115e+00
-4.918166400000003335e+01 3.464187862792375561e-01 0.000000000000000000e+00 3.800448798630780001e+00
-4.882715400000002148e+01 3.439217393325572636e-01 0.000000000000000000e+00 2.846722561207692959e+00
-4.950094200000003042e+01 3.486676710921967626e-01 0.000000000000000000e+00 3.777390945799772304e+00
-4.858039400000002672e+01 3.421836464591184734e-01 0.000000000000000000e+00 3.233684027773707115e+00
-4.776879400000002107e+01 3.364670142007176179e-01 0.000000000000000000e+00 3.665656626774824289e+00
-4.881447600000002041e+01 3.438324398454059572e-01 0.000000000000000000e+00 3.015124197824539110e+00
-5.049159200000004688e+01 3.556454701887774017e-01 0.000000000000000000e+00 3.641483126133519654e+00
-4.862309200000000686e+01 3.424843965381833555e-01 0.000000000000000000e+00 3.091984874441292330e+00
-4.822491800000004503e+01 3.396797953394940506e-01 0.000000000000000000e+00 3.062098985276655139e+00
-4.879443400000000963e+01 3.436912708659543569e-01 0.000000000000000000e+00 3.402696674140388122e+00
-4.946927200000003211e+01 3.484445984657508211e-01 0.000000000000000000e+00 3.662223491188119073e+00
-4.925174000000003360e+01 3.469123776076502019e-01 0.000000000000000000e+00 4.216334278143813563e+00
-4.806983400000002860e+01 3.385874367919805561e-01 0.000000000000000000e+00 2.814035098035156945e+00
-4.956356200000003298e+01 3.491087449118382979e-01 0.000000000000000000e+00 3.794652648954602192e+00
-4.939829200000002629e+01 3.479446396711459166e-01 0.000000000000000000e+00 3.666494226900534059e+00
-4.968219800000002806e+01 3.499443762383632195e-01 0.000000000000000000e+00 3.393440269374744744e+00
-4.929106600000004335e+01 3.471893764743258504e-01 0.000000000000000000e+00 3.939868452508883845e+00
-4.963727800000002333e+01 3.496279751527947011e-01 0.000000000000000000e+00 2.912219740418089398e+00
-5.015450000000001296e+01 3.532711096648135651e-01 0.000000000000000000e+00 4.123885746097809779e+00
-4.799928399999999584e+01 3.380905067700111788e-01 0.000000000000000000e+00 3.421064925426560155e+00
-4.860885000000002520e+01 3.423840807710271106e-01 0.000000000000000000e+00 3.994409157494353213e+00
-4.888158000000002801e+01 3.443050974243460627e-01 0.000000000000000000e+00 3.084102517522052000e+00
-5.008754600000003165e+01 3.527995086344675180e-01 0.000000000000000000e+00 4.231673621950434949e+00
-4.926806000000001973e+01 3.470273300946598583e-01 0.000000000000000000e+00 3.454592697592963280e+00
-5.096904200000002305e+01 3.590084643629682937e-01 0.000000000000000000e+00 3.391706051358850171e+00
-5.130789000000002886e+01 3.613951935491371281e-01 0.000000000000000000e+00 3.643732862994855548e+00
-5.152455800000002029e+01 3.629213286873371191e-01 0.000000000000000000e+00 3.748573735750651004e+00
-5.081132200000003962e+01 3.578975387348326542e-01 0.000000000000000000e+00 4.176757835846973244e+00
-5.185701400000001371e+01 3.652630348160937346e-01 0.000000000000000000e+00 3.400025002909255800e+00
-5.186183800000002719e+01 3.652970134188717188e-01 0.000000000000000000e+00 3.644509121947091312e+00
-5.206761000000004458e+01 3.667464008672153830e-01 0.000000000000000000e+00 3.821486771156117790e+00
-5.080708600000001240e+01 3.578677018025424039e-01 0.000000000000000000e+00 3.592194790139736860e+00
-5.261374200000000201e+01 3.705931675115533563e-01 0.000000000000000000e+00 4.574498891078759399e+00
-5.107722800000001939e+01 3.597704894707890455e-01 0.000000000000000000e+00 4.193651374991208769e+00
-5.205696200000001994e+01 3.666714000043672095e-01 0.000000000000000000e+00 3.640949664295752619e+00
-5.059434800000002497e+01 3.563692482375010462e-01 0.000000000000000000e+00 3.961566901115789907e+00
-5.107887200000003247e+01 3.597820692433776335e-01 0.000000000000000000e+00 3.292297174261844539e+00
-5.098009800000003366e+01 3.590863390379916420e-01 0.000000000000000000e+00 4.944143238297616705e+00
-5.084106800000001414e+01 3.581070593646481504e-01 0.000000000000000000e+00 3.477903856422890794e+00
-5.228028400000002307e+01 3.682444036381900543e-01 0.000000000000000000e+00 4.104395857676143677e+00
-5.184629200000001958e+01 3.651875127226061335e-01 0.000000000000000000e+00 3.789796617758763198e+00
-5.083799800000003444e+01 3.580854353367610154e-01 0.000000000000000000e+00 3.163980088113033329e+00
-5.074883800000003475e+01 3.574574228525828623e-01 0.000000000000000000e+00 3.302956276886853004e+00
-5.156594599999998962e+01 3.632128515753491049e-01 0.000000000000000000e+00 2.974743180067411341e+00
-5.211957800000003971e+01 3.671124456493797261e-01 0.000000000000000000e+00 3.289124550730510244e+00
-5.207811800000002478e+01 3.668204156180423503e-01 0.000000000000000000e+00 3.476757648607028628e+00
-5.092096200000003847e+01 3.586698053203563608e-01 0.000000000000000000e+00 2.939095751781043209e+00
-5.176582400000005180e+01 3.646207237076125041e-01 0.000000000000000000e+00 3.931545025803879767e+00
-5.060899800000000681e+01 3.564724378168325769e-01 0.000000000000000000e+00 3.678814612937106876e+00
-5.128975600000003254e+01 3.612674638677992323e-01 0.000000000000000000e+00 3.495093157941703055e+00
-5.167857800000000879e+01 3.640061927834914446e-01 0.000000000000000000e+00 4.215353167647517552e+00
-5.127154600000002915e+01 3.611391988685070942e-01 0.000000000000000000e+00 3.325676710522705637e+00
-5.179865800000003162e+01 3.648519951511465242e-01 0.000000000000000000e+00 3.138611420086753867e+00
-5.057085199999998792e+01 3.562037504657617482e-01 0.000000000000000000e+00 3.414949761213497581e+00
-5.118681600000001453e+01 3.605423897861335658e-01 0.000000000000000000e+00 4.526243070659253576e+00
-5.086602400000004565e+01 3.582828408760340699e-01 0.000000000000000000e+00 4.240061028794635867e+00
-5.138958399999999926e+01 3.619706180879710411e-01 0.000000000000000000e+00 3.047239245735639646e+00
-5.212540000000002749e+01 3.671534538221351562e-01 0.000000000000000000e+00 3.880567008189718337e+00
-5.097662400000001526e+01 3.590618693725581845e-01 0.000000000000000000e+00 3.082560568686396607e+00
-5.183696400000004445e+01 3.651218094873840969e-01 0.000000000000000000e+00 3.497012043015285343e+00
-5.012392800000002069e+01 3.530557709740745342e-01 0.000000000000000000e+00 3.182990111025298940e+00
-5.111800800000003164e+01 3.600577298151675931e-01 0.000000000000000000e+00 4.468188553794321116e+00
-5.259981800000003460e+01 3.704950916274161177e-01 0.000000000000000000e+00 3.667678807863704815e+00
-5.038391000000001441e+01 3.548869950842316601e-01 0.000000000000000000e+00 3.445702296405559473e+00
-4.978005400000001401e+01 3.506336403663548040e-01 0.000000000000000000e+00 2.675601410253308110e+00
-5.170970200000003558e+01 3.642254195730559863e-01 0.000000000000000000e+00 4.097465176659266461e+00
-5.280536400000006125e+01 3.719428872092118699e-01 0.000000000000000000e+00 4.676611880270898247e+00
-5.115774999999999295e+01 3.603376588432764538e-01 0.000000000000000000e+00 3.171970089962413475e+00
-5.079234400000000704e+01 3.577638642067398345e-01 0.000000000000000000e+00 4.405259260931670084e+00
-5.111485000000002543e+01 3.600354859454386047e-01 0.000000000000000000e+00 3.769850515523651246e+00
-5.051734600000003184e+01 3.558268725386822262e-01 0.000000000000000000e+00 4.360493570233127336e+00
-5.202000200000003360e+01 3.664110664308452558e-01 0.000000000000000000e+00 3.145060879241827312e+00
-5.131446600000001723e+01 3.614415126394909805e-01 0.000000000000000000e+00 3.463626464575106922e+00
-5.260156200000001547e+01 3.705073757657337263e-01 0.000000000000000000e+00 3.755351333139030245e+00
-5.220160400000003875e+01 3.676902086824348492e-01 0.000000000000000000e+00 3.220291861229194197e+00
-5.093989200000002171e+01 3.588031417528987910e-01 0.000000000000000000e+00 3.079770694326497971e+00
-5.221507400000002974e+01 3.677850867461616158e-01 0.000000000000000000e+00 3.400078383369204538e+00
-5.207786800000001648e+01 3.668186547037192158e-01 0.000000000000000000e+00 3.073396610105187943e+00
-5.306524200000002622e+01 3.737733787790103457e-01 0.000000000000000000e+00 3.604037626715880904e+00
-5.175362400000001628e+01 3.645347910886466702e-01 0.000000000000000000e+00 2.940229577208369083e+00
-5.163125800000003096e+01 3.636728869204217118e-01 0.000000000000000000e+00 4.211930937330815361e+00
-5.361375800000001846e+01 3.776369375023333474e-01 0.000000000000000000e+00 3.395314055398091835e+00
-5.315146800000000837e+01 3.743807251726929408e-01 0.000000000000000000e+00 3.823582597007336936e+00
-5.385966800000006316e+01 3.793690432670741020e-01 0.000000000000000000e+00 3.756628943772312823e+00
-5.338918600000005910e+01 3.760551292968954962e-01 0.000000000000000000e+00 3.131224194878083011e+00
-5.217565000000003295e+01 3.675073976010714283e-01 0.000000000000000000e+00 3.259512748165673823e+00
-5.379074800000002909e+01 3.788835944064910533e-01 0.000000000000000000e+00 3.445439062797440943e+00
-5.293857400000001689e+01 3.728811727971139134e-01 0.000000000000000000e+00 3.536389875285845363e+00
-5.402571800000002611e+01 3.805386425604541101e-01 0.000000000000000000e+00 3.621699488573191239e+00
-5.426114000000003301e+01 3.821968744475133795e-01 0.000000000000000000e+00 3.639118109952165891e+00
-5.388632600000001105e+01 3.795568130831709075e-01 0.000000000000000000e+00 4.136915069205822526e+00
-5.330980200000004032e+01 3.754959756064063514e-01 0.000000000000000000e+00 3.253394047309158488e+00
-5.194419800000004273e+01 3.658771290334625892e-01 0.000000000000000000e+00 3.767026975364959007e+00
-5.206719600000005244e+01 3.667434847930964859e-01 0.000000000000000000e+00 3.555375523047154651e+00
-5.361939800000002521e+01 3.776766637294617368e-01 0.000000000000000000e+00 3.390914943006242854e+00
-5.319755400000003220e+01 3.747053391626643526e-01 0.000000000000000000e+00 4.474846615540035266e+00
-5.449348400000000936e+01 3.838334259574268104e-01 0.000000000000000000e+00 4.292507168833720854e+00
-5.436935000000001850e+01 3.829590686031090763e-01 0.000000000000000000e+00 3.563014297975207523e+00
-5.390953800000004037e+01 3.797203104562391074e-01 0.000000000000000000e+00 3.116611087846035133e+00
-5.424813000000004592e+01 3.821052364661411405e-01 0.000000000000000000e+00 2.631495458437612012e+00
-5.401054600000003347e+01 3.804317761920159580e-01 0.000000000000000000e+00 3.302483866909263099e+00
-5.265018800000003552e+01 3.708498806452274477e-01 0.000000000000000000e+00 3.207561175598694803e+00
-5.275552800000001952e+01 3.715918595043943284e-01 0.000000000000000000e+00 3.886157032445323178e+00
-5.225976200000002336e+01 3.680998537032382223e-01 0.000000000000000000e+00 3.056148785142053459e+00
-5.320685000000002418e+01 3.747708170008531847e-01 0.000000000000000000e+00 3.207313201800604308e+00
-5.475061200000003936e+01 3.856445474696720277e-01 0.000000000000000000e+00 4.094015547366272934e+00
-5.483278000000002095e+01 3.862233107020626166e-01 0.000000000000000000e+00 4.231939534138698278e+00
-5.418335400000000845e+01 3.816489765213771923e-01 0.000000000000000000e+00 3.641957932833558509e+00
-5.377105200000001162e+01 3.787448625324625340e-01 0.000000000000000000e+00 3.222653769876777652e+00
-5.407815800000002326e+01 3.809080119488604255e-01 0.000000000000000000e+00 3.280076904160645235e+00
-5.571313400000002503e+01 3.924242225739356660e-01 0.000000000000000000e+00 3.347663305548689294e+00
-5.594555800000001966e+01 3.940613375764326354e-01 0.000000000000000000e+00 3.098868707528766198e+00
-5.633961400000003295e+01 3.968369329943927659e-01 0.000000000000000000e+00 3.191096488575358325e+00
-5.585196400000002370e+01 3.934020935158205612e-01 0.000000000000000000e+00 3.621874144680214069e+00
-5.586675800000004699e+01 3.935062973818024834e-01 0.000000000000000000e+00 3.389221454569938619e+00
-5.571989000000004211e+01 3.924718095226023551e-01 0.000000000000000000e+00 3.933469642977078351e+00
-5.515755800000005848e+01 3.885109356301295058e-01 0.000000000000000000e+00 2.838112888080900120e+00
-5.655820400000001769e+01 3.983766060419084987e-01 0.000000000000000000e+00 4.284295464396272735e+00
-5.590413200000002547e+01 3.937695470294433897e-01 0.000000000000000000e+00 3.329241290789688001e+00
-5.643144200000001831e+01 3.974837379562266015e-01 0.000000000000000000e+00 4.081343572031843614e+00
-5.486019800000001112e+01 3.864164336977017888e-01 0.000000000000000000e+00 2.978361881058346317e+00
-5.483849800000001551e+01 3.862635863344597298e-01 0.000000000000000000e+00 3.413132349136673849e+00
-5.487552800000002406e+01 3.865244129639923143e-01 0.000000000000000000e+00 3.249817356300057192e+00
-5.440880800000003603e+01 3.832369972325472829e-01 0.000000000000000000e+00 3.200878603805366485e+00
-5.559266200000003266e+01 3.915756590926222080e-01 0.000000000000000000e+00 3.218275588791317254e+00
-5.661134000000004818e+01 3.987508778157903833e-01 0.000000000000000000e+00 3.979412902741439773e+00
-5.661041600000003626e+01 3.987443694764522539e-01 0.000000000000000000e+00 3.233994535977343432e+00
-5.793529400000002028e+01 4.080763560625111919e-01 0.000000000000000000e+00 3.479048757887939658e+00
-5.770302000000004483e+01 4.064402976086082253e-01 0.000000000000000000e+00 3.547781622423234804e+00
-5.855911600000003148e+01 4.124703444418854614e-01 0.000000000000000000e+00 3.710950233144164834e+00
-5.752313600000002225e+01 4.051732563602465920e-01 0.000000000000000000e+00 3.110915446335124290e+00
-5.775791800000003917e+01 4.068269803066388302e-01 0.000000000000000000e+00 3.539340956640020686e+00
-5.869851400000001007e+01 4.134522161811122198e-01 0.000000000000000000e+00 3.995954365140681919e+00
-5.681512599999999935e+01 4.001862765607511752e-01 0.000000000000000000e+00 3.519336303781602115e+00
-5.904064200000004092e+01 4.158620485631998598e-01 0.000000000000000000e+00 3.587522029501363008e+00
-5.822643000000005031e+01 4.101270182719517488e-01 0.000000000000000000e+00 3.735800472509745340e+00
-5.872510600000003222e+01 4.136395211158282459e-01 0.000000000000000000e+00 3.948666522028145831e+00
-5.866876600000006903e+01 4.132426814639824086e-01 0.000000000000000000e+00 3.558370304774789883e+00
-5.906219400000004072e+01 4.160138534651627307e-01 0.000000000000000000e+00 3.391786284178204269e+00
-5.786421800000001525e+01 4.075757210768062855e-01 0.000000000000000000e+00 4.316422422676660986e+00
-5.770245200000005781e+01 4.064362968112663066e-01 0.000000000000000000e+00 4.088901796016958912e+00
-5.957676600000007738e+01 4.196383222853574124e-01 0.000000000000000000e+00 3.666134352440654443e+00
-5.955973400000004148e+01 4.195183547143553349e-01 0.000000000000000000e+00 3.362739903565892252e+00
-5.898853800000004100e+01 4.154950458436437732e-01 0.000000000000000000e+00 3.666414728170485304e+00
-5.934156000000002251e+01 4.179816118282729809e-01 0.000000000000000000e+00 2.962394638317338291e+00
-5.793066800000001138e+01 4.080437721038771004e-01 0.000000000000000000e+00 3.126074196204846611e+00
-5.854773600000001466e+01 4.123901876218993845e-01 0.000000000000000000e+00 2.812046667196134386e+00
-5.915720000000005285e+01 4.166830431698715365e-01 0.000000000000000000e+00 3.970863313861827226e+00
-5.863054400000003596e+01 4.129734587949572822e-01 0.000000000000000000e+00 3.233607184601597240e+00
-6.027100800000003034e+01 4.245283250112524831e-01 0.000000000000000000e+00 3.433956643322420454e+00
-6.018464600000000786e+01 4.239200206801778670e-01 0.000000000000000000e+00 3.166439677204949454e+00
-6.161664200000002012e+01 4.340065097480696465e-01 0.000000000000000000e+00 3.941180976090667087e+00
-6.031398400000004756e+01 4.248310332270449075e-01 0.000000000000000000e+00 3.660312047433921023e+00
-6.083218800000005189e+01 4.284810846105248650e-01 0.000000000000000000e+00 3.654124890505262346e+00
-6.093461200000004396e+01 4.292025241650275769e-01 0.000000000000000000e+00 3.616312607534102330e+00
-6.179529800000001671e+01 4.352649013852761817e-01 0.000000000000000000e+00 3.680033254405632892e+00
-6.067337400000005232e+01 4.273624532213113891e-01 0.000000000000000000e+00 3.247558285466018990e+00
-6.053336600000002221e+01 4.263762848511359893e-01 0.000000000000000000e+00 3.430628891788757517e+00
-5.938786200000003390e+01 4.183077472482194525e-01 0.000000000000000000e+00 3.261901191759805307e+00
-6.067115200000003483e+01 4.273468022148078638e-01 0.000000000000000000e+00 3.373847097733513323e+00
-6.089687000000004247e+01 4.289366824515029597e-01 0.000000000000000000e+00 3.751988490470921089e+00
-6.111368000000003065e+01 4.304638177890384720e-01 0.000000000000000000e+00 3.126864830510399429e+00
-5.985192600000004859e+01 4.215764550258963572e-01 0.000000000000000000e+00 2.953551713063682804e+00
-6.119811800000002933e+01 4.310585701234825873e-01 0.000000000000000000e+00 3.733714512152555010e+00
-6.074674800000004637e+01 4.278792745314738410e-01 0.000000000000000000e+00 3.901797796884627356e+00
-6.068767000000003264e+01 4.274631493459614129e-01 0.000000000000000000e+00 3.849639164029834415e+00
-6.070055200000001605e+01 4.275538857392002789e-01 0.000000000000000000e+00 3.351497480306528054e+00
-6.099873399999999890e+01 4.296541775579217348e-01 0.000000000000000000e+00 3.672818141626207122e+00
-6.082078800000002161e+01 4.284007869173928618e-01 0.000000000000000000e+00 3.305052675546544361e+00
-6.220078400000002716e+01 4.381210058060869272e-01 0.000000000000000000e+00 3.800123746967547511e+00
-6.206494000000003552e+01 4.371641672248767763e-01 0.000000000000000000e+00 3.661579075378890380e+00
-6.209422200000003045e+01 4.373704195977087816e-01 0.000000000000000000e+00 3.283921380460632644e+00
-6.194210200000004107e+01 4.362989384504097901e-01 0.000000000000000000e+00 3.855798267020145609e+00
-6.077969400000002764e+01 4.281113348646246042e-01 0.000000000000000000e+00 3.620306526500515432e+00
-6.117665600000001547e+01 4.309073991506759405e-01 0.000000000000000000e+00 3.050963971074048153e+00
-6.250481000000002041e+01 4.402624607580244431e-01 0.000000000000000000e+00 3.238674243834468225e+00
-6.301011400000005835e+01 4.438216489624344785e-01 0.000000000000000000e+00 2.980235629658646967e+00
-6.301351000000004632e+01 4.438455692225989346e-01 0.000000000000000000e+00 3.913778359226734782e+00
-6.238380800000001614e+01 4.394101641383459933e-01 0.000000000000000000e+00 3.425089683989266831e+00
-6.116138800000002362e+01 4.307998565911376754e-01 0.000000000000000000e+00 3.465483359155229870e+00
-6.154632800000004522e+01 4.335112420292216440e-01 0.000000000000000000e+00 3.142194276348805548e+00
-6.321661800000002529e+01 4.452761923679157685e-01 0.000000000000000000e+00 3.976325593653446511e+00
-6.150609200000004506e+01 4.332278334344101256e-01 0.000000000000000000e+00 3.326241687061155083e+00
-6.270597200000006666e+01 4.416793769462510344e-01 0.000000000000000000e+00 3.326909898015139699e+00
-6.248414200000002694e+01 4.401168824491080156e-01 0.000000000000000000e+00 3.495179513234382362e+00
-6.183782200000003115e+01 4.355644258679725045e-01 0.000000000000000000e+00 3.418972222185604259e+00
-6.154038000000005582e+01 4.334693463556473225e-01 0.000000000000000000e+00 2.963524607795605892e+00
-6.133947000000004834e+01 4.320542051690586804e-01 0.000000000000000000e+00 3.876450837982203357e+00
-6.225722200000005557e+01 4.385185357363478587e-01 0.000000000000000000e+00 4.140729718922460556e+00
-6.267516600000003280e+01 4.414623900397053324e-01 0.000000000000000000e+00 4.037467932392150516e+00
-6.193275800000002818e+01 4.362331225166707904e-01 0.000000000000000000e+00 3.482873975139356926e+00
-6.240241600000003785e+01 4.395412325132405651e-01 0.000000000000000000e+00 3.243173412754236651e+00
-6.212398800000003973e+01 4.375800811006703706e-01 0.000000000000000000e+00 3.142855390936623028e+00
-6.066145200000004678e+01 4.272784787390729866e-01 0.000000000000000000e+00 3.132445645516801047e+00
-6.112824800000004899e+01 4.305664297884722602e-01 0.000000000000000000e+00 2.993170649506416758e+00
-6.209729000000000099e+01 4.373920295382812129e-01 0.000000000000000000e+00 3.624194688994697877e+00
-6.048265200000004427e+01 4.260190728152162820e-01 0.000000000000000000e+00 3.268333458268970038e+00
-6.257694000000005730e+01 4.407705197585156665e-01 0.000000000000000000e+00 3.412318892815064952e+00
-6.240762000000001564e+01 4.395778877057893719e-01 0.000000000000000000e+00 3.210793787879069772e+00
-6.206353600000004889e+01 4.371542779300385262e-01 0.000000000000000000e+00 3.298726540499217208e+00
-6.284831000000004053e+01 4.426819570379170177e-01 0.000000000000000000e+00 3.972166435055028089e+00
-6.181923000000003299e+01 4.354334701915947847e-01 0.000000000000000000e+00 4.075630509751859698e+00
-6.144713200000003184e+01 4.328125394004582183e-01 0.000000000000000000e+00 3.761239308194987530e+00
-6.288142800000002808e+01 4.429152288801220805e-01 0.000000000000000000e+00 3.961472372285309795e+00
-6.190322400000002290e+01 4.360250951422010579e-01 0.000000000000000000e+00 3.258776453015965302e+00
-6.051802600000003451e+01 4.262682351482727783e-01 0.000000000000000000e+00 3.458899207347607252e+00
-6.078531000000005946e+01 4.281508920439782151e-01 0.000000000000000000e+00 3.929604253996870522e+00
-6.206307200000004087e+01 4.371510096730548689e-01 0.000000000000000000e+00 3.123351214077726201e+00
-6.334818200000002975e+01 4.462028840959151310e-01 0.000000000000000000e+00 3.413325374528481504e+00
-6.291187400000007557e+01 4.431296800700426641e-01 0.000000000000000000e+00 3.459114711833100930e+00
-6.224706800000003426e+01 4.384470144402020653e-01 0.000000000000000000e+00 3.546686547303586678e+00
-6.845328200000001573e+01 4.821614589386477578e-01 0.000000000000000000e+00 2.989736411893533230e+00
-7.051833600000006186e+01 4.967069916046653044e-01 0.000000000000000000e+00 3.425705048349445114e+00
-7.037799000000003957e+01 4.957184424783251941e-01 0.000000000000000000e+00 4.135640590676676887e+00
-6.767521800000004362e+01 4.766810427712004916e-01 0.000000000000000000e+00 3.235382015768083708e+00
-7.032591399999999737e+01 4.953516369811730158e-01 0.000000000000000000e+00 3.345397733024467524e+00
-7.112336000000003366e+01 5.009685733142593689e-01 0.000000000000000000e+00 3.894144038622011195e+00
-7.074939800000002776e+01 4.983345131459299693e-01 0.000000000000000000e+00 2.924315354285357493e+00
-6.949755400000005068e+01 4.895169530265542357e-01 0.000000000000000000e+00 3.140569107771855162e+00
-7.007681800000003136e+01 4.935970901242996423e-01 0.000000000000000000e+00 3.249078419651711069e+00
-7.068272800000002576e+01 4.978649125142547982e-01 0.000000000000000000e+00 3.125934204833085150e+00
-7.207210200000001521e+01 5.076511868210356049e-01 0.000000000000000000e+00 3.254021493474798188e+00
-7.079794400000002952e+01 4.986764545328402076e-01 0.000000000000000000e+00 3.854433278216949255e+00
-7.170056000000001006e+01 5.050341723033534569e-01 0.000000000000000000e+00 3.659888621311315315e+00
-7.145874600000007604e+01 5.033309173588825791e-01 0.000000000000000000e+00 3.456653868402712160e+00
-7.096905200000003333e+01 4.998816806448048156e-01 0.000000000000000000e+00 2.805562274348670559e+00
-7.170246400000003462e+01 5.050475834268380870e-01 0.000000000000000000e+00 3.969453887928146685e+00
-7.091086000000005640e+01 4.994717961396535899e-01 0.000000000000000000e+00 2.767123715150714425e+00
-7.193108600000005026e+01 5.066579184443100736e-01 0.000000000000000000e+00 3.054157268645510737e+00
-7.164118000000006248e+01 5.046159199333393186e-01 0.000000000000000000e+00 3.706969535152056405e+00
-7.270390600000006032e+01 5.121013976729169581e-01 0.000000000000000000e+00 3.368754583582496132e+00
-7.326323200000004476e+01 5.160410983315691924e-01 0.000000000000000000e+00 3.417692074269010227e+00
-7.353616400000007047e+01 5.179635378036613336e-01 0.000000000000000000e+00 3.342719651449379104e+00
-7.358991600000003075e+01 5.183421484704348048e-01 0.000000000000000000e+00 3.123737041750479726e+00
-7.364919600000006028e+01 5.187596964747204220e-01 0.000000000000000000e+00 3.635747066407801320e+00
-7.362139600000004691e+01 5.185638828019953905e-01 0.000000000000000000e+00 3.328558346043244409e+00
-7.247304800000004832e+01 5.104753130377395198e-01 0.000000000000000000e+00 2.740008873482644880e+00
-7.328226999999999691e+01 5.161751954790989583e-01 0.000000000000000000e+00 2.862390763175271857e+00
-7.300545400000004292e+01 5.142253984420841473e-01 0.000000000000000000e+00 3.575876364646344285e+00
-7.322921600000003650e+01 5.158015012851154824e-01 0.000000000000000000e+00 3.102256979264931047e+00
-7.430931800000003307e+01 5.234093696138035767e-01 0.000000000000000000e+00 3.561338978484458462e+00
-7.416172600000001580e+01 5.223697821467236935e-01 0.000000000000000000e+00 3.596201430932703502e+00
-7.431375400000004561e+01 5.234406152775521459e-01 0.000000000000000000e+00 3.982296559773498501e+00
-7.262792600000001642e+01 5.115662205918504180e-01 0.000000000000000000e+00 3.331808416607073386e+00
-7.187885199999999486e+01 5.062900000493055774e-01 0.000000000000000000e+00 3.249590467701082286e+00
-7.193838600000003680e+01 5.067093371425435144e-01 0.000000000000000000e+00 3.563453968222460411e+00
-7.276493600000006268e+01 5.125312720774637398e-01 0.000000000000000000e+00 3.099461217484566156e+00
-7.221731000000004030e+01 5.086739822091307373e-01 0.000000000000000000e+00 3.160917533891164588e+00
-7.116511400000005949e+01 5.012626741808406949e-01 0.000000000000000000e+00 3.110417035438732825e+00
-7.341095400000006066e+01 5.170816014740969857e-01 0.000000000000000000e+00 3.304955419843897957e+00
-7.269747000000003823e+01 5.120560646945837568e-01 0.000000000000000000e+00 3.086413299814645406e+00
-7.260245200000001375e+01 5.113867904659873398e-01 0.000000000000000000e+00 3.874838029758746138e+00
-7.352495400000003656e+01 5.178845784054149082e-01 0.000000000000000000e+00 3.979464769843839012e+00
-7.326019800000004523e+01 5.160197278753444472e-01 0.000000000000000000e+00 3.031638919158673229e+00
-7.252825200000000905e+01 5.108641510949013531e-01 0.000000000000000000e+00 3.138084551991948246e+00
-7.333198800000002393e+01 5.165253920323559234e-01 0.000000000000000000e+00 3.076589369831732146e+00
-7.325040000000002749e+01 5.159507141211947534e-01 0.000000000000000000e+00 3.276713199275004040e+00
-7.333421400000001711e+01 5.165410712134884674e-01 0.000000000000000000e+00 3.149023299246285656e+00
-7.141270600000004265e+01 5.030066273771466312e-01 0.000000000000000000e+00 3.232701646692637265e+00
-7.172179800000002103e+01 5.051837654969266733e-01 0.000000000000000000e+00 3.043397508367146287e+00
-7.199676200000000392e+01 5.071205176806363735e-01 0.000000000000000000e+00 3.033226870418746390e+00
-7.228545000000002574e+01 5.091539370170253820e-01 0.000000000000000000e+00 3.592496921868738813e+00
-7.184592200000003004e+01 5.060580524146716108e-01 0.000000000000000000e+00 3.920171942930229747e+00
-7.264275800000005745e+01 5.116706921168096001e-01 0.000000000000000000e+00 3.301737048832374288e+00
-7.213647000000005960e+01 5.081045729536243227e-01 0.000000000000000000e+00 3.916227002157082193e+00
-7.260273000000003663e+01 5.113887486027147711e-01 0.000000000000000000e+00 2.845662433379524625e+00
-7.027871200000005558e+01 4.950191622696640259e-01 0.000000000000000000e+00 3.303962086365001660e+00
-7.348271400000005826e+01 5.175870543213898500e-01 0.000000000000000000e+00 3.481344674755500801e+00
-7.231442000000004100e+01 5.093579917687823810e-01 0.000000000000000000e+00 3.079080657493975970e+00
-7.159855999999999199e+01 5.043157192595425498e-01 0.000000000000000000e+00 2.975682440222831460e+00
-7.277624600000004307e+01 5.126109358414391304e-01 0.000000000000000000e+00 2.756923053388880884e+00
-7.253694000000007236e+01 5.109253463894569691e-01 0.000000000000000000e+00 3.210779527614671114e+00
-7.283043400000003942e+01 5.129926175427922397e-01 0.000000000000000000e+00 3.233742479837105055e+00
-7.285352000000003159e+01 5.131552274150413817e-01 0.000000000000000000e+00 2.998710572121546569e+00
-7.089590400000007264e+01 4.993664512011906087e-01 0.000000000000000000e+00 3.228569047633544908e+00
-7.286320200000007219e+01 5.132234241049453694e-01 0.000000000000000000e+00 3.378962592634047635e+00
-7.196700200000005054e+01 5.069108984396190065e-01 0.000000000000000000e+00 3.191601680863213275e+00
-7.269990000000002794e+01 5.120731807818038606e-01 0.000000000000000000e+00 3.419780429244313247e+00
-7.217735800000005497e+01 5.083925740129903170e-01 0.000000000000000000e+00 3.280585619105038653e+00
-7.181335000000005664e+01 5.058286264093482254e-01 0.000000000000000000e+00 2.568433763576313922e+00
-7.269013000000003899e+01 5.120043642500585745e-01 0.000000000000000000e+00 3.779555594781006000e+00
-7.256800400000004458e+01 5.111441505595836210e-01 0.000000000000000000e+00 3.620914558447879017e+00
-7.253312000000006776e+01 5.108984396186004862e-01 0.000000000000000000e+00 3.220383210837874710e+00
-7.190277800000002628e+01 5.064585265936805136e-01 0.000000000000000000e+00 3.411474687958540475e+00
-7.276483400000003599e+01 5.125305536244197935e-01 0.000000000000000000e+00 2.929262069457015283e+00
-7.260871800000003873e+01 5.114309260225808895e-01 0.000000000000000000e+00 3.911809161763462495e+00
-7.335188000000007946e+01 5.166655044632140203e-01 0.000000000000000000e+00 3.802126957056505052e+00
-7.227151400000006731e+01 5.090557766090006986e-01 0.000000000000000000e+00 3.332467375548477051e+00
-7.378170800000003737e+01 5.196930655898326368e-01 0.000000000000000000e+00 3.814555969279207925e+00
-7.262329400000000135e+01 5.115335943712725486e-01 0.000000000000000000e+00 3.573697268040481934e+00
-7.368093800000002602e+01 5.189832762444911429e-01 0.000000000000000000e+00 3.628104905179267092e+00
-7.300623000000003060e+01 5.142308643201428664e-01 0.000000000000000000e+00 3.413100731347264549e+00
-7.349599400000003868e+01 5.176805940902309278e-01 0.000000000000000000e+00 4.066339217065697120e+00
-7.331899400000007461e+01 5.164338667495006474e-01 0.000000000000000000e+00 2.890405179168072269e+00
-7.025019000000001768e+01 4.948182630763737766e-01 0.000000000000000000e+00 3.811056831964678260e+00
-7.301706800000003739e+01 5.143072034778765067e-01 0.000000000000000000e+00 3.614528847256932131e+00
-7.278933200000001591e+01 5.127031091407654451e-01 0.000000000000000000e+00 4.298401936517168842e+00
-7.243932200000001842e+01 5.102377586519004637e-01 0.000000000000000000e+00 2.431353035440442678e+00
-7.269492000000002463e+01 5.120381033684884287e-01 0.000000000000000000e+00 3.388515462141454826e+00
-7.311211000000007232e+01 5.149766467542480353e-01 0.000000000000000000e+00 3.051757563530506978e+00
-7.329781800000000658e+01 5.162847102626791918e-01 0.000000000000000000e+00 3.024982260583430893e+00
-7.296016400000006286e+01 5.139063912033177139e-01 0.000000000000000000e+00 3.114543943057532793e+00
-7.264972800000005293e+01 5.117197864081366454e-01 0.000000000000000000e+00 3.497766789416850930e+00
-7.252053000000003635e+01 5.108097599732907002e-01 0.000000000000000000e+00 2.806467168087942721e+00
-7.330749600000005728e+01 5.163528787779539941e-01 0.000000000000000000e+00 3.038678914169473888e+00
-7.337703400000003739e+01 5.168426806187432776e-01 0.000000000000000000e+00 3.440688343634779045e+00
-7.370444600000004698e+01 5.191488585401178302e-01 0.000000000000000000e+00 3.355925508841477445e+00
-7.322153200000003892e+01 5.157473778224818117e-01 0.000000000000000000e+00 3.037525724574279717e+00
-7.260013200000000211e+01 5.113704491810692199e-01 0.000000000000000000e+00 3.067256971475762484e+00
-7.270494200000003104e+01 5.121086949018714973e-01 0.000000000000000000e+00 3.301429978305238322e+00
