-1.521269799999996941e+01 6.214210494066694235e-01 0.000000000000000000e+00 9.241709717614291497e-01
-1.562473199999997675e+01 6.382521598823543973e-01 0.000000000000000000e+00 1.179271098524059536e+00
-1.477655599999997982e+01 6.036051551234647983e-01 0.000000000000000000e+00 9.163408452705305018e-01
-1.609488199999997349e+01 6.574572414779099594e-01 0.000000000000000000e+00 1.245841372620661414e+00
-1.519099199999998184e+01 6.205343845101195521e-01 0.000000000000000000e+00 1.123344280288356645e+00
-1.588977799999996954e+01 6.490789812299573303e-01 0.000000000000000000e+00 1.169143640290756903e+00
-1.556429999999997449e+01 6.357835828516563703e-01 0.000000000000000000e+00 1.036677917506910296e+00
-1.555399799999997157e+01 6.353627581135994351e-01 0.000000000000000000e+00 9.896277465611179602e-01
-1.558500199999997804e+01 6.366292355139796522e-01 0.000000000000000000e+00 1.032743895030724612e+00
-1.587186599999996695e+01 6.483472968280863391e-01 0.000000000000000000e+00 1.250932561401995713e+00
-1.578913999999996598e+01 6.449680357835815281e-01 0.000000000000000000e+00 1.064059078256560653e+00
-1.560887399999997172e+01 6.376043789955259111e-01 0.000000000000000000e+00 1.144890646678767165e+00
-1.602593799999997159e+01 6.546409591307356113e-01 0.000000000000000000e+00 1.144716571402914607e+00
-1.587336599999997233e+01 6.484085700863941870e-01 0.000000000000000000e+00 1.109878242136351112e+00
-1.611143599999997278e+01 6.581334531565928847e-01 0.000000000000000000e+00 1.360546169261046989e+00
-1.632027399999997641e+01 6.666642429688927063e-01 0.000000000000000000e+00 1.169890573024898073e+00
-1.615755799999996967e+01 6.600174833030358901e-01 0.000000000000000000e+00 1.002575761633075269e+00
-1.621941799999996903e+01 6.625443924756426739e-01 0.000000000000000000e+00 1.119097203275835950e+00
-1.600674999999997183e+01 6.538571516104643155e-01 0.000000000000000000e+00 1.082247538806406784e+00
-1.588076599999997640e+01 6.487108514940452819e-01 0.000000000000000000e+00 1.107409282803970330e+00
-1.601173199999997365e+01 6.540606605257235362e-01 0.000000000000000000e+00 1.159637051097794025e+00
-1.624687199999996778e+01 6.636658564980277841e-01 0.000000000000000000e+00 1.224152993019741453e+00
-1.606917399999997542e+01 6.564070995281949816e-01 0.000000000000000000e+00 1.571748946631224442e+00
-1.595486999999996769e+01 6.517379138497975122e-01 0.000000000000000000e+00 1.094783741709343561e+00
-1.596730599999996869e+01 6.522459100100067575e-01 0.000000000000000000e+00 1.239092559608348409e+00
-1.620865599999997642e+01 6.621047772717051361e-01 0.000000000000000000e+00 1.367712190050275334e+00
-1.583018799999997306e+01 6.466447989215895475e-01 0.000000000000000000e+00 1.067398855263664403e+00
-1.583992599999997175e+01 6.470425849145227115e-01 0.000000000000000000e+00 1.124440427265351428e+00
-1.608670799999997669e+01 6.571233430689723543e-01 0.000000000000000000e+00 1.068950947999150136e+00
-1.591539399999996363e+01 6.501253650864959877e-01 0.000000000000000000e+00 1.031387000799496523e+00
-1.608780799999997413e+01 6.571682767917311763e-01 0.000000000000000000e+00 1.104421428282014173e+00
-1.593881799999997284e+01 6.510822082882282702e-01 0.000000000000000000e+00 1.300371705086626140e+00
-1.655000599999997846e+01 6.760485284205788314e-01 0.000000000000000000e+00 1.279648753086864321e+00
-1.621519599999997396e+01 6.623719286779262694e-01 0.000000000000000000e+00 1.061725636526011263e+00
-1.582929799999997833e+01 6.466084434549939086e-01 0.000000000000000000e+00 1.278600828555901847e+00
-1.668591799999996894e+01 6.816003758093163167e-01 0.000000000000000000e+00 1.431072485608840816e+00
-1.654475599999996760e+01 6.758340720165015858e-01 0.000000000000000000e+00 1.049541517633468146e+00
-1.674112599999997641e+01 6.838555585057485287e-01 0.000000000000000000e+00 1.112313202260600375e+00
-1.626820199999997030e+01 6.645371622311624371e-01 0.000000000000000000e+00 9.829917551551642374e-01
-1.659776399999996954e+01 6.779993872674157096e-01 0.000000000000000000e+00 1.171127211432462234e+00
-1.670277999999996865e+01 6.822891689303719476e-01 0.000000000000000000e+00 9.938406014095523267e-01
-1.708357399999996673e+01 6.978441616797028679e-01 0.000000000000000000e+00 1.273469720652274262e+00
-1.731753999999996907e+01 7.074014011151720238e-01 0.000000000000000000e+00 1.418358335427534866e+00
-1.735858199999996998e+01 7.090779191601466191e-01 0.000000000000000000e+00 1.150236135298075890e+00
-1.694624799999997933e+01 6.922345540328007640e-01 0.000000000000000000e+00 1.431598804930623636e+00
-1.724897599999996700e+01 7.046006413267689172e-01 0.000000000000000000e+00 1.354724981678509854e+00
-1.673921599999997412e+01 6.837775372235034288e-01 0.000000000000000000e+00 1.020765756201853947e+00
-1.821619599999997519e+01 7.441104552603082789e-01 0.000000000000000000e+00 1.301427082899787147e+00
-1.855728599999997286e+01 7.580435857110751074e-01 0.000000000000000000e+00 1.349131379142097131e+00
-1.816464599999997276e+01 7.420046976164691444e-01 1.000000000000000082e-05 1.322003707831106212e+00
-1.865565599999997914e+01 7.620618859908898646e-01 0.000000000000000000e+00 1.256214632172722334e+00
-1.863803599999997473e+01 7.613421294499693737e-01 0.000000000000000000e+00 1.312672934986649276e+00
-1.894240399999996782e+01 7.737752088396874228e-01 2.000000000000000164e-05 1.608046529675059011e+00
-1.914455999999997005e+01 7.820330467106459960e-01 1.000000000000000082e-05 1.497748881461505865e+00
-1.750749399999997635e+01 7.151608014542176761e-01 0.000000000000000000e+00 9.780187882994203497e-01
-1.857897799999996735e+01 7.589296787238809516e-01 0.000000000000000000e+00 1.203509320429050788e+00
-1.789909399999997319e+01 7.311572067563968380e-01 0.000000000000000000e+00 1.292024847137314802e+00
-1.879929399999997486e+01 7.679293315087508676e-01 0.000000000000000000e+00 1.317058064251573235e+00
-1.956175399999997921e+01 7.990749371949094071e-01 0.000000000000000000e+00 1.470751697548713599e+00
-1.985392799999996782e+01 8.110099058434251384e-01 0.000000000000000000e+00 1.309274971550007383e+00
-2.114187999999997203e+01 8.636212495659799648e-01 3.000000000000000076e-05 1.561871590707310409e+00
-2.024768799999997526e+01 8.270945446375677079e-01 3.000000000000000076e-05 1.637015821750854583e+00
-1.872338799999997150e+01 7.648286595453512859e-01 0.000000000000000000e+00 1.618053064098450289e+00
-1.901116599999996737e+01 7.765840566981870863e-01 2.000000000000000164e-05 1.756199803421977901e+00
-2.067805199999996546e+01 8.446744143297713059e-01 1.000000000000000082e-05 1.434169848110146805e+00
-2.078285399999998262e+01 8.489554543412096699e-01 1.000000000000000082e-05 1.518255629014541919e+00
-2.009998399999997432e+01 8.210610077408538876e-01 0.000000000000000000e+00 1.686866516170671293e+00
-2.086568799999997381e+01 8.523391270603122294e-01 1.000000000000000082e-05 1.495528673070414705e+00
-2.167862999999999118e+01 8.855468638303952700e-01 4.000000000000000327e-05 1.527807393692745652e+00
-2.239428799999998887e+01 9.147806621596776822e-01 3.000000000000000076e-05 1.160054922357061091e+00
-2.240840799999998367e+01 9.153574477645466390e-01 6.000000000000000152e-05 1.303859622616985181e+00
-2.160340199999997779e+01 8.824738873797502992e-01 6.999999999999999387e-05 1.551666046673703336e+00
-2.213829399999997705e+01 9.043236045015411451e-01 9.000000000000000567e-05 1.453579431889472362e+00
-2.158549199999998081e+01 8.817422846755573751e-01 3.000000000000000076e-05 1.284971891504072650e+00
-2.094805999999998036e+01 8.557039276158567853e-01 4.000000000000000327e-05 1.650216216258960200e+00
-2.247038199999997943e+01 9.178890137047845954e-01 6.000000000000000152e-05 1.186917301109359446e+00
-2.233071199999998768e+01 9.121836563795668873e-01 4.000000000000000327e-05 1.168496840093755207e+00
-2.144817199999998891e+01 8.761329221216882512e-01 2.000000000000000164e-05 1.296820280538580228e+00
-2.237763399999998271e+01 9.141003655971072783e-01 6.000000000000000152e-05 1.134634457775594019e+00
-2.210048799999998081e+01 9.027792732991557489e-01 5.000000000000000240e-05 1.284358187498307657e+00
-2.228108599999998418e+01 9.101564919017171018e-01 8.000000000000000654e-05 1.297133096526740026e+00
-2.273970999999998455e+01 9.288907497804368418e-01 4.000000000000000327e-05 9.397947789627559834e-01
-2.187222399999998501e+01 8.934549539429336162e-01 4.000000000000000327e-05 1.424226339911240924e+00
-2.307840799999999248e+01 9.427261698086228936e-01 6.999999999999999387e-05 8.603859427259389347e-01
-2.366633199999999349e+01 9.667421825534606716e-01 1.900000000000000105e-04 5.056093263428278473e-01
-2.360436199999999829e+01 9.642107800085781832e-01 2.100000000000000087e-04 5.704368892366800115e-01
-2.367078800000000172e+01 9.669242049794735117e-01 2.200000000000000078e-04 5.281508969561212741e-01
-2.383171199999999601e+01 9.734977635260716466e-01 2.300000000000000070e-04 4.214385961911837342e-01
-2.311092199999999508e+01 9.440543289556992956e-01 1.499999999999999869e-04 9.320820005089288651e-01
-2.352811399999999153e+01 9.610961377422843066e-01 1.600000000000000131e-04 5.621865970503301391e-01
-2.307772399999999280e+01 9.426982292028346366e-01 1.299999999999999886e-04 9.464770378918682114e-01
-2.370483799999999519e+01 9.683151079430565300e-01 2.200000000000000078e-04 5.062934947081960679e-01
-2.337760399999999450e+01 9.549479790036966564e-01 9.000000000000000567e-05 5.884543537509816513e-01
-2.379239399999999804e+01 9.718916688793121095e-01 2.500000000000000052e-04 4.811526752843977017e-01
-2.404608599999999896e+01 9.822546925103653459e-01 3.899999999999999929e-04 3.686342034641330034e-01
-2.390432600000000107e+01 9.764639611119054763e-01 3.600000000000000227e-04 4.864848001030586122e-01
-2.140167399999998921e+01 8.742335328118293614e-01 8.000000000000000654e-05 1.550990466376863441e+00
-2.382475799999998856e+01 9.732137007005571272e-01 3.299999999999999982e-04 5.615701028726544086e-01
-2.383927399999998897e+01 9.738066624456195308e-01 3.400000000000000244e-04 5.851136515034984775e-01
-2.410540200000000155e+01 9.846776822368824567e-01 4.000000000000000192e-04 3.087201020505477289e-01
-2.380131800000000197e+01 9.722562039174037496e-01 2.799999999999999755e-04 5.018686270974169750e-01
-2.394305800000000417e+01 9.780461183390863900e-01 3.099999999999999999e-04 4.069135497941304136e-01
-2.391309800000000152e+01 9.768222871264885532e-01 3.299999999999999982e-04 4.531654381563023359e-01
-2.363860399999999018e+01 9.656095259492245564e-01 2.000000000000000096e-04 6.022508705638780491e-01
-2.373375199999999197e+01 9.694962112701943635e-01 2.400000000000000061e-04 5.578597699469393101e-01
-2.383425599999998923e+01 9.736016829721610977e-01 2.999999999999999737e-04 5.006862987556334188e-01
-2.408230000000000004e+01 9.837339923612671289e-01 3.899999999999999929e-04 3.277500871029009333e-01
-2.407092800000000210e+01 9.832694593656176041e-01 3.699999999999999947e-04 3.221231761643700287e-01
-2.383453399999999434e+01 9.736130389493676818e-01 2.799999999999999755e-04 4.953952545455617695e-01
-2.355978799999999751e+01 9.623899838647085314e-01 5.000000000000000240e-05 4.177019712956145936e-01
-2.355794800000000322e+01 9.623148220011847886e-01 1.399999999999999877e-04 5.352951283548204042e-01
-2.341792599999999425e+01 9.565950858846835603e-01 1.499999999999999869e-04 5.826020612231080920e-01
-2.297025799999998341e+01 9.383083678846422249e-01 1.200000000000000030e-04 8.919852529899326976e-01
-2.361472999999999800e+01 9.646343007700005634e-01 2.100000000000000087e-04 5.806828000228902997e-01
-2.345829999999998350e+01 9.582443169052913268e-01 2.000000000000000096e-04 7.998068802258233578e-01
-2.381912799999999564e+01 9.729837217377094172e-01 2.599999999999999772e-04 4.783590824196116142e-01
-2.383316199999999441e+01 9.735569943424355888e-01 2.500000000000000052e-04 4.482123655166373455e-01
-2.397714599999999763e+01 9.794385735585465769e-01 2.900000000000000017e-04 3.587091276600948286e-01
-2.399952599999999592e+01 9.803527705724963681e-01 3.899999999999999929e-04 4.304905556560912894e-01
-2.353739999999999810e+01 9.614754600600476930e-01 1.600000000000000131e-04 5.489802472941917033e-01
-2.304289399999998622e+01 9.412754641449311288e-01 1.200000000000000030e-04 9.489739060201127785e-01
-2.448049999999999926e+01 1.000000000000000000e+00 1.660000000000000017e-03 0.000000000000000000e+00
-2.448049999999999926e+01 1.000000000000000000e+00 1.699999999999999905e-03 0.000000000000000000e+00
-2.448049999999999926e+01 1.000000000000000000e+00 1.069999999999999988e-03 0.000000000000000000e+00
-2.448049999999999926e+01 1.000000000000000000e+00 1.719999999999999958e-03 0.000000000000000000e+00
-2.448049999999999926e+01 1.000000000000000000e+00 1.250000000000000026e-03 0.000000000000000000e+00
-2.448049999999999926e+01 1.000000000000000000e+00 1.649999999999999991e-03 0.000000000000000000e+00
-2.448049999999999926e+01 1.000000000000000000e+00 1.449999999999999900e-03 0.000000000000000000e+00
-2.448049999999999926e+01 1.000000000000000000e+00 1.729999999999999984e-03 0.000000000000000000e+00
-2.448049999999999926e+01 1.000000000000000000e+00 1.440000000000000091e-03 0.000000000000000000e+00
-2.448049999999999926e+01 1.000000000000000000e+00 1.789999999999999925e-03 0.000000000000000000e+00
-2.448049999999999926e+01 1.000000000000000000e+00 1.610000000000000103e-03 0.000000000000000000e+00
-2.448049999999999926e+01 1.000000000000000000e+00 1.490000000000000005e-03 0.000000000000000000e+00
-2.448049999999999926e+01 1.000000000000000000e+00 1.170000000000000033e-03 0.000000000000000000e+00
-2.448049999999999926e+01 1.000000000000000000e+00 1.580000000000000024e-03 0.000000000000000000e+00
-2.448049999999999926e+01 1.000000000000000000e+00 1.549999999999999946e-03 0.000000000000000000e+00
-2.448049999999999926e+01 1.000000000000000000e+00 1.459999999999999926e-03 0.000000000000000000e+00
-2.448049999999999926e+01 1.000000000000000000e+00 1.360000000000000098e-03 0.000000000000000000e+00
-2.448049999999999926e+01 1.000000000000000000e+00 1.350000000000000071e-03 0.000000000000000000e+00
-2.428630000000000067e+01 9.920671554911052459e-01 6.700000000000000226e-04 2.783635643172321927e-01
-2.448049999999999926e+01 1.000000000000000000e+00 1.379999999999999933e-03 0.000000000000000000e+00
-2.448049999999999926e+01 1.000000000000000000e+00 1.879999999999999944e-03 0.000000000000000000e+00
-2.448049999999999926e+01 1.000000000000000000e+00 1.510000000000000057e-03 0.000000000000000000e+00
-2.448049999999999926e+01 1.000000000000000000e+00 1.680000000000000070e-03 0.000000000000000000e+00
-2.448049999999999926e+01 1.000000000000000000e+00 1.750000000000000036e-03 0.000000000000000000e+00
-2.448049999999999926e+01 1.000000000000000000e+00 1.170000000000000033e-03 0.000000000000000000e+00
-2.448049999999999926e+01 1.000000000000000000e+00 1.740000000000000010e-03 0.000000000000000000e+00
-2.448049999999999926e+01 1.000000000000000000e+00 2.490000000000000026e-03 0.000000000000000000e+00
-2.448049999999999926e+01 1.000000000000000000e+00 1.399999999999999986e-03 0.000000000000000000e+00
-2.448049999999999926e+01 1.000000000000000000e+00 1.719999999999999958e-03 0.000000000000000000e+00
-2.448049999999999926e+01 1.000000000000000000e+00 2.429999999999999868e-03 0.000000000000000000e+00
-2.448049999999999926e+01 1.000000000000000000e+00 1.949999999999999910e-03 0.000000000000000000e+00
-2.448049999999999926e+01 1.000000000000000000e+00 1.559999999999999972e-03 0.000000000000000000e+00
-2.448049999999999926e+01 1.000000000000000000e+00 1.490000000000000005e-03 0.000000000000000000e+00
-2.448049999999999926e+01 1.000000000000000000e+00 2.000000000000000042e-03 0.000000000000000000e+00
-2.448049999999999926e+01 1.000000000000000000e+00 1.149999999999999981e-03 0.000000000000000000e+00
-2.448049999999999926e+01 1.000000000000000000e+00 1.420000000000000038e-03 0.000000000000000000e+00
-2.448049999999999926e+01 1.000000000000000000e+00 2.109999999999999896e-03 0.000000000000000000e+00
-2.448049999999999926e+01 1.000000000000000000e+00 1.410000000000000012e-03 0.000000000000000000e+00
-2.448049999999999926e+01 1.000000000000000000e+00 1.069999999999999988e-03 0.000000000000000000e+00
-2.448049999999999926e+01 1.000000000000000000e+00 1.879999999999999944e-03 0.000000000000000000e+00
-2.448049999999999926e+01 1.000000000000000000e+00 1.049999999999999935e-03 0.000000000000000000e+00
-2.448049999999999926e+01 1.000000000000000000e+00 2.109999999999999896e-03 0.000000000000000000e+00
-2.448049999999999926e+01 1.000000000000000000e+00 1.799999999999999951e-03 0.000000000000000000e+00
-2.448049999999999926e+01 1.000000000000000000e+00 1.680000000000000070e-03 0.000000000000000000e+00
-2.433403199999999700e+01 9.940169522681316927e-01 7.500000000000000156e-04 2.551145216714970632e-01
-2.448049999999999926e+01 1.000000000000000000e+00 1.549999999999999946e-03 0.000000000000000000e+00
-2.437014800000000037e+01 9.954922489328241753e-01 8.099999999999999561e-04 2.289962235496472431e-01
-2.448049999999999926e+01 1.000000000000000000e+00 1.340000000000000045e-03 0.000000000000000000e+00
-2.448049999999999926e+01 1.000000000000000000e+00 1.100000000000000066e-03 0.000000000000000000e+00
-2.448049999999999926e+01 1.000000000000000000e+00 2.299999999999999961e-03 0.000000000000000000e+00
-2.448049999999999926e+01 1.000000000000000000e+00 2.340000000000000066e-03 0.000000000000000000e+00
-2.448049999999999926e+01 1.000000000000000000e+00 1.860000000000000108e-03 0.000000000000000000e+00
-2.448049999999999926e+01 1.000000000000000000e+00 1.709999999999999932e-03 0.000000000000000000e+00
-2.448049999999999926e+01 1.000000000000000000e+00 2.060000000000000199e-03 0.000000000000000000e+00
-2.448049999999999926e+01 1.000000000000000000e+00 1.479999999999999979e-03 0.000000000000000000e+00
-2.448049999999999926e+01 1.000000000000000000e+00 1.299999999999999940e-03 0.000000000000000000e+00
-2.448049999999999926e+01 1.000000000000000000e+00 1.289999999999999914e-03 0.000000000000000000e+00
-2.448049999999999926e+01 1.000000000000000000e+00 1.449999999999999900e-03 0.000000000000000000e+00
-2.448049999999999926e+01 1.000000000000000000e+00 1.330000000000000019e-03 0.000000000000000000e+00
-2.448049999999999926e+01 1.000000000000000000e+00 1.760000000000000063e-03 0.000000000000000000e+00
-2.448049999999999926e+01 1.000000000000000000e+00 1.440000000000000091e-03 0.000000000000000000e+00
-2.448049999999999926e+01 1.000000000000000000e+00 1.520000000000000084e-03 0.000000000000000000e+00
-2.448049999999999926e+01 1.000000000000000000e+00 1.869999999999999917e-03 0.000000000000000000e+00
-2.448049999999999926e+01 1.000000000000000000e+00 1.559999999999999972e-03 0.000000000000000000e+00
-2.448049999999999926e+01 1.000000000000000000e+00 1.760000000000000063e-03 0.000000000000000000e+00
-2.448049999999999926e+01 1.000000000000000000e+00 1.420000000000000038e-03 0.000000000000000000e+00
-2.448049999999999926e+01 1.000000000000000000e+00 1.379999999999999933e-03 0.000000000000000000e+00
-2.448049999999999926e+01 1.000000000000000000e+00 1.779999999999999898e-03 0.000000000000000000e+00
-2.448049999999999926e+01 1.000000000000000000e+00 1.410000000000000012e-03 0.000000000000000000e+00
-2.448049999999999926e+01 1.000000000000000000e+00 1.420000000000000038e-03 0.000000000000000000e+00
-2.448049999999999926e+01 1.000000000000000000e+00 1.069999999999999988e-03 0.000000000000000000e+00
-2.448049999999999926e+01 1.000000000000000000e+00 1.750000000000000036e-03 0.000000000000000000e+00
-2.448049999999999926e+01 1.000000000000000000e+00 1.340000000000000045e-03 0.000000000000000000e+00
-2.448049999999999926e+01 1.000000000000000000e+00 1.680000000000000070e-03 0.000000000000000000e+00
-2.448049999999999926e+01 1.000000000000000000e+00 1.709999999999999932e-03 0.000000000000000000e+00
-2.448049999999999926e+01 1.000000000000000000e+00 1.369999999999999907e-03 0.000000000000000000e+00
-2.448049999999999926e+01 1.000000000000000000e+00 1.149999999999999981e-03 0.000000000000000000e+00
-2.448049999999999926e+01 1.000000000000000000e+00 1.629999999999999939e-03 0.000000000000000000e+00
-2.448049999999999926e+01 1.000000000000000000e+00 1.840000000000000056e-03 0.000000000000000000e+00
-2.448049999999999926e+01 1.000000000000000000e+00 1.789999999999999925e-03 0.000000000000000000e+00
-2.448049999999999926e+01 1.000000000000000000e+00 2.000000000000000042e-03 0.000000000000000000e+00
-2.448049999999999926e+01 1.000000000000000000e+00 1.520000000000000084e-03 0.000000000000000000e+00
-2.448049999999999926e+01 1.000000000000000000e+00 1.110000000000000092e-03 0.000000000000000000e+00
-2.448049999999999926e+01 1.000000000000000000e+00 1.789999999999999925e-03 0.000000000000000000e+00
-2.448049999999999926e+01 1.000000000000000000e+00 1.750000000000000036e-03 0.000000000000000000e+00
-2.433529999999999660e+01 9.940687485958210612e-01 7.500000000000000156e-04 2.527607564476732627e-01
-2.448049999999999926e+01 1.000000000000000000e+00 1.860000000000000108e-03 0.000000000000000000e+00
-2.448049999999999926e+01 1.000000000000000000e+00 1.820000000000000003e-03 0.000000000000000000e+00
-2.448049999999999926e+01 1.000000000000000000e+00 1.270000000000000078e-03 0.000000000000000000e+00
-2.448049999999999926e+01 1.000000000000000000e+00 1.110000000000000092e-03 0.000000000000000000e+00
-2.448049999999999926e+01 1.000000000000000000e+00 2.520000000000000104e-03 0.000000000000000000e+00
-2.448049999999999926e+01 1.000000000000000000e+00 2.769999999999999893e-03 0.000000000000000000e+00
-2.448049999999999926e+01 1.000000000000000000e+00 1.479999999999999979e-03 0.000000000000000000e+00
-2.448049999999999926e+01 1.000000000000000000e+00 1.979999999999999989e-03 0.000000000000000000e+00
-2.448049999999999926e+01 1.000000000000000000e+00 1.529999999999999893e-03 0.000000000000000000e+00
-2.448049999999999926e+01 1.000000000000000000e+00 2.279999999999999909e-03 0.000000000000000000e+00
-2.448049999999999926e+01 1.000000000000000000e+00 1.469999999999999953e-03 0.000000000000000000e+00
-2.448049999999999926e+01 1.000000000000000000e+00 1.889999999999999970e-03 0.000000000000000000e+00
-2.448049999999999926e+01 1.000000000000000000e+00 1.670000000000000043e-03 0.000000000000000000e+00
-2.448049999999999926e+01 1.000000000000000000e+00 1.610000000000000103e-03 0.000000000000000000e+00
-2.448049999999999926e+01 1.000000000000000000e+00 1.639999999999999965e-03 0.000000000000000000e+00
-2.448049999999999926e+01 1.000000000000000000e+00 2.619999999999999933e-03 0.000000000000000000e+00
-2.448049999999999926e+01 1.000000000000000000e+00 1.479999999999999979e-03 0.000000000000000000e+00
-2.448049999999999926e+01 1.000000000000000000e+00 2.109999999999999896e-03 0.000000000000000000e+00
-2.448049999999999926e+01 1.000000000000000000e+00 1.430000000000000064e-03 0.000000000000000000e+00
-2.448049999999999926e+01 1.000000000000000000e+00 2.069999999999999792e-03 0.000000000000000000e+00
-2.448049999999999926e+01 1.000000000000000000e+00 1.399999999999999986e-03 0.000000000000000000e+00
-2.448049999999999926e+01 1.000000000000000000e+00 1.420000000000000038e-03 0.000000000000000000e+00
-2.448049999999999926e+01 1.000000000000000000e+00 1.740000000000000010e-03 0.000000000000000000e+00
-2.448049999999999926e+01 1.000000000000000000e+00 1.600000000000000077e-03 0.000000000000000000e+00
-2.448049999999999926e+01 1.000000000000000000e+00 1.539999999999999919e-03 0.000000000000000000e+00
-2.448049999999999926e+01 1.000000000000000000e+00 1.770000000000000089e-03 0.000000000000000000e+00
-2.448049999999999926e+01 1.000000000000000000e+00 1.590000000000000050e-03 0.000000000000000000e+00
-2.448049999999999926e+01 1.000000000000000000e+00 1.959999999999999937e-03 0.000000000000000000e+00
-2.448049999999999926e+01 1.000000000000000000e+00 1.799999999999999951e-03 0.000000000000000000e+00
-2.448049999999999926e+01 1.000000000000000000e+00 1.809999999999999977e-03 0.000000000000000000e+00
-2.448049999999999926e+01 1.000000000000000000e+00 1.590000000000000050e-03 0.000000000000000000e+00
-2.448049999999999926e+01 1.000000000000000000e+00 1.520000000000000084e-03 0.000000000000000000e+00
-2.448049999999999926e+01 1.000000000000000000e+00 1.360000000000000098e-03 0.000000000000000000e+00
-2.448049999999999926e+01 1.000000000000000000e+00 1.969999999999999963e-03 0.000000000000000000e+00
-2.448049999999999926e+01 1.000000000000000000e+00 1.490000000000000005e-03 0.000000000000000000e+00
-2.448049999999999926e+01 1.000000000000000000e+00 1.690000000000000096e-03 0.000000000000000000e+00
-2.448049999999999926e+01 1.000000000000000000e+00 1.410000000000000012e-03 0.000000000000000000e+00
-2.448049999999999926e+01 1.000000000000000000e+00 1.740000000000000010e-03 0.000000000000000000e+00
-2.448049999999999926e+01 1.000000000000000000e+00 1.740000000000000010e-03 0.000000000000000000e+00
-2.448049999999999926e+01 1.000000000000000000e+00 1.850000000000000082e-03 0.000000000000000000e+00
-2.448049999999999926e+01 1.000000000000000000e+00 1.699999999999999905e-03 0.000000000000000000e+00
-2.448049999999999926e+01 1.000000000000000000e+00 1.690000000000000096e-03 0.000000000000000000e+00
-2.448049999999999926e+01 1.000000000000000000e+00 1.729999999999999984e-03 0.000000000000000000e+00
-2.448049999999999926e+01 1.000000000000000000e+00 1.729999999999999984e-03 0.000000000000000000e+00
-2.448049999999999926e+01 1.000000000000000000e+00 2.170000000000000054e-03 0.000000000000000000e+00
-2.448049999999999926e+01 1.000000000000000000e+00 1.610000000000000103e-03 0.000000000000000000e+00
-2.448049999999999926e+01 1.000000000000000000e+00 1.649999999999999991e-03 0.000000000000000000e+00
-2.448049999999999926e+01 1.000000000000000000e+00 1.600000000000000077e-03 0.000000000000000000e+00
-2.448049999999999926e+01 1.000000000000000000e+00 1.539999999999999919e-03 0.000000000000000000e+00
-2.448049999999999926e+01 1.000000000000000000e+00 1.479999999999999979e-03 0.000000000000000000e+00
-2.448049999999999926e+01 1.000000000000000000e+00 2.000000000000000042e-03 0.000000000000000000e+00
-2.448049999999999926e+01 1.000000000000000000e+00 2.030000000000000120e-03 0.000000000000000000e+00
-2.448049999999999926e+01 1.000000000000000000e+00 1.879999999999999944e-03 0.000000000000000000e+00
-2.448049999999999926e+01 1.000000000000000000e+00 1.690000000000000096e-03 0.000000000000000000e+00
-2.448049999999999926e+01 1.000000000000000000e+00 1.879999999999999944e-03 0.000000000000000000e+00
-2.448049999999999926e+01 1.000000000000000000e+00 1.469999999999999953e-03 0.000000000000000000e+00
-2.448049999999999926e+01 1.000000000000000000e+00 1.840000000000000056e-03 0.000000000000000000e+00
-2.448049999999999926e+01 1.000000000000000000e+00 1.779999999999999898e-03 0.000000000000000000e+00
-2.448049999999999926e+01 1.000000000000000000e+00 1.770000000000000089e-03 0.000000000000000000e+00
-2.448049999999999926e+01 1.000000000000000000e+00 1.840000000000000056e-03 0.000000000000000000e+00
-2.448049999999999926e+01 1.000000000000000000e+00 1.809999999999999977e-03 0.000000000000000000e+00
-2.448049999999999926e+01 1.000000000000000000e+00 2.210000000000000159e-03 0.000000000000000000e+00
-2.448049999999999926e+01 1.000000000000000000e+00 1.779999999999999898e-03 0.000000000000000000e+00
-2.448049999999999926e+01 1.000000000000000000e+00 1.469999999999999953e-03 0.000000000000000000e+00
-2.448049999999999926e+01 1.000000000000000000e+00 1.680000000000000070e-03 0.000000000000000000e+00
-2.448049999999999926e+01 1.000000000000000000e+00 1.750000000000000036e-03 0.000000000000000000e+00
-2.448049999999999926e+01 1.000000000000000000e+00 1.719999999999999958e-03 0.000000000000000000e+00
-2.448049999999999926e+01 1.000000000000000000e+00 1.670000000000000043e-03 0.000000000000000000e+00
-2.448049999999999926e+01 1.000000000000000000e+00 1.850000000000000082e-03 0.000000000000000000e+00
-2.448049999999999926e+01 1.000000000000000000e+00 1.660000000000000017e-03 0.000000000000000000e+00
-2.448049999999999926e+01 1.000000000000000000e+00 1.399999999999999986e-03 0.000000000000000000e+00
-2.448049999999999926e+01 1.000000000000000000e+00 1.680000000000000070e-03 0.000000000000000000e+00
-2.448049999999999926e+01 1.000000000000000000e+00 1.619999999999999912e-03 0.000000000000000000e+00
-2.448049999999999926e+01 1.000000000000000000e+00 1.590000000000000050e-03 0.000000000000000000e+00
-2.448049999999999926e+01 1.000000000000000000e+00 1.619999999999999912e-03 0.000000000000000000e+00
-2.448049999999999926e+01 1.000000000000000000e+00 1.920000000000000049e-03 0.000000000000000000e+00
-2.448049999999999926e+01 1.000000000000000000e+00 1.729999999999999984e-03 0.000000000000000000e+00
-2.448049999999999926e+01 1.000000000000000000e+00 1.670000000000000043e-03 0.000000000000000000e+00
-2.448049999999999926e+01 1.000000000000000000e+00 1.690000000000000096e-03 0.000000000000000000e+00
-2.448049999999999926e+01 1.000000000000000000e+00 1.690000000000000096e-03 0.000000000000000000e+00
-2.448049999999999926e+01 1.000000000000000000e+00 1.539999999999999919e-03 0.000000000000000000e+00
-2.448049999999999926e+01 1.000000000000000000e+00 1.879999999999999944e-03 0.000000000000000000e+00
-2.448049999999999926e+01 1.000000000000000000e+00 1.949999999999999910e-03 0.000000000000000000e+00
-2.448049999999999926e+01 1.000000000000000000e+00 1.760000000000000063e-03 0.000000000000000000e+00
-2.448049999999999926e+01 1.000000000000000000e+00 1.600000000000000077e-03 0.000000000000000000e+00
-2.448049999999999926e+01 1.000000000000000000e+00 1.830000000000000029e-03 0.000000000000000000e+00
-2.448049999999999926e+01 1.000000000000000000e+00 1.809999999999999977e-03 0.000000000000000000e+00
-2.448049999999999926e+01 1.000000000000000000e+00 1.779999999999999898e-03 0.000000000000000000e+00
-2.448049999999999926e+01 1.000000000000000000e+00 1.549999999999999946e-03 0.000000000000000000e+00
-2.448049999999999926e+01 1.000000000000000000e+00 1.799999999999999951e-03 0.000000000000000000e+00
-2.448049999999999926e+01 1.000000000000000000e+00 1.820000000000000003e-03 0.000000000000000000e+00
-2.448049999999999926e+01 1.000000000000000000e+00 1.430000000000000064e-03 0.000000000000000000e+00
-2.448049999999999926e+01 1.000000000000000000e+00 1.740000000000000010e-03 0.000000000000000000e+00
-2.448049999999999926e+01 1.000000000000000000e+00 1.619999999999999912e-03 0.000000000000000000e+00
-2.448049999999999926e+01 1.000000000000000000e+00 1.549999999999999946e-03 0.000000000000000000e+00
-2.448049999999999926e+01 1.000000000000000000e+00 1.699999999999999905e-03 0.000000000000000000e+00
-2.448049999999999926e+01 1.000000000000000000e+00 1.580000000000000024e-03 0.000000000000000000e+00
-2.448049999999999926e+01 1.000000000000000000e+00 1.809999999999999977e-03 0.000000000000000000e+00
-2.448049999999999926e+01 1.000000000000000000e+00 1.510000000000000057e-03 0.000000000000000000e+00
-2.448049999999999926e+01 1.000000000000000000e+00 1.709999999999999932e-03 0.000000000000000000e+00
-2.448049999999999926e+01 1.000000000000000000e+00 1.719999999999999958e-03 0.000000000000000000e+00
-2.448049999999999926e+01 1.000000000000000000e+00 1.949999999999999910e-03 0.000000000000000000e+00
-2.448049999999999926e+01 1.000000000000000000e+00 1.719999999999999958e-03 0.000000000000000000e+00
-2.448049999999999926e+01 1.000000000000000000e+00 1.520000000000000084e-03 0.000000000000000000e+00
-2.448049999999999926e+01 1.000000000000000000e+00 1.779999999999999898e-03 0.000000000000000000e+00
-2.448049999999999926e+01 1.000000000000000000e+00 1.449999999999999900e-03 0.000000000000000000e+00
-2.448049999999999926e+01 1.000000000000000000e+00 1.770000000000000089e-03 0.000000000000000000e+00
-2.448049999999999926e+01 1.000000000000000000e+00 1.649999999999999991e-03 0.000000000000000000e+00
-2.448049999999999926e+01 1.000000000000000000e+00 1.510000000000000057e-03 0.000000000000000000e+00
-2.448049999999999926e+01 1.000000000000000000e+00 1.779999999999999898e-03 0.000000000000000000e+00
-2.448049999999999926e+01 1.000000000000000000e+00 1.610000000000000103e-03 0.000000000000000000e+00
-2.448049999999999926e+01 1.000000000000000000e+00 1.500000000000000031e-03 0.000000000000000000e+00
-2.448049999999999926e+01 1.000000000000000000e+00 1.789999999999999925e-03 0.000000000000000000e+00
-2.448049999999999926e+01 1.000000000000000000e+00 1.920000000000000049e-03 0.000000000000000000e+00
-2.448049999999999926e+01 1.000000000000000000e+00 1.610000000000000103e-03 0.000000000000000000e+00
-2.448049999999999926e+01 1.000000000000000000e+00 1.529999999999999893e-03 0.000000000000000000e+00
-2.448049999999999926e+01 1.000000000000000000e+00 1.479999999999999979e-03 0.000000000000000000e+00
-2.448049999999999926e+01 1.000000000000000000e+00 1.690000000000000096e-03 0.000000000000000000e+00
-2.448049999999999926e+01 1.000000000000000000e+00 2.010000000000000068e-03 0.000000000000000000e+00
-2.448049999999999926e+01 1.000000000000000000e+00 1.649999999999999991e-03 0.000000000000000000e+00
-2.448049999999999926e+01 1.000000000000000000e+00 1.969999999999999963e-03 0.000000000000000000e+00
-2.448049999999999926e+01 1.000000000000000000e+00 1.699999999999999905e-03 0.000000000000000000e+00
-2.448049999999999926e+01 1.000000000000000000e+00 1.760000000000000063e-03 0.000000000000000000e+00
-2.448049999999999926e+01 1.000000000000000000e+00 1.680000000000000070e-03 0.000000000000000000e+00
-2.448049999999999926e+01 1.000000000000000000e+00 1.590000000000000050e-03 0.000000000000000000e+00
-2.448049999999999926e+01 1.000000000000000000e+00 1.649999999999999991e-03 0.000000000000000000e+00
-2.448049999999999926e+01 1.000000000000000000e+00 1.500000000000000031e-03 0.000000000000000000e+00
-2.448049999999999926e+01 1.000000000000000000e+00 1.529999999999999893e-03 0.000000000000000000e+00
-2.448049999999999926e+01 1.000000000000000000e+00 1.690000000000000096e-03 0.000000000000000000e+00
-2.448049999999999926e+01 1.000000000000000000e+00 1.600000000000000077e-03 0.000000000000000000e+00
-2.448049999999999926e+01 1.000000000000000000e+00 1.660000000000000017e-03 0.000000000000000000e+00
-2.448049999999999926e+01 1.000000000000000000e+00 1.770000000000000089e-03 0.000000000000000000e+00
-2.448049999999999926e+01 1.000000000000000000e+00 1.559999999999999972e-03 0.000000000000000000e+00
-2.448049999999999926e+01 1.000000000000000000e+00 1.910000000000000022e-03 0.000000000000000000e+00
-2.448049999999999926e+01 1.000000000000000000e+00 1.750000000000000036e-03 0.000000000000000000e+00
-2.448049999999999926e+01 1.000000000000000000e+00 1.600000000000000077e-03 0.000000000000000000e+00
-2.448049999999999926e+01 1.000000000000000000e+00 1.969999999999999963e-03 0.000000000000000000e+00
-2.448049999999999926e+01 1.000000000000000000e+00 1.860000000000000108e-03 0.000000000000000000e+00
-2.448049999999999926e+01 1.000000000000000000e+00 1.719999999999999958e-03 0.000000000000000000e+00
-2.448049999999999926e+01 1.000000000000000000e+00 1.360000000000000098e-03 0.000000000000000000e+00
-2.448049999999999926e+01 1.000000000000000000e+00 1.860000000000000108e-03 0.000000000000000000e+00
-2.448049999999999926e+01 1.000000000000000000e+00 1.690000000000000096e-03 0.000000000000000000e+00
-2.448049999999999926e+01 1.000000000000000000e+00 1.680000000000000070e-03 0.000000000000000000e+00
-2.448049999999999926e+01 1.000000000000000000e+00 1.580000000000000024e-03 0.000000000000000000e+00
-2.448049999999999926e+01 1.000000000000000000e+00 1.889999999999999970e-03 0.000000000000000000e+00
-2.448049999999999926e+01 1.000000000000000000e+00 1.850000000000000082e-03 0.000000000000000000e+00
-2.448049999999999926e+01 1.000000000000000000e+00 1.979999999999999989e-03 0.000000000000000000e+00
-2.448049999999999926e+01 1.000000000000000000e+00 1.549999999999999946e-03 0.000000000000000000e+00
-2.448049999999999926e+01 1.000000000000000000e+00 1.789999999999999925e-03 0.000000000000000000e+00
-2.448049999999999926e+01 1.000000000000000000e+00 1.670000000000000043e-03 0.000000000000000000e+00
-2.448049999999999926e+01 1.000000000000000000e+00 1.760000000000000063e-03 0.000000000000000000e+00
-2.448049999999999926e+01 1.000000000000000000e+00 1.610000000000000103e-03 0.000000000000000000e+00
-2.448049999999999926e+01 1.000000000000000000e+00 1.789999999999999925e-03 0.000000000000000000e+00
-2.448049999999999926e+01 1.000000000000000000e+00 1.670000000000000043e-03 0.000000000000000000e+00
-2.448049999999999926e+01 1.000000000000000000e+00 1.690000000000000096e-03 0.000000000000000000e+00
-2.448049999999999926e+01 1.000000000000000000e+00 1.690000000000000096e-03 0.000000000000000000e+00
-2.448049999999999926e+01 1.000000000000000000e+00 1.709999999999999932e-03 0.000000000000000000e+00
-2.448049999999999926e+01 1.000000000000000000e+00 1.840000000000000056e-03 0.000000000000000000e+00
-2.448049999999999926e+01 1.000000000000000000e+00 1.770000000000000089e-03 0.000000000000000000e+00
-2.448049999999999926e+01 1.000000000000000000e+00 1.649999999999999991e-03 0.000000000000000000e+00
-2.448049999999999926e+01 1.000000000000000000e+00 1.809999999999999977e-03 0.000000000000000000e+00
-2.448049999999999926e+01 1.000000000000000000e+00 1.649999999999999991e-03 0.000000000000000000e+00
-2.448049999999999926e+01 1.000000000000000000e+00 1.789999999999999925e-03 0.000000000000000000e+00
-2.448049999999999926e+01 1.000000000000000000e+00 1.600000000000000077e-03 0.000000000000000000e+00
-2.448049999999999926e+01 1.000000000000000000e+00 1.719999999999999958e-03 0.000000000000000000e+00
-2.448049999999999926e+01 1.000000000000000000e+00 1.350000000000000071e-03 0.000000000000000000e+00
-2.448049999999999926e+01 1.000000000000000000e+00 1.529999999999999893e-03 0.000000000000000000e+00
-2.448049999999999926e+01 1.000000000000000000e+00 1.860000000000000108e-03 0.000000000000000000e+00
-2.448049999999999926e+01 1.000000000000000000e+00 1.569999999999999998e-03 0.000000000000000000e+00
-2.448049999999999926e+01 1.000000000000000000e+00 1.779999999999999898e-03 0.000000000000000000e+00
-2.448049999999999926e+01 1.000000000000000000e+00 1.690000000000000096e-03 0.000000000000000000e+00
-2.448049999999999926e+01 1.000000000000000000e+00 1.580000000000000024e-03 0.000000000000000000e+00
-2.448049999999999926e+01 1.000000000000000000e+00 1.389999999999999960e-03 0.000000000000000000e+00
-2.448049999999999926e+01 1.000000000000000000e+00 1.920000000000000049e-03 0.000000000000000000e+00
-2.448049999999999926e+01 1.000000000000000000e+00 1.809999999999999977e-03 0.000000000000000000e+00
-2.448049999999999926e+01 1.000000000000000000e+00 1.639999999999999965e-03 0.000000000000000000e+00
-2.448049999999999926e+01 1.000000000000000000e+00 1.670000000000000043e-03 0.000000000000000000e+00
-2.448049999999999926e+01 1.000000000000000000e+00 1.699999999999999905e-03 0.000000000000000000e+00
-2.448049999999999926e+01 1.000000000000000000e+00 1.449999999999999900e-03 0.000000000000000000e+00
-2.448049999999999926e+01 1.000000000000000000e+00 1.639999999999999965e-03 0.000000000000000000e+00
-2.448049999999999926e+01 1.000000000000000000e+00 1.719999999999999958e-03 0.000000000000000000e+00
-2.448049999999999926e+01 1.000000000000000000e+00 1.840000000000000056e-03 0.000000000000000000e+00
-2.448049999999999926e+01 1.000000000000000000e+00 1.559999999999999972e-03 0.000000000000000000e+00
-2.448049999999999926e+01 1.000000000000000000e+00 1.850000000000000082e-03 0.000000000000000000e+00
-2.448049999999999926e+01 1.000000000000000000e+00 1.660000000000000017e-03 0.000000000000000000e+00
-2.448049999999999926e+01 1.000000000000000000e+00 1.520000000000000084e-03 0.000000000000000000e+00
-2.448049999999999926e+01 1.000000000000000000e+00 1.549999999999999946e-03 0.000000000000000000e+00
-2.448049999999999926e+01 1.000000000000000000e+00 1.869999999999999917e-03 0.000000000000000000e+00
-2.448049999999999926e+01 1.000000000000000000e+00 1.740000000000000010e-03 0.000000000000000000e+00
-2.448049999999999926e+01 1.000000000000000000e+00 1.789999999999999925e-03 0.000000000000000000e+00
-2.448049999999999926e+01 1.000000000000000000e+00 1.690000000000000096e-03 0.000000000000000000e+00
-2.448049999999999926e+01 1.000000000000000000e+00 1.680000000000000070e-03 0.000000000000000000e+00
-2.448049999999999926e+01 1.000000000000000000e+00 1.930000000000000075e-03 0.000000000000000000e+00
-2.448049999999999926e+01 1.000000000000000000e+00 1.889999999999999970e-03 0.000000000000000000e+00
-2.448049999999999926e+01 1.000000000000000000e+00 1.760000000000000063e-03 0.000000000000000000e+00
-2.448049999999999926e+01 1.000000000000000000e+00 1.660000000000000017e-03 0.000000000000000000e+00
-2.448049999999999926e+01 1.000000000000000000e+00 2.129999999999999949e-03 0.000000000000000000e+00
-2.448049999999999926e+01 1.000000000000000000e+00 1.899999999999999996e-03 0.000000000000000000e+00
-2.448049999999999926e+01 1.000000000000000000e+00 1.760000000000000063e-03 0.000000000000000000e+00
-2.448049999999999926e+01 1.000000000000000000e+00 1.649999999999999991e-03 0.000000000000000000e+00
-2.448049999999999926e+01 1.000000000000000000e+00 1.889999999999999970e-03 0.000000000000000000e+00
-2.448049999999999926e+01 1.000000000000000000e+00 1.719999999999999958e-03 0.000000000000000000e+00
-2.448049999999999926e+01 1.000000000000000000e+00 1.670000000000000043e-03 0.000000000000000000e+00
-2.448049999999999926e+01 1.000000000000000000e+00 1.719999999999999958e-03 0.000000000000000000e+00
-2.448049999999999926e+01 1.000000000000000000e+00 1.649999999999999991e-03 0.000000000000000000e+00
-2.448049999999999926e+01 1.000000000000000000e+00 1.770000000000000089e-03 0.000000000000000000e+00
-2.448049999999999926e+01 1.000000000000000000e+00 1.690000000000000096e-03 0.000000000000000000e+00
-2.448049999999999926e+01 1.000000000000000000e+00 1.590000000000000050e-03 0.000000000000000000e+00
-2.448049999999999926e+01 1.000000000000000000e+00 1.820000000000000003e-03 0.000000000000000000e+00
-2.448049999999999926e+01 1.000000000000000000e+00 1.760000000000000063e-03 0.000000000000000000e+00
-2.448049999999999926e+01 1.000000000000000000e+00 1.649999999999999991e-03 0.000000000000000000e+00
-2.448049999999999926e+01 1.000000000000000000e+00 1.709999999999999932e-03 0.000000000000000000e+00
-2.448049999999999926e+01 1.000000000000000000e+00 1.670000000000000043e-03 0.000000000000000000e+00
-2.448049999999999926e+01 1.000000000000000000e+00 1.729999999999999984e-03 0.000000000000000000e+00
-2.448049999999999926e+01 1.000000000000000000e+00 1.690000000000000096e-03 0.000000000000000000e+00
-2.448049999999999926e+01 1.000000000000000000e+00 1.590000000000000050e-03 0.000000000000000000e+00
-2.448049999999999926e+01 1.000000000000000000e+00 1.690000000000000096e-03 0.000000000000000000e+00
-2.448049999999999926e+01 1.000000000000000000e+00 1.680000000000000070e-03 0.000000000000000000e+00
-2.448049999999999926e+01 1.000000000000000000e+00 1.660000000000000017e-03 0.000000000000000000e+00
-2.448049999999999926e+01 1.000000000000000000e+00 1.899999999999999996e-03 0.000000000000000000e+00
-2.448049999999999926e+01 1.000000000000000000e+00 1.879999999999999944e-03 0.000000000000000000e+00
-2.448049999999999926e+01 1.000000000000000000e+00 1.549999999999999946e-03 0.000000000000000000e+00
-2.448049999999999926e+01 1.000000000000000000e+00 1.559999999999999972e-03 0.000000000000000000e+00
-2.448049999999999926e+01 1.000000000000000000e+00 2.069999999999999792e-03 0.000000000000000000e+00
-2.448049999999999926e+01 1.000000000000000000e+00 1.949999999999999910e-03 0.000000000000000000e+00
-2.448049999999999926e+01 1.000000000000000000e+00 1.449999999999999900e-03 0.000000000000000000e+00
-2.448049999999999926e+01 1.000000000000000000e+00 1.770000000000000089e-03 0.000000000000000000e+00
-2.448049999999999926e+01 1.000000000000000000e+00 1.569999999999999998e-03 0.000000000000000000e+00
-2.448049999999999926e+01 1.000000000000000000e+00 1.479999999999999979e-03 0.000000000000000000e+00
-2.448049999999999926e+01 1.000000000000000000e+00 1.709999999999999932e-03 0.000000000000000000e+00
-2.448049999999999926e+01 1.000000000000000000e+00 1.619999999999999912e-03 0.000000000000000000e+00
-2.448049999999999926e+01 1.000000000000000000e+00 1.490000000000000005e-03 0.000000000000000000e+00
-2.448049999999999926e+01 1.000000000000000000e+00 1.569999999999999998e-03 0.000000000000000000e+00
-2.448049999999999926e+01 1.000000000000000000e+00 1.840000000000000056e-03 0.000000000000000000e+00
-2.448049999999999926e+01 1.000000000000000000e+00 1.549999999999999946e-03 0.000000000000000000e+00
-2.448049999999999926e+01 1.000000000000000000e+00 1.559999999999999972e-03 0.000000000000000000e+00
-2.448049999999999926e+01 1.000000000000000000e+00 1.580000000000000024e-03 0.000000000000000000e+00
-2.448049999999999926e+01 1.000000000000000000e+00 1.529999999999999893e-03 0.000000000000000000e+00
-2.448049999999999926e+01 1.000000000000000000e+00 1.930000000000000075e-03 0.000000000000000000e+00
-2.448049999999999926e+01 1.000000000000000000e+00 1.699999999999999905e-03 0.000000000000000000e+00
-2.448049999999999926e+01 1.000000000000000000e+00 1.789999999999999925e-03 0.000000000000000000e+00
-2.448049999999999926e+01 1.000000000000000000e+00 1.799999999999999951e-03 0.000000000000000000e+00
-2.448049999999999926e+01 1.000000000000000000e+00 1.559999999999999972e-03 0.000000000000000000e+00
-2.448049999999999926e+01 1.000000000000000000e+00 1.959999999999999937e-03 0.000000000000000000e+00
-2.448049999999999926e+01 1.000000000000000000e+00 1.820000000000000003e-03 0.000000000000000000e+00
-2.448049999999999926e+01 1.000000000000000000e+00 1.799999999999999951e-03 0.000000000000000000e+00
-2.448049999999999926e+01 1.000000000000000000e+00 1.740000000000000010e-03 0.000000000000000000e+00
-2.448049999999999926e+01 1.000000000000000000e+00 1.600000000000000077e-03 0.000000000000000000e+00
-2.448049999999999926e+01 1.000000000000000000e+00 1.719999999999999958e-03 0.000000000000000000e+00
-2.448049999999999926e+01 1.000000000000000000e+00 1.799999999999999951e-03 0.000000000000000000e+00
-2.448049999999999926e+01 1.000000000000000000e+00 1.889999999999999970e-03 0.000000000000000000e+00
-2.448049999999999926e+01 1.000000000000000000e+00 1.629999999999999939e-03 0.000000000000000000e+00
-2.448049999999999926e+01 1.000000000000000000e+00 1.580000000000000024e-03 0.000000000000000000e+00
-2.448049999999999926e+01 1.000000000000000000e+00 1.699999999999999905e-03 0.000000000000000000e+00
-2.448049999999999926e+01 1.000000000000000000e+00 1.889999999999999970e-03 0.000000000000000000e+00
-2.448049999999999926e+01 1.000000000000000000e+00 1.779999999999999898e-03 0.000000000000000000e+00
-2.448049999999999926e+01 1.000000000000000000e+00 1.840000000000000056e-03 0.000000000000000000e+00
-2.448049999999999926e+01 1.000000000000000000e+00 1.709999999999999932e-03 0.000000000000000000e+00
-2.448049999999999926e+01 1.000000000000000000e+00 1.660000000000000017e-03 0.000000000000000000e+00
-2.448049999999999926e+01 1.000000000000000000e+00 1.629999999999999939e-03 0.000000000000000000e+00
-2.448049999999999926e+01 1.000000000000000000e+00 1.639999999999999965e-03 0.000000000000000000e+00
-2.448049999999999926e+01 1.000000000000000000e+00 1.629999999999999939e-03 0.000000000000000000e+00
-2.448049999999999926e+01 1.000000000000000000e+00 1.660000000000000017e-03 0.000000000000000000e+00
-2.448049999999999926e+01 1.000000000000000000e+00 1.619999999999999912e-03 0.000000000000000000e+00
-2.448049999999999926e+01 1.000000000000000000e+00 1.889999999999999970e-03 0.000000000000000000e+00
-2.448049999999999926e+01 1.000000000000000000e+00 1.649999999999999991e-03 0.000000000000000000e+00
-2.448049999999999926e+01 1.000000000000000000e+00 1.760000000000000063e-03 0.000000000000000000e+00
-2.448049999999999926e+01 1.000000000000000000e+00 1.729999999999999984e-03 0.000000000000000000e+00
-2.448049999999999926e+01 1.000000000000000000e+00 1.600000000000000077e-03 0.000000000000000000e+00
-2.448049999999999926e+01 1.000000000000000000e+00 1.729999999999999984e-03 0.000000000000000000e+00
-2.448049999999999926e+01 1.000000000000000000e+00 1.660000000000000017e-03 0.000000000000000000e+00
-2.448049999999999926e+01 1.000000000000000000e+00 1.549999999999999946e-03 0.000000000000000000e+00
-2.448049999999999926e+01 1.000000000000000000e+00 1.750000000000000036e-03 0.000000000000000000e+00
-2.448049999999999926e+01 1.000000000000000000e+00 1.670000000000000043e-03 0.000000000000000000e+00
-2.448049999999999926e+01 1.000000000000000000e+00 1.770000000000000089e-03 0.000000000000000000e+00
-2.448049999999999926e+01 1.000000000000000000e+00 1.559999999999999972e-03 0.000000000000000000e+00
-2.448049999999999926e+01 1.000000000000000000e+00 1.850000000000000082e-03 0.000000000000000000e+00
-2.448049999999999926e+01 1.000000000000000000e+00 1.699999999999999905e-03 0.000000000000000000e+00
-2.448049999999999926e+01 1.000000000000000000e+00 1.559999999999999972e-03 0.000000000000000000e+00
-2.448049999999999926e+01 1.000000000000000000e+00 1.949999999999999910e-03 0.000000000000000000e+00
-2.448049999999999926e+01 1.000000000000000000e+00 1.610000000000000103e-03 0.000000000000000000e+00
-2.448049999999999926e+01 1.000000000000000000e+00 1.690000000000000096e-03 0.000000000000000000e+00
-2.448049999999999926e+01 1.000000000000000000e+00 1.629999999999999939e-03 0.000000000000000000e+00
-2.448049999999999926e+01 1.000000000000000000e+00 1.869999999999999917e-03 0.000000000000000000e+00
-2.448049999999999926e+01 1.000000000000000000e+00 1.740000000000000010e-03 0.000000000000000000e+00
-2.448049999999999926e+01 1.000000000000000000e+00 1.799999999999999951e-03 0.000000000000000000e+00
-2.448049999999999926e+01 1.000000000000000000e+00 1.809999999999999977e-03 0.000000000000000000e+00
-2.448049999999999926e+01 1.000000000000000000e+00 1.770000000000000089e-03 0.000000000000000000e+00
-2.448049999999999926e+01 1.000000000000000000e+00 1.789999999999999925e-03 0.000000000000000000e+00
-2.448049999999999926e+01 1.000000000000000000e+00 1.979999999999999989e-03 0.000000000000000000e+00
-2.448049999999999926e+01 1.000000000000000000e+00 1.600000000000000077e-03 0.000000000000000000e+00
-2.448049999999999926e+01 1.000000000000000000e+00 1.760000000000000063e-03 0.000000000000000000e+00
-2.448049999999999926e+01 1.000000000000000000e+00 1.860000000000000108e-03 0.000000000000000000e+00
-2.448049999999999926e+01 1.000000000000000000e+00 1.860000000000000108e-03 0.000000000000000000e+00
-2.448049999999999926e+01 1.000000000000000000e+00 1.580000000000000024e-03 0.000000000000000000e+00
-2.448049999999999926e+01 1.000000000000000000e+00 1.969999999999999963e-03 0.000000000000000000e+00
-2.448049999999999926e+01 1.000000000000000000e+00 1.830000000000000029e-03 0.000000000000000000e+00
-2.448049999999999926e+01 1.000000000000000000e+00 1.529999999999999893e-03 0.000000000000000000e+00
-2.448049999999999926e+01 1.000000000000000000e+00 1.649999999999999991e-03 0.000000000000000000e+00
-2.448049999999999926e+01 1.000000000000000000e+00 1.809999999999999977e-03 0.000000000000000000e+00
-2.448049999999999926e+01 1.000000000000000000e+00 1.740000000000000010e-03 0.000000000000000000e+00
-2.448049999999999926e+01 1.000000000000000000e+00 1.569999999999999998e-03 0.000000000000000000e+00
-2.448049999999999926e+01 1.000000000000000000e+00 1.680000000000000070e-03 0.000000000000000000e+00
-2.448049999999999926e+01 1.000000000000000000e+00 1.600000000000000077e-03 0.000000000000000000e+00
-2.448049999999999926e+01 1.000000000000000000e+00 1.719999999999999958e-03 0.000000000000000000e+00
-2.448049999999999926e+01 1.000000000000000000e+00 1.750000000000000036e-03 0.000000000000000000e+00
-2.448049999999999926e+01 1.000000000000000000e+00 1.600000000000000077e-03 0.000000000000000000e+00
-2.448049999999999926e+01 1.000000000000000000e+00 1.690000000000000096e-03 0.000000000000000000e+00
-2.448049999999999926e+01 1.000000000000000000e+00 1.610000000000000103e-03 0.000000000000000000e+00
-2.448049999999999926e+01 1.000000000000000000e+00 1.709999999999999932e-03 0.000000000000000000e+00
-2.448049999999999926e+01 1.000000000000000000e+00 1.619999999999999912e-03 0.000000000000000000e+00
-2.448049999999999926e+01 1.000000000000000000e+00 1.740000000000000010e-03 0.000000000000000000e+00
-2.448049999999999926e+01 1.000000000000000000e+00 1.719999999999999958e-03 0.000000000000000000e+00
-2.448049999999999926e+01 1.000000000000000000e+00 1.830000000000000029e-03 0.000000000000000000e+00
-2.448049999999999926e+01 1.000000000000000000e+00 1.690000000000000096e-03 0.000000000000000000e+00
-2.448049999999999926e+01 1.000000000000000000e+00 2.010000000000000068e-03 0.000000000000000000e+00
-2.448049999999999926e+01 1.000000000000000000e+00 1.680000000000000070e-03 0.000000000000000000e+00
-2.448049999999999926e+01 1.000000000000000000e+00 1.809999999999999977e-03 0.000000000000000000e+00
-2.448049999999999926e+01 1.000000000000000000e+00 1.510000000000000057e-03 0.000000000000000000e+00
-2.448049999999999926e+01 1.000000000000000000e+00 1.580000000000000024e-03 0.000000000000000000e+00
-2.448049999999999926e+01 1.000000000000000000e+00 1.670000000000000043e-03 0.000000000000000000e+00
-2.448049999999999926e+01 1.000000000000000000e+00 1.750000000000000036e-03 0.000000000000000000e+00
-2.448049999999999926e+01 1.000000000000000000e+00 1.860000000000000108e-03 0.000000000000000000e+00
-2.448049999999999926e+01 1.000000000000000000e+00 1.510000000000000057e-03 0.000000000000000000e+00
-2.448049999999999926e+01 1.000000000000000000e+00 1.660000000000000017e-03 0.000000000000000000e+00
-2.448049999999999926e+01 1.000000000000000000e+00 1.479999999999999979e-03 0.000000000000000000e+00
-2.448049999999999926e+01 1.000000000000000000e+00 1.649999999999999991e-03 0.000000000000000000e+00
-2.448049999999999926e+01 1.000000000000000000e+00 1.639999999999999965e-03 0.000000000000000000e+00
-2.448049999999999926e+01 1.000000000000000000e+00 1.809999999999999977e-03 0.000000000000000000e+00
-2.448049999999999926e+01 1.000000000000000000e+00 1.590000000000000050e-03 0.000000000000000000e+00
-2.448049999999999926e+01 1.000000000000000000e+00 1.580000000000000024e-03 0.000000000000000000e+00
-2.448049999999999926e+01 1.000000000000000000e+00 1.699999999999999905e-03 0.000000000000000000e+00
-2.448049999999999926e+01 1.000000000000000000e+00 1.569999999999999998e-03 0.000000000000000000e+00
-2.448049999999999926e+01 1.000000000000000000e+00 1.529999999999999893e-03 0.000000000000000000e+00
-2.448049999999999926e+01 1.000000000000000000e+00 1.719999999999999958e-03 0.000000000000000000e+00
-2.448049999999999926e+01 1.000000000000000000e+00 1.510000000000000057e-03 0.000000000000000000e+00
-2.448049999999999926e+01 1.000000000000000000e+00 1.770000000000000089e-03 0.000000000000000000e+00
-2.448049999999999926e+01 1.000000000000000000e+00 1.840000000000000056e-03 0.000000000000000000e+00
-2.448049999999999926e+01 1.000000000000000000e+00 1.600000000000000077e-03 0.000000000000000000e+00
-2.448049999999999926e+01 1.000000000000000000e+00 1.580000000000000024e-03 0.000000000000000000e+00
-2.448049999999999926e+01 1.000000000000000000e+00 1.799999999999999951e-03 0.000000000000000000e+00
-2.448049999999999926e+01 1.000000000000000000e+00 1.879999999999999944e-03 0.000000000000000000e+00
-2.448049999999999926e+01 1.000000000000000000e+00 1.510000000000000057e-03 0.000000000000000000e+00
-2.448049999999999926e+01 1.000000000000000000e+00 1.629999999999999939e-03 0.000000000000000000e+00
-2.448049999999999926e+01 1.000000000000000000e+00 1.580000000000000024e-03 0.000000000000000000e+00
-2.448049999999999926e+01 1.000000000000000000e+00 1.850000000000000082e-03 0.000000000000000000e+00
-2.448049999999999926e+01 1.000000000000000000e+00 1.569999999999999998e-03 0.000000000000000000e+00
-2.448049999999999926e+01 1.000000000000000000e+00 1.830000000000000029e-03 0.000000000000000000e+00
-2.448049999999999926e+01 1.000000000000000000e+00 1.690000000000000096e-03 0.000000000000000000e+00
-2.448049999999999926e+01 1.000000000000000000e+00 1.830000000000000029e-03 0.000000000000000000e+00
-2.448049999999999926e+01 1.000000000000000000e+00 1.879999999999999944e-03 0.000000000000000000e+00
-2.448049999999999926e+01 1.000000000000000000e+00 1.809999999999999977e-03 0.000000000000000000e+00
-2.448049999999999926e+01 1.000000000000000000e+00 1.670000000000000043e-03 0.000000000000000000e+00
-2.448049999999999926e+01 1.000000000000000000e+00 1.590000000000000050e-03 0.000000000000000000e+00
-2.448049999999999926e+01 1.000000000000000000e+00 1.760000000000000063e-03 0.000000000000000000e+00
-2.448049999999999926e+01 1.000000000000000000e+00 1.910000000000000022e-03 0.000000000000000000e+00
-2.448049999999999926e+01 1.000000000000000000e+00 1.529999999999999893e-03 0.000000000000000000e+00
-2.448049999999999926e+01 1.000000000000000000e+00 1.869999999999999917e-03 0.000000000000000000e+00
-2.448049999999999926e+01 1.000000000000000000e+00 1.740000000000000010e-03 0.000000000000000000e+00
-2.448049999999999926e+01 1.000000000000000000e+00 1.680000000000000070e-03 0.000000000000000000e+00
-2.448049999999999926e+01 1.000000000000000000e+00 1.719999999999999958e-03 0.000000000000000000e+00
-2.448049999999999926e+01 1.000000000000000000e+00 1.600000000000000077e-03 0.000000000000000000e+00
-2.448049999999999926e+01 1.000000000000000000e+00 1.740000000000000010e-03 0.000000000000000000e+00
-2.448049999999999926e+01 1.000000000000000000e+00 1.680000000000000070e-03 0.000000000000000000e+00
-2.448049999999999926e+01 1.000000000000000000e+00 1.699999999999999905e-03 0.000000000000000000e+00
-2.448049999999999926e+01 1.000000000000000000e+00 1.760000000000000063e-03 0.000000000000000000e+00
-2.448049999999999926e+01 1.000000000000000000e+00 1.840000000000000056e-03 0.000000000000000000e+00
-2.448049999999999926e+01 1.000000000000000000e+00 1.940000000000000101e-03 0.000000000000000000e+00
-2.448049999999999926e+01 1.000000000000000000e+00 1.639999999999999965e-03 0.000000000000000000e+00
-2.448049999999999926e+01 1.000000000000000000e+00 1.670000000000000043e-03 0.000000000000000000e+00
-2.448049999999999926e+01 1.000000000000000000e+00 1.719999999999999958e-03 0.000000000000000000e+00
-2.448049999999999926e+01 1.000000000000000000e+00 1.690000000000000096e-03 0.000000000000000000e+00
-2.448049999999999926e+01 1.000000000000000000e+00 1.610000000000000103e-03 0.000000000000000000e+00
-2.448049999999999926e+01 1.000000000000000000e+00 1.619999999999999912e-03 0.000000000000000000e+00
-2.448049999999999926e+01 1.000000000000000000e+00 1.690000000000000096e-03 0.000000000000000000e+00
-2.448049999999999926e+01 1.000000000000000000e+00 1.789999999999999925e-03 0.000000000000000000e+00
-2.448049999999999926e+01 1.000000000000000000e+00 1.840000000000000056e-03 0.000000000000000000e+00
-2.448049999999999926e+01 1.000000000000000000e+00 1.729999999999999984e-03 0.000000000000000000e+00
-2.448049999999999926e+01 1.000000000000000000e+00 1.619999999999999912e-03 0.000000000000000000e+00
-2.448049999999999926e+01 1.000000000000000000e+00 1.789999999999999925e-03 0.000000000000000000e+00
-2.448049999999999926e+01 1.000000000000000000e+00 1.809999999999999977e-03 0.000000000000000000e+00
-2.448049999999999926e+01 1.000000000000000000e+00 1.879999999999999944e-03 0.000000000000000000e+00
-2.448049999999999926e+01 1.000000000000000000e+00 1.830000000000000029e-03 0.000000000000000000e+00
-2.448049999999999926e+01 1.000000000000000000e+00 1.709999999999999932e-03 0.000000000000000000e+00
-2.448049999999999926e+01 1.000000000000000000e+00 1.600000000000000077e-03 0.000000000000000000e+00
-2.448049999999999926e+01 1.000000000000000000e+00 1.740000000000000010e-03 0.000000000000000000e+00
-2.448049999999999926e+01 1.000000000000000000e+00 1.559999999999999972e-03 0.000000000000000000e+00
-2.448049999999999926e+01 1.000000000000000000e+00 1.830000000000000029e-03 0.000000000000000000e+00
-2.448049999999999926e+01 1.000000000000000000e+00 1.319999999999999993e-03 0.000000000000000000e+00
-2.448049999999999926e+01 1.000000000000000000e+00 1.799999999999999951e-03 0.000000000000000000e+00
-2.448049999999999926e+01 1.000000000000000000e+00 1.740000000000000010e-03 0.000000000000000000e+00
-2.448049999999999926e+01 1.000000000000000000e+00 1.690000000000000096e-03 0.000000000000000000e+00
-2.448049999999999926e+01 1.000000000000000000e+00 1.760000000000000063e-03 0.000000000000000000e+00
-2.448049999999999926e+01 1.000000000000000000e+00 1.670000000000000043e-03 0.000000000000000000e+00
-2.448049999999999926e+01 1.000000000000000000e+00 1.840000000000000056e-03 0.000000000000000000e+00
-2.448049999999999926e+01 1.000000000000000000e+00 1.619999999999999912e-03 0.000000000000000000e+00
-2.448049999999999926e+01 1.000000000000000000e+00 1.729999999999999984e-03 0.000000000000000000e+00
-2.448049999999999926e+01 1.000000000000000000e+00 1.709999999999999932e-03 0.000000000000000000e+00
-2.448049999999999926e+01 1.000000000000000000e+00 1.729999999999999984e-03 0.000000000000000000e+00
-2.448049999999999926e+01 1.000000000000000000e+00 1.940000000000000101e-03 0.000000000000000000e+00
-2.448049999999999926e+01 1.000000000000000000e+00 1.690000000000000096e-03 0.000000000000000000e+00
-2.448049999999999926e+01 1.000000000000000000e+00 1.690000000000000096e-03 0.000000000000000000e+00
-2.448049999999999926e+01 1.000000000000000000e+00 1.690000000000000096e-03 0.000000000000000000e+00
-2.448049999999999926e+01 1.000000000000000000e+00 1.559999999999999972e-03 0.000000000000000000e+00
-2.448049999999999926e+01 1.000000000000000000e+00 1.940000000000000101e-03 0.000000000000000000e+00
-2.448049999999999926e+01 1.000000000000000000e+00 1.629999999999999939e-03 0.000000000000000000e+00
-2.448049999999999926e+01 1.000000000000000000e+00 1.699999999999999905e-03 0.000000000000000000e+00
-2.448049999999999926e+01 1.000000000000000000e+00 1.559999999999999972e-03 0.000000000000000000e+00
-2.448049999999999926e+01 1.000000000000000000e+00 1.649999999999999991e-03 0.000000000000000000e+00
-2.448049999999999926e+01 1.000000000000000000e+00 1.619999999999999912e-03 0.000000000000000000e+00
-2.448049999999999926e+01 1.000000000000000000e+00 1.610000000000000103e-03 0.000000000000000000e+00
-2.448049999999999926e+01 1.000000000000000000e+00 1.770000000000000089e-03 0.000000000000000000e+00
-2.448049999999999926e+01 1.000000000000000000e+00 1.619999999999999912e-03 0.000000000000000000e+00
-2.448049999999999926e+01 1.000000000000000000e+00 1.649999999999999991e-03 0.000000000000000000e+00
-2.448049999999999926e+01 1.000000000000000000e+00 1.670000000000000043e-03 0.000000000000000000e+00
-2.448049999999999926e+01 1.000000000000000000e+00 1.559999999999999972e-03 0.000000000000000000e+00
-2.448049999999999926e+01 1.000000000000000000e+00 1.740000000000000010e-03 0.000000000000000000e+00
-2.448049999999999926e+01 1.000000000000000000e+00 1.680000000000000070e-03 0.000000000000000000e+00
-2.448049999999999926e+01 1.000000000000000000e+00 1.500000000000000031e-03 0.000000000000000000e+00
-2.448049999999999926e+01 1.000000000000000000e+00 1.410000000000000012e-03 0.000000000000000000e+00
-2.448049999999999926e+01 1.000000000000000000e+00 1.510000000000000057e-03 0.000000000000000000e+00
-2.448049999999999926e+01 1.000000000000000000e+00 1.879999999999999944e-03 0.000000000000000000e+00
-2.448049999999999926e+01 1.000000000000000000e+00 1.590000000000000050e-03 0.000000000000000000e+00
-2.448049999999999926e+01 1.000000000000000000e+00 1.830000000000000029e-03 0.000000000000000000e+00
-2.448049999999999926e+01 1.000000000000000000e+00 1.729999999999999984e-03 0.000000000000000000e+00
-2.448049999999999926e+01 1.000000000000000000e+00 1.459999999999999926e-03 0.000000000000000000e+00
-2.448049999999999926e+01 1.000000000000000000e+00 1.649999999999999991e-03 0.000000000000000000e+00
-2.448049999999999926e+01 1.000000000000000000e+00 1.539999999999999919e-03 0.000000000000000000e+00
-2.448049999999999926e+01 1.000000000000000000e+00 1.840000000000000056e-03 0.000000000000000000e+00
-2.448049999999999926e+01 1.000000000000000000e+00 1.729999999999999984e-03 0.000000000000000000e+00
-2.448049999999999926e+01 1.000000000000000000e+00 1.680000000000000070e-03 0.000000000000000000e+00
-2.448049999999999926e+01 1.000000000000000000e+00 1.809999999999999977e-03 0.000000000000000000e+00
-2.448049999999999926e+01 1.000000000000000000e+00 1.660000000000000017e-03 0.000000000000000000e+00
-2.448049999999999926e+01 1.000000000000000000e+00 1.639999999999999965e-03 0.000000000000000000e+00
-2.448049999999999926e+01 1.000000000000000000e+00 1.789999999999999925e-03 0.000000000000000000e+00
-2.448049999999999926e+01 1.000000000000000000e+00 1.740000000000000010e-03 0.000000000000000000e+00
-2.448049999999999926e+01 1.000000000000000000e+00 1.869999999999999917e-03 0.000000000000000000e+00
-2.448049999999999926e+01 1.000000000000000000e+00 1.789999999999999925e-03 0.000000000000000000e+00
-2.448049999999999926e+01 1.000000000000000000e+00 1.660000000000000017e-03 0.000000000000000000e+00
-2.448049999999999926e+01 1.000000000000000000e+00 1.660000000000000017e-03 0.000000000000000000e+00
-2.448049999999999926e+01 1.000000000000000000e+00 1.770000000000000089e-03 0.000000000000000000e+00
-2.448049999999999926e+01 1.000000000000000000e+00 1.590000000000000050e-03 0.000000000000000000e+00
-2.448049999999999926e+01 1.000000000000000000e+00 1.510000000000000057e-03 0.000000000000000000e+00
-2.448049999999999926e+01 1.000000000000000000e+00 1.840000000000000056e-03 0.000000000000000000e+00
-2.448049999999999926e+01 1.000000000000000000e+00 1.760000000000000063e-03 0.000000000000000000e+00
-2.448049999999999926e+01 1.000000000000000000e+00 1.619999999999999912e-03 0.000000000000000000e+00
-2.448049999999999926e+01 1.000000000000000000e+00 1.860000000000000108e-03 0.000000000000000000e+00
-2.448049999999999926e+01 1.000000000000000000e+00 1.649999999999999991e-03 0.000000000000000000e+00
-2.448049999999999926e+01 1.000000000000000000e+00 1.830000000000000029e-03 0.000000000000000000e+00
-2.448049999999999926e+01 1.000000000000000000e+00 1.889999999999999970e-03 0.000000000000000000e+00
-2.448049999999999926e+01 1.000000000000000000e+00 1.670000000000000043e-03 0.000000000000000000e+00
-2.448049999999999926e+01 1.000000000000000000e+00 1.649999999999999991e-03 0.000000000000000000e+00
-2.448049999999999926e+01 1.000000000000000000e+00 1.680000000000000070e-03 0.000000000000000000e+00
-2.448049999999999926e+01 1.000000000000000000e+00 1.660000000000000017e-03 0.000000000000000000e+00
-2.448049999999999926e+01 1.000000000000000000e+00 1.690000000000000096e-03 0.000000000000000000e+00
-2.448049999999999926e+01 1.000000000000000000e+00 1.699999999999999905e-03 0.000000000000000000e+00
-2.448049999999999926e+01 1.000000000000000000e+00 1.770000000000000089e-03 0.000000000000000000e+00
-2.448049999999999926e+01 1.000000000000000000e+00 1.840000000000000056e-03 0.000000000000000000e+00
-2.448049999999999926e+01 1.000000000000000000e+00 1.809999999999999977e-03 0.000000000000000000e+00
-2.448049999999999926e+01 1.000000000000000000e+00 1.770000000000000089e-03 0.000000000000000000e+00
-2.448049999999999926e+01 1.000000000000000000e+00 1.940000000000000101e-03 0.000000000000000000e+00
-2.448049999999999926e+01 1.000000000000000000e+00 1.639999999999999965e-03 0.000000000000000000e+00
-2.448049999999999926e+01 1.000000000000000000e+00 1.949999999999999910e-03 0.000000000000000000e+00
-2.448049999999999926e+01 1.000000000000000000e+00 1.569999999999999998e-03 0.000000000000000000e+00
-2.448049999999999926e+01 1.000000000000000000e+00 1.860000000000000108e-03 0.000000000000000000e+00
-2.448049999999999926e+01 1.000000000000000000e+00 1.719999999999999958e-03 0.000000000000000000e+00
-2.448049999999999926e+01 1.000000000000000000e+00 1.779999999999999898e-03 0.000000000000000000e+00
-2.448049999999999926e+01 1.000000000000000000e+00 1.490000000000000005e-03 0.000000000000000000e+00
-2.448049999999999926e+01 1.000000000000000000e+00 1.600000000000000077e-03 0.000000000000000000e+00
-2.448049999999999926e+01 1.000000000000000000e+00 1.479999999999999979e-03 0.000000000000000000e+00
-2.448049999999999926e+01 1.000000000000000000e+00 1.750000000000000036e-03 0.000000000000000000e+00
-2.448049999999999926e+01 1.000000000000000000e+00 1.820000000000000003e-03 0.000000000000000000e+00
-2.448049999999999926e+01 1.000000000000000000e+00 1.690000000000000096e-03 0.000000000000000000e+00
-2.448049999999999926e+01 1.000000000000000000e+00 1.699999999999999905e-03 0.000000000000000000e+00
-2.448049999999999926e+01 1.000000000000000000e+00 1.809999999999999977e-03 0.000000000000000000e+00
-2.448049999999999926e+01 1.000000000000000000e+00 1.949999999999999910e-03 0.000000000000000000e+00
-2.448049999999999926e+01 1.000000000000000000e+00 1.840000000000000056e-03 0.000000000000000000e+00
-2.448049999999999926e+01 1.000000000000000000e+00 1.770000000000000089e-03 0.000000000000000000e+00
-2.448049999999999926e+01 1.000000000000000000e+00 1.729999999999999984e-03 0.000000000000000000e+00
-2.448049999999999926e+01 1.000000000000000000e+00 1.680000000000000070e-03 0.000000000000000000e+00
-2.448049999999999926e+01 1.000000000000000000e+00 1.660000000000000017e-03 0.000000000000000000e+00
-2.448049999999999926e+01 1.000000000000000000e+00 1.629999999999999939e-03 0.000000000000000000e+00
-2.448049999999999926e+01 1.000000000000000000e+00 1.580000000000000024e-03 0.000000000000000000e+00
-2.448049999999999926e+01 1.000000000000000000e+00 1.490000000000000005e-03 0.000000000000000000e+00
-2.448049999999999926e+01 1.000000000000000000e+00 1.750000000000000036e-03 0.000000000000000000e+00
-2.448049999999999926e+01 1.000000000000000000e+00 1.520000000000000084e-03 0.000000000000000000e+00
-2.448049999999999926e+01 1.000000000000000000e+00 1.670000000000000043e-03 0.000000000000000000e+00
-2.448049999999999926e+01 1.000000000000000000e+00 1.629999999999999939e-03 0.000000000000000000e+00
-2.448049999999999926e+01 1.000000000000000000e+00 1.699999999999999905e-03 0.000000000000000000e+00
-2.448049999999999926e+01 1.000000000000000000e+00 1.539999999999999919e-03 0.000000000000000000e+00
-2.448049999999999926e+01 1.000000000000000000e+00 1.610000000000000103e-03 0.000000000000000000e+00
-2.448049999999999926e+01 1.000000000000000000e+00 1.660000000000000017e-03 0.000000000000000000e+00
-2.448049999999999926e+01 1.000000000000000000e+00 1.690000000000000096e-03 0.000000000000000000e+00
-2.448049999999999926e+01 1.000000000000000000e+00 1.690000000000000096e-03 0.000000000000000000e+00
-2.448049999999999926e+01 1.000000000000000000e+00 1.850000000000000082e-03 0.000000000000000000e+00
-2.448049999999999926e+01 1.000000000000000000e+00 1.990000000000000015e-03 0.000000000000000000e+00
-2.448049999999999926e+01 1.000000000000000000e+00 1.690000000000000096e-03 0.000000000000000000e+00
-2.448049999999999926e+01 1.000000000000000000e+00 1.910000000000000022e-03 0.000000000000000000e+00
-2.448049999999999926e+01 1.000000000000000000e+00 1.940000000000000101e-03 0.000000000000000000e+00
-2.448049999999999926e+01 1.000000000000000000e+00 1.590000000000000050e-03 0.000000000000000000e+00
-2.448049999999999926e+01 1.000000000000000000e+00 1.809999999999999977e-03 0.000000000000000000e+00
-2.448049999999999926e+01 1.000000000000000000e+00 1.959999999999999937e-03 0.000000000000000000e+00
-2.448049999999999926e+01 1.000000000000000000e+00 1.590000000000000050e-03 0.000000000000000000e+00
-2.448049999999999926e+01 1.000000000000000000e+00 1.789999999999999925e-03 0.000000000000000000e+00
-2.448049999999999926e+01 1.000000000000000000e+00 1.660000000000000017e-03 0.000000000000000000e+00
-2.448049999999999926e+01 1.000000000000000000e+00 1.569999999999999998e-03 0.000000000000000000e+00
-2.448049999999999926e+01 1.000000000000000000e+00 1.690000000000000096e-03 0.000000000000000000e+00
-2.448049999999999926e+01 1.000000000000000000e+00 1.690000000000000096e-03 0.000000000000000000e+00
-2.448049999999999926e+01 1.000000000000000000e+00 1.879999999999999944e-03 0.000000000000000000e+00
-2.448049999999999926e+01 1.000000000000000000e+00 1.569999999999999998e-03 0.000000000000000000e+00
-2.448049999999999926e+01 1.000000000000000000e+00 1.619999999999999912e-03 0.000000000000000000e+00
-2.448049999999999926e+01 1.000000000000000000e+00 1.610000000000000103e-03 0.000000000000000000e+00
-2.448049999999999926e+01 1.000000000000000000e+00 1.709999999999999932e-03 0.000000000000000000e+00
-2.448049999999999926e+01 1.000000000000000000e+00 1.799999999999999951e-03 0.000000000000000000e+00
-2.448049999999999926e+01 1.000000000000000000e+00 1.729999999999999984e-03 0.000000000000000000e+00
-2.448049999999999926e+01 1.000000000000000000e+00 1.690000000000000096e-03 0.000000000000000000e+00
-2.448049999999999926e+01 1.000000000000000000e+00 1.569999999999999998e-03 0.000000000000000000e+00
-2.448049999999999926e+01 1.000000000000000000e+00 1.559999999999999972e-03 0.000000000000000000e+00
-2.448049999999999926e+01 1.000000000000000000e+00 1.600000000000000077e-03 0.000000000000000000e+00
-2.448049999999999926e+01 1.000000000000000000e+00 1.830000000000000029e-03 0.000000000000000000e+00
-2.448049999999999926e+01 1.000000000000000000e+00 1.779999999999999898e-03 0.000000000000000000e+00
-2.448049999999999926e+01 1.000000000000000000e+00 1.510000000000000057e-03 0.000000000000000000e+00
-2.448049999999999926e+01 1.000000000000000000e+00 1.699999999999999905e-03 0.000000000000000000e+00
-2.448049999999999926e+01 1.000000000000000000e+00 1.649999999999999991e-03 0.000000000000000000e+00
-2.448049999999999926e+01 1.000000000000000000e+00 1.559999999999999972e-03 0.000000000000000000e+00
-2.448049999999999926e+01 1.000000000000000000e+00 1.690000000000000096e-03 0.000000000000000000e+00
-2.448049999999999926e+01 1.000000000000000000e+00 1.529999999999999893e-03 0.000000000000000000e+00
-2.448049999999999926e+01 1.000000000000000000e+00 1.660000000000000017e-03 0.000000000000000000e+00
-2.448049999999999926e+01 1.000000000000000000e+00 1.830000000000000029e-03 0.000000000000000000e+00
-2.448049999999999926e+01 1.000000000000000000e+00 1.639999999999999965e-03 0.000000000000000000e+00
-2.448049999999999926e+01 1.000000000000000000e+00 1.889999999999999970e-03 0.000000000000000000e+00
-2.448049999999999926e+01 1.000000000000000000e+00 1.760000000000000063e-03 0.000000000000000000e+00
-2.448049999999999926e+01 1.000000000000000000e+00 1.539999999999999919e-03 0.000000000000000000e+00
-2.448049999999999926e+01 1.000000000000000000e+00 1.619999999999999912e-03 0.000000000000000000e+00
-2.448049999999999926e+01 1.000000000000000000e+00 1.830000000000000029e-03 0.000000000000000000e+00
-2.448049999999999926e+01 1.000000000000000000e+00 1.649999999999999991e-03 0.000000000000000000e+00
-2.448049999999999926e+01 1.000000000000000000e+00 1.600000000000000077e-03 0.000000000000000000e+00
-2.448049999999999926e+01 1.000000000000000000e+00 1.639999999999999965e-03 0.000000000000000000e+00
-2.448049999999999926e+01 1.000000000000000000e+00 1.549999999999999946e-03 0.000000000000000000e+00
-2.448049999999999926e+01 1.000000000000000000e+00 2.099999999999999870e-03 0.000000000000000000e+00
-2.448049999999999926e+01 1.000000000000000000e+00 1.529999999999999893e-03 0.000000000000000000e+00
-2.448049999999999926e+01 1.000000000000000000e+00 1.840000000000000056e-03 0.000000000000000000e+00
-2.448049999999999926e+01 1.000000000000000000e+00 1.899999999999999996e-03 0.000000000000000000e+00
-2.448049999999999926e+01 1.000000000000000000e+00 1.949999999999999910e-03 0.000000000000000000e+00
-2.448049999999999926e+01 1.000000000000000000e+00 1.430000000000000064e-03 0.000000000000000000e+00
-2.448049999999999926e+01 1.000000000000000000e+00 2.069999999999999792e-03 0.000000000000000000e+00
-2.448049999999999926e+01 1.000000000000000000e+00 1.559999999999999972e-03 0.000000000000000000e+00
-2.448049999999999926e+01 1.000000000000000000e+00 1.850000000000000082e-03 0.000000000000000000e+00
-2.448049999999999926e+01 1.000000000000000000e+00 1.770000000000000089e-03 0.000000000000000000e+00
-2.448049999999999926e+01 1.000000000000000000e+00 1.779999999999999898e-03 0.000000000000000000e+00
-2.448049999999999926e+01 1.000000000000000000e+00 1.690000000000000096e-03 0.000000000000000000e+00
-2.448049999999999926e+01 1.000000000000000000e+00 1.699999999999999905e-03 0.000000000000000000e+00
-2.448049999999999926e+01 1.000000000000000000e+00 1.779999999999999898e-03 0.000000000000000000e+00
-2.448049999999999926e+01 1.000000000000000000e+00 1.670000000000000043e-03 0.000000000000000000e+00
-2.448049999999999926e+01 1.000000000000000000e+00 1.860000000000000108e-03 0.000000000000000000e+00
-2.448049999999999926e+01 1.000000000000000000e+00 1.490000000000000005e-03 0.000000000000000000e+00
-2.448049999999999926e+01 1.000000000000000000e+00 1.690000000000000096e-03 0.000000000000000000e+00
-2.448049999999999926e+01 1.000000000000000000e+00 1.699999999999999905e-03 0.000000000000000000e+00
-2.448049999999999926e+01 1.000000000000000000e+00 1.379999999999999933e-03 0.000000000000000000e+00
-2.448049999999999926e+01 1.000000000000000000e+00 1.510000000000000057e-03 0.000000000000000000e+00
-2.448049999999999926e+01 1.000000000000000000e+00 1.569999999999999998e-03 0.000000000000000000e+00
-2.448049999999999926e+01 1.000000000000000000e+00 1.680000000000000070e-03 0.000000000000000000e+00
-2.448049999999999926e+01 1.000000000000000000e+00 1.549999999999999946e-03 0.000000000000000000e+00
-2.448049999999999926e+01 1.000000000000000000e+00 1.580000000000000024e-03 0.000000000000000000e+00
-2.448049999999999926e+01 1.000000000000000000e+00 1.590000000000000050e-03 0.000000000000000000e+00
-2.448049999999999926e+01 1.000000000000000000e+00 1.930000000000000075e-03 0.000000000000000000e+00
-2.448049999999999926e+01 1.000000000000000000e+00 1.670000000000000043e-03 0.000000000000000000e+00
-2.448049999999999926e+01 1.000000000000000000e+00 1.649999999999999991e-03 0.000000000000000000e+00
-2.448049999999999926e+01 1.000000000000000000e+00 1.899999999999999996e-03 0.000000000000000000e+00
