-8.931000000000000050e-01
8.657000000000000250e-01
9.225999999999999757e-01
-5.365999999999999659e-01
6.495999999999999552e-01
3.849999999999999950e-02
2.330000000000000127e-02
9.925000000000000488e-01
-9.400000000000000022e-02
3.729999999999999982e-01
9.748999999999999888e-01
4.290999999999999814e-01
1.383999999999999952e-01
2.172000000000000042e-01
5.532000000000000250e-01
-7.199999999999999803e-03
3.013000000000000123e-01
-6.976999999999999869e-01
-5.550000000000000072e-02
-5.240000000000000213e-01
9.199000000000000510e-01
-9.688999999999999835e-01
3.835000000000000075e-01
6.568000000000000504e-01
9.468999999999999639e-01
9.015999999999999570e-01
2.477000000000000035e-01
1.396000000000000019e-01
8.512999999999999456e-01
-2.247000000000000108e-01
-5.562000000000000277e-01
-4.724999999999999756e-01
-9.648999999999999799e-01
5.715000000000000080e-01
2.790000000000000258e-01
-3.431000000000000161e-01
-9.637999999999999901e-01
9.313000000000000167e-01
9.021000000000000130e-01
-2.016000000000000014e-01
4.418000000000000260e-01
-1.582000000000000073e-01
-7.809000000000000385e-01
-3.637000000000000233e-01
-6.418000000000000371e-01
8.971000000000000085e-01
4.979999999999999982e-01
4.344000000000000083e-01
8.945999999999999508e-01
9.399999999999999467e-01
3.472999999999999976e-01
-3.791999999999999815e-01
-2.298999999999999932e-01
2.787999999999999923e-01
8.530000000000000082e-02
-4.137000000000000122e-01
-6.860000000000000542e-01
9.967000000000000304e-01
1.517999999999999905e-01
2.346999999999999920e-01
3.386000000000000121e-01
-7.590999999999999970e-01
-5.409000000000000474e-01
-5.170000000000000290e-02
7.326000000000000290e-01
1.187000000000000000e-01
-7.775999999999999579e-01
-5.852000000000000535e-01
-9.244999999999999885e-01
-4.093999999999999861e-01
-9.543000000000000371e-01
-4.753999999999999893e-01
9.254999999999999893e-01
2.192000000000000060e-01
-1.118999999999999995e-01
-4.723999999999999866e-01
1.270999999999999908e-01
5.311000000000000165e-01
-7.952000000000000179e-01
4.619999999999999801e-02
-9.296999999999999709e-01
-8.310999999999999499e-01
9.454000000000000181e-01
5.029999999999999749e-02
-8.061000000000000387e-01
3.339999999999999913e-02
9.101000000000000201e-01
9.831999999999999629e-01
-3.546000000000000263e-01
-9.042000000000000037e-01
-1.466999999999999971e-01
-3.216999999999999860e-01
5.619999999999999996e-02
-4.839999999999999858e-01
2.187000000000000055e-01
-4.119999999999999774e-01
-3.358999999999999764e-01
-5.410000000000000364e-01
9.554000000000000270e-01
2.518000000000000238e-01
-9.515000000000000124e-01
9.118000000000000549e-01
8.658000000000000140e-01
-5.160000000000000003e-02
-3.207999999999999741e-01
3.687000000000000277e-01
9.909999999999999920e-01
-5.405999999999999694e-01
1.832000000000000017e-01
6.994000000000000217e-01
5.800999999999999490e-01
2.769999999999999893e-02
-5.437999999999999501e-01
5.256999999999999451e-01
-3.869000000000000217e-01
-8.050000000000000488e-01
8.037999999999999590e-01
3.795999999999999930e-01
-2.671000000000000041e-01
-5.076000000000000512e-01
1.290999999999999925e-01
6.565999999999999615e-01
2.060000000000000026e-02
3.503999999999999893e-01
7.472999999999999643e-01
9.643000000000000460e-01
-4.794999999999999818e-01
5.252000000000000002e-01
8.693999999999999506e-01
-6.916999999999999815e-01
-2.548000000000000265e-01
9.671999999999999487e-01
4.420999999999999930e-01
1.084999999999999992e-01
5.970999999999999641e-01
-6.135000000000000453e-01
6.686999999999999611e-01
4.758999999999999897e-01
-6.758999999999999453e-01
-1.300999999999999934e-01
6.475999999999999535e-01
-5.380000000000000338e-01
2.383000000000000118e-01
-7.116000000000000103e-01
-8.320999999999999508e-01
-2.099000000000000032e-01
-5.808999999999999719e-01
2.462999999999999912e-01
4.940999999999999837e-01
6.611000000000000210e-01
6.284999999999999476e-01
5.534999999999999920e-01
-1.156999999999999973e-01
8.410999999999999588e-01
-2.942000000000000171e-01
-9.747000000000000108e-01
-3.669999999999999929e-01
-4.923000000000000154e-01
4.536000000000000032e-01
4.730000000000000177e-02
-6.854999999999999982e-01
-9.797000000000000153e-01
-8.227999999999999758e-01
-1.098999999999999977e-01
4.193999999999999950e-01
-2.419999999999999929e-02
2.701999999999999957e-01
-4.706000000000000183e-01
-5.244999999999999662e-01
-5.480000000000000426e-01
-6.713000000000000078e-01
7.276000000000000245e-01
1.097999999999999948e-01
-1.068999999999999950e-01
-9.054999999999999716e-01
-6.529000000000000359e-01
8.379999999999999949e-02
-2.361999999999999933e-01
-8.847000000000000419e-01
9.405000000000000027e-01
4.050000000000000128e-02
3.128000000000000225e-01
-6.653999999999999915e-01
2.305000000000000104e-01
1.522000000000000020e-01
5.790999999999999481e-01
-6.875999999999999890e-01
9.457999999999999741e-01
-7.866999999999999549e-01
-3.281999999999999917e-01
-7.846999999999999531e-01
6.784000000000000030e-01
9.651999999999999469e-01
2.127000000000000002e-01
-5.735999999999999988e-01
