1.615186420805546197e+00
6.535683667855656243e-01
1.060635266552959477e+00
-3.280699236981375333e-01
1.815720653921879313e+00
-5.461271721085673991e-02
-2.899013735609108910e-01
-5.264752494844449071e-01
-2.989619065862326175e-01
2.650385351132558132e-01
-2.837668260249513463e-01
2.383773395641051174e-01
-2.192365038140113298e-01
-5.777247961608549254e-01
-4.642170508981650623e-01
2.252603674295113045e-01
-3.031134528426689401e-01
6.420854211038319326e-01
1.048223244999132581e-01
5.740320088811919907e-01
-5.389531994945540028e-01
-1.795428282107606743e-01
-4.299374224225949170e-01
-3.764051052363598937e-01
-1.361158040351604925e-01
1.070291387585823761e+00
3.854313685391585476e-01
-2.576034618568312506e-01
5.613757318891120507e-01
6.310104072559189481e-01
6.136422981850968988e-02
-2.206006191902822322e-01
3.461704973533406005e-01
-8.755050086539055421e-02
-2.557060520974419049e-01
-2.256606195698288853e-01
-1.035373927879567724e+00
3.742821552842147681e-01
3.095337234854468322e-01
2.018894276567198276e-01
-2.828012682762317542e-01
3.911943714576546771e-01
-5.424518245910934233e-01
-2.509816516034655276e-01
-6.192278479206959618e-01
-3.192413120610467780e-01
3.133510678235472136e-01
6.393883404539037196e-02
-2.634237730390489585e-01
1.560807294967219983e-01
-7.546517767543297062e-01
-5.730324985017366535e-01
3.977593665974387127e-01
8.679264924283054405e-01
8.575635681169706259e-02
-3.761667904160825859e-01
5.986623328618022599e-01
1.342681798361219814e+00
7.131964097550689274e-01
-2.350883419730999124e-01
-5.596887650330002462e-01
1.069450641003282243e+00
1.136749870490330883e-01
1.360032441858549213e+00
2.522118651914980955e-02
-6.111978363806219727e-02
-5.812155322107843691e-01
-1.829033720496249515e-01
3.655471995041013056e-01
1.108448328113597503e+00
-2.913294476294374102e-01
1.700084682398172453e-01
6.106359198822466361e-01
-4.324462289902032963e-01
-3.858460099963663126e-01
-1.676463521957853864e-01
1.804089102657044086e-01
-1.417363021863843608e-01
-2.569017189276501245e-01
1.502077652107780270e-01
1.172926245502733389e+00
1.091532251442976165e+00
-6.156714643093609274e-01
2.430011756233688147e-02
-1.365770247731617815e+00
-4.701122487056804133e-01
2.209605488218068792e-01
5.848055895570093421e-01
4.541338516291913985e-01
1.306187306036393991e+00
-3.407969903668815748e-02
-3.249314035209218132e-01
1.316344195389927141e-01
-4.859103957470206625e-02
-1.428985605566587824e-01
5.454079426003842768e-01
-3.956134455186905430e-01
1.630891144211116250e+00
5.131958209327023290e-01
-1.824524253573547306e-01
-2.705415977937721261e-01
3.421730675151921086e-01
-3.327029167012975353e-01
1.287525631456733821e+00
-2.444337699455833013e-01
1.690445800278338018e+00
6.448240325972430798e-01
7.544054881622015429e-01
6.135231622025888454e-01
-8.555934341839287471e-01
4.175912192443760329e-01
-6.805252808051200086e-02
-7.722354076776469789e-01
1.003763006232995247e-01
1.130613019985066969e-01
2.320229779148562654e-01
-9.317247643508670407e-01
-4.132308194783467226e-01
2.147320825143493206e+00
-1.092994609431837821e-01
