-7.148999999999999799e-01
-6.949999999999999512e-01
8.397999999999999909e-01
-6.412999999999999812e-01
-1.000000000000000021e-03
4.087000000000000077e-01
-3.285000000000000142e-01
-9.741999999999999549e-01
3.919000000000000261e-01
6.398000000000000353e-01
-4.376999999999999780e-01
6.783000000000000140e-01
-1.650000000000000078e-02
-3.073000000000000176e-01
-1.151999999999999968e-01
-8.389999999999999680e-01
2.129000000000000059e-01
1.940000000000000058e-02
-4.092999999999999972e-01
2.283000000000000029e-01
-2.132999999999999896e-01
-7.548000000000000265e-01
9.583000000000000407e-01
8.632999999999999563e-01
-8.561999999999999611e-01
2.692999999999999838e-01
-8.949999999999999623e-02
7.389999999999999902e-01
3.667000000000000259e-01
2.713999999999999746e-01
9.064999999999999725e-01
-5.167000000000000481e-01
6.312999999999999723e-01
-8.269999999999999574e-01
-1.340999999999999970e-01
-7.070999999999999508e-01
-3.956999999999999962e-01
3.320000000000000173e-01
6.579999999999999738e-02
-6.525999999999999579e-01
-1.882999999999999952e-01
5.898999999999999799e-01
-6.519999999999999407e-02
7.507000000000000339e-01
-2.293000000000000038e-01
9.199000000000000510e-01
-4.813000000000000056e-01
-2.064000000000000001e-01
-9.836000000000000298e-01
5.625999999999999890e-01
9.838999999999999968e-01
-5.023999999999999577e-01
-5.799999999999999600e-01
8.275000000000000133e-01
-1.511000000000000121e-01
3.511000000000000232e-01
-2.933999999999999941e-01
-4.035000000000000253e-01
6.143999999999999462e-01
-3.407000000000000028e-01
8.177999999999999714e-01
1.067000000000000032e-01
1.948999999999999899e-01
7.782000000000000028e-01
7.438000000000000167e-01
5.041999999999999815e-01
6.428000000000000380e-01
-4.217000000000000193e-01
-5.346999999999999531e-01
-6.270000000000000573e-02
-5.870999999999999552e-01
-1.971999999999999864e-01
-8.642999999999999572e-01
-5.866999999999999993e-01
2.723999999999999755e-01
4.689999999999999725e-01
3.876999999999999891e-01
9.547999999999999821e-01
9.842999999999999527e-01
-2.942000000000000171e-01
9.076999999999999513e-01
-4.802000000000000157e-01
4.147000000000000131e-01
-6.741000000000000325e-01
-8.404000000000000359e-01
-5.948999999999999844e-01
-1.998999999999999944e-01
3.931999999999999940e-01
6.933000000000000274e-01
-4.716000000000000192e-01
-5.915000000000000258e-01
-1.839999999999999969e-01
6.542999999999999927e-01
9.550000000000000155e-02
3.191999999999999837e-01
1.990999999999999992e-01
2.369999999999999885e-01
9.705000000000000293e-01
-5.754000000000000226e-01
-6.084000000000000519e-01
6.742000000000000215e-01
4.990999999999999881e-01
-6.483999999999999764e-01
6.987999999999999767e-01
6.713000000000000078e-01
-1.125000000000000028e-01
8.872999999999999776e-01
6.719000000000000528e-01
3.771999999999999797e-01
4.676000000000000156e-01
-9.243999999999999995e-01
-5.479000000000000536e-01
-5.117000000000000437e-01
-1.749999999999999889e-01
-1.269999999999999948e-02
-8.152000000000000357e-01
-5.960000000000000020e-02
-9.940000000000000224e-02
4.005000000000000226e-01
-7.772000000000000020e-01
