8.981999999999999984e-01
5.484999999999999876e-01
6.945999999999999952e-01
1.963999999999999913e-01
-5.480000000000000149e-02
7.627000000000000446e-01
1.208000000000000046e-01
7.388000000000000123e-01
4.965999999999999859e-01
1.318999999999999895e-01
-2.751000000000000112e-01
-9.489999999999999825e-02
-9.040000000000000258e-01
8.822999999999999732e-01
6.769999999999999629e-02
-5.621000000000000441e-01
-2.474999999999999978e-01
-3.412000000000000033e-01
-3.556000000000000272e-01
3.161999999999999811e-01
-4.123999999999999888e-01
7.359999999999999876e-01
-4.339000000000000079e-01
-3.890000000000000124e-01
9.022999999999999909e-01
-7.147999999999999909e-01
-4.897000000000000242e-01
1.642000000000000126e-01
-3.463999999999999857e-01
5.193999999999999728e-01
6.843000000000000194e-01
2.990999999999999770e-01
3.109999999999999917e-02
3.331000000000000072e-01
6.536999999999999478e-01
2.546999999999999820e-01
-3.562000000000000166e-01
6.401000000000000023e-01
4.025000000000000244e-01
1.529999999999999936e-02
1.547999999999999932e-01
9.706000000000000183e-01
2.132000000000000006e-01
-1.000000000000000048e-04
-7.197000000000000064e-01
-1.749999999999999889e-01
-4.593999999999999750e-01
1.319999999999999993e-02
-5.432000000000000162e-01
8.488999999999999879e-01
-2.929999999999999966e-02
-1.421999999999999931e-01
5.009000000000000119e-01
-1.053999999999999937e-01
4.782000000000000139e-01
-4.870000000000000023e-02
-1.524000000000000077e-01
-3.896000000000000019e-01
-3.099999999999999891e-03
-1.549999999999999989e-02
-1.655999999999999972e-01
5.310000000000000275e-01
-4.994999999999999996e-01
5.515999999999999792e-01
-8.325000000000000178e-01
-7.712999999999999856e-01
-8.208999999999999631e-01
-9.162000000000000144e-01
-2.535000000000000031e-01
8.919000000000000261e-01
1.806000000000000105e-01
5.879999999999999810e-02
4.709999999999999742e-01
8.989000000000000323e-01
2.301999999999999880e-01
-6.542999999999999927e-01
8.297999999999999821e-01
7.631000000000000005e-01
4.426999999999999824e-01
-3.753000000000000225e-01
3.200000000000000067e-01
4.213999999999999968e-01
-8.767000000000000348e-01
-1.315000000000000058e-01
-9.570999999999999508e-01
-3.317999999999999838e-01
-8.186999999999999833e-01
-2.565000000000000058e-01
-9.979000000000000092e-01
3.427000000000000046e-01
-2.799999999999999972e-03
3.335000000000000187e-01
-5.499999999999999681e-03
3.690999999999999837e-01
4.815999999999999726e-01
7.374000000000000554e-01
-4.696000000000000174e-01
5.713000000000000300e-01
-9.870999999999999774e-01
-7.589999999999999525e-02
-5.862000000000000544e-01
5.918999999999999817e-01
4.932000000000000273e-01
9.124999999999999778e-01
8.891999999999999904e-01
1.799000000000000044e-01
7.752000000000000002e-01
9.532000000000000473e-01
5.864000000000000323e-01
9.758000000000000007e-01
5.963000000000000522e-01
-1.328999999999999904e-01
8.238999999999999657e-01
-9.422000000000000375e-01
9.959999999999999964e-01
-9.538999999999999702e-01
-9.695000000000000284e-01
-7.526000000000000467e-01
7.710000000000000187e-02
8.899999999999999578e-02
