5.987000000000000099e-01
5.755000000000000115e-01
1.203999999999999931e-01
-6.726999999999999647e-01
4.998000000000000220e-01
2.757999999999999896e-01
3.442000000000000060e-01
6.709000000000000519e-01
4.984000000000000097e-01
-5.790999999999999481e-01
2.529000000000000137e-01
-9.560000000000000442e-02
-6.806999999999999718e-01
-1.103999999999999981e-01
6.400000000000000133e-02
-3.679999999999999938e-01
-5.480000000000000149e-02
-7.610000000000000098e-02
8.423000000000000487e-01
-1.416999999999999926e-01
5.936000000000000165e-01
-3.256999999999999895e-01
-8.985999999999999543e-01
-8.624000000000000554e-01
-5.339000000000000412e-01
3.564999999999999836e-01
-2.938999999999999946e-01
8.349999999999999645e-01
-4.786000000000000254e-01
4.159999999999999809e-02
2.096999999999999975e-01
9.256999999999999673e-01
9.241000000000000325e-01
-7.311999999999999611e-01
5.953000000000000513e-01
9.943999999999999506e-01
1.092999999999999944e-01
4.022000000000000020e-01
-8.789000000000000146e-01
9.936000000000000387e-01
2.869999999999999982e-02
1.310000000000000053e-01
-8.177999999999999714e-01
-9.062999999999999945e-01
-3.780000000000000027e-01
-7.710000000000000187e-02
4.299000000000000044e-01
-4.396999999999999797e-01
6.897999999999999687e-01
-7.979000000000000536e-01
-8.205000000000000071e-01
6.313999999999999613e-01
7.951000000000000290e-01
8.256000000000000005e-01
-2.750000000000000014e-02
7.240000000000000602e-02
-2.661000000000000032e-01
-4.541000000000000036e-01
5.354999999999999760e-01
-4.925999999999999823e-01
-5.454999999999999849e-01
1.038000000000000034e-01
-1.549999999999999989e-01
1.220000000000000077e-02
-7.086000000000000076e-01
3.281999999999999917e-01
7.881000000000000227e-01
8.776000000000000467e-01
-2.949999999999999845e-01
-4.710000000000000298e-02
8.786000000000000476e-01
-8.197999999999999732e-01
-7.002000000000000446e-01
2.700000000000000143e-03
4.789999999999999813e-01
2.799999999999999972e-03
-9.486999999999999877e-01
-3.504999999999999782e-01
-3.109999999999999987e-01
6.179000000000000048e-01
2.172000000000000042e-01
-6.810000000000000497e-01
3.351999999999999980e-01
-2.056000000000000050e-01
-7.939999999999999836e-02
6.461000000000000076e-01
1.675999999999999990e-01
-7.374000000000000554e-01
-9.244999999999999885e-01
-6.414999999999999591e-01
5.576999999999999735e-01
-1.443000000000000116e-01
4.257000000000000228e-01
6.974000000000000199e-01
-8.881999999999999895e-01
5.313999999999999835e-01
-9.696000000000000174e-01
-5.700000000000000205e-03
9.442000000000000393e-01
5.205999999999999517e-01
7.712999999999999856e-01
-2.452999999999999903e-01
-7.581999999999999851e-01
-7.302999999999999492e-01
-5.784000000000000252e-01
-8.711999999999999744e-01
8.260000000000000675e-02
8.359999999999999654e-01
8.010000000000000453e-01
1.847000000000000031e-01
5.614999999999999991e-01
2.313999999999999946e-01
3.881999999999999895e-01
-4.793000000000000038e-01
1.149000000000000021e-01
-6.633999999999999897e-01
1.565000000000000002e-01
3.652000000000000246e-01
2.850000000000000103e-02
2.040000000000000147e-02
