-7.083000000000000407e-01
-6.392999999999999794e-01
4.435999999999999943e-01
-7.620000000000000384e-02
-9.111000000000000210e-01
1.020000000000000073e-02
2.625000000000000111e-01
-7.659000000000000252e-01
7.717000000000000526e-01
-8.336999999999999966e-01
-6.850000000000000533e-01
7.438000000000000167e-01
9.834000000000000519e-01
-6.593999999999999861e-01
-8.854999999999999538e-01
8.738000000000000211e-01
5.175999999999999490e-01
5.625000000000000000e-01
9.940000000000000224e-02
-2.785000000000000253e-01
4.741000000000000214e-01
1.449000000000000010e-01
-9.334000000000000075e-01
-5.202999999999999847e-01
-7.209999999999999742e-01
8.397000000000000020e-01
-2.160000000000000114e-02
-3.039999999999999994e-02
9.895000000000000462e-01
1.010000000000000064e-01
-5.122999999999999776e-01
3.981999999999999984e-01
1.215999999999999998e-01
6.614999999999999769e-01
7.839000000000000412e-01
4.591999999999999971e-01
7.167999999999999927e-01
-8.279999999999999860e-02
-6.984000000000000208e-01
-7.135000000000000231e-01
-1.210999999999999993e-01
2.467000000000000026e-01
5.938999999999999835e-01
-7.317000000000000171e-01
1.329999999999999932e-02
-9.285999999999999810e-01
-6.015000000000000346e-01
6.114000000000000545e-01
5.252999999999999892e-01
-4.863999999999999990e-01
3.215000000000000080e-01
2.570000000000000062e-01
-2.569000000000000172e-01
4.018999999999999795e-01
-1.706000000000000016e-01
-1.534999999999999976e-01
-8.653999999999999471e-01
6.891000000000000458e-01
-2.190000000000000002e-01
-5.153999999999999693e-01
-7.849000000000000421e-01
1.986999999999999877e-01
-7.606000000000000538e-01
-4.257000000000000228e-01
-5.417999999999999483e-01
4.359999999999999987e-02
1.642000000000000126e-01
9.425999999999999934e-01
-7.913000000000000034e-01
9.937000000000000277e-01
9.959999999999999964e-01
-8.762999999999999678e-01
-7.607000000000000428e-01
-9.206999999999999629e-01
-7.616000000000000547e-01
5.477999999999999536e-01
7.151999999999999469e-01
7.390999999999999792e-01
-8.577000000000000179e-01
5.935000000000000275e-01
8.939999999999999336e-02
6.350000000000000089e-01
9.493000000000000327e-01
-5.370000000000000329e-01
-2.167999999999999927e-01
5.558999999999999497e-01
-2.106999999999999984e-01
6.675999999999999712e-01
7.983000000000000096e-01
6.536999999999999478e-01
6.644999999999999796e-01
-7.203000000000000513e-01
7.760000000000000231e-01
5.679999999999999494e-01
-6.443999999999999728e-01
4.521000000000000019e-01
-8.514000000000000457e-01
7.046000000000000041e-01
5.157000000000000473e-01
1.527000000000000024e-01
-2.860000000000000042e-02
9.962999999999999634e-01
2.687999999999999834e-01
-2.849999999999999756e-01
-1.796999999999999986e-01
9.258999999999999453e-01
-5.224999999999999645e-01
7.597000000000000419e-01
2.954999999999999849e-01
2.390000000000000110e-02
-5.915000000000000258e-01
3.860999999999999988e-01
2.816000000000000170e-01
-6.530000000000000249e-01
-8.091000000000000414e-01
8.368999999999999773e-01
9.281000000000000361e-01
3.370000000000000079e-02
-4.739999999999999769e-02
-4.933000000000000163e-01
