2.358999999999999986e-01
-2.492000000000000048e-01
-7.758000000000000451e-01
3.776999999999999802e-01
-1.695000000000000118e-01
-8.477000000000000091e-01
8.568999999999999950e-01
-6.988999999999999657e-01
3.629999999999999893e-01
-2.887000000000000122e-01
4.220000000000000140e-02
-9.186999999999999611e-01
-8.423000000000000487e-01
-6.999999999999999929e-04
4.279000000000000026e-01
-4.539000000000000257e-01
-7.350999999999999757e-01
-5.784000000000000252e-01
-4.949999999999999956e-01
3.007000000000000228e-01
-1.450000000000000074e-02
-6.169000000000000039e-01
-6.853000000000000203e-01
-9.251000000000000334e-01
-4.198000000000000065e-01
5.142999999999999794e-01
-4.873999999999999999e-01
-4.626000000000000112e-01
3.336000000000000076e-01
7.228999999999999870e-01
1.859999999999999848e-02
-7.034000000000000252e-01
-4.646000000000000130e-01
-5.393000000000000016e-01
-2.305999999999999994e-01
-2.741999999999999993e-01
8.861999999999999877e-01
6.256000000000000449e-01
7.979000000000000536e-01
-9.143999999999999906e-01
-2.316999999999999893e-01
4.223999999999999977e-01
6.990000000000000380e-02
-1.368000000000000049e-01
-7.920000000000000651e-02
-8.527000000000000135e-01
6.149999999999999911e-01
-2.600000000000000089e-01
-5.404999999999999805e-01
-4.109999999999999765e-02
3.832999999999999741e-01
-3.299999999999999982e-03
-8.238999999999999657e-01
5.050999999999999934e-01
-6.412999999999999812e-01
-5.622000000000000330e-01
8.999999999999999667e-02
-3.644000000000000017e-01
6.060000000000000109e-02
-4.863999999999999990e-01
3.428999999999999826e-01
7.763999999999999790e-01
3.739000000000000101e-01
-6.254999999999999449e-01
5.249000000000000332e-01
6.863000000000000211e-01
3.388999999999999790e-01
6.553999999999999826e-01
1.801000000000000101e-01
-5.312000000000000055e-01
-4.573999999999999733e-01
-4.880000000000000310e-02
-6.634999999999999787e-01
-1.514999999999999958e-01
2.938999999999999946e-01
2.386000000000000065e-01
-7.518000000000000238e-01
-3.670000000000000345e-02
7.013000000000000345e-01
3.302999999999999825e-01
8.870000000000000107e-02
-5.665999999999999925e-01
4.531999999999999917e-01
-2.509000000000000119e-01
-8.352000000000000535e-01
7.045000000000000151e-01
9.723000000000000531e-01
-7.243000000000000549e-01
-4.536999999999999922e-01
7.544999999999999485e-01
9.599999999999999159e-03
3.700999999999999845e-01
-4.399999999999999745e-02
-5.927000000000000046e-01
1.208000000000000046e-01
8.012000000000000233e-01
-7.378000000000000114e-01
-4.882000000000000228e-01
-6.792000000000000259e-01
-9.675000000000000266e-01
6.047000000000000153e-01
-7.701000000000000068e-01
6.086000000000000298e-01
-5.101999999999999869e-01
3.664000000000000035e-01
-4.108999999999999875e-01
2.260999999999999954e-01
-4.811000000000000276e-01
-9.913999999999999480e-01
9.557999999999999829e-01
-4.815999999999999726e-01
3.400000000000000244e-01
9.443000000000000282e-01
-7.109999999999999654e-01
9.382000000000000339e-01
2.990999999999999770e-01
-6.347000000000000419e-01
-7.080999999999999517e-01
1.953999999999999904e-01
6.924000000000000155e-01
