-1.299398600000000492e+01 5.183267847669045247e-01 0.000000000000000000e+00 1.624532889695068150e+00
-1.366563800000000839e+01 5.451188116047248622e-01 0.000000000000000000e+00 1.555583562900970218e+00
-1.410374000000000549e+01 5.625945885572281036e-01 0.000000000000000000e+00 1.517389325004088629e+00
-1.463633800000000917e+01 5.838397868292044546e-01 0.000000000000000000e+00 1.539351332544347972e+00
-1.496180400000000255e+01 5.968225424925507339e-01 0.000000000000000000e+00 1.451358800595031084e+00
-1.484180200000001371e+01 5.920356933435988456e-01 0.000000000000000000e+00 1.542054411778277068e+00
-1.552420400000000278e+01 6.192565349374330452e-01 0.000000000000000000e+00 1.793124924125252262e+00
-1.619572000000000855e+01 6.460431367699681626e-01 0.000000000000000000e+00 1.844948151142476123e+00
-1.536006200000000987e+01 6.127089524554136801e-01 0.000000000000000000e+00 1.444234761882673856e+00
-1.539763800000001304e+01 6.142078495039715591e-01 0.000000000000000000e+00 1.344986136745046190e+00
-1.525282400000000571e+01 6.084312560083930954e-01 0.000000000000000000e+00 1.136515455250936002e+00
-1.505586000000000624e+01 6.005744123243358379e-01 0.000000000000000000e+00 1.431151694449352307e+00
-1.658699200000000928e+01 6.616508769760386377e-01 0.000000000000000000e+00 1.274409110666388401e+00
-1.696725600000000966e+01 6.768195108719503583e-01 0.000000000000000000e+00 9.588537747106006259e-01
-1.763640800000000652e+01 7.035118133479066893e-01 0.000000000000000000e+00 1.274949672342426510e+00
-1.817071200000000530e+01 7.248250635244187778e-01 0.000000000000000000e+00 1.212775021004191434e+00
-1.899827200000000005e+01 7.578362206860238537e-01 0.000000000000000000e+00 8.554904572468382540e-01
-1.849989600000001033e+01 7.379561292587293320e-01 0.000000000000000000e+00 1.215683832162712585e+00
-1.983016600000000551e+01 7.910202600013565011e-01 0.000000000000000000e+00 1.082399991435045061e+00
-1.951068200000002051e+01 7.782761247910783275e-01 0.000000000000000000e+00 9.930150122844180194e-01
-1.985361400000002519e+01 7.919555947361502923e-01 0.000000000000000000e+00 1.111832774380148825e+00
-2.058964800000001460e+01 8.213158031201764908e-01 0.000000000000000000e+00 1.086230582742379269e+00
-2.044931400000001176e+01 8.157179156810581144e-01 0.000000000000000000e+00 8.248308909042502135e-01
-2.097101000000000681e+01 8.365282359558183778e-01 0.000000000000000000e+00 9.828225316850845994e-01
-2.172328399999999959e+01 8.665362537945120458e-01 0.000000000000000000e+00 9.730155108670566211e-01
-1.963665800000001127e+01 7.833012752751400409e-01 0.000000000000000000e+00 8.001323089049307002e-01
-2.019418000000001001e+01 8.055406855451536785e-01 0.000000000000000000e+00 7.891178724155580859e-01
-2.164795600000001485e+01 8.635314391023217739e-01 0.000000000000000000e+00 9.439514553003435227e-01
-2.098008000000001871e+01 8.368900359406608036e-01 0.000000000000000000e+00 8.489083959099856802e-01
-1.889477999999999369e+01 7.537079512228198608e-01 0.000000000000000000e+00 1.407202068150150476e+00
-2.182187600000001027e+01 8.704690635084630923e-01 1.000000000000000048e-04 1.015039691428742952e+00
-2.092603600000001052e+01 8.347342345756334492e-01 0.000000000000000000e+00 1.196781788631494647e+00
-2.082834000000001495e+01 8.308371660729749753e-01 0.000000000000000000e+00 1.042199593517130873e+00
-2.100711200000001710e+01 8.379683355206217765e-01 0.000000000000000000e+00 8.373490327711785586e-01
-2.081007200000001944e+01 8.301084602159638504e-01 0.000000000000000000e+00 8.993730606585812470e-01
-2.102278000000001867e+01 8.385933280412946056e-01 0.000000000000000000e+00 8.832622914828615057e-01
-2.197233600000000919e+01 8.764708745028744197e-01 1.000000000000000048e-04 1.119484963606663941e+00
-2.241700400000000926e+01 8.942085675193768290e-01 1.000000000000000048e-04 8.667633514740837875e-01
-2.223905600000000149e+01 8.871102672214001839e-01 0.000000000000000000e+00 9.102918211544064331e-01
-2.210112200000000371e+01 8.816081151696711915e-01 0.000000000000000000e+00 1.006433714525369894e+00
-2.213888800000000145e+01 8.831145912697305755e-01 2.000000000000000096e-04 9.495930857695910055e-01
-2.270511200000000329e+01 9.057011220985198285e-01 1.000000000000000048e-04 8.472386656794069770e-01
-2.238951400000000547e+01 8.931119984363222741e-01 0.000000000000000000e+00 9.544635090484341333e-01
-2.272901400000001360e+01 9.066545667774277284e-01 2.999999999999999737e-04 8.171647704253053313e-01
-2.362763599999999542e+01 9.425003689801387807e-01 5.000000000000000104e-04 8.315458661912752403e-01
-2.289088000000000989e+01 9.131113602004065077e-01 2.000000000000000096e-04 7.472850958940999710e-01
-2.262195600000000795e+01 9.023840504844613530e-01 0.000000000000000000e+00 6.991437014063430766e-01
-2.309024200000001770e+01 9.210638594923639122e-01 2.000000000000000096e-04 8.784317519674744723e-01
-2.318227600000000166e+01 9.247350722602727391e-01 1.000000000000000048e-04 7.342851257398780307e-01
-2.266208800000002910e+01 9.039849057205895377e-01 0.000000000000000000e+00 9.108552823083866379e-01
-2.283266800000001240e+01 9.107892983792802433e-01 2.000000000000000096e-04 9.153327355357911976e-01
-2.334478800000000476e+01 9.312176344583573684e-01 5.000000000000000104e-04 8.249218214908110580e-01
-2.371761400000001885e+01 9.460895684328524124e-01 8.000000000000000383e-04 7.965520755700467026e-01
-2.359680400000000233e+01 9.412704883701450420e-01 2.000000000000000096e-04 7.704171702042048597e-01
-2.349699599999999933e+01 9.372891727265837414e-01 1.000000000000000048e-04 6.635727002135389796e-01
-2.283221200000001616e+01 9.107711086556764535e-01 2.000000000000000096e-04 7.893951303205114511e-01
-2.283341000000000420e+01 9.108188965698810202e-01 1.000000000000000048e-04 8.835144570738987513e-01
-2.312278200000000083e+01 9.223618717863825145e-01 5.000000000000000104e-04 8.935513899834829354e-01
-2.387951199999999474e+01 9.525476383276622050e-01 2.000000000000000096e-04 7.447724293847870491e-01
-2.339245799999999065e+01 9.331191785903758529e-01 2.000000000000000096e-04 7.516133791741173020e-01
-2.322040600000002897e+01 9.262560682274205703e-01 0.000000000000000000e+00 5.660017571125965929e-01
-2.346953000000000245e+01 9.361935609974033623e-01 2.000000000000000096e-04 8.561948279062037148e-01
-2.329734800000001727e+01 9.293252649676302379e-01 0.000000000000000000e+00 7.016928759921835512e-01
-2.303712000000001936e+01 9.189448364719922102e-01 0.000000000000000000e+00 8.157083567258112122e-01
-2.240051599999999965e+01 8.935508654080123181e-01 1.000000000000000048e-04 6.815142039946521235e-01
-2.313670000000000115e+01 9.229170572537507278e-01 1.000000000000000048e-04 8.734037667642495784e-01
-2.293438600000002481e+01 9.148468034353058886e-01 0.000000000000000000e+00 8.632958167840082409e-01
-2.429476000000001434e+01 9.691117750537520115e-01 4.000000000000000192e-04 4.465675724542446656e-01
-2.411685200000000506e+01 9.620150703455651042e-01 2.000000000000000096e-04 5.471642296773283620e-01
-2.416847200000000839e+01 9.640741789693291208e-01 2.999999999999999737e-04 5.158972382366495690e-01
-2.391345000000000098e+01 9.539014164848359512e-01 4.000000000000000192e-04 5.572949996785067084e-01
-2.385322399999999377e+01 9.514990167177918012e-01 2.000000000000000096e-04 5.797520757333877173e-01
-2.314587200000000067e+01 9.232829259925566801e-01 0.000000000000000000e+00 5.364315216221907656e-01
-2.390450600000000492e+01 9.535446426078322268e-01 4.000000000000000192e-04 5.572572453897698397e-01
-2.373067999999999955e+01 9.466107678376965984e-01 1.000000000000000048e-04 4.973154213201399498e-01
-2.469215600000000066e+01 9.849638000566435236e-01 1.199999999999999895e-03 3.052508967450158761e-01
-2.452163800000001004e+01 9.781618805621267176e-01 8.000000000000000383e-04 3.801751012787704109e-01
-2.486550800000000194e+01 9.918787670877695639e-01 2.000000000000000042e-03 2.058814014196158615e-01
-2.477363799999999827e+01 9.882140962379981630e-01 6.999999999999999929e-04 2.155379226891909750e-01
-2.464632199999999784e+01 9.831354934959770642e-01 1.699999999999999905e-03 3.633682473022030179e-01
-2.449595199999999906e+01 9.771372725785927305e-01 5.000000000000000104e-04 4.013097059590881588e-01
-2.471243600000000384e+01 9.857727640800828528e-01 1.399999999999999986e-03 3.170113580223136163e-01
-2.454146400000000128e+01 9.789527346414511610e-01 8.000000000000000383e-04 3.973348041258114582e-01
-2.500203799999999887e+01 9.973249139378757011e-01 3.599999999999999901e-03 7.889836292805589568e-02
-2.500686199999999459e+01 9.975173420665279789e-01 3.500000000000000073e-03 7.756859040991896659e-02
-2.501502800000000093e+01 9.978430817221201066e-01 4.300000000000000003e-03 7.529835347710851778e-02
-2.503212799999999660e+01 9.985251963572684408e-01 4.000000000000000083e-03 6.612075894631229411e-02
-2.495469600000000199e+01 9.954364536421332899e-01 1.500000000000000031e-03 9.726835514766020430e-02
-2.486470999999999876e+01 9.918469350714624877e-01 2.700000000000000143e-03 2.062729708053101241e-01
-2.498572600000000321e+01 9.966742324215869253e-01 3.599999999999999901e-03 1.029973605820492244e-01
-2.498850199999999688e+01 9.967849663530001791e-01 2.599999999999999881e-03 8.055634075827691754e-02
-2.483376600000000778e+01 9.906125868100573717e-01 1.399999999999999986e-03 2.195741904116907672e-01
-2.500013600000000125e+01 9.972490436433698591e-01 3.099999999999999891e-03 7.916421689351577085e-02
-2.500428800000000251e+01 9.974146658635533180e-01 2.899999999999999800e-03 7.872368154731868017e-02
-2.486797999999999575e+01 9.919773745367802542e-01 1.600000000000000077e-03 2.097843048120009435e-01
-2.500775600000000409e+01 9.975530034983308703e-01 2.599999999999999881e-03 7.723885597759247434e-02
-2.501638399999999507e+01 9.978971722159948321e-01 4.300000000000000003e-03 7.499478866743129746e-02
-2.499984200000000101e+01 9.972373160584145912e-01 2.599999999999999881e-03 7.908514422041366954e-02
-2.488620399999999933e+01 9.927043252450227229e-01 1.899999999999999996e-03 1.924942848003754758e-01
-2.496383200000000357e+01 9.958008863501284225e-01 2.899999999999999800e-03 1.184536502117383983e-01
-2.487027599999999694e+01 9.920689613907159865e-01 2.500000000000000052e-03 1.927975507619271445e-01
-2.499065399999999926e+01 9.968708090836927438e-01 2.700000000000000143e-03 8.057790185073493427e-02
-2.502239600000000053e+01 9.981369893614051580e-01 3.200000000000000153e-03 7.153194937800984310e-02
-2.485136599999999518e+01 9.913146463175780410e-01 1.199999999999999895e-03 2.047056049328133398e-01
-2.500280599999999964e+01 9.973555492618403351e-01 2.399999999999999790e-03 7.852575697878319549e-02
-2.434541199999999961e+01 9.711322704046017051e-01 5.999999999999999474e-04 4.351107717500560801e-01
-2.485114800000000912e+01 9.913059503532241079e-01 2.000000000000000042e-03 2.034102926788040056e-01
-2.499996799999999553e+01 9.972423421662522935e-01 2.899999999999999800e-03 7.919304744506519556e-02
-2.501266399999999379e+01 9.977487823655414312e-01 3.299999999999999982e-03 7.611268297130836802e-02
-2.492322999999999666e+01 9.941812829339704560e-01 2.000000000000000042e-03 1.575984473466051916e-01
-2.486125200000000390e+01 9.917089963341326753e-01 1.199999999999999895e-03 1.941384575580797078e-01
-2.501023200000000202e+01 9.976517705063207009e-01 3.399999999999999811e-03 7.816783404180947803e-02
-2.501249599999999518e+01 9.977420808884241987e-01 3.399999999999999811e-03 7.643879167495562510e-02
-2.499417800000000156e+01 9.970113805441760402e-01 1.399999999999999986e-03 7.979194103758541212e-02
-2.496908400000000228e+01 9.960103872895318400e-01 1.399999999999999986e-03 8.815142930712431546e-02
-2.499814999999999898e+01 9.971698226103050677e-01 3.500000000000000073e-03 8.025017133938081026e-02
-2.493385400000000374e+01 9.946050715821471710e-01 1.000000000000000021e-03 1.193145130071842225e-01
-2.494326400000000632e+01 9.949804340802026470e-01 2.299999999999999961e-03 1.316157535012318081e-01
-2.487862399999999852e+01 9.924019609798516717e-01 1.699999999999999905e-03 1.885970227600091420e-01
-2.500330999999999904e+01 9.973756536931920325e-01 2.500000000000000052e-03 7.798281279172401825e-02
-2.506742000000000203e+01 9.999329852288276754e-01 6.000000000000000125e-03 2.067937048451469126e-03
-2.506909999999999883e+01 1.000000000000000000e+00 2.220000000000000098e-02 0.000000000000000000e+00
-2.506909999999999883e+01 1.000000000000000000e+00 2.409999999999999989e-02 0.000000000000000000e+00
-2.506909999999999883e+01 1.000000000000000000e+00 3.280000000000000276e-02 0.000000000000000000e+00
-2.506909999999999883e+01 1.000000000000000000e+00 2.809999999999999998e-02 0.000000000000000000e+00
-2.506909999999999883e+01 1.000000000000000000e+00 1.080000000000000057e-02 0.000000000000000000e+00
-2.506909999999999883e+01 1.000000000000000000e+00 1.949999999999999997e-02 0.000000000000000000e+00
-2.506909999999999883e+01 1.000000000000000000e+00 1.480000000000000066e-02 0.000000000000000000e+00
-2.506909999999999883e+01 1.000000000000000000e+00 1.269999999999999948e-02 0.000000000000000000e+00
-2.506909999999999883e+01 1.000000000000000000e+00 1.909999999999999892e-02 0.000000000000000000e+00
-2.506909999999999883e+01 1.000000000000000000e+00 1.409999999999999969e-02 0.000000000000000000e+00
-2.506909999999999883e+01 1.000000000000000000e+00 1.510000000000000057e-02 0.000000000000000000e+00
-2.506909999999999883e+01 1.000000000000000000e+00 1.880000000000000074e-02 0.000000000000000000e+00
-2.506909999999999883e+01 1.000000000000000000e+00 1.299999999999999940e-02 0.000000000000000000e+00
-2.506909999999999883e+01 1.000000000000000000e+00 2.029999999999999860e-02 0.000000000000000000e+00
-2.506909999999999883e+01 1.000000000000000000e+00 1.060000000000000005e-02 0.000000000000000000e+00
-2.506909999999999883e+01 1.000000000000000000e+00 2.390000000000000110e-02 0.000000000000000000e+00
-2.506909999999999883e+01 1.000000000000000000e+00 1.779999999999999985e-02 0.000000000000000000e+00
-2.506909999999999883e+01 1.000000000000000000e+00 1.930000000000000118e-02 0.000000000000000000e+00
-2.506909999999999883e+01 1.000000000000000000e+00 1.629999999999999852e-02 0.000000000000000000e+00
-2.506909999999999883e+01 1.000000000000000000e+00 2.400000000000000050e-02 0.000000000000000000e+00
-2.506909999999999883e+01 1.000000000000000000e+00 1.430000000000000021e-02 0.000000000000000000e+00
-2.506909999999999883e+01 1.000000000000000000e+00 2.089999999999999844e-02 0.000000000000000000e+00
-2.506909999999999883e+01 1.000000000000000000e+00 1.409999999999999969e-02 0.000000000000000000e+00
-2.506909999999999883e+01 1.000000000000000000e+00 2.380000000000000171e-02 0.000000000000000000e+00
-2.506909999999999883e+01 1.000000000000000000e+00 1.820000000000000090e-02 0.000000000000000000e+00
-2.506909999999999883e+01 1.000000000000000000e+00 1.899999999999999953e-02 0.000000000000000000e+00
-2.506909999999999883e+01 1.000000000000000000e+00 1.700000000000000122e-02 0.000000000000000000e+00
-2.506909999999999883e+01 1.000000000000000000e+00 1.149999999999999981e-02 0.000000000000000000e+00
-2.506909999999999883e+01 1.000000000000000000e+00 3.059999999999999873e-02 0.000000000000000000e+00
-2.506909999999999883e+01 1.000000000000000000e+00 1.409999999999999969e-02 0.000000000000000000e+00
-2.506909999999999883e+01 1.000000000000000000e+00 2.210000000000000159e-02 0.000000000000000000e+00
-2.506909999999999883e+01 1.000000000000000000e+00 1.959999999999999937e-02 0.000000000000000000e+00
-2.506909999999999883e+01 1.000000000000000000e+00 1.919999999999999832e-02 0.000000000000000000e+00
-2.506909999999999883e+01 1.000000000000000000e+00 1.980000000000000163e-02 0.000000000000000000e+00
-2.506909999999999883e+01 1.000000000000000000e+00 2.170000000000000054e-02 0.000000000000000000e+00
-2.506909999999999883e+01 1.000000000000000000e+00 1.870000000000000134e-02 0.000000000000000000e+00
-2.499107599999999962e+01 9.968876425559752841e-01 3.200000000000000153e-03 7.994297604031114224e-02
-2.506909999999999883e+01 1.000000000000000000e+00 1.940000000000000058e-02 0.000000000000000000e+00
-2.506909999999999883e+01 1.000000000000000000e+00 1.409999999999999969e-02 0.000000000000000000e+00
-2.506909999999999883e+01 1.000000000000000000e+00 1.760000000000000106e-02 0.000000000000000000e+00
-2.506909999999999883e+01 1.000000000000000000e+00 1.529999999999999936e-02 0.000000000000000000e+00
-2.506909999999999883e+01 1.000000000000000000e+00 2.210000000000000159e-02 0.000000000000000000e+00
-2.506909999999999883e+01 1.000000000000000000e+00 1.760000000000000106e-02 0.000000000000000000e+00
-2.506909999999999883e+01 1.000000000000000000e+00 1.529999999999999936e-02 0.000000000000000000e+00
-2.506851199999999835e+01 9.999765448300895754e-01 8.600000000000000006e-03 1.464687369682127899e-03
-2.506909999999999883e+01 1.000000000000000000e+00 2.000000000000000042e-02 0.000000000000000000e+00
-2.506909999999999883e+01 1.000000000000000000e+00 2.170000000000000054e-02 0.000000000000000000e+00
-2.506909999999999883e+01 1.000000000000000000e+00 1.830000000000000029e-02 0.000000000000000000e+00
-2.506909999999999883e+01 1.000000000000000000e+00 1.529999999999999936e-02 0.000000000000000000e+00
-2.506909999999999883e+01 1.000000000000000000e+00 2.079999999999999905e-02 0.000000000000000000e+00
-2.506909999999999883e+01 1.000000000000000000e+00 2.680000000000000090e-02 0.000000000000000000e+00
-2.506909999999999883e+01 1.000000000000000000e+00 2.469999999999999973e-02 0.000000000000000000e+00
-2.506909999999999883e+01 1.000000000000000000e+00 2.029999999999999860e-02 0.000000000000000000e+00
-2.506909999999999883e+01 1.000000000000000000e+00 2.019999999999999921e-02 0.000000000000000000e+00
-2.506909999999999883e+01 1.000000000000000000e+00 1.439999999999999961e-02 0.000000000000000000e+00
-2.506909999999999883e+01 1.000000000000000000e+00 2.380000000000000171e-02 0.000000000000000000e+00
-2.506909999999999883e+01 1.000000000000000000e+00 2.319999999999999840e-02 0.000000000000000000e+00
-2.506909999999999883e+01 1.000000000000000000e+00 1.870000000000000134e-02 0.000000000000000000e+00
-2.506909999999999883e+01 1.000000000000000000e+00 1.789999999999999925e-02 0.000000000000000000e+00
-2.506909999999999883e+01 1.000000000000000000e+00 2.210000000000000159e-02 0.000000000000000000e+00
-2.506909999999999883e+01 1.000000000000000000e+00 2.199999999999999872e-02 0.000000000000000000e+00
-2.506909999999999883e+01 1.000000000000000000e+00 2.400000000000000050e-02 0.000000000000000000e+00
-2.506909999999999883e+01 1.000000000000000000e+00 1.370000000000000037e-02 0.000000000000000000e+00
-2.506909999999999883e+01 1.000000000000000000e+00 1.980000000000000163e-02 0.000000000000000000e+00
-2.506909999999999883e+01 1.000000000000000000e+00 2.350000000000000006e-02 0.000000000000000000e+00
-2.506909999999999883e+01 1.000000000000000000e+00 1.280000000000000061e-02 0.000000000000000000e+00
-2.506909999999999883e+01 1.000000000000000000e+00 2.510000000000000078e-02 0.000000000000000000e+00
-2.506909999999999883e+01 1.000000000000000000e+00 2.129999999999999949e-02 0.000000000000000000e+00
-2.506909999999999883e+01 1.000000000000000000e+00 1.549999999999999989e-02 0.000000000000000000e+00
-2.506909999999999883e+01 1.000000000000000000e+00 1.990000000000000102e-02 0.000000000000000000e+00
-2.506909999999999883e+01 1.000000000000000000e+00 2.050000000000000086e-02 0.000000000000000000e+00
-2.506909999999999883e+01 1.000000000000000000e+00 2.060000000000000026e-02 0.000000000000000000e+00
-2.506909999999999883e+01 1.000000000000000000e+00 2.110000000000000070e-02 0.000000000000000000e+00
-2.506909999999999883e+01 1.000000000000000000e+00 1.349999999999999985e-02 0.000000000000000000e+00
-2.506909999999999883e+01 1.000000000000000000e+00 2.690000000000000030e-02 0.000000000000000000e+00
-2.506909999999999883e+01 1.000000000000000000e+00 2.079999999999999905e-02 0.000000000000000000e+00
-2.506909999999999883e+01 1.000000000000000000e+00 3.039999999999999994e-02 0.000000000000000000e+00
-2.506909999999999883e+01 1.000000000000000000e+00 1.870000000000000134e-02 0.000000000000000000e+00
-2.506909999999999883e+01 1.000000000000000000e+00 1.890000000000000013e-02 0.000000000000000000e+00
-2.506909999999999883e+01 1.000000000000000000e+00 1.940000000000000058e-02 0.000000000000000000e+00
-2.506909999999999883e+01 1.000000000000000000e+00 1.660000000000000017e-02 0.000000000000000000e+00
-2.506909999999999883e+01 1.000000000000000000e+00 1.859999999999999848e-02 0.000000000000000000e+00
-2.506909999999999883e+01 1.000000000000000000e+00 2.400000000000000050e-02 0.000000000000000000e+00
-2.506909999999999883e+01 1.000000000000000000e+00 1.679999999999999896e-02 0.000000000000000000e+00
-2.506909999999999883e+01 1.000000000000000000e+00 2.179999999999999993e-02 0.000000000000000000e+00
-2.506909999999999883e+01 1.000000000000000000e+00 1.580000000000000154e-02 0.000000000000000000e+00
-2.506909999999999883e+01 1.000000000000000000e+00 2.819999999999999937e-02 0.000000000000000000e+00
-2.506909999999999883e+01 1.000000000000000000e+00 1.839999999999999969e-02 0.000000000000000000e+00
-2.506909999999999883e+01 1.000000000000000000e+00 1.750000000000000167e-02 0.000000000000000000e+00
-2.506909999999999883e+01 1.000000000000000000e+00 2.400000000000000050e-02 0.000000000000000000e+00
-2.506909999999999883e+01 1.000000000000000000e+00 2.259999999999999856e-02 0.000000000000000000e+00
-2.506909999999999883e+01 1.000000000000000000e+00 2.390000000000000110e-02 0.000000000000000000e+00
-2.506909999999999883e+01 1.000000000000000000e+00 1.919999999999999832e-02 0.000000000000000000e+00
-2.506909999999999883e+01 1.000000000000000000e+00 2.429999999999999868e-02 0.000000000000000000e+00
-2.506909999999999883e+01 1.000000000000000000e+00 2.230000000000000038e-02 0.000000000000000000e+00
-2.506909999999999883e+01 1.000000000000000000e+00 2.170000000000000054e-02 0.000000000000000000e+00
-2.506909999999999883e+01 1.000000000000000000e+00 1.839999999999999969e-02 0.000000000000000000e+00
-2.506909999999999883e+01 1.000000000000000000e+00 2.179999999999999993e-02 0.000000000000000000e+00
-2.506909999999999883e+01 1.000000000000000000e+00 2.069999999999999965e-02 0.000000000000000000e+00
-2.506909999999999883e+01 1.000000000000000000e+00 2.290000000000000022e-02 0.000000000000000000e+00
-2.506909999999999883e+01 1.000000000000000000e+00 2.139999999999999888e-02 0.000000000000000000e+00
-2.506909999999999883e+01 1.000000000000000000e+00 2.160000000000000114e-02 0.000000000000000000e+00
-2.506909999999999883e+01 1.000000000000000000e+00 1.870000000000000134e-02 0.000000000000000000e+00
-2.506909999999999883e+01 1.000000000000000000e+00 1.820000000000000090e-02 0.000000000000000000e+00
-2.506909999999999883e+01 1.000000000000000000e+00 2.170000000000000054e-02 0.000000000000000000e+00
-2.506909999999999883e+01 1.000000000000000000e+00 2.249999999999999917e-02 0.000000000000000000e+00
-2.506909999999999883e+01 1.000000000000000000e+00 2.199999999999999872e-02 0.000000000000000000e+00
-2.506909999999999883e+01 1.000000000000000000e+00 1.490000000000000005e-02 0.000000000000000000e+00
-2.506909999999999883e+01 1.000000000000000000e+00 1.890000000000000013e-02 0.000000000000000000e+00
-2.506909999999999883e+01 1.000000000000000000e+00 2.079999999999999905e-02 0.000000000000000000e+00
-2.506909999999999883e+01 1.000000000000000000e+00 2.079999999999999905e-02 0.000000000000000000e+00
-2.506909999999999883e+01 1.000000000000000000e+00 2.340000000000000066e-02 0.000000000000000000e+00
-2.506909999999999883e+01 1.000000000000000000e+00 1.940000000000000058e-02 0.000000000000000000e+00
-2.506909999999999883e+01 1.000000000000000000e+00 1.990000000000000102e-02 0.000000000000000000e+00
-2.506909999999999883e+01 1.000000000000000000e+00 1.990000000000000102e-02 0.000000000000000000e+00
-2.506909999999999883e+01 1.000000000000000000e+00 2.290000000000000022e-02 0.000000000000000000e+00
-2.506909999999999883e+01 1.000000000000000000e+00 2.330000000000000127e-02 0.000000000000000000e+00
-2.506909999999999883e+01 1.000000000000000000e+00 1.810000000000000150e-02 0.000000000000000000e+00
-2.506909999999999883e+01 1.000000000000000000e+00 2.570000000000000062e-02 0.000000000000000000e+00
-2.506909999999999883e+01 1.000000000000000000e+00 2.239999999999999977e-02 0.000000000000000000e+00
-2.506909999999999883e+01 1.000000000000000000e+00 2.199999999999999872e-02 0.000000000000000000e+00
-2.506909999999999883e+01 1.000000000000000000e+00 2.340000000000000066e-02 0.000000000000000000e+00
-2.506909999999999883e+01 1.000000000000000000e+00 1.990000000000000102e-02 0.000000000000000000e+00
-2.506909999999999883e+01 1.000000000000000000e+00 2.429999999999999868e-02 0.000000000000000000e+00
-2.506909999999999883e+01 1.000000000000000000e+00 1.779999999999999985e-02 0.000000000000000000e+00
-2.506909999999999883e+01 1.000000000000000000e+00 2.259999999999999856e-02 0.000000000000000000e+00
-2.506909999999999883e+01 1.000000000000000000e+00 2.079999999999999905e-02 0.000000000000000000e+00
-2.506909999999999883e+01 1.000000000000000000e+00 2.040000000000000147e-02 0.000000000000000000e+00
-2.506909999999999883e+01 1.000000000000000000e+00 1.959999999999999937e-02 0.000000000000000000e+00
-2.506909999999999883e+01 1.000000000000000000e+00 2.160000000000000114e-02 0.000000000000000000e+00
-2.506909999999999883e+01 1.000000000000000000e+00 2.029999999999999860e-02 0.000000000000000000e+00
-2.506909999999999883e+01 1.000000000000000000e+00 2.299999999999999961e-02 0.000000000000000000e+00
-2.506909999999999883e+01 1.000000000000000000e+00 2.120000000000000009e-02 0.000000000000000000e+00
-2.506909999999999883e+01 1.000000000000000000e+00 2.309999999999999901e-02 0.000000000000000000e+00
-2.506909999999999883e+01 1.000000000000000000e+00 2.160000000000000114e-02 0.000000000000000000e+00
-2.506909999999999883e+01 1.000000000000000000e+00 2.369999999999999885e-02 0.000000000000000000e+00
-2.506909999999999883e+01 1.000000000000000000e+00 1.949999999999999997e-02 0.000000000000000000e+00
-2.506909999999999883e+01 1.000000000000000000e+00 2.160000000000000114e-02 0.000000000000000000e+00
-2.506909999999999883e+01 1.000000000000000000e+00 2.189999999999999933e-02 0.000000000000000000e+00
-2.506909999999999883e+01 1.000000000000000000e+00 2.129999999999999949e-02 0.000000000000000000e+00
-2.506909999999999883e+01 1.000000000000000000e+00 2.259999999999999856e-02 0.000000000000000000e+00
-2.506909999999999883e+01 1.000000000000000000e+00 1.930000000000000118e-02 0.000000000000000000e+00
-2.506909999999999883e+01 1.000000000000000000e+00 1.880000000000000074e-02 0.000000000000000000e+00
-2.506909999999999883e+01 1.000000000000000000e+00 2.009999999999999981e-02 0.000000000000000000e+00
-2.506909999999999883e+01 1.000000000000000000e+00 1.959999999999999937e-02 0.000000000000000000e+00
-2.506909999999999883e+01 1.000000000000000000e+00 2.120000000000000009e-02 0.000000000000000000e+00
-2.506909999999999883e+01 1.000000000000000000e+00 2.199999999999999872e-02 0.000000000000000000e+00
-2.506909999999999883e+01 1.000000000000000000e+00 2.199999999999999872e-02 0.000000000000000000e+00
-2.506909999999999883e+01 1.000000000000000000e+00 2.040000000000000147e-02 0.000000000000000000e+00
-2.506909999999999883e+01 1.000000000000000000e+00 2.189999999999999933e-02 0.000000000000000000e+00
-2.506909999999999883e+01 1.000000000000000000e+00 2.040000000000000147e-02 0.000000000000000000e+00
-2.506909999999999883e+01 1.000000000000000000e+00 1.909999999999999892e-02 0.000000000000000000e+00
-2.506909999999999883e+01 1.000000000000000000e+00 2.239999999999999977e-02 0.000000000000000000e+00
-2.506909999999999883e+01 1.000000000000000000e+00 1.990000000000000102e-02 0.000000000000000000e+00
-2.506909999999999883e+01 1.000000000000000000e+00 1.899999999999999953e-02 0.000000000000000000e+00
-2.506909999999999883e+01 1.000000000000000000e+00 2.210000000000000159e-02 0.000000000000000000e+00
-2.506909999999999883e+01 1.000000000000000000e+00 1.909999999999999892e-02 0.000000000000000000e+00
-2.506909999999999883e+01 1.000000000000000000e+00 2.019999999999999921e-02 0.000000000000000000e+00
-2.506909999999999883e+01 1.000000000000000000e+00 2.189999999999999933e-02 0.000000000000000000e+00
-2.506909999999999883e+01 1.000000000000000000e+00 1.959999999999999937e-02 0.000000000000000000e+00
-2.506909999999999883e+01 1.000000000000000000e+00 2.040000000000000147e-02 0.000000000000000000e+00
-2.506909999999999883e+01 1.000000000000000000e+00 2.230000000000000038e-02 0.000000000000000000e+00
-2.506909999999999883e+01 1.000000000000000000e+00 2.050000000000000086e-02 0.000000000000000000e+00
-2.506909999999999883e+01 1.000000000000000000e+00 1.949999999999999997e-02 0.000000000000000000e+00
-2.506909999999999883e+01 1.000000000000000000e+00 2.249999999999999917e-02 0.000000000000000000e+00
-2.506909999999999883e+01 1.000000000000000000e+00 2.220000000000000098e-02 0.000000000000000000e+00
-2.506909999999999883e+01 1.000000000000000000e+00 2.009999999999999981e-02 0.000000000000000000e+00
-2.506909999999999883e+01 1.000000000000000000e+00 2.100000000000000130e-02 0.000000000000000000e+00
-2.506909999999999883e+01 1.000000000000000000e+00 1.859999999999999848e-02 0.000000000000000000e+00
-2.506909999999999883e+01 1.000000000000000000e+00 2.249999999999999917e-02 0.000000000000000000e+00
-2.506909999999999883e+01 1.000000000000000000e+00 2.199999999999999872e-02 0.000000000000000000e+00
-2.506909999999999883e+01 1.000000000000000000e+00 2.040000000000000147e-02 0.000000000000000000e+00
-2.506909999999999883e+01 1.000000000000000000e+00 1.870000000000000134e-02 0.000000000000000000e+00
-2.506909999999999883e+01 1.000000000000000000e+00 2.060000000000000026e-02 0.000000000000000000e+00
-2.506909999999999883e+01 1.000000000000000000e+00 2.050000000000000086e-02 0.000000000000000000e+00
-2.506909999999999883e+01 1.000000000000000000e+00 2.069999999999999965e-02 0.000000000000000000e+00
-2.506909999999999883e+01 1.000000000000000000e+00 2.019999999999999921e-02 0.000000000000000000e+00
-2.506909999999999883e+01 1.000000000000000000e+00 2.170000000000000054e-02 0.000000000000000000e+00
-2.506909999999999883e+01 1.000000000000000000e+00 2.319999999999999840e-02 0.000000000000000000e+00
-2.506909999999999883e+01 1.000000000000000000e+00 2.359999999999999945e-02 0.000000000000000000e+00
-2.506909999999999883e+01 1.000000000000000000e+00 2.210000000000000159e-02 0.000000000000000000e+00
-2.506909999999999883e+01 1.000000000000000000e+00 1.880000000000000074e-02 0.000000000000000000e+00
-2.506909999999999883e+01 1.000000000000000000e+00 2.009999999999999981e-02 0.000000000000000000e+00
-2.506909999999999883e+01 1.000000000000000000e+00 2.040000000000000147e-02 0.000000000000000000e+00
-2.506909999999999883e+01 1.000000000000000000e+00 2.369999999999999885e-02 0.000000000000000000e+00
-2.506909999999999883e+01 1.000000000000000000e+00 2.129999999999999949e-02 0.000000000000000000e+00
-2.506909999999999883e+01 1.000000000000000000e+00 2.069999999999999965e-02 0.000000000000000000e+00
-2.506909999999999883e+01 1.000000000000000000e+00 2.120000000000000009e-02 0.000000000000000000e+00
-2.506909999999999883e+01 1.000000000000000000e+00 1.990000000000000102e-02 0.000000000000000000e+00
-2.506909999999999883e+01 1.000000000000000000e+00 1.930000000000000118e-02 0.000000000000000000e+00
-2.506909999999999883e+01 1.000000000000000000e+00 2.189999999999999933e-02 0.000000000000000000e+00
-2.506909999999999883e+01 1.000000000000000000e+00 2.129999999999999949e-02 0.000000000000000000e+00
-2.506909999999999883e+01 1.000000000000000000e+00 2.230000000000000038e-02 0.000000000000000000e+00
-2.506909999999999883e+01 1.000000000000000000e+00 2.170000000000000054e-02 0.000000000000000000e+00
-2.506909999999999883e+01 1.000000000000000000e+00 2.029999999999999860e-02 0.000000000000000000e+00
-2.506909999999999883e+01 1.000000000000000000e+00 1.969999999999999876e-02 0.000000000000000000e+00
-2.506909999999999883e+01 1.000000000000000000e+00 2.029999999999999860e-02 0.000000000000000000e+00
-2.506909999999999883e+01 1.000000000000000000e+00 2.120000000000000009e-02 0.000000000000000000e+00
-2.506909999999999883e+01 1.000000000000000000e+00 2.230000000000000038e-02 0.000000000000000000e+00
-2.506909999999999883e+01 1.000000000000000000e+00 2.149999999999999828e-02 0.000000000000000000e+00
-2.506909999999999883e+01 1.000000000000000000e+00 2.199999999999999872e-02 0.000000000000000000e+00
-2.506909999999999883e+01 1.000000000000000000e+00 2.110000000000000070e-02 0.000000000000000000e+00
-2.506909999999999883e+01 1.000000000000000000e+00 2.350000000000000006e-02 0.000000000000000000e+00
-2.506909999999999883e+01 1.000000000000000000e+00 1.859999999999999848e-02 0.000000000000000000e+00
-2.506909999999999883e+01 1.000000000000000000e+00 2.069999999999999965e-02 0.000000000000000000e+00
-2.506909999999999883e+01 1.000000000000000000e+00 2.160000000000000114e-02 0.000000000000000000e+00
-2.506909999999999883e+01 1.000000000000000000e+00 2.050000000000000086e-02 0.000000000000000000e+00
-2.506909999999999883e+01 1.000000000000000000e+00 1.959999999999999937e-02 0.000000000000000000e+00
-2.506909999999999883e+01 1.000000000000000000e+00 1.949999999999999997e-02 0.000000000000000000e+00
-2.506909999999999883e+01 1.000000000000000000e+00 2.089999999999999844e-02 0.000000000000000000e+00
-2.506909999999999883e+01 1.000000000000000000e+00 1.820000000000000090e-02 0.000000000000000000e+00
-2.506909999999999883e+01 1.000000000000000000e+00 2.029999999999999860e-02 0.000000000000000000e+00
-2.506909999999999883e+01 1.000000000000000000e+00 1.930000000000000118e-02 0.000000000000000000e+00
-2.506909999999999883e+01 1.000000000000000000e+00 1.990000000000000102e-02 0.000000000000000000e+00
-2.506909999999999883e+01 1.000000000000000000e+00 1.969999999999999876e-02 0.000000000000000000e+00
-2.506909999999999883e+01 1.000000000000000000e+00 1.990000000000000102e-02 0.000000000000000000e+00
-2.506909999999999883e+01 1.000000000000000000e+00 1.890000000000000013e-02 0.000000000000000000e+00
-2.506909999999999883e+01 1.000000000000000000e+00 2.280000000000000082e-02 0.000000000000000000e+00
-2.506909999999999883e+01 1.000000000000000000e+00 2.139999999999999888e-02 0.000000000000000000e+00
-2.506909999999999883e+01 1.000000000000000000e+00 2.340000000000000066e-02 0.000000000000000000e+00
-2.506909999999999883e+01 1.000000000000000000e+00 2.259999999999999856e-02 0.000000000000000000e+00
-2.506909999999999883e+01 1.000000000000000000e+00 2.340000000000000066e-02 0.000000000000000000e+00
-2.506909999999999883e+01 1.000000000000000000e+00 1.990000000000000102e-02 0.000000000000000000e+00
-2.506909999999999883e+01 1.000000000000000000e+00 2.069999999999999965e-02 0.000000000000000000e+00
-2.506909999999999883e+01 1.000000000000000000e+00 2.199999999999999872e-02 0.000000000000000000e+00
-2.506909999999999883e+01 1.000000000000000000e+00 2.040000000000000147e-02 0.000000000000000000e+00
-2.506909999999999883e+01 1.000000000000000000e+00 2.000000000000000042e-02 0.000000000000000000e+00
-2.506909999999999883e+01 1.000000000000000000e+00 2.040000000000000147e-02 0.000000000000000000e+00
-2.506909999999999883e+01 1.000000000000000000e+00 2.000000000000000042e-02 0.000000000000000000e+00
-2.506909999999999883e+01 1.000000000000000000e+00 2.079999999999999905e-02 0.000000000000000000e+00
-2.506909999999999883e+01 1.000000000000000000e+00 2.170000000000000054e-02 0.000000000000000000e+00
-2.506909999999999883e+01 1.000000000000000000e+00 2.210000000000000159e-02 0.000000000000000000e+00
-2.506909999999999883e+01 1.000000000000000000e+00 2.069999999999999965e-02 0.000000000000000000e+00
-2.506909999999999883e+01 1.000000000000000000e+00 2.220000000000000098e-02 0.000000000000000000e+00
-2.506909999999999883e+01 1.000000000000000000e+00 1.739999999999999880e-02 0.000000000000000000e+00
-2.506909999999999883e+01 1.000000000000000000e+00 1.990000000000000102e-02 0.000000000000000000e+00
-2.506909999999999883e+01 1.000000000000000000e+00 2.179999999999999993e-02 0.000000000000000000e+00
-2.506909999999999883e+01 1.000000000000000000e+00 2.290000000000000022e-02 0.000000000000000000e+00
-2.506909999999999883e+01 1.000000000000000000e+00 1.980000000000000163e-02 0.000000000000000000e+00
-2.506909999999999883e+01 1.000000000000000000e+00 2.259999999999999856e-02 0.000000000000000000e+00
-2.506909999999999883e+01 1.000000000000000000e+00 1.909999999999999892e-02 0.000000000000000000e+00
-2.506909999999999883e+01 1.000000000000000000e+00 2.079999999999999905e-02 0.000000000000000000e+00
-2.506909999999999883e+01 1.000000000000000000e+00 2.249999999999999917e-02 0.000000000000000000e+00
-2.506909999999999883e+01 1.000000000000000000e+00 2.210000000000000159e-02 0.000000000000000000e+00
-2.506909999999999883e+01 1.000000000000000000e+00 2.050000000000000086e-02 0.000000000000000000e+00
-2.506909999999999883e+01 1.000000000000000000e+00 2.060000000000000026e-02 0.000000000000000000e+00
-2.506909999999999883e+01 1.000000000000000000e+00 2.129999999999999949e-02 0.000000000000000000e+00
-2.506909999999999883e+01 1.000000000000000000e+00 1.969999999999999876e-02 0.000000000000000000e+00
-2.506909999999999883e+01 1.000000000000000000e+00 1.969999999999999876e-02 0.000000000000000000e+00
-2.506909999999999883e+01 1.000000000000000000e+00 2.139999999999999888e-02 0.000000000000000000e+00
-2.506909999999999883e+01 1.000000000000000000e+00 1.919999999999999832e-02 0.000000000000000000e+00
-2.506909999999999883e+01 1.000000000000000000e+00 1.930000000000000118e-02 0.000000000000000000e+00
-2.506909999999999883e+01 1.000000000000000000e+00 2.120000000000000009e-02 0.000000000000000000e+00
-2.506909999999999883e+01 1.000000000000000000e+00 1.969999999999999876e-02 0.000000000000000000e+00
-2.506909999999999883e+01 1.000000000000000000e+00 1.940000000000000058e-02 0.000000000000000000e+00
-2.506909999999999883e+01 1.000000000000000000e+00 2.259999999999999856e-02 0.000000000000000000e+00
-2.506909999999999883e+01 1.000000000000000000e+00 2.210000000000000159e-02 0.000000000000000000e+00
-2.506909999999999883e+01 1.000000000000000000e+00 2.110000000000000070e-02 0.000000000000000000e+00
-2.506909999999999883e+01 1.000000000000000000e+00 2.000000000000000042e-02 0.000000000000000000e+00
-2.506909999999999883e+01 1.000000000000000000e+00 1.890000000000000013e-02 0.000000000000000000e+00
-2.506909999999999883e+01 1.000000000000000000e+00 1.969999999999999876e-02 0.000000000000000000e+00
-2.506909999999999883e+01 1.000000000000000000e+00 2.290000000000000022e-02 0.000000000000000000e+00
-2.506909999999999883e+01 1.000000000000000000e+00 2.359999999999999945e-02 0.000000000000000000e+00
-2.506909999999999883e+01 1.000000000000000000e+00 2.220000000000000098e-02 0.000000000000000000e+00
-2.506909999999999883e+01 1.000000000000000000e+00 2.199999999999999872e-02 0.000000000000000000e+00
-2.506909999999999883e+01 1.000000000000000000e+00 2.290000000000000022e-02 0.000000000000000000e+00
-2.506909999999999883e+01 1.000000000000000000e+00 2.019999999999999921e-02 0.000000000000000000e+00
-2.506909999999999883e+01 1.000000000000000000e+00 2.220000000000000098e-02 0.000000000000000000e+00
-2.506909999999999883e+01 1.000000000000000000e+00 2.299999999999999961e-02 0.000000000000000000e+00
-2.506909999999999883e+01 1.000000000000000000e+00 2.120000000000000009e-02 0.000000000000000000e+00
-2.506909999999999883e+01 1.000000000000000000e+00 2.050000000000000086e-02 0.000000000000000000e+00
-2.506909999999999883e+01 1.000000000000000000e+00 2.309999999999999901e-02 0.000000000000000000e+00
-2.506909999999999883e+01 1.000000000000000000e+00 2.009999999999999981e-02 0.000000000000000000e+00
-2.506909999999999883e+01 1.000000000000000000e+00 2.210000000000000159e-02 0.000000000000000000e+00
-2.506909999999999883e+01 1.000000000000000000e+00 2.019999999999999921e-02 0.000000000000000000e+00
-2.506909999999999883e+01 1.000000000000000000e+00 1.990000000000000102e-02 0.000000000000000000e+00
-2.506909999999999883e+01 1.000000000000000000e+00 2.050000000000000086e-02 0.000000000000000000e+00
-2.506909999999999883e+01 1.000000000000000000e+00 2.120000000000000009e-02 0.000000000000000000e+00
-2.506909999999999883e+01 1.000000000000000000e+00 2.110000000000000070e-02 0.000000000000000000e+00
-2.506909999999999883e+01 1.000000000000000000e+00 2.100000000000000130e-02 0.000000000000000000e+00
-2.506909999999999883e+01 1.000000000000000000e+00 2.270000000000000143e-02 0.000000000000000000e+00
-2.506909999999999883e+01 1.000000000000000000e+00 2.040000000000000147e-02 0.000000000000000000e+00
-2.506909999999999883e+01 1.000000000000000000e+00 1.990000000000000102e-02 0.000000000000000000e+00
-2.506909999999999883e+01 1.000000000000000000e+00 2.129999999999999949e-02 0.000000000000000000e+00
-2.506909999999999883e+01 1.000000000000000000e+00 1.990000000000000102e-02 0.000000000000000000e+00
-2.506909999999999883e+01 1.000000000000000000e+00 2.050000000000000086e-02 0.000000000000000000e+00
-2.506909999999999883e+01 1.000000000000000000e+00 2.050000000000000086e-02 0.000000000000000000e+00
-2.506909999999999883e+01 1.000000000000000000e+00 1.949999999999999997e-02 0.000000000000000000e+00
-2.506909999999999883e+01 1.000000000000000000e+00 1.980000000000000163e-02 0.000000000000000000e+00
-2.506909999999999883e+01 1.000000000000000000e+00 2.120000000000000009e-02 0.000000000000000000e+00
-2.506909999999999883e+01 1.000000000000000000e+00 2.089999999999999844e-02 0.000000000000000000e+00
-2.506909999999999883e+01 1.000000000000000000e+00 2.069999999999999965e-02 0.000000000000000000e+00
-2.506909999999999883e+01 1.000000000000000000e+00 2.009999999999999981e-02 0.000000000000000000e+00
-2.506909999999999883e+01 1.000000000000000000e+00 2.069999999999999965e-02 0.000000000000000000e+00
-2.506909999999999883e+01 1.000000000000000000e+00 2.369999999999999885e-02 0.000000000000000000e+00
-2.506909999999999883e+01 1.000000000000000000e+00 1.870000000000000134e-02 0.000000000000000000e+00
-2.506909999999999883e+01 1.000000000000000000e+00 2.230000000000000038e-02 0.000000000000000000e+00
-2.506909999999999883e+01 1.000000000000000000e+00 2.230000000000000038e-02 0.000000000000000000e+00
-2.506909999999999883e+01 1.000000000000000000e+00 2.210000000000000159e-02 0.000000000000000000e+00
-2.506909999999999883e+01 1.000000000000000000e+00 2.400000000000000050e-02 0.000000000000000000e+00
-2.506909999999999883e+01 1.000000000000000000e+00 2.359999999999999945e-02 0.000000000000000000e+00
-2.506909999999999883e+01 1.000000000000000000e+00 2.220000000000000098e-02 0.000000000000000000e+00
-2.506909999999999883e+01 1.000000000000000000e+00 2.089999999999999844e-02 0.000000000000000000e+00
-2.506909999999999883e+01 1.000000000000000000e+00 2.199999999999999872e-02 0.000000000000000000e+00
-2.506909999999999883e+01 1.000000000000000000e+00 2.100000000000000130e-02 0.000000000000000000e+00
-2.506909999999999883e+01 1.000000000000000000e+00 2.069999999999999965e-02 0.000000000000000000e+00
-2.506909999999999883e+01 1.000000000000000000e+00 2.220000000000000098e-02 0.000000000000000000e+00
-2.506909999999999883e+01 1.000000000000000000e+00 2.050000000000000086e-02 0.000000000000000000e+00
-2.506909999999999883e+01 1.000000000000000000e+00 1.969999999999999876e-02 0.000000000000000000e+00
-2.506909999999999883e+01 1.000000000000000000e+00 2.189999999999999933e-02 0.000000000000000000e+00
-2.506909999999999883e+01 1.000000000000000000e+00 2.230000000000000038e-02 0.000000000000000000e+00
-2.506909999999999883e+01 1.000000000000000000e+00 2.040000000000000147e-02 0.000000000000000000e+00
-2.506909999999999883e+01 1.000000000000000000e+00 1.839999999999999969e-02 0.000000000000000000e+00
-2.506909999999999883e+01 1.000000000000000000e+00 2.220000000000000098e-02 0.000000000000000000e+00
-2.506909999999999883e+01 1.000000000000000000e+00 1.909999999999999892e-02 0.000000000000000000e+00
-2.506909999999999883e+01 1.000000000000000000e+00 1.909999999999999892e-02 0.000000000000000000e+00
-2.506909999999999883e+01 1.000000000000000000e+00 2.239999999999999977e-02 0.000000000000000000e+00
-2.506909999999999883e+01 1.000000000000000000e+00 1.870000000000000134e-02 0.000000000000000000e+00
-2.506909999999999883e+01 1.000000000000000000e+00 1.870000000000000134e-02 0.000000000000000000e+00
-2.506909999999999883e+01 1.000000000000000000e+00 2.079999999999999905e-02 0.000000000000000000e+00
-2.506909999999999883e+01 1.000000000000000000e+00 1.980000000000000163e-02 0.000000000000000000e+00
-2.506909999999999883e+01 1.000000000000000000e+00 2.089999999999999844e-02 0.000000000000000000e+00
-2.506909999999999883e+01 1.000000000000000000e+00 1.739999999999999880e-02 0.000000000000000000e+00
-2.506909999999999883e+01 1.000000000000000000e+00 2.019999999999999921e-02 0.000000000000000000e+00
-2.506909999999999883e+01 1.000000000000000000e+00 2.069999999999999965e-02 0.000000000000000000e+00
-2.506909999999999883e+01 1.000000000000000000e+00 2.040000000000000147e-02 0.000000000000000000e+00
-2.506909999999999883e+01 1.000000000000000000e+00 2.160000000000000114e-02 0.000000000000000000e+00
-2.506909999999999883e+01 1.000000000000000000e+00 2.000000000000000042e-02 0.000000000000000000e+00
-2.506909999999999883e+01 1.000000000000000000e+00 1.909999999999999892e-02 0.000000000000000000e+00
-2.506909999999999883e+01 1.000000000000000000e+00 2.060000000000000026e-02 0.000000000000000000e+00
-2.506909999999999883e+01 1.000000000000000000e+00 2.160000000000000114e-02 0.000000000000000000e+00
-2.506909999999999883e+01 1.000000000000000000e+00 2.179999999999999993e-02 0.000000000000000000e+00
-2.506909999999999883e+01 1.000000000000000000e+00 1.919999999999999832e-02 0.000000000000000000e+00
-2.506909999999999883e+01 1.000000000000000000e+00 2.019999999999999921e-02 0.000000000000000000e+00
-2.506909999999999883e+01 1.000000000000000000e+00 2.189999999999999933e-02 0.000000000000000000e+00
-2.506909999999999883e+01 1.000000000000000000e+00 1.990000000000000102e-02 0.000000000000000000e+00
-2.506909999999999883e+01 1.000000000000000000e+00 1.949999999999999997e-02 0.000000000000000000e+00
-2.506909999999999883e+01 1.000000000000000000e+00 1.779999999999999985e-02 0.000000000000000000e+00
-2.506909999999999883e+01 1.000000000000000000e+00 1.739999999999999880e-02 0.000000000000000000e+00
-2.506909999999999883e+01 1.000000000000000000e+00 1.909999999999999892e-02 0.000000000000000000e+00
-2.506909999999999883e+01 1.000000000000000000e+00 2.009999999999999981e-02 0.000000000000000000e+00
-2.506909999999999883e+01 1.000000000000000000e+00 2.309999999999999901e-02 0.000000000000000000e+00
-2.506909999999999883e+01 1.000000000000000000e+00 2.079999999999999905e-02 0.000000000000000000e+00
-2.506909999999999883e+01 1.000000000000000000e+00 2.100000000000000130e-02 0.000000000000000000e+00
-2.506909999999999883e+01 1.000000000000000000e+00 1.909999999999999892e-02 0.000000000000000000e+00
-2.506909999999999883e+01 1.000000000000000000e+00 2.380000000000000171e-02 0.000000000000000000e+00
-2.506909999999999883e+01 1.000000000000000000e+00 2.110000000000000070e-02 0.000000000000000000e+00
-2.506909999999999883e+01 1.000000000000000000e+00 2.179999999999999993e-02 0.000000000000000000e+00
-2.506909999999999883e+01 1.000000000000000000e+00 2.299999999999999961e-02 0.000000000000000000e+00
-2.506909999999999883e+01 1.000000000000000000e+00 2.270000000000000143e-02 0.000000000000000000e+00
-2.506909999999999883e+01 1.000000000000000000e+00 2.009999999999999981e-02 0.000000000000000000e+00
-2.506909999999999883e+01 1.000000000000000000e+00 2.160000000000000114e-02 0.000000000000000000e+00
-2.506909999999999883e+01 1.000000000000000000e+00 1.909999999999999892e-02 0.000000000000000000e+00
-2.506909999999999883e+01 1.000000000000000000e+00 2.009999999999999981e-02 0.000000000000000000e+00
-2.506909999999999883e+01 1.000000000000000000e+00 2.170000000000000054e-02 0.000000000000000000e+00
-2.506909999999999883e+01 1.000000000000000000e+00 2.100000000000000130e-02 0.000000000000000000e+00
-2.506909999999999883e+01 1.000000000000000000e+00 2.299999999999999961e-02 0.000000000000000000e+00
-2.506909999999999883e+01 1.000000000000000000e+00 2.139999999999999888e-02 0.000000000000000000e+00
-2.506909999999999883e+01 1.000000000000000000e+00 2.160000000000000114e-02 0.000000000000000000e+00
-2.506909999999999883e+01 1.000000000000000000e+00 2.170000000000000054e-02 0.000000000000000000e+00
-2.506909999999999883e+01 1.000000000000000000e+00 2.239999999999999977e-02 0.000000000000000000e+00
-2.506909999999999883e+01 1.000000000000000000e+00 1.949999999999999997e-02 0.000000000000000000e+00
-2.506909999999999883e+01 1.000000000000000000e+00 2.419999999999999929e-02 0.000000000000000000e+00
-2.506909999999999883e+01 1.000000000000000000e+00 1.959999999999999937e-02 0.000000000000000000e+00
-2.506909999999999883e+01 1.000000000000000000e+00 2.149999999999999828e-02 0.000000000000000000e+00
-2.506909999999999883e+01 1.000000000000000000e+00 1.959999999999999937e-02 0.000000000000000000e+00
-2.506909999999999883e+01 1.000000000000000000e+00 2.089999999999999844e-02 0.000000000000000000e+00
-2.506909999999999883e+01 1.000000000000000000e+00 1.969999999999999876e-02 0.000000000000000000e+00
-2.506909999999999883e+01 1.000000000000000000e+00 2.179999999999999993e-02 0.000000000000000000e+00
-2.506909999999999883e+01 1.000000000000000000e+00 2.019999999999999921e-02 0.000000000000000000e+00
-2.506909999999999883e+01 1.000000000000000000e+00 1.880000000000000074e-02 0.000000000000000000e+00
-2.506909999999999883e+01 1.000000000000000000e+00 2.050000000000000086e-02 0.000000000000000000e+00
-2.506909999999999883e+01 1.000000000000000000e+00 2.079999999999999905e-02 0.000000000000000000e+00
-2.506909999999999883e+01 1.000000000000000000e+00 2.330000000000000127e-02 0.000000000000000000e+00
-2.506909999999999883e+01 1.000000000000000000e+00 2.050000000000000086e-02 0.000000000000000000e+00
-2.506909999999999883e+01 1.000000000000000000e+00 2.290000000000000022e-02 0.000000000000000000e+00
-2.506909999999999883e+01 1.000000000000000000e+00 1.919999999999999832e-02 0.000000000000000000e+00
-2.506909999999999883e+01 1.000000000000000000e+00 2.149999999999999828e-02 0.000000000000000000e+00
-2.506909999999999883e+01 1.000000000000000000e+00 2.199999999999999872e-02 0.000000000000000000e+00
-2.506909999999999883e+01 1.000000000000000000e+00 2.350000000000000006e-02 0.000000000000000000e+00
-2.506909999999999883e+01 1.000000000000000000e+00 2.089999999999999844e-02 0.000000000000000000e+00
-2.506909999999999883e+01 1.000000000000000000e+00 1.940000000000000058e-02 0.000000000000000000e+00
-2.506909999999999883e+01 1.000000000000000000e+00 1.940000000000000058e-02 0.000000000000000000e+00
-2.506909999999999883e+01 1.000000000000000000e+00 2.189999999999999933e-02 0.000000000000000000e+00
-2.506909999999999883e+01 1.000000000000000000e+00 2.199999999999999872e-02 0.000000000000000000e+00
-2.506909999999999883e+01 1.000000000000000000e+00 2.290000000000000022e-02 0.000000000000000000e+00
-2.506909999999999883e+01 1.000000000000000000e+00 2.089999999999999844e-02 0.000000000000000000e+00
-2.506909999999999883e+01 1.000000000000000000e+00 1.839999999999999969e-02 0.000000000000000000e+00
-2.506909999999999883e+01 1.000000000000000000e+00 1.859999999999999848e-02 0.000000000000000000e+00
-2.506909999999999883e+01 1.000000000000000000e+00 2.100000000000000130e-02 0.000000000000000000e+00
-2.506909999999999883e+01 1.000000000000000000e+00 2.160000000000000114e-02 0.000000000000000000e+00
-2.506909999999999883e+01 1.000000000000000000e+00 2.100000000000000130e-02 0.000000000000000000e+00
-2.506909999999999883e+01 1.000000000000000000e+00 2.089999999999999844e-02 0.000000000000000000e+00
-2.506909999999999883e+01 1.000000000000000000e+00 2.149999999999999828e-02 0.000000000000000000e+00
-2.506909999999999883e+01 1.000000000000000000e+00 1.969999999999999876e-02 0.000000000000000000e+00
-2.506909999999999883e+01 1.000000000000000000e+00 2.019999999999999921e-02 0.000000000000000000e+00
-2.506909999999999883e+01 1.000000000000000000e+00 2.029999999999999860e-02 0.000000000000000000e+00
-2.506909999999999883e+01 1.000000000000000000e+00 2.069999999999999965e-02 0.000000000000000000e+00
-2.506909999999999883e+01 1.000000000000000000e+00 1.779999999999999985e-02 0.000000000000000000e+00
-2.506909999999999883e+01 1.000000000000000000e+00 1.930000000000000118e-02 0.000000000000000000e+00
-2.506909999999999883e+01 1.000000000000000000e+00 2.069999999999999965e-02 0.000000000000000000e+00
-2.506909999999999883e+01 1.000000000000000000e+00 2.160000000000000114e-02 0.000000000000000000e+00
-2.506909999999999883e+01 1.000000000000000000e+00 1.770000000000000046e-02 0.000000000000000000e+00
-2.506909999999999883e+01 1.000000000000000000e+00 2.100000000000000130e-02 0.000000000000000000e+00
-2.506909999999999883e+01 1.000000000000000000e+00 2.069999999999999965e-02 0.000000000000000000e+00
-2.506909999999999883e+01 1.000000000000000000e+00 1.919999999999999832e-02 0.000000000000000000e+00
-2.506909999999999883e+01 1.000000000000000000e+00 2.139999999999999888e-02 0.000000000000000000e+00
-2.506909999999999883e+01 1.000000000000000000e+00 1.940000000000000058e-02 0.000000000000000000e+00
-2.506909999999999883e+01 1.000000000000000000e+00 1.990000000000000102e-02 0.000000000000000000e+00
-2.506909999999999883e+01 1.000000000000000000e+00 1.909999999999999892e-02 0.000000000000000000e+00
-2.506909999999999883e+01 1.000000000000000000e+00 2.280000000000000082e-02 0.000000000000000000e+00
-2.506909999999999883e+01 1.000000000000000000e+00 2.019999999999999921e-02 0.000000000000000000e+00
-2.506909999999999883e+01 1.000000000000000000e+00 2.120000000000000009e-02 0.000000000000000000e+00
-2.506909999999999883e+01 1.000000000000000000e+00 2.040000000000000147e-02 0.000000000000000000e+00
-2.506909999999999883e+01 1.000000000000000000e+00 2.110000000000000070e-02 0.000000000000000000e+00
-2.506909999999999883e+01 1.000000000000000000e+00 1.980000000000000163e-02 0.000000000000000000e+00
-2.506909999999999883e+01 1.000000000000000000e+00 2.060000000000000026e-02 0.000000000000000000e+00
-2.506909999999999883e+01 1.000000000000000000e+00 2.120000000000000009e-02 0.000000000000000000e+00
-2.506909999999999883e+01 1.000000000000000000e+00 2.069999999999999965e-02 0.000000000000000000e+00
-2.506909999999999883e+01 1.000000000000000000e+00 2.079999999999999905e-02 0.000000000000000000e+00
-2.506909999999999883e+01 1.000000000000000000e+00 1.969999999999999876e-02 0.000000000000000000e+00
-2.506909999999999883e+01 1.000000000000000000e+00 2.009999999999999981e-02 0.000000000000000000e+00
-2.506909999999999883e+01 1.000000000000000000e+00 1.969999999999999876e-02 0.000000000000000000e+00
-2.506909999999999883e+01 1.000000000000000000e+00 2.230000000000000038e-02 0.000000000000000000e+00
-2.506909999999999883e+01 1.000000000000000000e+00 2.100000000000000130e-02 0.000000000000000000e+00
-2.506909999999999883e+01 1.000000000000000000e+00 2.029999999999999860e-02 0.000000000000000000e+00
-2.506909999999999883e+01 1.000000000000000000e+00 2.170000000000000054e-02 0.000000000000000000e+00
-2.506909999999999883e+01 1.000000000000000000e+00 2.110000000000000070e-02 0.000000000000000000e+00
-2.506909999999999883e+01 1.000000000000000000e+00 1.919999999999999832e-02 0.000000000000000000e+00
-2.506909999999999883e+01 1.000000000000000000e+00 2.040000000000000147e-02 0.000000000000000000e+00
-2.506909999999999883e+01 1.000000000000000000e+00 1.760000000000000106e-02 0.000000000000000000e+00
-2.506909999999999883e+01 1.000000000000000000e+00 2.060000000000000026e-02 0.000000000000000000e+00
-2.506909999999999883e+01 1.000000000000000000e+00 2.319999999999999840e-02 0.000000000000000000e+00
-2.506909999999999883e+01 1.000000000000000000e+00 2.110000000000000070e-02 0.000000000000000000e+00
-2.506909999999999883e+01 1.000000000000000000e+00 1.789999999999999925e-02 0.000000000000000000e+00
-2.506909999999999883e+01 1.000000000000000000e+00 2.009999999999999981e-02 0.000000000000000000e+00
-2.506909999999999883e+01 1.000000000000000000e+00 2.160000000000000114e-02 0.000000000000000000e+00
-2.506909999999999883e+01 1.000000000000000000e+00 1.969999999999999876e-02 0.000000000000000000e+00
-2.506909999999999883e+01 1.000000000000000000e+00 1.990000000000000102e-02 0.000000000000000000e+00
-2.506909999999999883e+01 1.000000000000000000e+00 2.230000000000000038e-02 0.000000000000000000e+00
-2.506909999999999883e+01 1.000000000000000000e+00 1.990000000000000102e-02 0.000000000000000000e+00
-2.506909999999999883e+01 1.000000000000000000e+00 2.050000000000000086e-02 0.000000000000000000e+00
-2.506909999999999883e+01 1.000000000000000000e+00 2.270000000000000143e-02 0.000000000000000000e+00
-2.506909999999999883e+01 1.000000000000000000e+00 2.129999999999999949e-02 0.000000000000000000e+00
-2.506909999999999883e+01 1.000000000000000000e+00 2.220000000000000098e-02 0.000000000000000000e+00
-2.506909999999999883e+01 1.000000000000000000e+00 2.069999999999999965e-02 0.000000000000000000e+00
-2.506909999999999883e+01 1.000000000000000000e+00 2.040000000000000147e-02 0.000000000000000000e+00
-2.506909999999999883e+01 1.000000000000000000e+00 2.120000000000000009e-02 0.000000000000000000e+00
-2.506909999999999883e+01 1.000000000000000000e+00 1.940000000000000058e-02 0.000000000000000000e+00
-2.506909999999999883e+01 1.000000000000000000e+00 2.199999999999999872e-02 0.000000000000000000e+00
-2.506909999999999883e+01 1.000000000000000000e+00 2.110000000000000070e-02 0.000000000000000000e+00
-2.506909999999999883e+01 1.000000000000000000e+00 2.009999999999999981e-02 0.000000000000000000e+00
-2.506909999999999883e+01 1.000000000000000000e+00 2.110000000000000070e-02 0.000000000000000000e+00
-2.506909999999999883e+01 1.000000000000000000e+00 2.120000000000000009e-02 0.000000000000000000e+00
-2.506909999999999883e+01 1.000000000000000000e+00 2.110000000000000070e-02 0.000000000000000000e+00
-2.506909999999999883e+01 1.000000000000000000e+00 2.500000000000000139e-02 0.000000000000000000e+00
-2.506909999999999883e+01 1.000000000000000000e+00 2.369999999999999885e-02 0.000000000000000000e+00
-2.506909999999999883e+01 1.000000000000000000e+00 2.089999999999999844e-02 0.000000000000000000e+00
-2.506909999999999883e+01 1.000000000000000000e+00 1.940000000000000058e-02 0.000000000000000000e+00
-2.506909999999999883e+01 1.000000000000000000e+00 1.980000000000000163e-02 0.000000000000000000e+00
-2.506909999999999883e+01 1.000000000000000000e+00 2.100000000000000130e-02 0.000000000000000000e+00
-2.506909999999999883e+01 1.000000000000000000e+00 2.069999999999999965e-02 0.000000000000000000e+00
-2.506909999999999883e+01 1.000000000000000000e+00 2.120000000000000009e-02 0.000000000000000000e+00
-2.506909999999999883e+01 1.000000000000000000e+00 2.029999999999999860e-02 0.000000000000000000e+00
-2.506909999999999883e+01 1.000000000000000000e+00 2.110000000000000070e-02 0.000000000000000000e+00
-2.506909999999999883e+01 1.000000000000000000e+00 2.149999999999999828e-02 0.000000000000000000e+00
-2.506909999999999883e+01 1.000000000000000000e+00 2.060000000000000026e-02 0.000000000000000000e+00
-2.506909999999999883e+01 1.000000000000000000e+00 2.129999999999999949e-02 0.000000000000000000e+00
-2.506909999999999883e+01 1.000000000000000000e+00 2.019999999999999921e-02 0.000000000000000000e+00
-2.506909999999999883e+01 1.000000000000000000e+00 2.139999999999999888e-02 0.000000000000000000e+00
-2.506909999999999883e+01 1.000000000000000000e+00 2.000000000000000042e-02 0.000000000000000000e+00
-2.506909999999999883e+01 1.000000000000000000e+00 1.940000000000000058e-02 0.000000000000000000e+00
-2.506909999999999883e+01 1.000000000000000000e+00 2.029999999999999860e-02 0.000000000000000000e+00
-2.506909999999999883e+01 1.000000000000000000e+00 1.969999999999999876e-02 0.000000000000000000e+00
-2.506909999999999883e+01 1.000000000000000000e+00 2.000000000000000042e-02 0.000000000000000000e+00
-2.506909999999999883e+01 1.000000000000000000e+00 2.239999999999999977e-02 0.000000000000000000e+00
-2.506909999999999883e+01 1.000000000000000000e+00 2.419999999999999929e-02 0.000000000000000000e+00
-2.506909999999999883e+01 1.000000000000000000e+00 2.359999999999999945e-02 0.000000000000000000e+00
-2.506909999999999883e+01 1.000000000000000000e+00 1.899999999999999953e-02 0.000000000000000000e+00
-2.506909999999999883e+01 1.000000000000000000e+00 2.220000000000000098e-02 0.000000000000000000e+00
-2.506909999999999883e+01 1.000000000000000000e+00 2.079999999999999905e-02 0.000000000000000000e+00
-2.506909999999999883e+01 1.000000000000000000e+00 2.179999999999999993e-02 0.000000000000000000e+00
-2.506909999999999883e+01 1.000000000000000000e+00 2.139999999999999888e-02 0.000000000000000000e+00
-2.506909999999999883e+01 1.000000000000000000e+00 2.069999999999999965e-02 0.000000000000000000e+00
-2.506909999999999883e+01 1.000000000000000000e+00 1.799999999999999864e-02 0.000000000000000000e+00
-2.506909999999999883e+01 1.000000000000000000e+00 1.980000000000000163e-02 0.000000000000000000e+00
-2.506909999999999883e+01 1.000000000000000000e+00 2.280000000000000082e-02 0.000000000000000000e+00
-2.506909999999999883e+01 1.000000000000000000e+00 2.170000000000000054e-02 0.000000000000000000e+00
-2.506909999999999883e+01 1.000000000000000000e+00 2.199999999999999872e-02 0.000000000000000000e+00
-2.506909999999999883e+01 1.000000000000000000e+00 2.009999999999999981e-02 0.000000000000000000e+00
-2.506909999999999883e+01 1.000000000000000000e+00 2.060000000000000026e-02 0.000000000000000000e+00
-2.506909999999999883e+01 1.000000000000000000e+00 2.069999999999999965e-02 0.000000000000000000e+00
-2.506909999999999883e+01 1.000000000000000000e+00 2.100000000000000130e-02 0.000000000000000000e+00
-2.506909999999999883e+01 1.000000000000000000e+00 2.009999999999999981e-02 0.000000000000000000e+00
-2.506909999999999883e+01 1.000000000000000000e+00 2.330000000000000127e-02 0.000000000000000000e+00
-2.506909999999999883e+01 1.000000000000000000e+00 2.050000000000000086e-02 0.000000000000000000e+00
-2.506909999999999883e+01 1.000000000000000000e+00 2.050000000000000086e-02 0.000000000000000000e+00
-2.506909999999999883e+01 1.000000000000000000e+00 2.110000000000000070e-02 0.000000000000000000e+00
-2.506909999999999883e+01 1.000000000000000000e+00 2.100000000000000130e-02 0.000000000000000000e+00
-2.506909999999999883e+01 1.000000000000000000e+00 2.050000000000000086e-02 0.000000000000000000e+00
-2.506909999999999883e+01 1.000000000000000000e+00 2.270000000000000143e-02 0.000000000000000000e+00
-2.506909999999999883e+01 1.000000000000000000e+00 2.069999999999999965e-02 0.000000000000000000e+00
-2.506909999999999883e+01 1.000000000000000000e+00 2.000000000000000042e-02 0.000000000000000000e+00
-2.506909999999999883e+01 1.000000000000000000e+00 2.149999999999999828e-02 0.000000000000000000e+00
-2.506909999999999883e+01 1.000000000000000000e+00 1.919999999999999832e-02 0.000000000000000000e+00
-2.506909999999999883e+01 1.000000000000000000e+00 2.120000000000000009e-02 0.000000000000000000e+00
-2.506909999999999883e+01 1.000000000000000000e+00 1.980000000000000163e-02 0.000000000000000000e+00
-2.506909999999999883e+01 1.000000000000000000e+00 2.019999999999999921e-02 0.000000000000000000e+00
-2.506909999999999883e+01 1.000000000000000000e+00 1.880000000000000074e-02 0.000000000000000000e+00
-2.506909999999999883e+01 1.000000000000000000e+00 1.980000000000000163e-02 0.000000000000000000e+00
-2.506909999999999883e+01 1.000000000000000000e+00 2.050000000000000086e-02 0.000000000000000000e+00
-2.506909999999999883e+01 1.000000000000000000e+00 2.110000000000000070e-02 0.000000000000000000e+00
-2.506909999999999883e+01 1.000000000000000000e+00 1.990000000000000102e-02 0.000000000000000000e+00
-2.506909999999999883e+01 1.000000000000000000e+00 2.120000000000000009e-02 0.000000000000000000e+00
-2.506909999999999883e+01 1.000000000000000000e+00 2.230000000000000038e-02 0.000000000000000000e+00
-2.506909999999999883e+01 1.000000000000000000e+00 2.139999999999999888e-02 0.000000000000000000e+00
-2.506909999999999883e+01 1.000000000000000000e+00 2.189999999999999933e-02 0.000000000000000000e+00
-2.506909999999999883e+01 1.000000000000000000e+00 1.789999999999999925e-02 0.000000000000000000e+00
-2.506909999999999883e+01 1.000000000000000000e+00 2.189999999999999933e-02 0.000000000000000000e+00
-2.506909999999999883e+01 1.000000000000000000e+00 2.089999999999999844e-02 0.000000000000000000e+00
-2.506909999999999883e+01 1.000000000000000000e+00 2.069999999999999965e-02 0.000000000000000000e+00
-2.506909999999999883e+01 1.000000000000000000e+00 2.110000000000000070e-02 0.000000000000000000e+00
-2.506909999999999883e+01 1.000000000000000000e+00 2.280000000000000082e-02 0.000000000000000000e+00
-2.506909999999999883e+01 1.000000000000000000e+00 2.149999999999999828e-02 0.000000000000000000e+00
-2.506909999999999883e+01 1.000000000000000000e+00 2.160000000000000114e-02 0.000000000000000000e+00
-2.506909999999999883e+01 1.000000000000000000e+00 2.110000000000000070e-02 0.000000000000000000e+00
-2.506909999999999883e+01 1.000000000000000000e+00 2.100000000000000130e-02 0.000000000000000000e+00
-2.506909999999999883e+01 1.000000000000000000e+00 2.009999999999999981e-02 0.000000000000000000e+00
-2.506909999999999883e+01 1.000000000000000000e+00 2.050000000000000086e-02 0.000000000000000000e+00
-2.506909999999999883e+01 1.000000000000000000e+00 1.949999999999999997e-02 0.000000000000000000e+00
-2.506909999999999883e+01 1.000000000000000000e+00 2.000000000000000042e-02 0.000000000000000000e+00
-2.506909999999999883e+01 1.000000000000000000e+00 1.890000000000000013e-02 0.000000000000000000e+00
-2.506909999999999883e+01 1.000000000000000000e+00 1.679999999999999896e-02 0.000000000000000000e+00
-2.506909999999999883e+01 1.000000000000000000e+00 2.230000000000000038e-02 0.000000000000000000e+00
-2.506909999999999883e+01 1.000000000000000000e+00 2.079999999999999905e-02 0.000000000000000000e+00
-2.506909999999999883e+01 1.000000000000000000e+00 2.040000000000000147e-02 0.000000000000000000e+00
-2.506909999999999883e+01 1.000000000000000000e+00 2.100000000000000130e-02 0.000000000000000000e+00
-2.506909999999999883e+01 1.000000000000000000e+00 2.160000000000000114e-02 0.000000000000000000e+00
-2.506909999999999883e+01 1.000000000000000000e+00 2.179999999999999993e-02 0.000000000000000000e+00
-2.506909999999999883e+01 1.000000000000000000e+00 2.210000000000000159e-02 0.000000000000000000e+00
-2.506909999999999883e+01 1.000000000000000000e+00 2.110000000000000070e-02 0.000000000000000000e+00
-2.506909999999999883e+01 1.000000000000000000e+00 1.969999999999999876e-02 0.000000000000000000e+00
-2.506909999999999883e+01 1.000000000000000000e+00 2.019999999999999921e-02 0.000000000000000000e+00
-2.506909999999999883e+01 1.000000000000000000e+00 2.230000000000000038e-02 0.000000000000000000e+00
-2.506909999999999883e+01 1.000000000000000000e+00 2.000000000000000042e-02 0.000000000000000000e+00
-2.506909999999999883e+01 1.000000000000000000e+00 2.170000000000000054e-02 0.000000000000000000e+00
-2.506909999999999883e+01 1.000000000000000000e+00 1.849999999999999908e-02 0.000000000000000000e+00
-2.506909999999999883e+01 1.000000000000000000e+00 2.170000000000000054e-02 0.000000000000000000e+00
-2.506909999999999883e+01 1.000000000000000000e+00 2.120000000000000009e-02 0.000000000000000000e+00
-2.506909999999999883e+01 1.000000000000000000e+00 1.980000000000000163e-02 0.000000000000000000e+00
-2.506909999999999883e+01 1.000000000000000000e+00 2.189999999999999933e-02 0.000000000000000000e+00
-2.506909999999999883e+01 1.000000000000000000e+00 1.930000000000000118e-02 0.000000000000000000e+00
-2.506909999999999883e+01 1.000000000000000000e+00 2.249999999999999917e-02 0.000000000000000000e+00
-2.506909999999999883e+01 1.000000000000000000e+00 2.479999999999999913e-02 0.000000000000000000e+00
-2.506909999999999883e+01 1.000000000000000000e+00 2.139999999999999888e-02 0.000000000000000000e+00
-2.506909999999999883e+01 1.000000000000000000e+00 2.110000000000000070e-02 0.000000000000000000e+00
-2.506909999999999883e+01 1.000000000000000000e+00 2.079999999999999905e-02 0.000000000000000000e+00
-2.506909999999999883e+01 1.000000000000000000e+00 1.959999999999999937e-02 0.000000000000000000e+00
-2.506909999999999883e+01 1.000000000000000000e+00 2.009999999999999981e-02 0.000000000000000000e+00
-2.506909999999999883e+01 1.000000000000000000e+00 2.350000000000000006e-02 0.000000000000000000e+00
-2.506909999999999883e+01 1.000000000000000000e+00 1.969999999999999876e-02 0.000000000000000000e+00
-2.506909999999999883e+01 1.000000000000000000e+00 2.299999999999999961e-02 0.000000000000000000e+00
-2.506909999999999883e+01 1.000000000000000000e+00 2.149999999999999828e-02 0.000000000000000000e+00
-2.506909999999999883e+01 1.000000000000000000e+00 1.909999999999999892e-02 0.000000000000000000e+00
-2.506909999999999883e+01 1.000000000000000000e+00 2.079999999999999905e-02 0.000000000000000000e+00
-2.506909999999999883e+01 1.000000000000000000e+00 2.179999999999999993e-02 0.000000000000000000e+00
-2.506909999999999883e+01 1.000000000000000000e+00 2.009999999999999981e-02 0.000000000000000000e+00
-2.506909999999999883e+01 1.000000000000000000e+00 2.050000000000000086e-02 0.000000000000000000e+00
-2.506909999999999883e+01 1.000000000000000000e+00 2.079999999999999905e-02 0.000000000000000000e+00
-2.506909999999999883e+01 1.000000000000000000e+00 2.199999999999999872e-02 0.000000000000000000e+00
-2.506909999999999883e+01 1.000000000000000000e+00 1.830000000000000029e-02 0.000000000000000000e+00
-2.506909999999999883e+01 1.000000000000000000e+00 1.959999999999999937e-02 0.000000000000000000e+00
-2.506909999999999883e+01 1.000000000000000000e+00 2.079999999999999905e-02 0.000000000000000000e+00
-2.506909999999999883e+01 1.000000000000000000e+00 2.110000000000000070e-02 0.000000000000000000e+00
-2.506909999999999883e+01 1.000000000000000000e+00 2.179999999999999993e-02 0.000000000000000000e+00
-2.506909999999999883e+01 1.000000000000000000e+00 1.669999999999999957e-02 0.000000000000000000e+00
-2.506909999999999883e+01 1.000000000000000000e+00 2.050000000000000086e-02 0.000000000000000000e+00
-2.506909999999999883e+01 1.000000000000000000e+00 2.060000000000000026e-02 0.000000000000000000e+00
-2.506909999999999883e+01 1.000000000000000000e+00 2.249999999999999917e-02 0.000000000000000000e+00
-2.506909999999999883e+01 1.000000000000000000e+00 1.880000000000000074e-02 0.000000000000000000e+00
-2.506909999999999883e+01 1.000000000000000000e+00 2.160000000000000114e-02 0.000000000000000000e+00
-2.506909999999999883e+01 1.000000000000000000e+00 2.050000000000000086e-02 0.000000000000000000e+00
-2.506909999999999883e+01 1.000000000000000000e+00 2.019999999999999921e-02 0.000000000000000000e+00
-2.506909999999999883e+01 1.000000000000000000e+00 2.179999999999999993e-02 0.000000000000000000e+00
-2.506909999999999883e+01 1.000000000000000000e+00 1.770000000000000046e-02 0.000000000000000000e+00
-2.506909999999999883e+01 1.000000000000000000e+00 1.949999999999999997e-02 0.000000000000000000e+00
-2.506909999999999883e+01 1.000000000000000000e+00 2.000000000000000042e-02 0.000000000000000000e+00
-2.506909999999999883e+01 1.000000000000000000e+00 1.770000000000000046e-02 0.000000000000000000e+00
-2.506909999999999883e+01 1.000000000000000000e+00 1.890000000000000013e-02 0.000000000000000000e+00
-2.506909999999999883e+01 1.000000000000000000e+00 1.949999999999999997e-02 0.000000000000000000e+00
-2.506909999999999883e+01 1.000000000000000000e+00 1.830000000000000029e-02 0.000000000000000000e+00
-2.506909999999999883e+01 1.000000000000000000e+00 2.220000000000000098e-02 0.000000000000000000e+00
-2.506909999999999883e+01 1.000000000000000000e+00 1.940000000000000058e-02 0.000000000000000000e+00
-2.506909999999999883e+01 1.000000000000000000e+00 2.040000000000000147e-02 0.000000000000000000e+00
-2.506909999999999883e+01 1.000000000000000000e+00 2.189999999999999933e-02 0.000000000000000000e+00
-2.506909999999999883e+01 1.000000000000000000e+00 2.210000000000000159e-02 0.000000000000000000e+00
-2.506909999999999883e+01 1.000000000000000000e+00 1.890000000000000013e-02 0.000000000000000000e+00
-2.506909999999999883e+01 1.000000000000000000e+00 1.760000000000000106e-02 0.000000000000000000e+00
-2.506909999999999883e+01 1.000000000000000000e+00 2.089999999999999844e-02 0.000000000000000000e+00
-2.506909999999999883e+01 1.000000000000000000e+00 2.129999999999999949e-02 0.000000000000000000e+00
-2.506909999999999883e+01 1.000000000000000000e+00 2.319999999999999840e-02 0.000000000000000000e+00
-2.506909999999999883e+01 1.000000000000000000e+00 2.110000000000000070e-02 0.000000000000000000e+00
-2.506909999999999883e+01 1.000000000000000000e+00 2.110000000000000070e-02 0.000000000000000000e+00
-2.506909999999999883e+01 1.000000000000000000e+00 2.029999999999999860e-02 0.000000000000000000e+00
-2.506909999999999883e+01 1.000000000000000000e+00 2.220000000000000098e-02 0.000000000000000000e+00
-2.506909999999999883e+01 1.000000000000000000e+00 2.230000000000000038e-02 0.000000000000000000e+00
-2.506909999999999883e+01 1.000000000000000000e+00 2.110000000000000070e-02 0.000000000000000000e+00
-2.506909999999999883e+01 1.000000000000000000e+00 1.859999999999999848e-02 0.000000000000000000e+00
-2.506909999999999883e+01 1.000000000000000000e+00 2.029999999999999860e-02 0.000000000000000000e+00
-2.506909999999999883e+01 1.000000000000000000e+00 2.120000000000000009e-02 0.000000000000000000e+00
-2.506909999999999883e+01 1.000000000000000000e+00 1.909999999999999892e-02 0.000000000000000000e+00
-2.506909999999999883e+01 1.000000000000000000e+00 2.280000000000000082e-02 0.000000000000000000e+00
-2.506909999999999883e+01 1.000000000000000000e+00 2.100000000000000130e-02 0.000000000000000000e+00
-2.506909999999999883e+01 1.000000000000000000e+00 2.220000000000000098e-02 0.000000000000000000e+00
-2.506909999999999883e+01 1.000000000000000000e+00 2.079999999999999905e-02 0.000000000000000000e+00
-2.506909999999999883e+01 1.000000000000000000e+00 2.009999999999999981e-02 0.000000000000000000e+00
-2.506909999999999883e+01 1.000000000000000000e+00 1.990000000000000102e-02 0.000000000000000000e+00
-2.506909999999999883e+01 1.000000000000000000e+00 2.179999999999999993e-02 0.000000000000000000e+00
-2.506909999999999883e+01 1.000000000000000000e+00 2.040000000000000147e-02 0.000000000000000000e+00
-2.506909999999999883e+01 1.000000000000000000e+00 2.120000000000000009e-02 0.000000000000000000e+00
-2.506909999999999883e+01 1.000000000000000000e+00 2.220000000000000098e-02 0.000000000000000000e+00
-2.506909999999999883e+01 1.000000000000000000e+00 2.040000000000000147e-02 0.000000000000000000e+00
-2.506909999999999883e+01 1.000000000000000000e+00 2.089999999999999844e-02 0.000000000000000000e+00
-2.506909999999999883e+01 1.000000000000000000e+00 2.029999999999999860e-02 0.000000000000000000e+00
-2.506909999999999883e+01 1.000000000000000000e+00 2.369999999999999885e-02 0.000000000000000000e+00
-2.506909999999999883e+01 1.000000000000000000e+00 2.259999999999999856e-02 0.000000000000000000e+00
-2.506909999999999883e+01 1.000000000000000000e+00 2.110000000000000070e-02 0.000000000000000000e+00
-2.506909999999999883e+01 1.000000000000000000e+00 2.089999999999999844e-02 0.000000000000000000e+00
-2.506909999999999883e+01 1.000000000000000000e+00 2.069999999999999965e-02 0.000000000000000000e+00
-2.506909999999999883e+01 1.000000000000000000e+00 2.100000000000000130e-02 0.000000000000000000e+00
-2.506909999999999883e+01 1.000000000000000000e+00 2.259999999999999856e-02 0.000000000000000000e+00
-2.506909999999999883e+01 1.000000000000000000e+00 2.139999999999999888e-02 0.000000000000000000e+00
-2.506909999999999883e+01 1.000000000000000000e+00 2.120000000000000009e-02 0.000000000000000000e+00
-2.506909999999999883e+01 1.000000000000000000e+00 2.100000000000000130e-02 0.000000000000000000e+00
-2.506909999999999883e+01 1.000000000000000000e+00 1.820000000000000090e-02 0.000000000000000000e+00
-2.506909999999999883e+01 1.000000000000000000e+00 2.309999999999999901e-02 0.000000000000000000e+00
-2.506909999999999883e+01 1.000000000000000000e+00 2.139999999999999888e-02 0.000000000000000000e+00
-2.506909999999999883e+01 1.000000000000000000e+00 1.930000000000000118e-02 0.000000000000000000e+00
-2.506909999999999883e+01 1.000000000000000000e+00 2.129999999999999949e-02 0.000000000000000000e+00
-2.506909999999999883e+01 1.000000000000000000e+00 2.170000000000000054e-02 0.000000000000000000e+00
-2.506909999999999883e+01 1.000000000000000000e+00 2.110000000000000070e-02 0.000000000000000000e+00
-2.506909999999999883e+01 1.000000000000000000e+00 1.899999999999999953e-02 0.000000000000000000e+00
-2.506909999999999883e+01 1.000000000000000000e+00 2.019999999999999921e-02 0.000000000000000000e+00
-2.506909999999999883e+01 1.000000000000000000e+00 2.029999999999999860e-02 0.000000000000000000e+00
