-3.065176000000002077e+01 2.323118514684071878e-01 0.000000000000000000e+00 3.596571708297957581e+00
-3.054621200000001124e+01 2.315118957301791347e-01 0.000000000000000000e+00 4.110102138308644903e+00
-3.110442800000001640e+01 2.357426541753480098e-01 0.000000000000000000e+00 3.326994900126945875e+00
-3.127352200000001758e+01 2.370242295306358993e-01 0.000000000000000000e+00 3.256015422232232392e+00
-3.227104200000002976e+01 2.445845039839386892e-01 0.000000000000000000e+00 4.115197189850018589e+00
-3.187368800000001201e+01 2.415729299853043022e-01 0.000000000000000000e+00 3.010927248542575096e+00
-3.091768000000001138e+01 2.343272779086010560e-01 0.000000000000000000e+00 3.065250795875626544e+00
-3.094587600000000549e+01 2.345409773817798138e-01 0.000000000000000000e+00 3.154084212256235364e+00
-3.250865400000002836e+01 2.463853820950523965e-01 0.000000000000000000e+00 3.822242271508315525e+00
-3.192675800000002084e+01 2.419751512593006360e-01 0.000000000000000000e+00 3.018934370062296590e+00
-3.112866400000002542e+01 2.359263405291557592e-01 0.000000000000000000e+00 3.456767085696042852e+00
-3.371304400000001777e+01 2.555135388726740286e-01 0.000000000000000000e+00 3.934169791396832316e+00
-3.273948200000000952e+01 2.481348437915665561e-01 0.000000000000000000e+00 3.934591924687252718e+00
-3.235487800000001357e+01 2.452199029424226850e-01 0.000000000000000000e+00 3.063581841457656996e+00
-3.351458600000001553e+01 2.540094116898069521e-01 0.000000000000000000e+00 3.287667725014961295e+00
-3.205413800000003022e+01 2.429405732657383687e-01 0.000000000000000000e+00 3.184295645085281734e+00
-3.236357600000004453e+01 2.452858256980517127e-01 0.000000000000000000e+00 3.618482081643593862e+00
-3.166300400000002213e+01 2.399761410859142519e-01 0.000000000000000000e+00 3.692403296037677141e+00
-3.223831800000002801e+01 2.443364864793173274e-01 0.000000000000000000e+00 3.338670507560841383e+00
-3.277187600000001311e+01 2.483803602029069912e-01 0.000000000000000000e+00 2.999479802748294954e+00
-3.306477000000002420e+01 2.506002244920698674e-01 0.000000000000000000e+00 3.325909818972756948e+00
-3.269786200000002907e+01 2.478194028753480382e-01 0.000000000000000000e+00 2.995839521358468094e+00
-3.307033800000002088e+01 2.506424247568825314e-01 0.000000000000000000e+00 3.306223558494409520e+00
-3.350746000000000890e+01 2.539554032330800237e-01 0.000000000000000000e+00 3.423432063136215842e+00
-3.390023000000002895e+01 2.569322347723211886e-01 0.000000000000000000e+00 3.355410943761606646e+00
-3.370827000000002727e+01 2.554773563898767308e-01 0.000000000000000000e+00 3.914651164754935131e+00
-3.347583800000001730e+01 2.537157378642029282e-01 0.000000000000000000e+00 3.175201515875835323e+00
-3.379728800000002309e+01 2.561520300919419291e-01 0.000000000000000000e+00 3.594588887165447666e+00
-3.400123000000002094e+01 2.576977208976956035e-01 0.000000000000000000e+00 3.947456581103454099e+00
-3.397901400000001360e+01 2.575293442663953436e-01 0.000000000000000000e+00 3.436392991748967063e+00
-3.381312200000002122e+01 2.562720370950030691e-01 0.000000000000000000e+00 3.562027322520112449e+00
-3.324265400000000170e+01 2.519484198774767925e-01 0.000000000000000000e+00 2.956979715565642319e+00
-3.359162000000003445e+01 2.545932578104219690e-01 0.000000000000000000e+00 3.493580197615580030e+00
-3.279079200000003169e+01 2.485237259013980682e-01 0.000000000000000000e+00 3.453816787899988583e+00
-3.331933600000002826e+01 2.525295981652588284e-01 0.000000000000000000e+00 3.155601901173674229e+00
-3.227081800000003398e+01 2.445828062721359109e-01 0.000000000000000000e+00 3.176639285976309957e+00
-3.365528400000001596e+01 2.550757717578063799e-01 0.000000000000000000e+00 3.402709517598520250e+00
-3.323480000000000700e+01 2.518888938573907721e-01 0.000000000000000000e+00 3.549456630431357951e+00
-3.507230000000001979e+01 2.658154359898229901e-01 0.000000000000000000e+00 4.304243282429959905e+00
-3.453915400000002478e+01 2.617746848432991325e-01 0.000000000000000000e+00 3.588789076870730010e+00
-3.506722400000001727e+01 2.657769646277199915e-01 0.000000000000000000e+00 3.817272711949983410e+00
-3.437669400000002895e+01 2.605433890420284504e-01 0.000000000000000000e+00 4.082262484639980649e+00
-3.318738800000001987e+01 2.515295549645566453e-01 0.000000000000000000e+00 3.528771716293522154e+00
-3.415143400000002316e+01 2.588361276103268160e-01 0.000000000000000000e+00 3.040762157391173837e+00
-3.554512200000002764e+01 2.693989872845935496e-01 0.000000000000000000e+00 3.981796451163846839e+00
-3.575917400000000157e+01 2.710213024935900217e-01 0.000000000000000000e+00 3.039235773910636151e+00
-3.425506600000002067e+01 2.596215618493843413e-01 0.000000000000000000e+00 3.658559858527434372e+00
-3.622725000000000506e+01 2.745688835195385091e-01 0.000000000000000000e+00 3.370471265238435432e+00
-3.710690200000001226e+01 2.812358280854586612e-01 0.000000000000000000e+00 3.179785035932999993e+00
-3.691074200000000616e+01 2.797491176067115060e-01 0.000000000000000000e+00 3.619208331123916711e+00
-3.807457800000001669e+01 2.885699127573190803e-01 0.000000000000000000e+00 3.885737150547817098e+00
-3.678790200000000965e+01 2.788181045805629421e-01 0.000000000000000000e+00 3.172585940951518246e+00
-3.790572200000001857e+01 2.872901412208216931e-01 0.000000000000000000e+00 3.401273353580058334e+00
-3.727314800000002037e+01 2.824958182478251589e-01 0.000000000000000000e+00 3.971727687179355204e+00
-3.529950600000002225e+01 2.675374462928115094e-01 0.000000000000000000e+00 3.135307903099209259e+00
-3.721925400000002782e+01 2.820873518196971852e-01 0.000000000000000000e+00 3.183770650063546537e+00
-3.772670200000001017e+01 2.859333360112716882e-01 0.000000000000000000e+00 3.886861963542353138e+00
-3.640100200000003383e+01 2.758857621854404196e-01 0.000000000000000000e+00 3.432591015191253092e+00
-3.735332400000002906e+01 2.831034778081027437e-01 0.000000000000000000e+00 3.263239602984875365e+00
-3.756750800000002499e+01 2.847267934544117085e-01 0.000000000000000000e+00 2.980694945599639212e+00
-3.801566200000002027e+01 2.881233842368976505e-01 0.000000000000000000e+00 3.935026426843351466e+00
-3.732954000000001571e+01 2.829232171941827301e-01 0.000000000000000000e+00 3.466480201045785137e+00
-3.614770200000003086e+01 2.739659836155655670e-01 0.000000000000000000e+00 3.377928058691145541e+00
-3.625909000000003601e+01 2.748102011257954613e-01 0.000000000000000000e+00 3.587309771720700535e+00
-3.660113400000002315e+01 2.774025767324052039e-01 0.000000000000000000e+00 3.555839846873042109e+00
-3.639679000000003128e+01 2.758538391402911572e-01 0.000000000000000000e+00 3.398934969541446804e+00
-3.767360400000000453e+01 2.855309025232999898e-01 0.000000000000000000e+00 3.751332683057280626e+00
-3.712988800000001532e+01 2.814100406010810462e-01 0.000000000000000000e+00 3.715446426764565047e+00
-3.541604800000001774e+01 2.684207263326470749e-01 0.000000000000000000e+00 3.008405635611627105e+00
-3.727404600000001267e+01 2.825026242531774590e-01 0.000000000000000000e+00 3.394089152219806671e+00
-3.728517600000002830e+01 2.825869793083797266e-01 0.000000000000000000e+00 3.167154127684519871e+00
-3.677401600000002446e+01 2.787128616069299292e-01 0.000000000000000000e+00 3.566263742313713792e+00
-3.640211200000001668e+01 2.758941749537488497e-01 0.000000000000000000e+00 3.413002846076939711e+00
-3.757195800000001640e+01 2.847605203183514178e-01 0.000000000000000000e+00 4.177990644712968660e+00
-3.697108800000001594e+01 2.802064841980170251e-01 0.000000000000000000e+00 3.091645979944839695e+00
-3.839501400000001752e+01 2.909985198075220603e-01 0.000000000000000000e+00 3.582673711945683959e+00
-3.691420800000004476e+01 2.797753866652320509e-01 0.000000000000000000e+00 3.633528133384544834e+00
-3.866041000000002725e+01 2.930099748147487748e-01 0.000000000000000000e+00 4.028016107655895794e+00
-3.872679400000000527e+01 2.935131038340244580e-01 0.000000000000000000e+00 2.983329124690446310e+00
-3.743645600000000684e+01 2.837335411009206942e-01 0.000000000000000000e+00 3.828628756040443726e+00
-3.863808800000003174e+01 2.928407948019705054e-01 0.000000000000000000e+00 3.373413107311616699e+00
-3.825095800000001844e+01 2.899067092206216167e-01 0.000000000000000000e+00 3.629830340949390610e+00
-3.779277000000002573e+01 2.864340700442544185e-01 0.000000000000000000e+00 3.787662275151529645e+00
-3.795438400000004009e+01 2.876589539518413785e-01 0.000000000000000000e+00 3.534488824576270449e+00
-3.815169600000001537e+01 2.891543955198599414e-01 0.000000000000000000e+00 3.863876709765292183e+00
-3.658659400000001227e+01 2.772923770466333981e-01 0.000000000000000000e+00 3.019719953629387721e+00
-3.863700600000000662e+01 2.928325942476371346e-01 0.000000000000000000e+00 4.030695433337437628e+00
-3.832865400000002865e+01 2.904955726859394516e-01 0.000000000000000000e+00 3.869543607035785371e+00
-3.716996800000002565e+01 2.817138097486555082e-01 0.000000000000000000e+00 3.102820746551156805e+00
-3.741663400000003037e+01 2.835833087645132089e-01 0.000000000000000000e+00 2.863760442418254559e+00
-3.765654800000005054e+01 2.854016338960291832e-01 0.000000000000000000e+00 3.886672926251001581e+00
-3.691707200000001166e+01 2.797970931232820480e-01 0.000000000000000000e+00 3.363932522416241078e+00
-3.874113600000002577e+01 2.936218028638278299e-01 0.000000000000000000e+00 2.929944643511962710e+00
-3.913487800000002892e+01 2.966060012596417605e-01 0.000000000000000000e+00 4.065097942129693109e+00
-3.954992000000003571e+01 2.997516338581337481e-01 0.000000000000000000e+00 4.011020362637785830e+00
-3.925312800000001801e+01 2.975022263519737087e-01 0.000000000000000000e+00 3.770668108312698941e+00
-3.965699800000001574e+01 3.005631855743004510e-01 0.000000000000000000e+00 3.842077653477282251e+00
-3.849602200000001062e+01 2.917640665654608889e-01 0.000000000000000000e+00 3.252652428111090455e+00
-3.956090800000001195e+01 2.998349126853178670e-01 0.000000000000000000e+00 3.334336816943399562e+00
-4.053479200000001725e+01 3.072160482271418802e-01 0.000000000000000000e+00 3.360019512139111431e+00
-4.081560600000001671e+01 3.093443573440816108e-01 0.000000000000000000e+00 3.422854364115340609e+00
-4.120754000000002293e+01 3.123148527803443208e-01 0.000000000000000000e+00 3.918102216660766857e+00
-4.046179200000004528e+01 3.066627760771189481e-01 0.000000000000000000e+00 2.990262675995289499e+00
-3.999489200000002143e+01 3.031241080381350539e-01 0.000000000000000000e+00 4.861457599844604793e+00
-3.993784600000003593e+01 3.026917523796389675e-01 0.000000000000000000e+00 2.825829745578090968e+00
-4.035207200000000682e+01 3.058312004565633124e-01 0.000000000000000000e+00 3.094427076493051487e+00
-4.107517800000000818e+01 3.113116718444351450e-01 0.000000000000000000e+00 3.461980970939539493e+00
-4.213146600000001030e+01 3.193173531157181277e-01 0.000000000000000000e+00 3.810956215758491528e+00
-4.212746600000003383e+01 3.192870368335252174e-01 0.000000000000000000e+00 3.539589060443616653e+00
-4.177469800000001499e+01 3.166133832743556753e-01 0.000000000000000000e+00 3.220252056073006131e+00
-4.175427400000002365e+01 3.164585883374780306e-01 0.000000000000000000e+00 2.965206257176725035e+00
-4.137908400000000597e+01 3.136149968584753256e-01 0.000000000000000000e+00 3.413666485597696365e+00
-4.051791800000002297e+01 3.070881589907105136e-01 0.000000000000000000e+00 3.619484745192722119e+00
-4.101922800000001246e+01 3.108876228472598480e-01 0.000000000000000000e+00 3.141739654809420745e+00
-4.229870400000001496e+01 3.205848617160684255e-01 0.000000000000000000e+00 3.641857623893486107e+00
-4.005463199999999802e+01 3.035768817126880403e-01 0.000000000000000000e+00 3.427524330023793198e+00
-4.104708200000003870e+01 3.110987302783113639e-01 0.000000000000000000e+00 2.975372499568395224e+00
-4.278392200000002532e+01 3.242623631693553055e-01 0.000000000000000000e+00 4.232681910165519312e+00
-4.168167400000001521e+01 3.159083478156741176e-01 0.000000000000000000e+00 2.726162493901556516e+00
-4.260160200000002817e+01 3.228805470269961453e-01 0.000000000000000000e+00 2.771527202890059272e+00
-4.131350199999999973e+01 3.131179462537791447e-01 0.000000000000000000e+00 2.996231152833185973e+00
-4.208079000000004299e+01 3.189332761366145963e-01 0.000000000000000000e+00 3.667120583845675519e+00
-4.229420800000002600e+01 3.205507862148835319e-01 0.000000000000000000e+00 3.026787304820445890e+00
-4.240513800000000089e+01 3.213915325108021026e-01 0.000000000000000000e+00 3.956246753413510842e+00
-4.215299800000001085e+01 3.194805456627632934e-01 0.000000000000000000e+00 3.244750344226746908e+00
-4.183788400000002383e+01 3.170922744260182280e-01 0.000000000000000000e+00 3.249588621383676657e+00
-4.341657600000000627e+01 3.290572924679955324e-01 0.000000000000000000e+00 3.046895634759279492e+00
-4.326094800000003460e+01 3.278777768767107692e-01 0.000000000000000000e+00 3.186824879313279180e+00
-4.195568400000003351e+01 3.179850889366036548e-01 0.000000000000000000e+00 2.900675723251150639e+00
-4.171906600000001930e+01 3.161917444216147954e-01 0.000000000000000000e+00 3.268585725739665104e+00
-4.257608200000001375e+01 3.226871291466043568e-01 0.000000000000000000e+00 3.677854317600264711e+00
-4.237857600000003089e+01 3.211902172388994003e-01 0.000000000000000000e+00 3.249108514098579370e+00
-4.278923800000002586e+01 3.243026535083898820e-01 0.000000000000000000e+00 2.723534526701905989e+00
-4.249389000000000749e+01 3.220641901801015172e-01 0.000000000000000000e+00 2.728063153150190434e+00
-4.201417200000003049e+01 3.184283736148303956e-01 0.000000000000000000e+00 3.078031827864925685e+00
-4.346626800000002788e+01 3.294339116416799551e-01 0.000000000000000000e+00 3.663876344205999835e+00
-4.391176800000002345e+01 3.328103875709308435e-01 0.000000000000000000e+00 3.782325884951713402e+00
-4.366991600000002194e+01 3.309773742006924535e-01 0.000000000000000000e+00 3.095288009860122092e+00
-4.377270400000002581e+01 3.317564117042072769e-01 0.000000000000000000e+00 2.943941151143816715e+00
-4.321049400000001839e+01 3.274953824512686351e-01 0.000000000000000000e+00 3.562894740074778799e+00
-4.383104200000003203e+01 3.321985595218518439e-01 0.000000000000000000e+00 3.210973461041232380e+00
-4.444880200000002191e+01 3.368806061437463750e-01 0.000000000000000000e+00 3.339318287230239601e+00
-4.381375400000002429e+01 3.320675325502134290e-01 0.000000000000000000e+00 3.268395626913033425e+00
-4.309225400000000405e+01 3.265992331496420098e-01 0.000000000000000000e+00 2.680051984397830100e+00
-4.461279600000001011e+01 3.381235282392380248e-01 0.000000000000000000e+00 3.589270936181493177e+00
-4.383103400000002381e+01 3.321984988892874302e-01 0.000000000000000000e+00 2.877388864863489548e+00
-4.240080000000000382e+01 3.213586545027637409e-01 0.000000000000000000e+00 2.586121673061572590e+00
-4.258300600000000458e+01 3.227396066310804779e-01 0.000000000000000000e+00 3.241536758192186340e+00
-4.394204599999998351e+01 3.330398666689908249e-01 0.000000000000000000e+00 2.883884404421343639e+00
-4.440564800000002776e+01 3.365535389333066951e-01 0.000000000000000000e+00 4.106752760768143773e+00
-4.452248200000001077e+01 3.374390320617422501e-01 0.000000000000000000e+00 2.994497285894292204e+00
-4.435171200000001335e+01 3.361447541842155218e-01 0.000000000000000000e+00 2.928119621779564863e+00
-4.441182600000001912e+01 3.366003624311537656e-01 0.000000000000000000e+00 2.972826288558319430e+00
-4.373886800000000363e+01 3.314999662731361041e-01 0.000000000000000000e+00 2.415609390913751930e+00
-4.379894600000003635e+01 3.319553016735348749e-01 0.000000000000000000e+00 3.277547705819586543e+00
-4.362752000000002539e+01 3.306560519257283337e-01 0.000000000000000000e+00 2.983386346236285291e+00
-4.328025600000000850e+01 3.280241135708564237e-01 0.000000000000000000e+00 2.656090570681016505e+00
-4.356501800000001623e+01 3.301823448583208198e-01 0.000000000000000000e+00 2.974341788636996053e+00
-4.470754400000001283e+01 3.388416300155447924e-01 0.000000000000000000e+00 3.253526882168632284e+00
-4.372899800000001846e+01 3.314251608468248844e-01 0.000000000000000000e+00 3.070037039818012570e+00
-4.409497000000002487e+01 3.341988884535135873e-01 0.000000000000000000e+00 3.388839335453239787e+00
-4.515104800000002427e+01 3.422029781199814602e-01 0.000000000000000000e+00 3.283144928680918007e+00
-4.449911000000002304e+01 3.372618940248883757e-01 0.000000000000000000e+00 3.306030425639262305e+00
-4.562590600000001473e+01 3.458019604023881421e-01 0.000000000000000000e+00 3.080966627859483609e+00
-4.530722600000002132e+01 3.433866622000679714e-01 0.000000000000000000e+00 3.282815735440008709e+00
-4.629148400000001828e+01 3.508464230197595457e-01 0.000000000000000000e+00 3.498115717969757288e+00
-4.657517800000002950e+01 3.529965598598783783e-01 0.000000000000000000e+00 2.785537464689332943e+00
-4.624530200000002367e+01 3.504964063836997767e-01 0.000000000000000000e+00 3.363891167061494603e+00
-4.596916400000002056e+01 3.484035370006436372e-01 0.000000000000000000e+00 3.154157933169767336e+00
-4.725911000000004236e+01 3.581801287380926846e-01 0.000000000000000000e+00 3.435594458655362615e+00
-4.783151200000001779e+01 3.625184038780590035e-01 0.000000000000000000e+00 3.209598439506856415e+00
-4.773510600000000892e+01 3.617877360027831335e-01 0.000000000000000000e+00 2.905241405008847089e+00
-4.720731000000001387e+01 3.577875328836924718e-01 0.000000000000000000e+00 2.998113351052220210e+00
-4.669815000000000538e+01 3.539285733233391573e-01 0.000000000000000000e+00 2.971617660654060522e+00
-4.688222400000001500e+01 3.553236831554400510e-01 0.000000000000000000e+00 3.583064746723977567e+00
-4.822214399999999301e+01 3.654790313644676325e-01 0.000000000000000000e+00 3.609787409905341082e+00
-4.774157600000003754e+01 3.618367725892305820e-01 0.000000000000000000e+00 3.329864279307806818e+00
-4.797338400000000291e+01 3.635936617748819488e-01 0.000000000000000000e+00 3.559688428787615155e+00
-4.694768400000000952e+01 3.558198091135292840e-01 0.000000000000000000e+00 3.489581640251999683e+00
-4.751102000000002334e+01 3.600893723999052942e-01 0.000000000000000000e+00 3.177067220128040770e+00
-4.735219200000000228e+01 3.588856037828657142e-01 0.000000000000000000e+00 3.126079076585662087e+00
-4.790621400000002694e+01 3.630845756061553686e-01 0.000000000000000000e+00 4.324229174843731371e+00
-4.726730200000002924e+01 3.582422164840239343e-01 0.000000000000000000e+00 3.000484139452676668e+00
-4.790951200000002785e+01 3.631095713808235037e-01 0.000000000000000000e+00 3.054965160451378559e+00
-4.840574200000002492e+01 3.668705335589877436e-01 0.000000000000000000e+00 3.365218548598937875e+00
-4.799304000000002901e+01 3.637426359855788216e-01 0.000000000000000000e+00 2.715870824571296804e+00
-4.864820800000001810e+01 3.687082004785426914e-01 0.000000000000000000e+00 3.399608142293383928e+00
-4.801485200000004028e+01 3.639079506723775781e-01 0.000000000000000000e+00 3.577605104724317364e+00
-4.890253400000004547e+01 3.706357551748002965e-01 0.000000000000000000e+00 3.201969817339874957e+00
-4.893892600000003057e+01 3.709115727101925386e-01 0.000000000000000000e+00 2.945367239698796880e+00
-4.983616600000003416e+01 3.777118179689155086e-01 0.000000000000000000e+00 4.159297414742887611e+00
-4.800492600000004018e+01 3.638327208181155181e-01 0.000000000000000000e+00 3.402910825363747449e+00
-4.865511800000004428e+01 3.687605718560313939e-01 0.000000000000000000e+00 3.158979072657954301e+00
-4.952348800000002882e+01 3.753420093480258624e-01 0.000000000000000000e+00 3.268564492722587644e+00
-4.864570200000000710e+01 3.686892073277486803e-01 0.000000000000000000e+00 3.252026174245182588e+00
-4.879771600000002962e+01 3.698413321580723556e-01 0.000000000000000000e+00 3.155539293700024395e+00
-4.899829600000003893e+01 3.713615421286429186e-01 0.000000000000000000e+00 3.557730593757994608e+00
-4.905061200000003652e+01 3.717580487834458158e-01 0.000000000000000000e+00 3.312514965494076424e+00
-4.846864200000002398e+01 3.673472570964734230e-01 0.000000000000000000e+00 3.160221476996941448e+00
-4.846008600000001820e+01 3.672824105688624607e-01 0.000000000000000000e+00 3.698822571844158968e+00
-4.849882800000003158e+01 3.675760389200433687e-01 0.000000000000000000e+00 3.503819286945563327e+00
-4.822977800000002446e+01 3.655368899890332757e-01 0.000000000000000000e+00 3.417490520497887818e+00
-4.806373600000002000e+01 3.642784459570586608e-01 0.000000000000000000e+00 2.736793855587927649e+00
-4.917969000000003632e+01 3.727363400516743863e-01 0.000000000000000000e+00 3.390070221420437679e+00
-4.690888400000000757e+01 3.555257411762566822e-01 0.000000000000000000e+00 3.469713132808509126e+00
-4.966055200000002401e+01 3.763808270736528905e-01 0.000000000000000000e+00 3.390441361169858059e+00
-4.926298400000002431e+01 3.733676311539212977e-01 0.000000000000000000e+00 3.262139392345911215e+00
-4.941737200000004293e+01 3.745377486977265469e-01 0.000000000000000000e+00 3.162454070671551598e+00
-4.977855800000003228e+01 3.772752028727711648e-01 0.000000000000000000e+00 3.196413089483620240e+00
-4.911688200000003235e+01 3.722603137886791314e-01 0.000000000000000000e+00 3.250018213231949726e+00
-4.874332800000004084e+01 3.694291216690935853e-01 0.000000000000000000e+00 2.749653341459242561e+00
-5.036091800000003360e+01 3.816889503972572539e-01 0.000000000000000000e+00 3.669444131419923760e+00
-5.020047000000005255e+01 3.804729036859297864e-01 0.000000000000000000e+00 3.558904014176444530e+00
-5.007991000000003368e+01 3.795591709406311298e-01 0.000000000000000000e+00 3.119508923976284542e+00
-5.034363000000001875e+01 3.815579234256187835e-01 0.000000000000000000e+00 3.507512698998588085e+00
-4.951478400000002722e+01 3.752760411179738020e-01 0.000000000000000000e+00 3.706928646527807736e+00
-4.883444200000001700e+01 3.701196811030277867e-01 0.000000000000000000e+00 3.029564702044627023e+00
-4.872304600000003916e+01 3.692754029602337007e-01 0.000000000000000000e+00 3.141561609477913297e+00
-4.905319200000002411e+01 3.717776027854602372e-01 0.000000000000000000e+00 3.638422112929525110e+00
-5.039219400000003901e+01 3.819259934077247620e-01 0.000000000000000000e+00 2.895993744406297310e+00
-4.979614400000002661e+01 3.774084884074328516e-01 0.000000000000000000e+00 3.997482558475667691e+00
-4.987897800000003912e+01 3.780362931372277524e-01 0.000000000000000000e+00 3.423256232691707979e+00
-4.987920600000001770e+01 3.780380211653125988e-01 0.000000000000000000e+00 3.047601058021296438e+00
-5.031195600000000212e+01 3.813178639450729990e-01 0.000000000000000000e+00 3.652824681918408256e+00
-5.083627800000003560e+01 3.852917373730793127e-01 0.000000000000000000e+00 3.084400077011195229e+00
-5.009008000000001459e+01 3.796362500881068636e-01 0.000000000000000000e+00 3.455474074098614512e+00
-4.989212999999999454e+01 3.781359730730781687e-01 0.000000000000000000e+00 3.232039489254580733e+00
-5.090821200000001312e+01 3.858369302338978124e-01 0.000000000000000000e+00 3.902111920105093112e+00
-5.078665600000003622e+01 3.849156487343334265e-01 0.000000000000000000e+00 3.432867827057203058e+00
-5.129074800000001488e+01 3.887361975651479340e-01 0.000000000000000000e+00 2.775894190065680611e+00
-4.995361000000003315e+01 3.786019343303856366e-01 0.000000000000000000e+00 2.631639550765171531e+00
-5.175881200000001314e+01 3.922836876422498009e-01 0.000000000000000000e+00 3.849653704202338211e+00
-5.152714800000001816e+01 3.905278898427572143e-01 0.000000000000000000e+00 3.584946296555622691e+00
-5.160755600000002374e+01 3.911373077474019078e-01 0.000000000000000000e+00 2.633100515075125436e+00
-5.145370800000002021e+01 3.899712829016928062e-01 0.000000000000000000e+00 3.078114989735821982e+00
-5.136739800000000855e+01 3.893171333226722042e-01 0.000000000000000000e+00 2.977068696797322112e+00
-5.134814400000005463e+01 3.891712058983363143e-01 0.000000000000000000e+00 3.512764261724444559e+00
-5.295408000000004023e+01 4.013427081383305062e-01 0.000000000000000000e+00 3.325000611103460457e+00
-5.171116600000005548e+01 3.919225752469076007e-01 0.000000000000000000e+00 2.526148458581150003e+00
-5.269953400000004251e+01 3.994134860465525239e-01 0.000000000000000000e+00 2.752992530680720140e+00
-5.210851000000002387e+01 3.949340734548361653e-01 0.000000000000000000e+00 2.440263307431384643e+00
-5.212574800000002995e+01 3.950647214729471335e-01 0.000000000000000000e+00 3.507568995339458873e+00
-5.188419800000005466e+01 3.932339969820145553e-01 0.000000000000000000e+00 2.793236323547987787e+00
-5.364710800000004554e+01 4.065952162422517002e-01 0.000000000000000000e+00 2.960070003256304538e+00
-5.199008800000002850e+01 3.940365447623698780e-01 0.000000000000000000e+00 3.327965808611754284e+00
-5.250558800000001725e+01 3.979435556299990573e-01 0.000000000000000000e+00 3.047726265488666986e+00
-5.155754400000003557e+01 3.907582632711423254e-01 0.000000000000000000e+00 2.667937832719602387e+00
-5.393867000000002321e+01 4.088049852094440273e-01 0.000000000000000000e+00 3.424218413733196797e+00
-5.334500600000003345e+01 4.043055638714804778e-01 0.000000000000000000e+00 3.068110301765896608e+00
-5.424309600000002973e+01 4.111122513401694323e-01 0.000000000000000000e+00 3.653464678017181999e+00
-5.461722800000001143e+01 4.139478241625317856e-01 0.000000000000000000e+00 3.802247034468863252e+00
-5.320702400000003962e+01 4.032597885590901710e-01 0.000000000000000000e+00 3.158154593842755098e+00
-5.276946800000004600e+01 3.999435207662747072e-01 0.000000000000000000e+00 3.555931516391828140e+00
-5.377227400000001012e+01 4.075438581864952448e-01 0.000000000000000000e+00 3.303636450717465589e+00
-5.514010600000000295e+01 4.179107534126660362e-01 0.000000000000000000e+00 3.211715337582178531e+00
-5.375812000000004787e+01 4.074365840219554280e-01 0.000000000000000000e+00 2.851439399122605245e+00
-5.342260399999999265e+01 4.048936845878842172e-01 0.000000000000000000e+00 3.426183383262112248e+00
-5.543682400000001564e+01 4.201596000676054432e-01 0.000000000000000000e+00 3.681415040171922559e+00
-5.423363400000003764e+01 4.110405381746418119e-01 0.000000000000000000e+00 2.998263464148620105e+00
-5.459161000000003838e+01 4.137536635332265678e-01 0.000000000000000000e+00 3.822548033945182944e+00
-5.522520600000006397e+01 4.185557323163236476e-01 0.000000000000000000e+00 3.358654732551246358e+00
-5.274459000000003073e+01 3.997549686491749243e-01 0.000000000000000000e+00 2.732366371366353963e+00
-5.404221800000002673e+01 4.095897828065755419e-01 0.000000000000000000e+00 3.178655358188014368e+00
-5.348012000000002786e+01 4.053296024095383587e-01 0.000000000000000000e+00 3.496647095476326239e+00
-5.331713600000002629e+01 4.040943351753003565e-01 0.000000000000000000e+00 2.810661478544461023e+00
-5.439560800000005258e+01 4.122681505476261665e-01 0.000000000000000000e+00 3.165379473435127267e+00
-5.313938400000001394e+01 4.027471402272055356e-01 0.000000000000000000e+00 3.270476064833758301e+00
-5.427243599999999901e+01 4.113346212700552118e-01 0.000000000000000000e+00 3.328382870589915221e+00
-5.438124000000003377e+01 4.121592544619885889e-01 0.000000000000000000e+00 2.712598911327911644e+00
-5.403841000000002737e+01 4.095609217059277829e-01 0.000000000000000000e+00 3.935877374329333822e+00
-5.439743200000005174e+01 4.122819747723062145e-01 0.000000000000000000e+00 2.769211157372649890e+00
-5.446709000000002021e+01 4.128099176685568472e-01 0.000000000000000000e+00 3.262508926153662614e+00
-5.396683400000001285e+01 4.090184421523652136e-01 0.000000000000000000e+00 3.202496175293847003e+00
-5.527454000000004442e+01 4.189296381827514737e-01 0.000000000000000000e+00 3.340045067862638106e+00
-5.540634600000003473e+01 4.199286051554356747e-01 0.000000000000000000e+00 5.026257875979147194e+00
-5.543255600000004790e+01 4.201272525945057290e-01 0.000000000000000000e+00 3.309505972602392543e+00
-5.417516200000002868e+01 4.105973747615437319e-01 0.000000000000000000e+00 3.249261848070926106e+00
-5.283262800000000681e+01 4.004222148621026656e-01 0.000000000000000000e+00 2.807559331234159128e+00
-5.276900200000003593e+01 3.999399889193991919e-01 0.000000000000000000e+00 2.719570260986173604e+00
-5.528802000000003147e+01 4.190318040537419630e-01 0.000000000000000000e+00 3.823326980523637619e+00
-5.372336600000004125e+01 4.071731810041210875e-01 0.000000000000000000e+00 3.641352136703999598e+00
-5.376669200000002036e+01 4.075015518146949400e-01 0.000000000000000000e+00 2.999694196389783407e+00
-5.417453200000002767e+01 4.105925999470983467e-01 0.000000000000000000e+00 3.167141270682538146e+00
-5.328474000000003485e+01 4.038488036058189290e-01 0.000000000000000000e+00 2.822067100405643902e+00
-5.420358799999999633e+01 4.108128174209483841e-01 0.000000000000000000e+00 3.829863372969344315e+00
-5.495109000000004329e+01 4.164781878139159899e-01 0.000000000000000000e+00 3.144685125619563149e+00
-5.469905600000004853e+01 4.145680043473552456e-01 0.000000000000000000e+00 3.734550528695224969e+00
-5.394996400000002268e+01 4.088905832322161094e-01 0.000000000000000000e+00 2.767856283400493389e+00
-5.382231000000000876e+01 4.079230845604481237e-01 0.000000000000000000e+00 3.157936804323513869e+00
-5.394579800000004610e+01 4.088590088243121978e-01 0.000000000000000000e+00 3.035456572050412305e+00
-5.502279800000003007e+01 4.170216678047906633e-01 0.000000000000000000e+00 2.901195839056994075e+00
-5.467152000000001522e+01 4.143593070607380913e-01 0.000000000000000000e+00 3.676730877265615760e+00
-5.400780800000002557e+01 4.093289869890098243e-01 0.000000000000000000e+00 3.933466475036794030e+00
-5.474884200000002465e+01 4.149453359536708907e-01 0.000000000000000000e+00 2.415965580110524868e+00
-5.413702000000002101e+01 4.103082938526918522e-01 0.000000000000000000e+00 3.250156101674583464e+00
-5.450784000000001583e+01 4.131187647933984852e-01 0.000000000000000000e+00 3.888074253094423227e+00
-5.460407200000006611e+01 4.138481139103992734e-01 0.000000000000000000e+00 3.526639299088403678e+00
-5.364491400000002841e+01 4.065785877614687127e-01 0.000000000000000000e+00 2.576913515676606092e+00
-5.376591200000002857e+01 4.074956401396673811e-01 0.000000000000000000e+00 3.420578154784050806e+00
-5.301630000000002241e+01 4.018142779078432425e-01 0.000000000000000000e+00 3.546532689084858525e+00
