-5.467597725760195981e-01
1.563331377248458942e+00
1.458519859098996951e+00
5.037916653542018341e-01
-1.540075380297761254e-01
-4.088129106540086023e-03
-1.142643110455150435e-01
6.095604716136029388e-01
1.429575723597763304e+00
1.075116927586025478e-01
-6.400676336670081401e-01
-4.575505397329556745e-01
-2.540317562685267538e-01
-4.297899629080322859e-01
5.363278521037830870e-01
-3.597458240468928148e-01
5.196328034996315903e-01
6.214308995369073330e-01
-5.037851028041926416e-01
-3.120769265738866372e-01
9.495033913530815939e-01
1.162639673643709459e+00
1.565851116299193935e+00
1.297721231510477136e+00
1.205728703919926925e+00
-1.017777219083520812e+00
5.182265512912422878e-01
1.068215491699985087e+00
4.761022665145174804e-01
-7.230559495882157295e-01
-5.991768331258794378e-01
-9.178540434730898534e-01
-2.947313252798856170e-02
-4.410776669688092760e-02
1.250076870551836139e+00
7.493913853287201832e-01
-2.251565231377821996e-01
-6.915066757873820080e-01
1.049194436599664826e+00
1.082346164142335532e+00
9.453444230240132251e-01
-5.315416815479256929e-01
1.459992755004496878e+00
1.564210554864175595e+00
-7.962241383521784233e-01
-1.663167606072958049e-01
-3.065244205079870610e-01
-9.322614867477678757e-01
2.336912082060519091e-01
1.735763688874236044e+00
-8.132447183002627922e-01
9.801523021661731061e-01
1.144901280689629708e+00
8.936633556514708143e-01
7.010514252348237774e-01
-6.294521502568914961e-01
-4.418394037879673220e-01
-1.232853516911663200e-01
5.165337493269797076e-01
-7.312113870214520528e-02
1.155366499692621896e-01
2.890925961880672079e-01
-7.107174692456478260e-01
-6.437488782611816562e-01
6.605708746981950874e-01
-8.227367990590668256e-01
-2.788520963140267983e-01
-5.816584094205135697e-02
-2.458852413071802856e-01
1.568453008572369134e-01
4.801873167113878127e-01
-6.063829495396838576e-01
-6.312574150877435786e-01
5.547167670080794810e-01
5.417998306228806460e-02
3.989214692864510026e-01
5.506708578016479283e-01
-3.931843145365548908e-01
-5.020606303967338757e-01
-7.639838157804165752e-02
-1.795877458564706930e-01
-8.492946856186200932e-01
-7.890707195923364337e-01
-6.293288352890351600e-01
6.965984354684620072e-01
-2.630072905324063459e-01
3.893905283796972872e-01
1.833746435877424419e-01
-4.810568367996792549e-01
4.649230627886627998e-01
2.275756297424561536e-01
2.200794614580273145e-01
-4.405664213990332922e-01
-7.465404251786912637e-02
-1.953209570889659907e-01
-2.214000598141208087e-01
2.719717220368417787e-01
2.981863629464028831e-01
-2.746701116368001350e-02
-1.638249212888975848e-01
5.513090441108364076e-02
-9.808451496382444845e-03
-6.609402547081669188e-02
8.774396650905224096e-03
1.113312829722223202e-02
9.909961509415728120e-02
4.298846760407703527e-01
4.482858390768791335e-01
-2.562210338440459867e-01
-3.246673892502821013e-01
-4.582155560496944391e-01
-4.786494910572950401e-01
-1.716081516070439017e-01
3.752641637289605980e-01
-4.839395474859453650e-01
-4.566602536139486301e-01
-2.542382671237971570e-01
-1.515149695744048494e-02
-3.446076660626130606e-01
-3.951326308126625886e-01
2.052288557328264818e-01
1.365136335454139038e-01
-3.158216926596104090e-01
-4.421178363895278407e-01
-3.507149302761285448e-01
-6.252022676026283143e-01
-2.365659348297990128e-01
-3.297813404257572412e-01
2.635054544115359443e-01
2.457067189732835277e-01
-1.790470106610350387e-01
-2.168732722456472306e-01
4.855254696139410520e-01
-8.636025724540720427e-02
3.341136465328142791e-01
-1.503459768713428721e-02
-5.896732797651581086e-03
-1.862590796269158328e-02
6.372462492681571500e-02
1.857249239032667532e-01
2.147939668712091910e-01
-2.430390014744103211e-01
1.911959722770970593e-01
-1.306815898409250110e-01
2.149295183341843329e-01
-2.499141729427615047e-02
1.454831672965885836e-01
1.274569449518298536e-01
-2.780631375128065352e-01
-3.053159001530105221e-01
1.631992869985093852e-01
-6.372661443908128609e-02
-4.866504319427461533e-02
1.309853637550158489e-01
9.582192538636763457e-01
3.122869408044602890e-01
3.022397495596821360e-01
9.965002071920578408e-02
1.129443274096955663e-01
-1.632532159072944966e-01
-3.810961152306887589e-01
-3.052003998403374774e-01
3.220232919002068428e-01
1.735000073500060080e-01
-2.280408466050434235e-01
-1.585886467962832891e-01
2.075711728837666969e-01
-2.449277095280972746e-02
-1.356696891357156431e-01
-2.754634485667021293e-01
-3.010449163971594122e-01
-4.811392179134670322e-01
-8.319648773710260903e-01
-5.629546683603843249e-01
3.231177303253975341e-01
-1.394598093416314355e-01
7.320709020046532733e-02
2.527452096447871943e-01
5.821273332106248199e-01
2.493335002981347248e-01
2.653682440969649670e-01
-1.800932887040185837e-01
-3.447680325128421597e-02
-5.736207314211280162e-01
9.998176890712708043e-02
1.449799253965800561e-01
-4.249341178692292442e-01
-6.926184737528982005e-01
7.384260752842254361e-01
1.358020856903928153e-01
1.605989059923590145e-01
5.497284198171940028e-01
-6.099656982701323615e-01
-4.800058262204630610e-01
2.321395163542384898e-01
5.934368568201358052e-01
-3.718305671401124224e-01
-1.865675629252963319e-01
4.914177471568264427e-02
-4.366825285375654925e-02
-4.977044113911402445e-01
-3.236560909821820098e-01
4.448482875897878941e-01
2.044282743641512856e-01
-2.929896301884702958e-01
-1.435213651339874441e-01
6.812831394929844686e-01
2.711359473755022842e-01
-3.676389361153247770e-01
-3.355103210744374564e-01
-1.085825090771156409e-01
-1.432417931422274304e-01
5.981283900445258928e-01
2.987842404547573216e-01
-1.074291870994745213e-01
-1.488087169524208823e-02
1.927423656614291603e-01
-5.207657207184573922e-01
-2.621758477226459605e-01
-3.969834280246025693e-01
-1.562381127688308724e-01
-3.326324184895819713e-01
5.100899983672842197e-02
6.365421512626113776e-01
-4.831687678443115086e-01
-2.732390152533710204e-01
-2.141895412255680475e-01
-4.310812891176983297e-01
1.049916508086855771e+00
-1.577213529529245817e-01
-9.019472514913286221e-02
-1.057490629782548569e-01
-2.380701195607448917e-01
6.639036925918785359e-01
2.669263710463952166e-01
-4.420368939913153494e-01
-1.800790256947761014e-01
-3.429493885152692934e-01
1.742996789594780938e-01
-6.658135456414142339e-02
2.206303054142916970e-02
-9.045871719154305324e-02
-4.051514938878754135e-01
-5.634729067883432752e-01
7.121829460665547451e-01
-4.391948062062737690e-01
-1.581237344188574367e-01
3.993253335941333582e-01
-3.773176656479206303e-01
-4.185606384824642201e-01
-7.064918447409006541e-01
6.019583903795071578e-01
-2.365875343034376244e-01
-1.912626835527917457e-01
-2.924124690242239089e-01
-2.496813223132992587e-01
-3.849508503606544063e-01
-5.117181983146661395e-01
-3.798898072931848335e-01
-4.282888474843365434e-01
3.325996738468366409e-01
-4.537166517533829796e-02
2.694276403675738285e-01
7.928526711198267130e-01
-2.662628761005414457e-01
2.448120232535180851e-01
-6.569068720584260446e-02
2.915677460515094660e-02
2.765273674889981437e-02
7.439529074694557764e-02
4.635057690394885355e-01
-4.409163697315814923e-01
-1.070316327777685317e-01
-5.237344432885467915e-01
-2.444319333866249166e-01
1.581037297146073439e-01
-3.427073765690129281e-02
-1.592348154416927120e-01
9.282373829356681261e-02
4.271622048982627318e-01
-1.979946557886222425e-01
-9.152099195447266355e-02
-2.003677414182944705e-01
-8.772878263173185254e-02
-1.277810633401784690e-01
-1.538346051695770877e-01
-2.155497922643990483e-01
-2.197741549942143491e-01
5.638547712392585204e-02
2.540742411495963138e-01
-3.780307964060202197e-01
-1.926444285373616894e-01
-8.330514976998985854e-02
-2.998746551603096999e-01
9.395935201175985296e-02
1.858039726327606056e-01
-4.903119534402481383e-01
-1.960976263042121248e-01
-3.617413306310312548e-01
-3.163196176074991595e-01
-2.922029109275352532e-01
-2.049862437392567516e-01
4.234887798036933715e-01
-2.049530716893269433e-01
1.895043367106889198e-01
5.799605744487793674e-02
-2.553944304548652622e-01
-4.680424632877209778e-01
-1.723458775302207924e-01
9.564549457424072892e-03
-2.594331701326277329e-01
-1.216382731554252472e-01
-4.281145005720643493e-01
-3.339461111777479729e-01
-3.973954909846417749e-01
-4.728943994158709141e-01
-8.607779118560439369e-02
-2.485554198641796164e-01
-3.941898326412887621e-01
-1.483157809007506489e-01
1.776336181610324028e-01
2.768383426208952391e-01
-5.615592163886753418e-01
-2.655269788510558060e-01
-3.252313380317467528e-01
-6.662816881932923097e-02
-6.465046253498359097e-02
4.405981619682058925e-02
-6.026802574237645482e-02
-2.799805814464653153e-01
-4.734508069942029440e-01
-4.163741915408901706e-01
-6.571563795777639327e-02
-1.060053647684157246e-01
6.347289291829806279e-01
3.197517083900366930e-01
1.662585479474967265e-01
1.863849625652266029e-01
-1.196221453280698066e-01
-1.977106755537678395e-01
1.952766696010804770e-01
4.101221873042024124e-01
4.800853146926971349e-02
2.454078174648000044e-01
-7.877298655991799015e-01
-4.273145987047746175e-01
-4.333557677918913331e-01
-2.924035909327688532e-01
1.424875393313327354e-01
5.232837085106352149e-01
-1.499529648681396099e-01
-2.920399047608203749e-02
-4.563344848603480552e-01
-2.094644741937332355e-01
3.539529494688624656e-01
6.052996114017846624e-02
-5.507355156809012886e-02
2.295596328986400647e-01
-2.324371061136765726e-01
-2.674537683359198836e-01
