-6.796737200000004009e+01 6.411381136774191303e-01 0.000000000000000000e+00 2.687920603613374926e+00
-6.786329600000004802e+01 6.401563618698152824e-01 0.000000000000000000e+00 2.487723790894362796e+00
-6.891709800000003838e+01 6.500969054952108195e-01 0.000000000000000000e+00 2.816079205224343962e+00
-6.839562200000004566e+01 6.451778078586559717e-01 0.000000000000000000e+00 2.440779647239749828e+00
-6.771702400000003763e+01 6.387765740186117647e-01 0.000000000000000000e+00 2.133707384779512495e+00
-6.850787400000005789e+01 6.462366841020470432e-01 0.000000000000000000e+00 2.525008893538493115e+00
-6.832810800000001450e+01 6.445409464156853785e-01 0.000000000000000000e+00 1.986675369092186116e+00
-6.815260600000003421e+01 6.428854311601213123e-01 0.000000000000000000e+00 2.259493804660009708e+00
-6.913316800000004037e+01 6.521350998250177167e-01 0.000000000000000000e+00 1.884660459888376716e+00
-6.880143600000006643e+01 6.490058626268159214e-01 0.000000000000000000e+00 2.379728703131743561e+00
-6.776490400000002978e+01 6.392282273925699032e-01 0.000000000000000000e+00 2.484042840597405544e+00
-6.992815200000002562e+01 6.596342060456278356e-01 0.000000000000000000e+00 2.821789702537999212e+00
-6.978682800000008513e+01 6.583010928162784658e-01 0.000000000000000000e+00 2.182107758825689636e+00
-6.934184000000007586e+01 6.541035086147134470e-01 0.000000000000000000e+00 2.355675971183669226e+00
-6.814856800000004000e+01 6.428473405936208085e-01 0.000000000000000000e+00 1.880413171494848656e+00
-6.879425400000005197e+01 6.489381146207220397e-01 0.000000000000000000e+00 2.315016223579952737e+00
-6.840845400000003451e+01 6.452988524721611219e-01 0.000000000000000000e+00 1.990758057301567296e+00
-6.821363200000003246e+01 6.434610911183329396e-01 0.000000000000000000e+00 2.228254200398131601e+00
-6.911636600000007036e+01 6.519766060909067962e-01 0.000000000000000000e+00 2.642415212795317103e+00
-6.950465600000003974e+01 6.556393564788397521e-01 0.000000000000000000e+00 2.110988758245382346e+00
-6.841303600000007634e+01 6.453420746058181612e-01 0.000000000000000000e+00 1.925714678065566732e+00
-6.830600600000002487e+01 6.443324576339138909e-01 0.000000000000000000e+00 2.615430984891651267e+00
-6.922095600000002946e+01 6.529632064748306375e-01 0.000000000000000000e+00 2.537296076428327662e+00
-7.035481800000007979e+01 6.636589583107341817e-01 0.000000000000000000e+00 2.485669538336530593e+00
-6.970274800000002813e+01 6.575079638337715249e-01 0.000000000000000000e+00 2.494492867003494485e+00
-6.961019800000002533e+01 6.566349371052869754e-01 0.000000000000000000e+00 2.113594678514890912e+00
-6.935463600000005613e+01 6.542242136392155683e-01 0.000000000000000000e+00 2.250035246391495214e+00
-7.030842400000003067e+01 6.632213224161760401e-01 0.000000000000000000e+00 2.545048913547139247e+00
-6.906933800000005874e+01 6.515329896566856016e-01 0.000000000000000000e+00 2.109915913819766509e+00
-7.078749600000003284e+01 6.677404219393365814e-01 0.000000000000000000e+00 2.671319631666957850e+00
-6.861122800000003963e+01 6.472116252635355949e-01 0.000000000000000000e+00 2.163206938366734722e+00
-6.978049000000002877e+01 6.582413062856984354e-01 0.000000000000000000e+00 2.563111588686806996e+00
-7.038962600000007797e+01 6.639873031445006069e-01 0.000000000000000000e+00 2.693796045260031136e+00
-6.946609600000005003e+01 6.552756189245410035e-01 0.000000000000000000e+00 2.169310949201905370e+00
-7.089366400000005797e+01 6.687419076412247643e-01 0.000000000000000000e+00 2.508074177109367309e+00
-7.010025000000004525e+01 6.612576112743553391e-01 0.000000000000000000e+00 3.033678085953076309e+00
-7.089755200000006141e+01 6.687785832535462216e-01 0.000000000000000000e+00 2.476520588639544940e+00
-7.133163800000008337e+01 6.728733285853768509e-01 0.000000000000000000e+00 2.396477300175944958e+00
-7.144648000000007926e+01 6.739566363709262875e-01 0.000000000000000000e+00 1.984056227310938114e+00
-7.062329200000003482e+01 6.661914810325395564e-01 0.000000000000000000e+00 2.148202142534048953e+00
-7.031731000000006304e+01 6.633051443017443649e-01 0.000000000000000000e+00 2.271163700539101438e+00
-7.006017000000005623e+01 6.608795355177087272e-01 0.000000000000000000e+00 2.468602375839413998e+00
-7.133990199999999504e+01 6.729512831276147633e-01 0.000000000000000000e+00 2.356576397138763213e+00
-7.026255199999998524e+01 6.627886105621612067e-01 0.000000000000000000e+00 2.041687454314952355e+00
-7.219159000000007609e+01 6.809852797600245422e-01 0.000000000000000000e+00 2.365588726326115054e+00
-7.204740800000003276e+01 6.796252069370490867e-01 0.000000000000000000e+00 2.086123465829102575e+00
-7.049169200000001467e+01 6.649500945661044327e-01 0.000000000000000000e+00 2.207639289618362088e+00
-7.062694400000006567e+01 6.662259304502862189e-01 0.000000000000000000e+00 2.424696264902955978e+00
-7.147940400000004502e+01 6.742672093802033473e-01 0.000000000000000000e+00 2.411867582421421741e+00
-7.218137400000006210e+01 6.808889119474020868e-01 0.000000000000000000e+00 2.190609474466000073e+00
-7.220307000000006781e+01 6.810935709198624455e-01 0.000000000000000000e+00 2.339964927540840289e+00
-7.270470200000005434e+01 6.858254795515543734e-01 0.000000000000000000e+00 2.506726421192194909e+00
-7.152587000000006867e+01 6.747055244527672135e-01 0.000000000000000000e+00 1.755307648967910694e+00
-7.331199600000003613e+01 6.915541007730370282e-01 0.000000000000000000e+00 2.167299593238674493e+00
-7.347425400000005880e+01 6.930846850076177734e-01 0.000000000000000000e+00 2.292095631451971371e+00
-7.457785200000002135e+01 7.034949556883518529e-01 0.000000000000000000e+00 2.421338471346837551e+00
-7.526824000000003423e+01 7.100074049268708665e-01 0.000000000000000000e+00 2.427267342323689903e+00
-7.371533200000003205e+01 6.953587804981585796e-01 0.000000000000000000e+00 2.649761492406896402e+00
-7.527262200000005521e+01 7.100487404549554737e-01 0.000000000000000000e+00 2.295864238040026706e+00
-7.519053600000000870e+01 7.092744209300023694e-01 0.000000000000000000e+00 2.287082029839803798e+00
-7.436533600000004185e+01 7.014902863395611199e-01 0.000000000000000000e+00 2.529922907657644160e+00
-7.483602200000004245e+01 7.059302804910838613e-01 0.000000000000000000e+00 2.097325948068256007e+00
-7.490766000000002123e+01 7.066060437409504846e-01 0.000000000000000000e+00 2.310130662796352929e+00
-7.443679200000003959e+01 7.021643327783573252e-01 0.000000000000000000e+00 2.056697631596376308e+00
-7.611725200000003611e+01 7.180161587767253106e-01 0.000000000000000000e+00 2.286064000998796697e+00
-7.636616600000006372e+01 7.203641714735811163e-01 0.000000000000000000e+00 2.150896684247542545e+00
-7.568511800000004541e+01 7.139398267152786692e-01 0.000000000000000000e+00 2.161270470380181496e+00
-7.511365000000006376e+01 7.085491531499245044e-01 0.000000000000000000e+00 2.322748387800602554e+00
-7.433870400000004963e+01 7.012390659415818073e-01 0.000000000000000000e+00 2.754624485285305457e+00
-7.673938200000004883e+01 7.238847283995458737e-01 0.000000000000000000e+00 2.600302414595174749e+00
-7.618330800000002512e+01 7.186392668650749549e-01 0.000000000000000000e+00 2.350748866009822358e+00
-7.642086400000002300e+01 7.208801392314915235e-01 0.000000000000000000e+00 2.911193798153616452e+00
-7.664173200000001884e+01 7.229635932289728562e-01 0.000000000000000000e+00 2.007972142492584933e+00
-7.704357000000003097e+01 7.267541422783595495e-01 0.000000000000000000e+00 2.699225961832447673e+00
-7.553844999999999743e+01 7.125563033850420558e-01 0.000000000000000000e+00 2.077130838999612372e+00
-7.659140200000003063e+01 7.224888289367565886e-01 0.000000000000000000e+00 2.264106155468042392e+00
-7.825353199999999276e+01 7.381677475344423645e-01 0.000000000000000000e+00 2.434758208096842846e+00
-7.809527000000002772e+01 7.366748576791924963e-01 0.000000000000000000e+00 2.591003629324303947e+00
-7.665438400000006425e+01 7.230829398974636391e-01 0.000000000000000000e+00 2.522533239661265636e+00
-7.606287000000000376e+01 7.175031718556181826e-01 0.000000000000000000e+00 2.077741389566851282e+00
-7.608349200000003520e+01 7.176976997561566041e-01 0.000000000000000000e+00 1.686642270974607838e+00
-7.759428800000002013e+01 7.319490805156095847e-01 0.000000000000000000e+00 2.169520383588049661e+00
-7.770745200000003194e+01 7.330165596804093520e-01 0.000000000000000000e+00 2.697585009771787057e+00
-7.796326600000006124e+01 7.354296602695021834e-01 0.000000000000000000e+00 2.185695331390129059e+00
-7.668520400000002724e+01 7.233736658161222799e-01 0.000000000000000000e+00 2.349804259112969973e+00
-7.846036400000006950e+01 7.401187995528751840e-01 0.000000000000000000e+00 2.474803073056133229e+00
-7.895456600000001401e+01 7.447806207875636852e-01 0.000000000000000000e+00 2.322542090047980956e+00
-7.644375400000006948e+01 7.210960612392175451e-01 0.000000000000000000e+00 2.191353407888985139e+00
-7.802536800000002870e+01 7.360154701656914655e-01 0.000000000000000000e+00 2.349487865488300020e+00
-7.879222000000001458e+01 7.432492064465314741e-01 0.000000000000000000e+00 2.339742420425674929e+00
-7.794912200000000269e+01 7.352962395234434734e-01 0.000000000000000000e+00 2.034419085356959478e+00
-7.818824600000003500e+01 7.375519028775455732e-01 0.000000000000000000e+00 2.294095075369005698e+00
-7.893830000000004077e+01 7.446271831563858745e-01 0.000000000000000000e+00 2.174734367338883256e+00
-7.829965000000004238e+01 7.386027799133109140e-01 0.000000000000000000e+00 2.289291838344580832e+00
-7.731524800000005371e+01 7.293168884214304981e-01 0.000000000000000000e+00 2.765393089214397193e+00
-7.836462200000003975e+01 7.392156625994599217e-01 0.000000000000000000e+00 2.278781034932421345e+00
-7.798255600000003085e+01 7.356116233769299795e-01 0.000000000000000000e+00 2.170317707986552325e+00
-7.734676000000004592e+01 7.296141419953688922e-01 0.000000000000000000e+00 2.798671221573667545e+00
-7.811571800000004373e+01 7.368677442328830374e-01 0.000000000000000000e+00 2.458137002221993495e+00
-7.800593800000000044e+01 7.358321864343626562e-01 0.000000000000000000e+00 2.450290171016032748e+00
