1.609829602422130135e+00
-2.283496674096819473e-02
1.004216070135713457e+00
8.590226506327738876e-02
-1.339057801713590401e-01
-1.008214376926273581e-01
-1.242476467849665950e-01
6.770013713688343847e-05
-1.913053283697229712e-01
4.752292300893943416e-02
3.354385037087893179e-03
-1.914889034932293066e-01
1.464356983792726608e+00
4.466971127322022506e-01
8.345662391138299885e-01
3.037530536799505354e-01
9.196573022757507099e-01
1.125124180000117047e+00
-1.617041560802144895e-01
1.142578773895684963e+00
7.970440399327696768e-02
1.066553516425573722e+00
-5.757593415307568074e-01
9.977732865471363732e-01
-5.386816326142847278e-02
1.568064099050411553e+00
-7.485322353461715261e-02
1.059386901690490213e+00
1.094693766251709777e+00
2.531147893457704606e-03
9.956541130380882620e-01
7.855740325138832469e-02
-9.354113155818412351e-02
-1.476101243899063387e-01
1.039451159981542139e+00
6.463241354841779869e-03
-1.551758539205093101e-01
9.200421184045394218e-01
1.114000843523514028e+00
1.074575455468675722e+00
-4.567591481050437691e-02
-7.706368543184362319e-02
-1.827828724894153545e-01
-1.806217892324133573e-02
7.107953061439065134e-01
-1.856083667945994387e-01
-8.707043603419920008e-02
6.219537789882626511e-01
-1.617671852779650711e-03
6.503040385481201335e-01
1.129294578679561206e-01
6.797085030404537154e-01
1.003170131776066898e-01
-5.786555298041486939e-01
3.303779261025924230e-01
1.129849946006667716e-01
-2.366334374965053111e-01
1.531548316093511497e+00
9.619569509076897340e-01
-7.468885031095386096e-02
1.015557486218897187e+00
-1.028504960456435441e-01
9.980666387871444112e-01
9.773524699219084955e-01
1.110748100382832559e+00
-1.402061883290405542e-01
-9.518667089593088604e-02
1.023871848465743417e+00
-5.103373875264458071e-02
-5.769721340444681351e-02
1.894224950309500791e-02
9.238611523019805150e-01
-5.068079906457807482e-01
6.832135622362004446e-01
-8.451929383962523967e-02
5.171733545157639611e-01
9.722707291437515317e-03
-1.641408284160998932e-01
-1.711596280484792842e-01
2.282897719862577168e-01
6.364666583951785750e-01
-2.341318505147864104e-01
-9.104728313214613400e-02
8.495426065483512312e-01
-2.331382302093692183e-01
9.346187005196581188e-01
-1.950505136835996023e-01
-1.816296356189497398e-03
7.186992176476229843e-02
-1.316265508774043524e-01
-1.819487310137998110e-02
-1.255620497347122444e-01
1.028230280626608595e+00
-7.817450378844857661e-02
-1.357477734979893602e-01
-1.154852618333529202e-01
-5.724364228714073216e-02
-9.380071035589107598e-02
-2.379713842575188407e-02
-2.498882494088159115e-02
1.136048768753339822e+00
-9.531499382725525452e-03
9.539413971997393604e-01
1.101566194684817868e+00
-1.516761624464200153e-01
9.556080233086221565e-01
1.009878285258628550e+00
1.175433005791317376e+00
-1.800209932907044785e-01
3.444638142666623520e-02
3.462108867727926864e-02
1.008919474597542276e+00
1.190844465956328868e+00
4.278202178382806142e-02
1.120919452022221652e+00
8.371608370715096642e-03
9.456748742168483712e-01
9.945899192295569735e-01
-1.542918610882208219e-01
1.137359429935876465e+00
3.606787310795471491e-02
1.177864576358348403e+00
7.441010309339713968e-01
-8.866412305669775507e-02
5.388867587560434158e-01
5.879907510733085596e-01
-1.783375589575788012e-01
-1.967215294530338665e-01
-1.783863287270026354e-01
-1.071165001571598996e-01
-5.458626789462679707e-02
5.555380167562296023e-01
6.820698834238904107e-01
-1.050537531751514764e-01
-1.416518704776787707e-01
5.341635261099886289e-01
-2.204653245010855245e-01
-4.442407414241119068e-01
6.229905464605668408e-01
5.537231378566367934e-02
-1.127373760652804202e-01
-1.592525490685006151e-01
-6.151699994950367983e-02
-1.545196906836552014e-03
1.178168589422636359e+00
7.563787203247386293e-01
3.827017373186936688e-01
8.487558996630686359e-01
4.701478639183548358e-01
7.148394480581224952e-01
-4.567224098595769055e-01
-2.996636327594869864e-01
2.537789383771604235e-01
8.984785373444598156e-01
9.978902408497800636e-01
8.615888286659124651e-01
-5.315063588045631365e-02
-3.882462468409469264e-02
-1.149234224295247880e-01
4.335221388126673792e-01
-5.528838011100620786e-01
1.258908269777423983e-01
-1.370380267624332626e-01
-9.821617050290844253e-02
-1.279811013301828393e-01
-8.424169183258264915e-02
1.029879988600597152e+00
-1.402851126105158774e-01
-2.568664526898108980e-01
-1.292980487665485734e-01
1.020025561978301187e+00
-1.024830991473432290e-01
9.667054592277193326e-01
1.053215764830389478e+00
-3.856374580092018778e-02
-3.330405653434655167e-02
-2.254452045822948753e-02
9.914577530474379952e-01
-1.208731009482056362e-01
-7.805776480647494409e-02
2.798526406843734188e-02
1.074094230503462866e+00
1.501563453567074102e+00
-5.479396997228340449e-02
1.453110839929874429e-02
1.058322218806477588e+00
-1.858889858225875324e-01
-2.306604949892841205e-01
-1.420840565753351548e-01
-1.745789772089835767e-01
-4.395560624131517741e-02
-5.826803009831139218e-02
1.492420906370568214e-02
-6.638708201066975678e-02
1.545685873357791583e-02
9.936425355052906916e-01
1.116370664574007687e+00
-2.279655826821119172e-03
-1.225253611392672082e-01
-1.243799720592487917e-01
-6.978606688921798473e-02
-5.669515156418840351e-02
1.064605859841441848e+00
-5.608430550620989961e-03
-1.123615864679040205e-01
-4.430354735804571675e-02
9.825901835054208222e-01
-6.280056979030708419e-02
-1.364675779616444928e-01
-2.270513787854548660e-01
-1.844600375539640069e-01
-5.414067921245235837e-02
-7.351052820404063715e-02
-5.937865042448870617e-02
-8.302920480442627094e-02
-8.283214435468026771e-02
-1.728551770086535211e-01
-1.188392642574579300e-01
-4.399206033627243301e-02
-1.352694449249268183e-01
1.101994216268674665e+00
1.004485499031173346e+00
-8.055343598403140459e-02
-1.586167345258481798e-01
-6.869202453285078169e-02
-4.889717503042165236e-02
-1.213085825631436548e-01
-2.015798338957204561e-01
9.367133991198570847e-03
-1.005376329385378742e-01
-1.785039850001422512e-01
-3.519474772318259559e-01
-1.277327503289805710e-01
-2.303924953166569534e-01
-1.218228564408501136e-01
-1.631825985250725808e-01
9.476000449312450558e-01
-8.061714535725139630e-02
-6.359727255004110624e-02
-1.377145019755207922e-01
-7.805558575858022319e-02
-5.931173512038341589e-02
-1.268012319477547500e-01
-9.275537524611998652e-02
-1.504276383018633423e-01
-1.854111092300782526e-01
-1.680636373519623916e-01
-1.357668673637013601e-01
-1.088412321799945987e-01
-3.334105735389621822e-02
-1.345890405106247023e-01
1.512614523809707956e+00
8.318491749996945739e-01
8.776795090107573083e-01
3.761997390065752733e-01
9.839309100564030963e-01
8.497349925907523582e-01
1.162291639190495829e-01
1.892462659977406716e-02
6.487792706525065400e-02
1.002732040699293448e-01
8.261019087760688995e-02
3.824894103914129595e-02
1.287256295624316510e-02
1.135646917537418317e-02
3.499660974245844547e-01
4.187240532438100266e-02
9.857327823241407438e-02
1.057271766205969687e-01
1.545455586510819102e-01
-3.553191805760705924e-01
3.129918112975910161e-02
7.979531475779086946e-01
1.428002866269740823e-01
5.740399557156813243e-02
4.818782500960180210e-02
9.073744142406202362e-02
5.704481296327653522e-02
6.732061705659978523e-01
2.712950223182399728e-02
1.538765707085601106e-03
7.395057704485083483e-02
8.534592761916268144e-02
1.270459011553382311e-01
9.413459732998238905e-02
2.993619309732398551e-02
1.054722890475055103e-01
1.184858479363238848e-01
7.606478986125336794e-02
5.233858767298976700e-02
1.990926563825803908e-01
9.570187761175147356e-02
1.234654448110288488e-01
-3.654923946358164602e-03
1.192752758475551067e+00
-4.966643897388951095e-02
1.100597618851344217e+00
-1.567827088005617764e-01
-6.558346791799500586e-03
-1.920466198052746820e-01
-1.124124800527404461e-01
1.100729432057188761e+00
-4.898313714784549577e-02
1.079488925246534281e+00
-1.096564367834692855e-01
-1.304770637980301115e-02
1.095595802897034954e+00
-8.433780872861552924e-02
1.104536506384796279e+00
-1.937132175677231394e-01
-1.306952117819290271e-01
-6.226488927233023857e-02
-2.262560482206424917e-01
-1.695543274121993904e-01
-1.677977016196694482e-01
1.112611499108523638e+00
-9.941256022335069609e-02
-5.908890454123865571e-02
-2.173060146353451572e-01
-1.610851125613468604e-01
-1.983344990643302608e-01
-1.867431046696011177e-01
8.599843096124716937e-03
-1.750877747922957861e-01
-2.283517218120634240e-01
-1.500279430265835934e-01
-1.100238257672724457e-01
-1.471808138690028356e-01
-1.857956626365266095e-01
-8.643891490239918873e-02
9.950842029124579158e-01
-6.381640532376035846e-02
-1.145924546943853234e-01
-1.551271563327646652e-01
-1.511984457200402643e-01
5.781532655758265804e-01
-2.252703785457870200e-01
-1.549992947278738820e-01
-8.694544483752041086e-02
7.481449267576988360e-01
-1.094656831305377415e-01
-5.178484969980199498e-02
-1.291975097627253433e-01
-1.666328298041664380e-01
-9.751332859792188890e-02
-8.534740124461981381e-02
-4.439270496016568812e-02
-1.295717073131803232e-01
-1.609369743003465913e-01
-2.146253199660047017e-01
-2.696427788998338737e-02
1.010224671899370152e+00
-9.744376987718743333e-02
-3.875411289133595671e-02
-1.326412912735167593e-01
-1.018583766925372780e-01
9.965847655602310118e-01
-1.025947182251945311e-01
-8.812155456720154045e-02
-1.004712300629486549e-01
-5.084866635086320724e-02
-2.007213566986252584e-01
-2.875380331131984768e-01
-1.132047523504090686e-01
-1.618457767214099008e-01
-1.798624151479788838e-02
-2.065270803313842274e-01
-9.103001257586698647e-02
-2.511671359424375582e-01
5.439045841150008664e-01
5.733514993271003890e-01
9.970259643124482762e-01
-8.634378583335988733e-02
-1.723030872811255609e-01
-8.945084225760749352e-02
-4.057966607472351939e-02
-7.699363719788566984e-02
-7.160790860227490839e-02
1.501811672401303088e+00
2.108151583614923698e-03
3.502614542409785564e-02
-9.327914909538784216e-02
1.180074977099016209e+00
-1.492854806086423847e-01
5.597655395526083266e-01
-8.498367980494961338e-02
-1.407073193075213113e-01
6.191196264753497935e-01
1.022112395806733742e+00
-1.620729907753018506e-01
-1.083130532803661533e-01
-1.398694406881884900e-01
1.034429334503446096e+00
-3.849272929062860088e-02
-2.536082144187673526e-01
-2.470244718045949694e-01
-9.131414050073941024e-02
-1.956052945991708925e-01
-9.779312371805111426e-02
-1.510403750738298079e-01
-7.191732594240209109e-02
-2.569870450953185004e-02
-1.494122961356581514e-01
-3.144965526907536613e-01
-3.590276861768264272e-02
-1.009266087941745743e-01
-5.303795931399805236e-02
-6.533290307241400308e-02
-6.295132743347089943e-02
-1.533192320833788036e-01
-8.775821655807115873e-02
-1.113816873012915126e-01
-1.474939747126918776e-01
-1.712265131396507323e-01
-5.935209387002569892e-02
-5.199018177460578150e-01
-6.842035750445740749e-02
-5.452182401753438712e-02
-1.033290456117081924e-01
-7.174476771511309470e-02
-5.043651705640586069e-01
-9.985384536012406609e-02
1.786868051750744035e-01
-7.941941391863061028e-02
-1.696433310858518062e-01
-1.678782939751635450e-01
-7.470320029259019945e-02
-8.559704380602516094e-02
-2.120244026650240921e-01
-1.679642329608968254e-01
-1.843438861889765412e-01
-5.730611110413333376e-02
-8.581495242156390868e-02
-9.839242909877406185e-02
1.833103004876081299e-01
-2.058445052582194845e-01
-2.839210941807749355e-01
-2.417499948991968239e-01
1.012252087641520193e+00
-2.058907626564322789e-04
-1.229063547153404733e-02
-8.485737897375431049e-03
-1.276375339694493793e-01
-6.422521983947918414e-03
1.031873840125562936e+00
-1.331979450727572845e-01
-9.666412580257356668e-02
-6.643219648358675289e-02
-6.373747641378516016e-02
-8.487075733820577395e-02
-2.210908522839291068e-01
1.020987932930079056e+00
-8.882825896882648453e-02
-7.702173889186557376e-02
-6.762309767902709157e-02
-7.776707252275105731e-02
-1.470393370704886626e-01
-1.953100635716668032e-01
-7.124341917301210692e-02
-6.697458712705871287e-02
-2.340896340679587614e-02
-6.640158497152345851e-02
-4.491593153039568492e-02
-9.105881781489554017e-02
-1.463747271306855835e-01
-6.632789059061743042e-02
-1.974102400515270750e-02
-1.663678992942638300e-03
-1.617423864449663851e-01
-7.284746240541163653e-02
-7.907656498346551932e-02
-1.709659751591592058e-01
-8.609975285977401749e-02
-1.671919158490073054e-01
-1.519931867309616824e-01
-1.892113433598289207e-01
-4.087906672033681660e-02
-5.539776676658017540e-03
-9.489341989335915717e-02
-1.193091619193073633e-01
