1.030359398767812129e+00
-3.967966900273843522e-02
1.061390771870158511e+00
1.240668269245753796e+00
-3.926722951157882169e-01
1.092628628636208132e+00
1.392716788491752844e+00
-9.166196583316542357e-02
2.152747231154972796e-01
-2.476531637675703224e-01
8.638225342909477966e-01
4.532030110234128717e-01
6.817052929836764363e-01
1.065134753822529201e-01
-1.605923819913458450e-01
8.282912871339508099e-02
-2.079753785442403635e-01
-1.078020014379270884e-02
-8.999630328263553969e-02
1.255473816873542703e-01
3.163337952632331307e-01
1.490905914775593998e-02
-1.857665277746005095e-01
1.532217384199416887e-01
1.682167877001212661e-02
-2.771864599944962385e-02
-1.878560512629996460e-01
4.875210759412751949e-01
9.718952670930640358e-02
-1.299187922501592041e-01
2.177472421693125298e-02
1.383723097476285968e-01
2.142136622800880630e-01
3.251449271973511079e-02
4.163061198180794675e-01
-3.927635961072482168e-02
-9.989492160020416178e-03
-8.370210052038723481e-02
1.636565410657288278e-01
1.029158342298810980e-01
6.146926597122739366e-01
3.022579757904746839e-02
-4.003540805058855567e-01
2.768647907508263728e-01
2.251658450382232890e-01
-1.243146135719567780e-01
-1.045246354149749896e-01
-3.600869244317440043e-01
-1.475979154069502752e-01
7.668162209034072585e-02
2.964702910742210082e-02
2.219071668978004341e-01
3.362568034092071334e-02
-3.267877662271816419e-01
-2.200015899495042504e-01
2.158100586220304817e-01
-3.795237890889183868e-02
-4.522743671435838220e-01
5.716547303547299050e-03
2.583169645458223695e-01
7.019190930388292671e-01
7.881232979986828313e-02
-8.199505825948853743e-02
1.896872217581169751e-01
4.310596962057904880e-01
4.627319277316069290e-01
7.414667733161788288e-01
2.180099308272377967e-01
2.226252884088307238e-01
-2.647426765897769041e-01
4.893034780586397875e-02
-1.369929307784773648e-02
-6.723685995327144393e-02
2.265902145792993844e-02
1.112985849889258194e+00
-2.770461136628817322e-01
3.262599136115044152e-01
1.841734889588613755e-01
-2.836231327784865530e-01
2.267866200514583319e-01
7.418915951539856168e-02
-1.535623861108177945e-01
-1.050250015895149054e-02
-2.510842822410647712e-01
1.948747846056336774e-01
2.612943295140024991e-01
8.767343347297586187e-02
6.454069169696412533e-01
6.000385066495120268e-02
-2.179173779811542921e-01
1.093405256619934818e-01
-5.278790174374621280e-01
4.404953517293700577e-02
1.185699476334381719e-01
1.447263587469271584e-01
-2.937778104784997610e-02
1.320072454589980293e-01
2.127005635178709497e-01
-6.361572933994666390e-02
1.632003610597366344e-02
-2.236358779725279855e-01
1.281154711738967666e-01
-7.069176085257418418e-02
8.404561471660879635e-01
-1.199308925714467899e-02
-2.066335145314604493e-01
3.444250117430787128e-01
3.734524540930969638e-01
-1.633917023078176600e-01
-3.080953799929347925e-01
-3.529472754035286597e-01
-5.034922144927985593e-02
2.096949125224583099e-01
-3.755458150672434381e-01
2.659729986272696411e-02
3.906189765707865913e-01
3.089307634180601947e-01
2.160041365684913506e-01
6.058751233171867645e-02
-2.422046198237869652e-01
-1.972483482039925906e-01
-4.060735354574589451e-01
-9.032854363865167047e-02
2.534828325851920874e-02
-2.752654374109554380e-01
-1.785721945021401247e-02
-7.530158175001469001e-01
6.870494786287320022e-01
1.657657547601757153e-01
5.959078662056267461e-01
2.138910926049819305e-01
-4.484509920662728411e-02
7.031676925226615360e-02
-5.967764856864467005e-01
6.141473660444849436e-01
1.322023707374433421e+00
-6.434408873467082346e-01
1.108812348770492395e+00
9.470482724004661845e-01
-7.428118162333741115e-01
7.771822925381145775e-02
-2.579510203285713676e-01
-1.625641043057789864e-02
-4.347260822001351444e-01
-3.839969900773164135e-01
1.466011048260055016e+00
-2.722967943006248115e-01
-1.915060256798448435e-01
-1.671450285590706797e-01
-6.318563646404583567e-01
2.077998872267885211e-01
4.020414188689355739e-01
-3.636412111779793732e-01
-2.038650544993826363e-01
-1.154005976969552927e-01
-3.511008309574267794e-01
-2.872500505435454099e-01
2.246428623481191988e-02
3.615223689913293348e-01
3.035796550011028438e-01
-5.165085276243289725e-01
-4.666053569470832718e-01
-2.490897792045121961e-01
-5.671904273608022740e-01
-3.977546207600536343e-01
-3.806603039162801960e-01
5.382212931542762480e-01
-1.534916616387801622e-02
-1.636981246245195754e-01
6.101107762736192319e-02
8.065042729561218426e-02
8.944565975180332473e-02
4.250657486898498649e-01
4.219986786552071267e-01
2.345419492932769856e-01
5.462161227592994273e-01
-4.995363502844137049e-02
2.498379058509848649e-01
-9.612220096638574018e-02
1.020948665798364408e+00
9.170358576539884565e-02
5.390899220633360578e-01
7.157559813414136052e-01
1.967631676570369692e-01
5.434652822789891313e-02
-2.075573181459528516e-01
-6.857341660194841981e-02
2.756569579825707272e-01
-5.476293664727390764e-01
-2.199838259091653758e-01
-2.971377727985322625e-01
-3.016553388012088166e-01
1.256209931142853765e-02
-1.203509036539860411e+00
-3.741902937416195507e-01
-1.815731754220047955e-01
-6.336659476041750505e-02
1.762583207078719516e-01
-4.795774106177776996e-01
-3.587377010881040995e-01
-6.935425554915314317e-01
-6.512946066087749175e-01
8.138117808041180901e-01
-6.580860330556068671e-01
2.015311307104960536e-01
3.212179390993024491e-02
2.053970717587924859e-03
-4.250036821007786014e-01
7.623105100514383503e-01
-3.070358768680502282e-01
-4.313738347971790565e-01
-5.895842265207047461e-01
-2.956741030229733114e-01
-7.132420504454534127e-01
-3.978661262979983904e-01
-4.676759982266104343e-01
-5.378825588543981739e-01
6.948700443202706634e-01
-1.172935760674733430e-01
-3.969434069400453735e-01
1.179921860226603503e+00
-1.040017168743409270e-01
1.092304485728923469e+00
1.617775079790377893e-02
1.535937746718650576e+00
9.937950159112575177e-01
-4.390651109426101928e-01
8.888687599568008135e-01
9.310535221982134679e-01
1.322017922919644706e+00
-2.530160484805611953e-01
-4.467625569449105161e-01
1.156062141533366283e+00
1.116239819120456778e+00
2.669554586678024033e-01
-3.443564751564452964e-01
1.490535988612801122e+00
1.431481197392967752e+00
4.503841554456547436e-02
2.067447127641818677e-02
