-4.471999967453805791e-01
5.942634022621103018e-02
1.702623257243761901e-01
1.447409975827049333e+00
1.000508202017406090e+00
2.410769538169484083e-01
8.202317096428864973e-01
6.446129845364628741e-02
8.403534586274725993e-02
5.619816823064031214e-02
8.178406500084247494e-03
5.616264868903322188e-02
4.632313654321511959e-02
2.594402502673118574e-02
4.282418758630235356e-02
9.906884678433197644e-02
4.402590406883605950e-02
6.569321229456709377e-02
7.748840722228732270e-02
7.186853170372431432e-02
8.492859318048283368e-02
3.211946003052585513e-02
1.035575617879908455e-01
9.671735377585717608e-02
7.345237743851566747e-02
9.549447076387956868e-02
7.924749676282877298e-01
8.754956710455333302e-02
5.087476557797875748e-02
8.661154678750648470e-03
1.014536953463251595e-01
1.457361692817732701e-01
4.319743755611735181e-02
3.005306538217010839e-02
1.380194162193515428e-01
7.917168343095232208e-02
8.093750213916692249e-02
6.008743854027400605e-02
1.483824770434240964e-02
1.264869709977793910e-01
7.343102554296947471e-01
-1.196039367014430088e-02
1.438353706113198183e-01
2.419244541198430423e-02
9.103092721453009961e-02
1.173118428158902438e+00
-7.483634160867057294e-02
-4.802982372781134518e-02
-5.370752514856619309e-02
-1.035651404501062439e-01
-2.755589383504826462e-02
-1.052378166154482736e-01
-1.213222408224657323e-01
-9.920976471721104639e-02
-8.070793223341760081e-02
-8.338944727407689161e-02
-4.233512738680590692e-02
-1.114356079401450234e-01
-8.243997379232803624e-02
-9.597562538308865299e-02
-4.461733012340169530e-02
-5.524070975009306994e-02
-4.901281329236573808e-02
-7.940688832861678148e-02
-5.917604517594302060e-02
-1.220913508825749033e-01
9.737294760515592396e-01
-7.903955507219612153e-02
-1.216154272622463201e-01
-9.311587124750224376e-02
-1.344304865752297129e-01
-3.030328541097474654e-02
-1.825114492186370729e-02
-4.280646247736509535e-02
-8.414004139581432451e-02
-5.092329363507394624e-02
-7.510864943391350190e-02
-3.457074912329959060e-02
-7.575476505960147822e-02
-7.145662199517696656e-02
-9.445573789156194722e-02
5.900536269448275473e-01
-1.736564010748538334e-02
-9.093344317370438690e-02
-8.165779817238121019e-02
-1.008903105197641314e-01
-4.342781311785465226e-02
-8.128858364357320621e-02
-6.116638742842116228e-02
-5.265316976466957039e-02
-5.192737236101385712e-02
-6.029376431461429958e-02
-5.686193913080491574e-02
-1.041594418925767401e-01
-3.959985795231214800e-02
-7.141626171690401703e-02
-9.581628224958341211e-02
6.265974266884427601e-01
-1.163525829051475086e-01
-1.951538193214462716e-03
-3.195606000470643110e-02
-7.120939852719102015e-02
-1.192103069728319975e-01
-8.666508109004784910e-02
-6.559503328232482722e-02
-4.894924835257559448e-02
-7.176659769095744545e-02
-5.495491682361973440e-02
-1.139186184973155630e-01
-7.882094839576042622e-02
-5.350316375908639732e-02
-6.679659664199416591e-02
8.965632022411865742e-01
-4.550269196336279021e-02
-6.259227231424936699e-02
-5.410578479649107153e-02
-1.192518048840076478e-01
-2.620941111533494489e-02
-1.181474341871307232e-01
-8.598090332745741970e-02
-1.185270060076863835e-01
2.297090280255583827e-03
-4.121014649686238762e-02
6.055594169764682011e-01
-6.660848025742373280e-02
-7.891628093260324994e-02
6.099718901700532658e-01
-4.950357690232580488e-02
-8.766473516098824414e-02
-5.467018630319812195e-02
-7.558871509371528630e-02
-6.766660310957461899e-02
-6.631231316193879344e-02
-6.370673405977811399e-02
-9.696148558702959164e-02
-7.572801729761947931e-02
-1.104733879412936604e-01
-5.382280611220432304e-02
-9.572964313261303482e-02
-9.126373508093403586e-02
-8.196282275536659334e-02
-8.119896145755796379e-02
-6.537424740121541844e-02
-7.461080648015019912e-02
-1.050483170021992568e-01
-4.409258123655891010e-02
-9.215751086694297378e-02
1.006361658640391399e+00
-1.229418023683315347e-01
-1.918382588225729934e-01
-4.626070740382299401e-02
-2.454588641092294091e-02
-5.639828498240761524e-03
-7.603717999053849486e-02
-3.513933043159426367e-02
5.572069259249248230e-01
-1.130049480652896843e-01
-1.021384556104927982e-01
-5.228932889539046613e-02
-8.215073756282072204e-02
-1.074030917127414275e-01
-6.006635380943346064e-02
-6.713636132807747348e-02
-6.312809863188531545e-02
-1.109458995202269732e-01
-3.723708166785230644e-02
-1.008552336771719599e-01
-5.637764699816924518e-02
-1.380909644037440764e-01
-2.116952412770953529e-01
-6.394895781128977219e-02
-1.219345131462632736e-01
-4.336256853703891745e-02
-8.446828880195460243e-02
-7.188692571529425868e-02
-9.915248568735395007e-02
-5.263102068276300644e-02
-1.069288453283995938e-01
-1.132118582044706334e-01
-7.714782950672677275e-02
-1.053292286301980157e-01
-4.083175250256156075e-02
-8.876883780417066383e-02
-4.408240145490577994e-02
-6.171206661680522787e-02
-2.345789848396176783e-02
-1.294413787409653405e-01
-1.187262405055529157e-01
-1.006354574136256869e-01
-1.197424808479499447e-01
-8.246832756297212130e-02
-1.031711990293364828e-01
-7.038051930150948654e-02
-1.267115457532231870e-01
-1.298804186063729771e-01
-9.094281161439349281e-02
-1.119295982073467283e-01
-6.401503264791372216e-02
-4.731574113015033639e-02
-2.280147743700715671e-02
-9.127090244701421828e-02
-7.807232970505137426e-02
-8.312367186662478202e-02
-1.156161156165339682e-01
-9.019312809389448682e-02
-1.151702478175464645e-01
-1.150367098977979480e-01
-8.493329607528982139e-02
-1.301895657971138265e-01
-3.691669360614265732e-02
-9.219785232652738527e-02
-1.063345144422064986e-01
-1.142411680140083541e-01
-1.016551479333613478e-01
-6.859716445412084029e-02
-7.089314020024420349e-02
-1.009614167690060238e-01
-5.127523826681819330e-02
-8.076460765476568826e-02
5.457613176561424417e-01
-4.255851932866267645e-02
-8.311395182599626286e-02
-9.246230872617443308e-02
-6.952337721433422824e-02
-5.719600964722326014e-02
-6.634745773716477224e-02
-1.046774547955489632e-01
-9.201029169692966081e-02
-9.243676246864436508e-02
-1.564287051281711416e-01
-8.260846310950617499e-02
-9.016637633338422941e-02
-1.178125497454571013e-01
-5.778435863327165134e-02
-6.461819438071306210e-02
-1.010126050735247333e-01
-8.473561917350126704e-02
-6.921696972259161473e-02
-9.261029129848963315e-02
-9.836514362291151614e-02
-1.056824647521458216e-01
-6.404931833140158071e-02
-7.572903754901846862e-02
-1.253065034839567216e-01
-5.140256131471820922e-02
-1.511464941510491933e-01
-5.384233720906261150e-02
-6.128898793999008887e-02
-1.237557446032021419e-01
-9.092006684344842993e-02
-7.456581985571641980e-02
-5.288250450678431275e-02
-9.686196283700160281e-02
-4.483835084518764807e-02
-6.773885731944837008e-02
-6.625025948883284110e-02
-6.849680393400967016e-02
-1.053825268237532087e-01
-5.579312602532544851e-02
-5.667240401494235552e-02
-9.043599568197108196e-02
-1.008448370272366224e-01
-1.004520045993744226e-01
-5.617243220331816916e-02
-1.388693807571106387e-01
-5.231612498782355763e-02
-9.100077224717954827e-02
-6.254907002581330810e-02
-9.489462559958539156e-02
-4.059791082635315351e-02
-1.303004434179538262e-01
-8.517944347320345611e-02
-8.382793655775580555e-02
-1.209405313380361308e-01
-7.243250081466456880e-02
-3.482826274986115800e-02
-9.150039183405282717e-02
-1.147260521765638142e-01
-7.874804130891695231e-02
-8.672894886695114991e-02
-7.993069452004443465e-02
-5.892111211975768759e-02
-9.610758298159431667e-02
-9.842381573747623069e-02
-6.217775274494209692e-02
-1.068893242559215001e-01
-6.449103776816696165e-02
-6.795555615391470072e-02
-6.715200625160983039e-02
-5.241615263722098489e-02
-1.186342227926649312e-01
-1.103598240300845967e-01
-5.723079463678179546e-02
-9.801694688363156438e-02
-4.145488647816848032e-02
-6.667916340313369272e-02
-3.608501612854947416e-02
-1.174237687648134326e-01
-2.897572986571749984e-02
-9.445684132974599412e-02
-2.628696667770239609e-02
-1.120068773738818607e-01
-7.015782879419944773e-02
-6.994595658507982150e-02
-7.980111252463788218e-02
-1.080470967407527322e-01
-1.241429819503581944e-01
-6.681863623207409675e-02
-1.118984981361301895e-01
-8.871254184038018797e-02
-6.261930574635514446e-02
-5.606225199716203395e-02
-5.494081056349760239e-02
-9.516903160566933528e-02
-8.650656249119907659e-02
-5.496028350023518527e-02
-1.266338743208845763e-01
-4.163180726237556556e-02
-1.120659448621786070e-01
-1.173515122827855361e-01
-6.491844376425970342e-02
-7.842147102356156196e-02
-9.303560520204266771e-02
-8.741589918082581789e-02
-6.449253568637898504e-02
-1.348554800868900228e-01
-8.126321102252927198e-02
-1.322356928589736302e-01
-8.211601663909878779e-02
-5.778419219791651462e-02
-1.031643201100472668e-01
-1.104279676856440434e-01
-1.157711233800033795e-01
-1.463851980109758533e-01
-1.157232533924652668e-01
-8.518424538297884874e-02
-6.714152082413608891e-02
-1.239694315043516071e-01
-4.996572488004587947e-02
-8.890023016388885757e-02
-7.701513120212877261e-02
-1.509775077780242392e-01
-4.202459470426380544e-02
-9.236937096940758818e-02
-5.691673111862680101e-02
-1.305853716216638094e-01
-8.768527213766207085e-02
-1.011010411168864476e-01
-6.033764344090720294e-02
-1.177899278805938366e-01
-7.167954726080628947e-02
-9.199234479272959397e-02
-6.388820890608433445e-02
-7.008875812115594739e-02
-5.873071007165437535e-02
-9.152373617841320919e-02
-1.102349785857779929e-01
-9.990618456825509086e-02
-8.061367430478015572e-02
6.334340777004286993e-01
-7.038651097435021098e-02
-4.899890189278639785e-02
-1.435234515276333500e-01
-5.485842506191475343e-02
-5.994652035258622724e-02
6.316348816703485358e-01
-8.245000018456133395e-02
1.031540665148320324e+00
-9.670992699517552693e-02
-1.452454728548171758e-01
-2.132885740063598934e-02
1.009626953904127378e+00
1.021872768146437016e+00
-6.221703148912934023e-02
-6.871716434632117732e-02
1.000149292514989074e+00
-6.995793993076269979e-02
-2.970987622426152566e-02
-1.203394203319082048e-02
-1.391462827719937845e-01
-5.810557887176392294e-02
-8.893939306004539080e-02
1.009049922522334164e+00
-5.479101874243553355e-02
1.023590547463279821e+00
-4.393860130668997277e-02
1.037374557272510600e+00
-1.012462890782792613e-01
1.006947843966802036e+00
-8.936896271577265960e-02
-2.802621615555467641e-02
1.086021448385809052e+00
-3.303874979427297992e-02
-2.161329542530177929e-03
-3.864845349294254717e-02
1.034962576082741226e+00
1.047485338758661344e+00
-2.552352769636873075e-02
-3.291408971207870210e-02
-6.613525265732958514e-02
-5.192749842985248249e-02
-4.753560223639299170e-02
-4.839440867712895868e-03
1.082950716054090767e+00
-1.725035898390380254e-02
-2.303415406571784549e-02
-1.304591893273370773e-01
1.027998088580270641e+00
-1.374339958219226825e-02
1.024019617812933269e+00
1.066041715986844052e+00
-9.846382278442300517e-02
1.072191502418115228e+00
-6.310513055265441762e-02
-3.560817883151059376e-02
1.003265628134452081e+00
-1.081012621160248460e-01
1.055128050339819268e+00
1.026060448157187333e+00
-8.381218546053940954e-02
-1.637532509588363050e-01
-1.792109347153501495e-02
-1.089607342981883803e-01
-1.037206835268223021e-01
1.023378508818798771e+00
-1.305114500293517998e-01
-1.242786123550714689e-01
-1.046443997566839229e-01
-1.882966408393968796e-02
-9.755658365487185346e-02
-1.424012590436128101e-01
-1.379657567866902912e-01
-4.750081724683334616e-02
-1.555481543072761708e-01
-6.094679684654499136e-02
-6.675705515008116542e-02
-5.959384383164676065e-03
-1.139847519765185557e-01
-1.423323548059256816e-01
-1.612037941644061945e-01
-6.314224563720664818e-02
-4.153377683725751474e-02
-6.810251857390936525e-02
-9.659092571510960457e-02
-6.659461424190758760e-02
-1.392032036639757192e-02
-8.317274081997230728e-02
-1.063207366696969497e-01
-6.201947272068761979e-02
-3.431181383791829381e-02
-8.628375050801871671e-02
-6.459173115899072282e-02
-1.005845420999088025e-01
-1.176884379698882460e-01
-1.427023406039417408e-01
-6.947045077089385179e-02
-2.089817262801997866e-01
-8.414971636399236343e-02
-7.161280668275295247e-02
1.023003030654011880e+00
-8.495992368056809463e-02
-4.260528766390346556e-02
-2.109751225477702816e-02
-9.778177069253125853e-02
-1.335342489783289122e-01
-1.642610452322275649e-01
-6.297630958654459876e-02
-1.109421472200913111e-01
-2.254683134120707283e-02
-1.213816385357853189e-01
-2.290516666425053069e-02
-1.625840425777852483e-02
-3.961061629021230684e-02
-3.408496244669157599e-02
-9.490310476247890148e-03
-3.084662971074464063e-02
-7.170867344821829116e-03
-5.724177937032331326e-02
1.053065916269903868e+00
-2.469334813698586401e-02
