-1.729999999999999871e-01
-6.114000000000000545e-01
1.701000000000000012e-01
5.041999999999999815e-01
-4.917000000000000259e-01
1.260999999999999899e-01
-1.179999999999999973e-02
5.859999999999999654e-01
5.437999999999999501e-01
-5.836999999999999966e-01
2.533000000000000251e-01
7.100999999999999535e-01
9.866000000000000325e-01
6.965999999999999970e-01
7.256000000000000227e-01
-3.819000000000000172e-01
-4.190999999999999726e-01
7.620000000000000107e-01
-1.068000000000000060e-01
7.110999999999999543e-01
7.274000000000000465e-01
-9.457999999999999741e-01
8.596000000000000307e-01
-7.320000000000000118e-02
6.999999999999999556e-01
7.187999999999999945e-01
9.439999999999999780e-02
-1.373000000000000054e-01
2.407999999999999863e-01
2.343000000000000083e-01
-1.547999999999999932e-01
-1.524000000000000077e-01
3.240999999999999992e-01
8.838000000000000300e-01
1.760000000000000106e-02
-5.224999999999999645e-01
7.643999999999999684e-01
6.726999999999999647e-01
-6.499000000000000332e-01
-7.449999999999999678e-02
-1.099999999999999936e-02
6.247000000000000330e-01
6.503999999999999782e-01
-9.967000000000000304e-01
8.335000000000000187e-01
-2.854999999999999760e-01
2.626999999999999891e-01
-4.974999999999999978e-01
-4.409000000000000141e-01
7.945999999999999730e-01
-2.646000000000000019e-01
-2.109000000000000041e-01
9.801999999999999602e-01
-5.938999999999999835e-01
5.151000000000000023e-01
-9.686000000000000165e-01
5.596999999999999753e-01
7.590000000000000080e-01
5.336999999999999522e-01
2.957000000000000184e-01
9.679999999999999716e-01
-9.015999999999999570e-01
-1.403999999999999970e-01
-1.895000000000000018e-01
-8.579999999999999849e-01
-3.794000000000000150e-01
-2.167999999999999927e-01
8.826000000000000512e-01
-1.733000000000000096e-01
4.056000000000000161e-01
4.287000000000000255e-01
-4.030000000000000249e-01
-2.114000000000000046e-01
-7.902000000000000135e-01
9.535000000000000142e-01
6.815999999999999837e-01
5.129999999999999838e-02
-8.665000000000000480e-01
3.448999999999999844e-01
-2.693999999999999728e-01
-1.537999999999999923e-01
-8.669999999999999929e-01
-6.715999999999999748e-01
-6.357000000000000428e-01
-1.399999999999999986e-03
3.229000000000000203e-01
-9.028000000000000469e-01
6.339000000000000190e-01
-2.139999999999999958e-01
-6.906999999999999806e-01
3.896999999999999909e-01
3.589999999999999858e-01
2.235999999999999932e-01
5.960999999999999632e-01
-7.699000000000000288e-01
-9.479999999999999538e-02
-6.399000000000000243e-01
3.104999999999999982e-01
5.722000000000000419e-01
-4.131000000000000227e-01
-7.620000000000000107e-01
1.796000000000000096e-01
-9.889999999999999902e-01
3.099999999999999891e-03
-9.475999999999999979e-01
8.770000000000000018e-01
-4.265999999999999792e-01
9.355999999999999872e-01
-5.739999999999999547e-01
-3.612000000000000210e-01
3.821999999999999842e-01
7.635999999999999455e-01
-4.420999999999999930e-01
6.562999999999999945e-01
7.641000000000000014e-01
4.505000000000000115e-01
-9.090000000000000302e-01
-2.299999999999999961e-02
-8.147999999999999687e-01
5.736999999999999877e-01
-4.451999999999999846e-01
4.481999999999999873e-01
4.197000000000000175e-01
8.917000000000000481e-01
-2.429999999999999938e-01
-1.204999999999999960e-01
-6.117000000000000215e-01
1.902999999999999969e-01
3.124000000000000110e-01
1.496000000000000107e-01
