-8.014062200000006442e+01 6.232695499335054734e-01 0.000000000000000000e+00 2.946387068305653667e+00
-8.067236200000006363e+01 6.274049976279548746e-01 0.000000000000000000e+00 2.992437410728463476e+00
-7.925379600000002256e+01 6.163725278229289506e-01 0.000000000000000000e+00 2.521058448708006772e+00
-7.990635600000004501e+01 6.214476166774255406e-01 0.000000000000000000e+00 2.945030850426465729e+00
-7.913644600000000651e+01 6.154598735427474487e-01 0.000000000000000000e+00 2.044560781334145982e+00
-7.981153200000004233e+01 6.207101515776051182e-01 0.000000000000000000e+00 2.914400146152711368e+00
-7.944591200000003539e+01 6.178666521492292008e-01 0.000000000000000000e+00 2.555425147939815123e+00
-8.040363800000002925e+01 6.253150776553303425e-01 0.000000000000000000e+00 3.167780715639862521e+00
-7.979997600000002933e+01 6.206202782681736752e-01 0.000000000000000000e+00 2.067252347564052961e+00
-7.991198600000005570e+01 6.214914023067176219e-01 0.000000000000000000e+00 3.031466716015050800e+00
-7.951117600000003449e+01 6.183742232522693172e-01 0.000000000000000000e+00 2.392774078371222579e+00
-8.055446200000005774e+01 6.264880658884287579e-01 0.000000000000000000e+00 2.401711809841328815e+00
-8.009765800000006664e+01 6.229354103638956586e-01 0.000000000000000000e+00 2.566344498048270140e+00
-8.021070000000003120e+01 6.238145604716096582e-01 0.000000000000000000e+00 2.712550971489622320e+00
-8.065519200000005640e+01 6.272714631244122874e-01 0.000000000000000000e+00 3.101769822317965275e+00
-8.027855000000005248e+01 6.243422434107688268e-01 0.000000000000000000e+00 2.138283667695975776e+00
-8.014217399999999714e+01 6.232816201460558148e-01 0.000000000000000000e+00 2.493987929896350764e+00
-7.855693400000008353e+01 6.109528935068173627e-01 0.000000000000000000e+00 2.126808692522648592e+00
-7.939169200000006299e+01 6.174449724298307629e-01 0.000000000000000000e+00 2.361421134760365081e+00
-7.990286200000005579e+01 6.214204431447886146e-01 0.000000000000000000e+00 2.583085100362187081e+00
-8.052637400000004675e+01 6.262696199282946630e-01 0.000000000000000000e+00 2.520876190734908651e+00
-8.046195400000001996e+01 6.257686127810487831e-01 0.000000000000000000e+00 2.558212495395954633e+00
-8.098122600000003501e+01 6.298070943607534389e-01 0.000000000000000000e+00 2.986519831841710548e+00
-8.010185400000003142e+01 6.229680434900960462e-01 0.000000000000000000e+00 2.215974548928527188e+00
-8.011741800000002911e+01 6.230890878123520604e-01 0.000000000000000000e+00 2.781709887217289179e+00
-7.896939600000000326e+01 6.141606924817819557e-01 0.000000000000000000e+00 2.644683864551334640e+00
-7.996562800000006632e+01 6.219085868052051103e-01 0.000000000000000000e+00 2.788351570955227121e+00
-8.048753600000000574e+01 6.259675690809685111e-01 0.000000000000000000e+00 2.886593801009113225e+00
-8.046143400000003965e+01 6.257645686376684946e-01 0.000000000000000000e+00 2.592313063313584465e+00
-7.905851200000003587e+01 6.148537653308034923e-01 0.000000000000000000e+00 2.707000115647794303e+00
-8.086615800000006971e+01 6.289121876482534068e-01 0.000000000000000000e+00 2.109950156392468745e+00
-8.067913000000000068e+01 6.274576337094905920e-01 0.000000000000000000e+00 2.796818862673459360e+00
-8.098352400000003115e+01 6.298249663636154017e-01 0.000000000000000000e+00 2.883463718163214562e+00
-7.940609600000001933e+01 6.175569952014685615e-01 0.000000000000000000e+00 2.524848779226913198e+00
-8.077204000000004669e+01 6.281802132507917635e-01 0.000000000000000000e+00 2.851144079704202028e+00
-8.100569200000001047e+01 6.299973713068028891e-01 0.000000000000000000e+00 2.400688257780769330e+00
-8.088286800000003041e+01 6.290421446403436923e-01 0.000000000000000000e+00 3.000838724671972102e+00
-8.167800000000003990e+01 6.352260442833703724e-01 0.000000000000000000e+00 2.463121339793362896e+00
-8.149027000000003795e+01 6.337660307510444291e-01 0.000000000000000000e+00 2.824458922045642417e+00
-8.164241200000006415e+01 6.349492693321724390e-01 0.000000000000000000e+00 2.307767736824325233e+00
-8.137374000000002638e+01 6.328597537738860357e-01 0.000000000000000000e+00 2.535662429258183970e+00
-8.214313800000002175e+01 6.388435149827736970e-01 0.000000000000000000e+00 2.601012883465892767e+00
-8.135547000000011053e+01 6.327176643516547738e-01 0.000000000000000000e+00 2.517339212784447611e+00
-8.253876800000007563e+01 6.419204081473941503e-01 0.000000000000000000e+00 3.061521838209608770e+00
-8.266210200000001862e+01 6.428796011852453418e-01 0.000000000000000000e+00 2.515784937010492328e+00
-8.296855400000004011e+01 6.452629393145180581e-01 0.000000000000000000e+00 2.191277763832478964e+00
-8.300753000000001691e+01 6.455660634152792232e-01 0.000000000000000000e+00 2.622374674687895535e+00
-8.293278200000001732e+01 6.449847333587390708e-01 0.000000000000000000e+00 2.765284390305757789e+00
-8.407741600000002791e+01 6.538867795397456106e-01 0.000000000000000000e+00 2.592211886320213043e+00
-8.351696400000010101e+01 6.495280329131062347e-01 0.000000000000000000e+00 2.624027034903228639e+00
-8.405535600000004592e+01 6.537152145340295872e-01 0.000000000000000000e+00 2.690514473513542892e+00
-8.396207400000008647e+01 6.529897418747723226e-01 0.000000000000000000e+00 2.290285875968456786e+00
-8.256670600000003901e+01 6.421376875277066132e-01 0.000000000000000000e+00 2.228863330993281267e+00
-8.416102800000005857e+01 6.545370466865250147e-01 0.000000000000000000e+00 2.185986533180953817e+00
-8.430692400000005193e+01 6.556717088838946994e-01 0.000000000000000000e+00 2.347754301976356928e+00
-8.459815200000004154e+01 6.579366469385060645e-01 0.000000000000000000e+00 2.188617995585803389e+00
-8.294977400000004764e+01 6.451168835208939134e-01 0.000000000000000000e+00 2.442291051849355465e+00
-8.361249600000004989e+01 6.502710042696825399e-01 0.000000000000000000e+00 2.793147629247640928e+00
-8.498597400000011248e+01 6.609528157348295574e-01 0.000000000000000000e+00 2.520664844742194877e+00
-8.511698200000006409e+01 6.619716909963374585e-01 0.000000000000000000e+00 2.711039569230843327e+00
-8.412405400000002942e+01 6.542494925377779769e-01 0.000000000000000000e+00 2.277590589375562580e+00
-8.585010000000005448e+01 6.676732954324515745e-01 0.000000000000000000e+00 2.878304559242744975e+00
-8.473195200000003524e+01 6.589772361390877631e-01 0.000000000000000000e+00 3.067937786381443654e+00
-8.474585800000005520e+01 6.590853858657194086e-01 0.000000000000000000e+00 2.864301646872896789e+00
-8.598628800000005867e+01 6.687324565837882151e-01 0.000000000000000000e+00 2.392356747039845022e+00
-8.597742000000005191e+01 6.686634883847540900e-01 0.000000000000000000e+00 2.411657229694002869e+00
-8.617316800000006083e+01 6.701858594971268346e-01 0.000000000000000000e+00 2.001887659230102035e+00
-8.673150400000005789e+01 6.745281495710879760e-01 0.000000000000000000e+00 2.274116312951543151e+00
-8.657895000000004870e+01 6.733417067840509196e-01 0.000000000000000000e+00 2.665843412524637746e+00
-8.505202200000003643e+01 6.614664841617349245e-01 0.000000000000000000e+00 2.492301917909657938e+00
-8.677910400000007485e+01 6.748983442343743366e-01 0.000000000000000000e+00 2.403068969527730303e+00
-8.626353200000006893e+01 6.708886382902612411e-01 0.000000000000000000e+00 2.041544293914820507e+00
-8.643671400000006599e+01 6.722355091343206190e-01 0.000000000000000000e+00 3.100446026857841986e+00
-8.622566200000002823e+01 6.705941157713817269e-01 0.000000000000000000e+00 2.481828823030356457e+00
-8.601795600000004072e+01 6.689787449156566757e-01 0.000000000000000000e+00 2.778568876540729260e+00
-8.669998999999999967e+01 6.742830589278354658e-01 0.000000000000000000e+00 2.699016613041637314e+00
-8.520918800000001170e+01 6.626887953896767325e-01 0.000000000000000000e+00 2.024703486124137086e+00
-8.614661000000008073e+01 6.699793126511699448e-01 0.000000000000000000e+00 2.097469660824873294e+00
-8.596687200000003770e+01 6.685814544917215718e-01 0.000000000000000000e+00 2.723383086155078292e+00
-8.656565200000005689e+01 6.732382855942951050e-01 0.000000000000000000e+00 2.548399768144470556e+00
-8.687465200000006860e+01 6.756414400261320230e-01 0.000000000000000000e+00 2.213620566177965987e+00
-8.713131400000007432e+01 6.776375514267277689e-01 0.000000000000000000e+00 2.583616875505728050e+00
-8.702545800000004306e+01 6.768142882696513984e-01 0.000000000000000000e+00 2.447172623153322402e+00
-8.616759400000005087e+01 6.701425093909679775e-01 0.000000000000000000e+00 2.291555494904337298e+00
-8.662994200000001399e+01 6.737382817056953854e-01 0.000000000000000000e+00 2.316076958700254540e+00
-8.620760000000005618e+01 6.704536440065022029e-01 0.000000000000000000e+00 2.796202146129675103e+00
-8.651222000000005607e+01 6.728227343075575684e-01 0.000000000000000000e+00 2.220361499641648084e+00
-8.596984600000007504e+01 6.686045838809784314e-01 0.000000000000000000e+00 2.213670702994682493e+00
-8.709176600000002111e+01 6.773299787682475204e-01 0.000000000000000000e+00 3.200059742631077508e+00
-8.810090000000003840e+01 6.851782145106979360e-01 0.000000000000000000e+00 2.275558270407550321e+00
-8.720023200000005659e+01 6.781735404142140711e-01 0.000000000000000000e+00 2.423961174093164139e+00
-8.724330600000007507e+01 6.785085354756930087e-01 0.000000000000000000e+00 2.355688670321013589e+00
-8.750693600000003869e+01 6.805588383975863520e-01 0.000000000000000000e+00 2.682781516741476580e+00
-8.723798600000000647e+01 6.784671607780310421e-01 0.000000000000000000e+00 2.602016022630191827e+00
-8.796294200000004082e+01 6.841052877174702562e-01 0.000000000000000000e+00 2.499337061241026170e+00
-8.686957200000004775e+01 6.756019318561844456e-01 0.000000000000000000e+00 2.687571402371375484e+00
-8.720071000000005768e+01 6.781772579152446356e-01 0.000000000000000000e+00 2.471593177170212208e+00
-8.625460000000002481e+01 6.708191723505030346e-01 0.000000000000000000e+00 1.892359529126202755e+00
-8.671940000000005000e+01 6.744340143567094659e-01 0.000000000000000000e+00 2.663990687489410814e+00
-8.811261000000001786e+01 6.852692855087456625e-01 0.000000000000000000e+00 2.305081654308650307e+00
