5.140000000000000124e-01
-2.097999999999999865e-01
1.494999999999999940e-01
-8.020000000000000462e-01
-2.656000000000000028e-01
-3.643000000000000127e-01
-4.960999999999999854e-01
-1.754999999999999893e-01
7.433999999999999497e-01
-2.903999999999999915e-01
-2.074000000000000010e-01
-8.079999999999999682e-02
5.804000000000000270e-01
-3.729000000000000092e-01
1.804000000000000048e-01
-6.627999999999999448e-01
8.507000000000000117e-01
-3.795999999999999930e-01
-1.040999999999999981e-01
-1.774000000000000021e-01
2.167999999999999927e-01
-6.329999999999999516e-02
9.567999999999999838e-01
1.766000000000000070e-01
7.641000000000000014e-01
-1.658999999999999919e-01
9.891999999999999682e-01
1.039999999999999952e-01
5.503000000000000114e-01
5.941999999999999504e-01
-6.983000000000000318e-01
1.229999999999999982e-01
-4.300000000000000003e-03
-5.866000000000000103e-01
-4.039999999999999841e-02
6.917999999999999705e-01
-4.235999999999999766e-01
-3.008000000000000118e-01
-4.809999999999999692e-02
-9.939000000000000057e-01
2.432999999999999885e-01
8.318999999999999728e-01
-1.656999999999999862e-01
-6.734999999999999876e-01
-6.696999999999999620e-01
1.179999999999999938e-01
8.994999999999999662e-01
-3.694999999999999951e-01
-6.360000000000000098e-01
-5.469999999999999862e-02
-7.634999999999999565e-01
9.425000000000000044e-01
3.625999999999999779e-01
-5.901999999999999469e-01
2.525999999999999912e-01
9.949000000000000066e-01
1.441999999999999948e-01
-3.146999999999999797e-01
-9.149000000000000465e-01
9.275999999999999801e-01
-3.059000000000000052e-01
4.289999999999999925e-01
7.924999999999999822e-01
-2.859999999999999765e-01
-4.615000000000000213e-01
6.513999999999999790e-01
-3.969999999999999918e-02
5.291000000000000147e-01
8.276000000000000023e-01
7.599999999999999985e-03
-1.801000000000000101e-01
9.070000000000000284e-01
2.908000000000000029e-01
-4.319999999999999951e-01
9.127999999999999448e-01
2.205000000000000016e-01
1.527000000000000024e-01
-2.899999999999999800e-01
5.078000000000000291e-01
9.475999999999999979e-01
-9.064999999999999725e-01
3.703000000000000180e-01
-2.767000000000000015e-01
-7.481999999999999762e-01
-3.526000000000000245e-01
8.358999999999999764e-01
-6.605999999999999650e-01
-6.592000000000000082e-01
8.319999999999999618e-02
-8.673999999999999488e-01
9.569999999999999341e-02
2.268999999999999906e-01
4.920000000000000068e-02
-4.736000000000000210e-01
-4.731000000000000205e-01
-7.107999999999999874e-01
1.877000000000000057e-01
-9.915000000000000480e-01
-3.582000000000000184e-01
5.564999999999999947e-01
6.444999999999999618e-01
-6.317000000000000393e-01
-5.081999999999999851e-01
7.187000000000000055e-01
-4.815999999999999726e-01
4.144999999999999796e-01
9.497999999999999776e-01
2.998000000000000109e-01
-9.363000000000000211e-01
-1.554999999999999993e-01
-6.078999999999999959e-01
1.081000000000000016e-01
-3.187999999999999723e-01
2.999999999999999737e-04
5.755000000000000115e-01
-9.596000000000000085e-01
9.382000000000000339e-01
3.447999999999999954e-01
-4.956999999999999740e-01
8.626000000000000334e-01
5.704000000000000181e-01
-2.111999999999999988e-01
-1.837999999999999912e-01
-9.481000000000000538e-01
-1.814999999999999947e-01
5.491000000000000325e-01
2.489999999999999991e-01
-2.149999999999999967e-01
-3.962999999999999856e-01
3.342999999999999861e-01
-6.765999999999999792e-01
6.898999999999999577e-01
4.499000000000000221e-01
4.118999999999999884e-01
3.578000000000000069e-01
-2.147999999999999909e-01
4.274000000000000021e-01
-2.620999999999999996e-01
-6.282999999999999696e-01
-2.886000000000000232e-01
-5.786999999999999922e-01
2.949999999999999845e-02
2.275999999999999968e-01
-8.167999999999999705e-01
-7.610999999999999988e-01
6.241999999999999771e-01
-7.764999999999999680e-01
4.267000000000000237e-01
-4.057999999999999940e-01
4.976999999999999758e-01
-2.003000000000000058e-01
-2.064000000000000001e-01
2.551999999999999824e-01
-7.447000000000000286e-01
5.927000000000000046e-01
-9.739999999999999769e-01
7.164000000000000368e-01
4.670000000000000262e-01
-7.711000000000000076e-01
-5.769999999999999574e-01
-9.929999999999999938e-02
-6.618000000000000549e-01
-1.763000000000000123e-01
7.282999999999999474e-01
-7.503999999999999559e-01
6.909999999999999476e-01
-9.937000000000000277e-01
-7.698000000000000398e-01
-1.847999999999999921e-01
-9.970999999999999863e-01
6.190999999999999837e-01
-7.699000000000000288e-01
-2.475999999999999868e-01
-6.514999999999999680e-01
2.685000000000000164e-01
3.931999999999999940e-01
-8.592999999999999527e-01
5.606999999999999762e-01
-4.898000000000000131e-01
8.697000000000000286e-01
-8.529999999999999805e-01
-4.390000000000000152e-02
-8.166999999999999815e-01
1.986999999999999877e-01
-8.997000000000000552e-01
-5.344999999999999751e-01
5.385999999999999677e-01
3.326999999999999957e-01
8.094000000000000083e-01
6.310000000000000053e-01
-7.567000000000000393e-01
-2.411999999999999977e-01
1.582000000000000073e-01
-5.776000000000000023e-01
3.501000000000000223e-01
3.023000000000000131e-01
-1.250999999999999890e-01
-9.250000000000000444e-01
6.847999999999999643e-01
8.721999999999999753e-01
6.288000000000000256e-01
-2.621999999999999886e-01
5.572000000000000286e-01
6.589000000000000412e-01
-4.385999999999999899e-01
3.821999999999999842e-01
1.476000000000000090e-01
9.545000000000000151e-01
2.406000000000000083e-01
-7.295000000000000373e-01
2.933999999999999941e-01
-4.628999999999999782e-01
-8.653999999999999471e-01
-1.867000000000000048e-01
5.073999999999999622e-01
-8.820999999999999952e-01
-6.027000000000000135e-01
3.694999999999999951e-01
6.592999999999999972e-01
-7.308000000000000052e-01
-1.527999999999999914e-01
1.610999999999999932e-01
5.201999999999999957e-01
3.245000000000000107e-01
2.315000000000000113e-01
7.442999999999999616e-01
-6.616999999999999549e-01
-7.762000000000000011e-01
-3.452000000000000068e-01
5.671000000000000485e-01
5.768999999999999684e-01
-4.874999999999999889e-01
-8.970000000000000195e-01
7.374000000000000554e-01
-2.548000000000000265e-01
-5.380000000000000060e-02
-2.919999999999999818e-01
-7.602999999999999758e-01
5.363999999999999879e-01
8.745000000000000551e-01
-8.618999999999999995e-01
-1.323999999999999899e-01
9.091000000000000192e-01
6.105000000000000426e-01
-1.444000000000000006e-01
