4.621000000000000107e-01
9.909999999999999365e-02
6.590000000000000302e-01
-2.235999999999999932e-01
-4.815999999999999726e-01
-3.890000000000000124e-01
6.259000000000000119e-01
-2.760000000000000231e-01
6.160000000000000198e-02
6.120999999999999774e-01
7.732999999999999874e-01
-9.099000000000000421e-01
-5.519999999999999907e-02
-5.231999999999999984e-01
6.145000000000000462e-01
-8.597000000000000197e-01
5.014999999999999458e-01
9.734000000000000430e-01
3.672000000000000264e-01
-4.862000000000000210e-01
7.682999999999999829e-01
2.529000000000000137e-01
-4.520000000000000129e-01
9.360000000000000542e-01
-2.243999999999999884e-01
3.598999999999999977e-01
4.037000000000000033e-01
-2.412999999999999867e-01
9.857000000000000206e-01
-6.707999999999999519e-01
6.431999999999999940e-01
5.154999999999999583e-01
7.781000000000000139e-01
5.578999999999999515e-01
-7.020999999999999464e-01
1.839000000000000079e-01
4.434000000000000163e-01
-3.096999999999999753e-01
4.179999999999999688e-02
-4.469999999999999668e-02
5.077000000000000401e-01
9.485999999999999988e-01
5.086000000000000520e-01
-2.078000000000000125e-01
-4.586999999999999966e-01
-8.730999999999999872e-01
-3.872999999999999776e-01
9.929999999999999938e-02
-3.992999999999999883e-01
-2.381000000000000061e-01
3.669999999999999929e-01
3.048000000000000154e-01
-3.599999999999999728e-02
-5.011999999999999789e-01
6.620000000000000329e-01
2.429999999999999938e-01
-4.032999999999999918e-01
1.313000000000000000e-01
-3.277999999999999803e-01
3.429999999999999716e-02
1.418999999999999984e-01
4.792000000000000148e-01
-4.809999999999999831e-01
3.953999999999999737e-01
-2.170000000000000054e-02
-4.838999999999999968e-01
-5.552000000000000268e-01
-4.239999999999999880e-01
3.862999999999999767e-01
-9.325999999999999845e-01
2.750000000000000014e-02
4.131000000000000227e-01
-2.832000000000000073e-01
4.023999999999999799e-01
6.260000000000000009e-01
-4.521000000000000019e-01
9.627999999999999892e-01
-1.816000000000000114e-01
-3.659999999999999920e-01
9.243999999999999995e-01
-7.887999999999999456e-01
6.619000000000000439e-01
3.453999999999999848e-01
-9.931999999999999718e-01
-1.831000000000000127e-01
8.987000000000000544e-01
6.458000000000000407e-01
-7.163000000000000478e-01
-6.612999999999999989e-01
3.316999999999999948e-01
5.059999999999999915e-02
-1.353000000000000036e-01
5.463999999999999968e-01
-6.068000000000000060e-01
-8.697000000000000286e-01
7.076000000000000068e-01
2.612999999999999767e-01
-2.808999999999999830e-01
-1.179999999999999973e-02
6.606999999999999540e-01
9.726000000000000201e-01
-5.131000000000000005e-01
-2.084999999999999909e-01
-9.002000000000000002e-01
6.873000000000000220e-01
1.348000000000000032e-01
1.739999999999999880e-02
3.210000000000000075e-01
2.359999999999999945e-02
-2.088000000000000134e-01
-8.884999999999999565e-01
8.881000000000000005e-01
-1.855999999999999872e-01
6.128000000000000114e-01
1.706999999999999906e-01
6.548000000000000487e-01
7.080000000000000182e-02
9.099000000000000421e-01
-1.560999999999999888e-01
-8.984999999999999654e-01
1.131000000000000061e-01
-6.101999999999999647e-01
6.511000000000000121e-01
-4.309999999999999942e-01
-7.557000000000000384e-01
7.093000000000000416e-01
-5.913000000000000478e-01
-8.518000000000000016e-01
1.925000000000000044e-01
5.865000000000000213e-01
4.606999999999999984e-01
-6.799999999999999621e-03
-1.600000000000000077e-03
-8.200000000000000691e-03
-2.562999999999999723e-01
2.318000000000000060e-01
-9.274000000000000021e-01
-4.454000000000000181e-01
-7.523999999999999577e-01
2.718999999999999750e-01
-9.728999999999999870e-01
-9.953999999999999515e-01
4.472999999999999754e-01
-3.922999999999999821e-01
7.069999999999999896e-02
-4.148999999999999910e-01
6.695999999999999730e-01
-4.686000000000000165e-01
-2.796000000000000152e-01
8.041000000000000369e-01
5.322000000000000064e-01
1.391000000000000014e-01
-9.379999999999999449e-02
-8.085999999999999854e-01
2.906000000000000250e-01
3.009000000000000008e-01
3.138000000000000234e-01
1.729999999999999941e-02
9.413000000000000256e-01
6.297000000000000375e-01
-1.618999999999999884e-01
-1.564000000000000112e-01
-2.121000000000000107e-01
1.431999999999999940e-01
-8.110000000000000542e-01
4.847000000000000197e-01
8.387000000000000011e-01
-8.700999999999999845e-01
-4.929999999999999938e-01
-7.401999999999999691e-01
7.980000000000000426e-01
3.992999999999999883e-01
8.599999999999999312e-02
1.295999999999999930e-01
4.260999999999999788e-01
-7.116999999999999993e-01
-3.135000000000000009e-01
-9.683000000000000496e-01
-1.194999999999999951e-01
-6.310000000000000331e-02
-2.031000000000000028e-01
-2.199000000000000121e-01
5.298000000000000487e-01
-8.831999999999999851e-01
-6.487000000000000544e-01
2.025000000000000133e-01
-7.739000000000000323e-01
-3.004000000000000004e-01
-6.181999999999999718e-01
2.393000000000000127e-01
-1.019000000000000045e-01
-9.426999999999999824e-01
1.643000000000000016e-01
9.606000000000000094e-01
9.428999999999999604e-01
-4.506000000000000005e-01
-6.899999999999999883e-03
-2.501999999999999780e-01
-6.550000000000000266e-02
-5.429000000000000492e-01
4.859999999999999876e-01
-7.745999999999999552e-01
4.001000000000000112e-01
4.120000000000000051e-02
9.850000000000000422e-02
6.765999999999999792e-01
8.894999999999999574e-01
-5.077000000000000401e-01
-8.072000000000000286e-01
-3.159000000000000141e-01
-3.246999999999999886e-01
1.063999999999999946e-01
-8.935999999999999499e-01
-6.432999999999999829e-01
-6.444999999999999618e-01
-8.463000000000000522e-01
7.387000000000000233e-01
-6.674999999999999822e-01
2.716000000000000081e-01
7.230999999999999650e-01
-3.825999999999999956e-01
-1.500000000000000031e-03
3.805000000000000049e-01
3.714999999999999969e-01
-8.381999999999999451e-01
3.412000000000000033e-01
-8.473000000000000531e-01
5.556999999999999718e-01
3.479999999999999760e-02
-7.963000000000000078e-01
6.058999999999999941e-01
2.184000000000000108e-01
9.049999999999999711e-02
-3.635999999999999788e-01
-5.013999999999999568e-01
1.179000000000000048e-01
6.870000000000000551e-01
-4.485000000000000098e-01
-2.983000000000000096e-01
-5.153999999999999693e-01
-1.024000000000000049e-01
4.934999999999999942e-01
-5.362999999999999989e-01
9.055999999999999606e-01
4.274999999999999911e-01
