-8.759999999999999731e-02
2.599999999999999881e-03
1.826000000000000123e-01
-1.285999999999999921e-01
7.166000000000000147e-01
4.048999999999999821e-01
-1.565999999999999892e-01
-7.872999999999999998e-01
-6.697999999999999510e-01
5.243999999999999773e-01
9.274999999999999911e-01
2.626000000000000001e-01
-8.849000000000000199e-01
7.848000000000000531e-01
8.864999999999999547e-01
8.971999999999999975e-01
-3.118000000000000216e-01
6.169999999999999790e-02
7.785999999999999588e-01
5.369999999999999774e-02
-5.839999999999999636e-01
-9.569999999999999618e-01
-6.898999999999999577e-01
-9.329999999999999405e-02
-5.900999999999999579e-01
-9.604000000000000314e-01
4.303000000000000158e-01
-8.478999999999999870e-01
5.473999999999999977e-01
6.631000000000000227e-01
5.920000000000000262e-02
8.761999999999999789e-01
5.191999999999999948e-01
-7.612999999999999767e-01
1.534999999999999976e-01
-5.368000000000000549e-01
-3.199000000000000177e-01
-5.250000000000000222e-01
6.865999999999999881e-01
-3.427999999999999936e-01
-3.351000000000000090e-01
6.470000000000000195e-01
3.014000000000000012e-01
-8.897000000000000464e-01
-9.657999999999999918e-01
7.119999999999999662e-01
-3.572000000000000175e-01
3.607000000000000206e-01
5.368000000000000549e-01
-5.380000000000000338e-01
-8.931000000000000050e-01
3.131999999999999784e-01
-3.541000000000000258e-01
6.189999999999999947e-01
5.901999999999999469e-01
-2.906000000000000250e-01
-4.491999999999999882e-01
7.288999999999999924e-01
6.322999999999999732e-01
8.410999999999999588e-01
-7.779000000000000359e-01
6.542999999999999927e-01
-5.296999999999999487e-01
6.669999999999999540e-02
1.195999999999999980e-01
-2.033999999999999975e-01
-5.580000000000000238e-02
-3.538999999999999924e-01
-9.325999999999999845e-01
4.830999999999999739e-01
-5.473000000000000087e-01
3.119000000000000106e-01
-3.290000000000000147e-01
6.110000000000000153e-02
-4.632000000000000006e-01
6.137000000000000233e-01
5.224999999999999645e-01
3.337999999999999856e-01
1.633000000000000007e-01
-9.352000000000000313e-01
-1.736999999999999933e-01
-6.149000000000000021e-01
9.464000000000000190e-01
2.932000000000000162e-01
-1.260000000000000009e-01
3.559999999999999970e-02
-4.811000000000000276e-01
6.055000000000000382e-01
-4.056000000000000161e-01
7.816999999999999504e-01
3.950000000000000039e-02
-4.597999999999999865e-01
-4.163000000000000034e-01
-9.650999999999999579e-01
5.351000000000000201e-01
4.526999999999999913e-01
-3.052000000000000268e-01
1.376999999999999891e-01
-7.549999999999999767e-02
-7.788000000000000478e-01
3.897999999999999798e-01
1.492999999999999883e-01
5.040999999999999925e-01
2.795000000000000262e-01
8.841999999999999860e-01
4.294000000000000039e-01
-3.269999999999999990e-02
-7.275000000000000355e-01
9.849999999999999867e-01
4.275999999999999801e-01
-4.414000000000000146e-01
-4.642999999999999905e-01
9.616000000000000103e-01
-2.833999999999999853e-01
4.737999999999999989e-01
8.368999999999999773e-01
-5.614999999999999991e-01
-5.376999999999999558e-01
-8.178999999999999604e-01
1.612999999999999989e-01
3.271999999999999909e-01
2.978999999999999981e-01
-1.622999999999999998e-01
-9.039000000000000368e-01
-4.283000000000000140e-01
3.299999999999999982e-03
1.486000000000000099e-01
-1.487999999999999878e-01
9.159000000000000474e-01
-9.175999999999999712e-01
-3.612000000000000210e-01
9.784000000000000474e-01
9.467999999999999750e-01
6.410000000000000142e-01
-9.700000000000000289e-02
9.848000000000000087e-01
7.910000000000000364e-01
-8.900000000000000133e-01
-4.234999999999999876e-01
3.482999999999999985e-01
-6.272999999999999687e-01
-5.138000000000000345e-01
3.399999999999999811e-03
7.015000000000000124e-01
5.319000000000000394e-01
-2.649000000000000243e-01
2.152999999999999914e-01
-1.806999999999999995e-01
-8.209999999999999520e-01
-8.440999999999999615e-01
-6.562999999999999945e-01
8.810000000000000053e-01
6.028000000000000025e-01
-1.770000000000000046e-02
6.586999999999999522e-01
-3.869000000000000217e-01
-2.675000000000000155e-01
-7.697000000000000508e-01
4.748999999999999888e-01
1.078000000000000069e-01
-3.936000000000000054e-01
1.491999999999999993e-01
4.565000000000000169e-01
-9.683000000000000496e-01
-6.005000000000000338e-01
2.525000000000000022e-01
-9.941999999999999726e-01
1.366999999999999882e-01
-3.570000000000000256e-02
-1.039999999999999952e-01
-2.959999999999999853e-01
2.570999999999999952e-01
1.000000000000000021e-03
-5.228000000000000425e-01
4.370999999999999885e-01
-1.125000000000000028e-01
8.779000000000000137e-01
-5.400000000000000286e-03
6.907999999999999696e-01
9.971999999999999753e-01
4.920000000000000068e-02
-4.541999999999999926e-01
3.694999999999999951e-01
-7.895999999999999686e-01
-5.174999999999999600e-01
3.599999999999999728e-02
8.890000000000000124e-01
-7.264000000000000457e-01
-7.407000000000000250e-01
-9.200000000000000400e-01
-7.616000000000000547e-01
7.419999999999999929e-01
-7.388000000000000123e-01
-3.362999999999999878e-01
9.909999999999999920e-01
-2.497999999999999943e-01
-2.323999999999999955e-01
-5.897000000000000020e-01
9.549999999999999600e-01
5.887000000000000011e-01
3.136999999999999789e-01
-8.546000000000000263e-01
-7.488000000000000211e-01
1.033000000000000029e-01
9.353000000000000203e-01
3.897999999999999798e-01
7.453999999999999515e-01
-7.790000000000000258e-01
1.313000000000000000e-01
9.170000000000000373e-01
2.730000000000000204e-01
5.870999999999999552e-01
-1.096000000000000030e-01
-8.212000000000000410e-01
-6.232999999999999652e-01
-4.007000000000000006e-01
6.990000000000000380e-02
7.947999999999999510e-01
-5.725000000000000089e-01
6.522000000000000020e-01
-9.401000000000000467e-01
-7.381999999999999673e-01
-2.326999999999999902e-01
-5.352000000000000091e-01
1.363999999999999935e-01
7.322999999999999510e-01
7.993999999999999995e-01
6.208000000000000185e-01
6.290999999999999925e-01
5.889999999999999680e-01
4.562999999999999834e-01
8.434000000000000385e-01
-7.943000000000000060e-01
2.657999999999999807e-01
2.467999999999999916e-01
5.561000000000000387e-01
1.809000000000000052e-01
-4.655000000000000249e-01
-8.778000000000000247e-01
-8.806000000000000494e-01
-7.129999999999999671e-01
-4.020000000000000240e-01
-2.111999999999999988e-01
9.091000000000000192e-01
3.789000000000000146e-01
