-8.875999999999999446e-01
-1.057000000000000023e-01
8.659999999999999643e-02
-5.470000000000000417e-01
-1.426999999999999935e-01
5.423999999999999932e-01
-5.192999999999999838e-01
4.491999999999999882e-01
7.916999999999999593e-01
-4.875999999999999779e-01
-6.482999999999999874e-01
-7.375000000000000444e-01
-3.225000000000000089e-01
8.007999999999999563e-01
5.191999999999999948e-01
-7.256000000000000227e-01
9.724000000000000421e-01
-2.650000000000000133e-01
2.589000000000000190e-01
5.931999999999999496e-01
1.913999999999999868e-01
-1.338999999999999913e-01
-7.559000000000000163e-01
4.752000000000000113e-01
-8.901000000000000023e-01
-6.538000000000000478e-01
9.762999999999999456e-01
2.939999999999999905e-02
-1.680999999999999994e-01
7.703999999999999737e-01
8.692999999999999616e-01
-8.794999999999999485e-01
-5.320000000000000284e-01
7.227999999999999980e-01
-4.576000000000000068e-01
-5.703000000000000291e-01
4.084999999999999742e-01
6.812000000000000277e-01
9.488999999999999657e-01
8.568000000000000060e-01
8.771999999999999797e-01
9.707999999999999963e-01
1.776000000000000079e-01
2.621999999999999886e-01
5.021999999999999797e-01
2.737999999999999878e-01
-1.403000000000000080e-01
7.601999999999999869e-01
8.851999999999999869e-01
2.117999999999999883e-01
-4.209999999999999853e-01
3.648000000000000131e-01
-5.187000000000000499e-01
-6.146000000000000352e-01
-1.969999999999999876e-02
5.376999999999999558e-01
-6.634999999999999787e-01
8.234000000000000208e-01
3.009999999999999828e-02
-5.977999999999999980e-01
8.320999999999999508e-01
4.233000000000000096e-01
-6.483999999999999764e-01
1.988999999999999935e-01
4.329999999999999960e-01
-9.306999999999999718e-01
-7.588000000000000300e-01
-8.449999999999999734e-01
1.260000000000000009e-01
8.225000000000000089e-01
5.535999999999999810e-01
8.887000000000000455e-01
2.639999999999999986e-02
5.483999999999999986e-01
5.825000000000000178e-01
6.074000000000000510e-01
1.660000000000000017e-02
5.696999999999999842e-01
3.537000000000000144e-01
-8.625000000000000444e-01
-5.903000000000000469e-01
1.063000000000000056e-01
9.587999999999999856e-01
5.083999999999999631e-01
3.932999999999999829e-01
-6.138000000000000123e-01
9.249999999999999889e-02
6.855999999999999872e-01
-5.686999999999999833e-01
3.372999999999999887e-01
6.800000000000000488e-01
-3.714000000000000079e-01
-7.491999999999999771e-01
-3.143000000000000238e-01
-3.623000000000000109e-01
7.652999999999999803e-01
-9.387999999999999678e-01
9.204999999999999849e-01
5.574000000000000066e-01
-8.940000000000000169e-01
-6.095000000000000417e-01
7.872000000000000108e-01
8.841999999999999860e-01
9.700000000000000289e-02
-8.456000000000000183e-01
5.399000000000000465e-01
-8.033000000000000140e-01
-8.082000000000000295e-01
-5.051999999999999824e-01
6.237000000000000322e-01
3.801999999999999824e-01
-4.116000000000000214e-01
2.038000000000000089e-01
-5.731000000000000538e-01
9.151000000000000245e-01
5.319999999999999729e-02
-3.443999999999999839e-01
4.837000000000000188e-01
6.301999999999999824e-01
4.889000000000000012e-01
-4.117999999999999994e-01
-4.626000000000000112e-01
9.939999999999999947e-01
3.620000000000000301e-02
3.837999999999999745e-01
7.623999999999999666e-01
-1.460000000000000013e-02
-7.082000000000000517e-01
3.050999999999999823e-01
4.783000000000000029e-01
-8.890000000000000679e-02
9.242000000000000215e-01
1.627000000000000113e-01
-9.910999999999999810e-01
-3.785999999999999921e-01
-3.054000000000000048e-01
-7.006999999999999895e-01
-1.275000000000000022e-01
7.734999999999999654e-01
-8.098999999999999533e-01
4.569999999999999757e-02
9.636000000000000121e-01
-7.234000000000000430e-01
6.825999999999999845e-01
-9.235999999999999766e-01
6.099999999999999867e-01
-5.588999999999999524e-01
-4.639999999999999680e-02
2.325000000000000122e-01
7.489000000000000101e-01
9.995000000000000551e-01
-3.146999999999999797e-01
-2.190999999999999892e-01
-1.967000000000000137e-01
-8.431999999999999496e-01
7.340999999999999748e-01
4.039999999999999841e-02
6.978999999999999648e-01
-1.529999999999999936e-02
4.670000000000000262e-01
8.356000000000000094e-01
5.527999999999999581e-01
-9.252000000000000224e-01
5.324999999999999734e-01
-6.238000000000000211e-01
1.973000000000000032e-01
-6.494999999999999662e-01
4.227000000000000202e-01
3.252999999999999781e-01
3.064999999999999947e-01
-2.321000000000000008e-01
-3.511000000000000232e-01
7.257000000000000117e-01
7.873999999999999888e-01
6.408000000000000362e-01
9.159000000000000474e-01
-2.162999999999999923e-01
-6.867999999999999661e-01
-2.990999999999999770e-01
5.611000000000000432e-01
5.301000000000000156e-01
2.309999999999999901e-02
-5.396999999999999575e-01
8.847000000000000419e-01
-9.060000000000000275e-01
4.714999999999999747e-01
3.870999999999999996e-01
3.625999999999999779e-01
-7.498000000000000220e-01
-7.248999999999999888e-01
3.195999999999999952e-01
-7.756999999999999451e-01
9.400000000000000022e-02
-6.945000000000000062e-01
3.010999999999999788e-01
-7.248999999999999888e-01
8.409999999999999420e-02
-2.766000000000000125e-01
-1.125000000000000028e-01
9.610000000000000486e-02
-1.363999999999999935e-01
2.883999999999999897e-01
-1.170999999999999958e-01
2.195999999999999897e-01
6.041999999999999593e-01
6.739000000000000545e-01
-1.348000000000000032e-01
7.309999999999999831e-02
9.176999999999999602e-01
5.582000000000000295e-01
3.144000000000000128e-01
6.137000000000000233e-01
-7.409000000000000030e-01
3.030000000000000054e-02
-1.925999999999999934e-01
