1.567926870371542103e+00
2.329222541932671198e-01
-4.557238245939786436e-01
9.920718276633804233e-01
2.726142879044830547e-01
8.272050610049885844e-01
4.084025847257397590e-01
-4.378634081108914167e-01
2.885757539662421323e-01
-4.133822715543999937e-01
-5.008271466065280508e-01
-6.773501395382418300e-02
-7.413288480247497148e-02
1.002189063646753864e+00
1.031600057248564628e+00
-8.869524814893778308e-02
1.016973597248439498e+00
2.617009720120312410e-01
3.351685446539803270e-01
8.291090240853807858e-01
6.783090842737655723e-01
1.498875789873291176e+00
1.590325378229944520e-01
1.539476930514147135e+00
-8.006152787147713390e-02
5.625220737646385166e-02
-2.883012109025278723e-03
1.037536716887428989e+00
1.110027255410749092e+00
-5.226608943660888962e-02
-8.644612310573826508e-02
1.032529292825353107e+00
1.121412642082459943e+00
1.140074866531880948e+00
1.053922969280981503e+00
1.088385388982411106e+00
-3.794231300901150239e-01
1.065683673778928364e+00
-1.238370077233944405e-01
-3.116783248377413273e-01
-9.053906624488727850e-02
-4.678577365640411156e-01
-1.474493701183572092e-01
-4.512481781205371356e-02
-1.294552206198633926e-01
-7.213986453092126327e-02
1.013244182307391217e+00
-1.219980710089713094e-01
-6.928315227137946120e-02
1.002021367403727048e+00
-1.775699212716427278e-01
-2.543525424744588412e-02
-4.334279107608796089e-02
-2.216190535731677458e-01
-5.177849420659361712e-01
-1.021460644106873261e-01
1.001130958611611943e+00
-8.281357047557422885e-03
1.120820794831801859e+00
-1.863601965446051723e-02
-8.308271076939889588e-02
-2.062145861861739982e-01
-2.605344524741813328e-01
-2.543886716893505873e-01
-1.121072554045565578e-01
-2.004586947317984758e-01
-3.281487515847560932e-01
-1.147730671694830763e-02
-5.578423057207813895e-04
1.037605556208269997e+00
1.089246858377407312e+00
1.011483369151094713e+00
-6.658140366035722457e-03
-2.208841067285040316e-01
-6.581920057268303426e-02
-5.183146915287899226e-02
-3.169263832705575962e-02
1.001021336660130601e+00
1.005284991073845058e+00
-5.423041819508157488e-03
1.001552488492823523e+00
-1.921059811178191593e-02
1.036083786311536636e+00
-4.664770652861425018e-03
1.032647595063082457e+00
1.026547565793065830e+00
-3.347392764098967161e-02
-2.714098769173342064e-03
-6.510254145073744725e-02
-7.082025140904617266e-02
-1.320760180075739379e-02
-1.631188364617922396e-02
-2.859924148396998655e-02
-2.289708212738283608e-02
-4.303014739784006594e-03
-1.170258518160717347e-02
1.021180885806675764e+00
-3.292182131103460474e-02
1.005537545930463628e+00
-3.052385465062812039e-02
-1.157650052241884601e-02
-1.628783852575725480e-03
-1.532607839779801494e-02
-1.959653106994870692e-02
-1.386409549616275574e-03
1.002773262883157601e+00
-1.252396893493323490e-02
1.001390338827095938e+00
-5.539494376542736936e-03
-9.701077286140419309e-03
-8.314316458597497198e-03
-9.697962982095874318e-03
1.001381760837161350e+00
-2.254405746706170111e-02
-2.341928205267055155e-02
-1.663487069828101586e-02
1.001384681581275027e+00
-4.124284375272272568e-02
-1.226752101259523733e-02
-8.041281894306992473e-02
