9.969164319062119306e-01
9.867574349938845746e-01
1.065898367543530290e+00
-4.478599673695187189e-01
6.810732327334937386e-01
2.516428493235059807e-02
2.226248317134113877e-02
2.794658221585653024e-01
7.008902746571912257e-01
-1.573390842332959144e-02
1.028244729813811986e+00
9.531465636073305214e-01
-5.780293181433580202e-02
-5.034107158299001850e-02
-3.329565767868524623e-02
9.855959200745922910e-01
-5.130164637759569712e-02
9.949857181824076635e-01
-9.971305553884493578e-02
1.721332114914221265e-03
-6.074935464446743622e-02
-9.647152149612371955e-03
-2.709227004461383162e-02
-8.305107663408575758e-02
2.239175065986193439e-02
-5.422300608141321365e-02
-2.882213836757877706e-02
3.260739882783025845e-03
-8.339024917474256726e-03
-9.237392336529927361e-02
-5.628754478678395234e-02
-4.124360052476460509e-02
-1.915631297368695571e-02
-5.335496423465810323e-02
-9.982448807430033960e-03
-8.774720509325514839e-02
-6.338794555964237347e-03
1.059604178069799785e+00
-1.809455808386396802e-02
-7.037228705458771494e-02
-1.500505562846523797e-02
-4.714083437858672399e-02
-6.840383604330578862e-03
1.468834047202912871e-02
-6.263381490087648051e-02
-6.404500221597986265e-02
1.018120604452092071e+00
2.990901756301022479e-02
3.608943150992379584e-02
-6.082935338485340876e-02
-3.047838063294344355e-02
-6.331670642382258851e-02
-8.385739867702977912e-02
-6.038721259480040598e-02
1.606286362529392095e-03
-4.108470709634318846e-02
-3.302910959462956875e-02
-5.907300582422436719e-02
1.884139517896164795e-02
-6.501279118923185274e-02
-7.349997759201004621e-02
-5.723962261354541975e-02
-3.465029717190798442e-02
-4.881848616389052042e-02
-9.040612684163065738e-02
-1.505436921498535044e-02
-5.775637383544193065e-03
-8.805760908360758810e-02
-3.185237211962844289e-02
-3.532968581215724380e-02
-1.665708937041801910e-03
-8.396800244467247931e-02
-7.509854234085988622e-02
-8.493544630560290187e-02
-7.744840572233052667e-02
-5.151712350964647580e-02
2.933390966694939678e-02
-9.595946535843906389e-02
-4.304085336756342806e-02
-3.634330918377925296e-02
-7.258749354296353817e-02
-8.348548689860059435e-02
-4.671449768413273029e-02
-8.490250163590006005e-02
-4.136949387629579311e-02
-4.154821151725679451e-02
-1.055492883893626999e-01
-5.321275074867350130e-02
-1.202755180850426098e-02
-6.080048681073282196e-02
-4.004427527278083682e-02
-1.257123166997195507e-02
-5.913391000830846983e-02
-9.894176517024765027e-02
-5.600767734878952381e-02
-8.710138411831788718e-02
4.475621072883034096e-02
-2.870724921375970504e-02
-9.399685858236497826e-02
6.356955677509013025e-01
-5.150248003606330144e-02
-1.131504956927912968e-03
-8.335962361282575617e-02
-4.525146989807042608e-02
-8.571400260720703213e-02
-5.059209760822408475e-02
-1.774039802926723544e-02
-2.723785777604664088e-02
-6.070381286863415354e-02
7.140782077229060852e-03
-3.171750306526330970e-02
-1.020037473967031760e-01
-1.100144566977690475e-01
-4.665436047548746773e-02
-1.085216743258393263e-01
-3.536099311639732956e-02
-8.012339863844360199e-02
-6.430036999426777533e-02
-9.504128729980866608e-02
-4.765814553225956179e-02
-1.845017506857388537e-02
-6.663695243483903907e-02
5.804006109541971076e-02
-5.781864110089155601e-02
-6.727467648401361244e-02
-3.271915886463543088e-02
-2.385810499685614081e-02
-2.267752311237737975e-02
-1.008389042625320448e-01
-6.168545565389902535e-02
-7.245688630874098923e-02
-6.283019778983417458e-02
-1.301164877727821294e-02
-1.089495808921748105e-01
-1.019874407627257007e-01
-1.216517689600807028e-01
-1.135188575859326712e-02
-4.330402720945146500e-02
-6.917206842409870382e-02
-1.288120492509453041e-01
4.332557756488219364e-02
-6.657366874574092985e-02
3.264621774363220957e-02
-4.093052098308280762e-02
-7.654386072597689494e-02
-1.171666942784642812e-01
-8.169316717191646426e-02
-5.638996442478587390e-02
-8.806518913675896731e-02
-9.457976337950578863e-03
-8.156334933989865810e-02
-6.432897530891522331e-02
-8.006689042964044989e-02
-8.460609326893885063e-02
-2.695034644674208432e-02
-4.897638124209439253e-02
-4.038031809342138706e-02
-5.077244193078295220e-02
-4.586010613924140084e-02
-1.285561036944897206e-01
-6.081609408368874453e-02
-1.018828027433059946e-01
-7.397014007696138538e-02
-3.873126467129476419e-02
-3.198837569316193008e-02
3.052538000907951965e-02
-7.883443160012010287e-02
-9.225948212680089994e-04
-1.026291271692994500e-01
-1.168673033798450639e-01
-8.769833764384615815e-02
-2.162521992453365210e-02
-1.197211470349569991e-02
-4.348316054769595790e-02
-2.010882235699112952e-02
-1.385950173793327189e-01
-7.468957412208829250e-02
-1.069221151963520473e-02
-9.360120502407975884e-05
4.502139274798189900e-03
-2.790420443816285512e-02
-1.539907876858857133e-02
1.477902547455043139e-02
3.491510414367769884e-03
-1.910342250156683158e-02
-3.440196188168931357e-02
-1.691688147366767619e-02
-5.781633481704442218e-02
-2.481280864863318752e-02
-5.300617403252662341e-02
-1.119009061089760032e-01
8.500920434523764543e-04
-5.991007142882972397e-02
-3.969326880993831463e-02
-5.181203731027779480e-02
-7.530281256086068797e-02
-6.979174652132517920e-02
-6.227767135929297010e-02
-5.346139913276221761e-02
-6.178493996564073804e-02
-6.252836094838702674e-02
-9.716705765435575126e-02
-5.618452609739012227e-02
-1.049247471024377688e-02
-9.377011966826251377e-02
-2.755950586262875465e-02
-7.257722395927479475e-03
-8.547589329197040342e-02
-1.079147012718746079e-01
-7.278086825176881269e-02
6.050524892053208426e-01
-7.332885842089754969e-02
1.194947370752185226e-02
-7.144273221946212393e-02
-6.572140491929159833e-02
-1.409969177147285882e-02
-9.584757614472232817e-03
4.431345220395925197e-04
-9.442817066414445348e-02
-5.474715026323430205e-03
-4.719741055578859784e-02
-6.855280321520296205e-02
4.179796470675859778e-03
-3.953107295724225118e-02
-4.596365918197260064e-02
-8.209570248595443598e-02
-5.561709070539912897e-02
-5.686976375909617160e-02
-3.942008216922125025e-02
-6.238418569085954490e-02
-1.061218109640381102e-01
-7.874586678652352456e-03
-8.722473802890857997e-02
-4.382756337782833800e-02
-4.922255655262131047e-02
-4.289182919542278843e-02
-3.989614168498667457e-02
-5.583353732562377179e-03
-7.575923144736015913e-02
4.351469698067676056e-02
-6.291396265200553672e-02
-1.549641049011558046e-02
-6.662277010663068821e-02
-3.889580151452381312e-02
6.435740350516077068e-01
-4.208629811373579971e-02
-9.108214581442870827e-02
-9.824257534560273952e-02
-4.309083468502625941e-02
8.857542708217190988e-04
-8.417116182394771690e-03
2.100517478457261666e-02
-1.314444879708644154e-01
-7.031293640384336796e-02
-1.229342116770307386e-01
-5.532018504599658937e-02
-1.009191622209586331e-01
-9.620545523698562085e-02
-6.754649509903154492e-02
-1.730278226008480358e-02
-2.680940819613718620e-02
-4.378559377316270512e-02
-9.439471186962242188e-02
-7.641101000903763318e-02
-3.696412927221893324e-02
6.022101279246965255e-01
5.546437759600562900e-02
-3.927062046357907357e-03
-4.844578010630103820e-02
-3.763818608824540113e-02
1.078955573368996612e+00
-6.815813537041551240e-02
-8.549358044575655624e-02
-1.076307262392712238e-01
-7.017104361273181212e-02
-4.719448201082520472e-02
-5.145671940672417316e-02
-1.286676331165863829e-01
-1.075896852708533163e-01
-2.433743353300975298e-02
-2.376518898639975313e-02
-1.062277500898425042e-01
-1.157912668825688413e-01
-4.647500888110497885e-02
-6.196914883678239505e-02
-3.659196141299936311e-02
6.324106403584370817e-01
-8.975076678479787518e-02
6.273519091438832795e-01
-8.662916530106380686e-02
-8.648388695627351463e-02
-7.848018948081572632e-02
-9.914684526613032345e-02
-3.910070405547006606e-02
-5.237913702485222367e-02
6.158330403178980950e-01
5.608636540890818978e-01
1.005790750351881258e+00
-1.012709890660297984e-01
-3.657185332719467552e-02
-5.996332090382634761e-02
-9.372338786467260263e-02
-9.080008616958909484e-02
-3.275928144332412861e-02
-2.930807096599621214e-02
-9.226908486947077437e-02
-7.092045757461443167e-02
-1.168400011536851885e-01
-1.381534415364931434e-01
-4.721956732722955297e-02
-8.962620893395684130e-02
-5.127035017719398791e-02
-8.836074212397029837e-02
-8.398415705751016702e-02
-6.001224185769052366e-02
-4.594992709117388247e-02
-3.246304090509765511e-02
-8.805276978302419011e-02
-7.477675435992395259e-02
-1.491620386239128453e-02
-6.094648902967560872e-02
-1.006687951660328317e-01
-7.342197194527463888e-02
-1.238043394000065273e-01
-8.458066434558972335e-02
-7.304008574137479948e-02
-9.432898133412330466e-02
-1.041805556380108327e-01
-8.398228638406197988e-02
-3.435063082990787858e-02
-6.393934699412885669e-02
-9.159132731144405126e-02
9.990805097969295279e-01
-4.399762448747911170e-02
-7.744890612522677131e-02
-4.330376629457920179e-02
-9.717549689732049578e-02
-5.012281047236117476e-02
-2.886715908924913226e-02
-1.830970792785400342e-02
-6.024434413938519611e-02
-2.956143600191844106e-02
1.031434283402707708e+00
-2.548649480138145615e-02
-6.653938091857176940e-02
-4.984201888079088649e-02
-5.459534375455675492e-02
-9.500377422696738849e-02
-7.294506922607531252e-02
-2.924123435456835347e-03
-3.065809379954903546e-02
-5.163887815842426593e-02
-6.987888401178778131e-02
-4.951381313287792074e-02
-6.377742197272601166e-02
-1.041111823761715766e-01
-4.001711731554760676e-02
-4.966086094377291510e-02
-8.662046199363755694e-02
-7.715532824767057374e-02
-7.857005204482464533e-02
-1.674466838592312823e-01
-1.483718876309364498e-01
-1.803969598567950819e-02
-1.390681109355001444e-01
-6.576817371468250684e-02
-1.291135566271155721e-01
-1.223004487193487949e-01
-6.911405792478039767e-02
3.093411976816970964e-03
-8.546355234438136883e-02
-3.836143665543417791e-02
-1.427486779884246382e-01
-9.252780227260413992e-02
-1.091241874715902782e-01
-9.006249995406594155e-02
-5.391928304295121044e-02
-4.996176612289009167e-02
-1.288560154189110629e-01
-1.109647046990239194e-01
-4.400551287246848992e-02
-1.139394353426407963e-01
-1.058032005919426616e-01
-5.221002805027792626e-02
1.035446296814377609e+00
1.002241571458654557e+00
1.068193646369963279e+00
-6.082099365668549446e-02
-6.036138979186105036e-02
-8.421195708136094971e-02
-1.293495268650159957e-01
-3.034273392957188495e-02
-7.408599728733678003e-02
-1.455107105274524582e-01
-5.895322866161505776e-02
-1.366684374380504330e-01
-6.357491732431483356e-02
-1.684132590491274062e-01
-7.038215986313359207e-02
-1.117471952105394961e-01
-6.325848493441986464e-02
-3.872991870507618700e-02
-7.713760910352708555e-02
-8.781233122609206909e-02
-7.303668972474081089e-02
-5.116203677011724876e-02
-7.231811936779593275e-02
-1.720255212544226087e-01
-2.612478635982202688e-02
-5.366044683218967881e-02
-1.516984118149899141e-01
-7.144022295950971935e-02
-7.239297301575721433e-02
6.032826683543359714e-01
-1.341646496080921291e-01
-4.941191655289341872e-02
-5.699235904675714615e-02
6.059167133680892769e-01
-1.407676832922537813e-01
-8.714925368888788715e-02
-1.499369436148855761e-01
-5.838905166092440285e-02
-7.283346268711586580e-02
-2.255544849026980270e-01
-6.982094247949630073e-02
-6.629246236567201689e-02
-7.348803132529289905e-02
-4.621084407553679302e-02
-7.813734308048790600e-02
-6.003114585572048856e-02
-5.376341684215221045e-02
5.867125708579360444e-01
-6.931016190313366021e-02
-1.829142268212426148e-01
-5.147674271673272073e-02
-1.327287164425026422e-01
-7.703241938077555473e-02
-1.043731147763092004e-01
-2.080727802303557750e-01
-8.344948573813301684e-02
-8.164892871363624294e-02
-8.012583578783813443e-02
-3.022373266057333877e-02
-1.969845381870817813e-01
-3.673957623706756298e-02
-6.055684783472290583e-02
-6.472485186670612345e-02
-1.205511577158001613e-01
-7.893052045063905786e-02
-1.475948692493850301e-02
-8.719710083124050659e-02
-6.792617097881800681e-02
-1.572351558343771105e-01
-1.592787172691808861e-01
-7.100614579176547925e-02
-1.228849155100509849e-01
-3.067593748276623358e-02
6.091774819117486972e-01
-1.251254686245176218e-01
-7.204891753337003268e-02
-1.497842968410807440e-01
-8.365086301510087086e-02
-1.141292834403339618e-01
-3.839153582203959358e-02
-1.582719389265229148e-01
-1.322885996623996974e-01
-8.972818999827095188e-02
-8.938327129424274153e-02
-6.768397565000565212e-03
-1.622791044143670758e-01
-1.355455109509117739e-01
-8.334861212358272986e-02
-5.427148443621603036e-02
-6.682753646534383973e-02
-9.374550019531568967e-02
-1.279808201648293120e-01
-8.843126114225791090e-02
-3.390549627425687440e-02
-1.803417636031588722e-01
-1.278791416839472062e-01
