-5.205999999999999517e-01
-3.215999999999999970e-01
7.189999999999999725e-01
4.485000000000000098e-01
5.012999999999999678e-01
6.754000000000000004e-01
8.086999999999999744e-01
8.275000000000000133e-01
5.504999999999999893e-01
-9.082999999999999963e-01
-6.087000000000000188e-01
7.711999999999999966e-01
-2.819999999999999937e-02
8.083000000000000185e-01
-7.342999999999999527e-01
-5.847999999999999865e-01
-3.189000000000000168e-01
-2.717999999999999861e-01
-5.687999999999999723e-01
4.526000000000000023e-01
-1.101000000000000034e-01
-4.475999999999999979e-01
4.507999999999999785e-01
-7.713999999999999746e-01
8.440999999999999615e-01
-7.327000000000000179e-01
-6.521000000000000130e-01
-5.170000000000000290e-02
-9.603000000000000425e-01
2.979999999999999871e-01
2.184000000000000108e-01
-6.027000000000000135e-01
-4.700000000000000011e-02
1.290000000000000001e-02
-9.700000000000000289e-03
1.993000000000000049e-01
-3.482999999999999985e-01
6.179000000000000048e-01
-5.623000000000000220e-01
1.480000000000000066e-02
-2.664000000000000257e-01
-6.521000000000000130e-01
-3.541000000000000258e-01
2.807000000000000051e-01
9.135999999999999677e-01
-8.364000000000000323e-01
-7.218999999999999861e-01
-4.937000000000000277e-01
-2.099999999999999870e-03
-9.268999999999999462e-01
1.632000000000000117e-01
-9.086999999999999522e-01
6.059999999999999831e-01
4.750000000000000056e-02
-4.549000000000000266e-01
-1.464000000000000024e-01
-4.981999999999999762e-01
-3.981000000000000094e-01
-1.028000000000000025e-01
9.042999999999999927e-01
-7.227999999999999980e-01
1.400000000000000029e-02
-8.679000000000000048e-01
5.009999999999999870e-02
9.348999999999999533e-01
-8.497999999999999998e-01
9.836000000000000298e-01
1.952000000000000124e-01
6.935000000000000053e-01
-9.400000000000000022e-02
-1.170000000000000068e-01
-8.158999999999999586e-01
-7.191999999999999504e-01
-3.608000000000000096e-01
5.099999999999999672e-02
-9.475999999999999979e-01
4.611999999999999988e-01
5.344999999999999751e-01
5.483999999999999986e-01
-6.418000000000000371e-01
8.354000000000000314e-01
6.239999999999999714e-02
-1.492999999999999883e-01
-4.593999999999999750e-01
4.138000000000000012e-01
9.687000000000000055e-01
5.373999999999999888e-01
-1.832999999999999907e-01
-6.480000000000000204e-01
4.355999999999999872e-01
-6.895000000000000018e-01
4.254999999999999893e-01
8.384000000000000341e-01
-8.102000000000000313e-01
5.340000000000000302e-01
1.209999999999999964e-02
2.116000000000000103e-01
-7.180000000000000271e-02
-2.268999999999999906e-01
-2.170999999999999874e-01
-7.600999999999999979e-01
-6.725999999999999757e-01
1.980000000000000163e-02
3.981999999999999984e-01
5.786999999999999922e-01
1.016999999999999987e-01
5.501000000000000334e-01
3.751999999999999780e-01
-4.939000000000000057e-01
-6.198000000000000176e-01
4.153999999999999915e-01
1.620000000000000051e-01
-7.986999999999999655e-01
-7.570999999999999952e-01
7.539999999999999480e-02
-5.551000000000000378e-01
3.538999999999999924e-01
-7.119999999999999940e-02
-9.092000000000000082e-01
3.379999999999999671e-02
-4.561000000000000054e-01
-2.630000000000000115e-01
-4.168999999999999928e-01
-9.189000000000000501e-01
9.071000000000000174e-01
-4.485000000000000098e-01
4.379000000000000115e-01
5.699999999999999512e-01
3.139999999999999736e-02
-9.586000000000000076e-01
5.190000000000000169e-01
-7.936999999999999611e-01
-2.600999999999999979e-01
-9.004999999999999671e-01
6.863000000000000211e-01
3.600999999999999757e-01
8.699000000000000066e-01
3.501000000000000223e-01
7.327000000000000179e-01
3.353999999999999759e-01
7.453999999999999515e-01
-9.365999999999999881e-01
-7.248999999999999888e-01
-3.277999999999999803e-01
9.275999999999999801e-01
1.892999999999999960e-01
-2.368999999999999995e-01
7.960000000000000409e-02
-8.106999999999999762e-01
8.602999999999999536e-01
2.960999999999999743e-01
5.855000000000000204e-01
8.995999999999999552e-01
9.899999999999999911e-01
-7.580000000000000626e-02
-5.504000000000000004e-01
3.674999999999999933e-01
-4.193000000000000060e-01
-3.528999999999999915e-01
-4.394000000000000128e-01
9.616999999999999993e-01
2.993000000000000105e-01
-1.870999999999999885e-01
7.903000000000000025e-01
-3.655999999999999805e-01
-6.460000000000000464e-02
4.208000000000000074e-01
2.733999999999999764e-01
-4.551000000000000045e-01
-1.637000000000000122e-01
-5.185999999999999499e-01
-1.019999999999999934e-01
4.199999999999999740e-03
9.418999999999999595e-01
-5.917000000000000037e-01
2.511999999999999789e-01
8.353000000000000425e-01
-8.391999999999999460e-01
8.075999999999999845e-01
7.991000000000000325e-01
-7.175000000000000266e-01
-4.198000000000000065e-01
-5.667999999999999705e-01
-4.889999999999999902e-01
-3.479999999999999760e-02
3.866999999999999882e-01
1.492999999999999883e-01
1.317000000000000115e-01
5.853000000000000425e-01
4.623999999999999777e-01
6.009999999999999787e-01
-7.635999999999999455e-01
-3.450000000000000289e-02
4.268000000000000127e-01
9.937000000000000277e-01
-3.391000000000000125e-01
5.960000000000000020e-02
-2.325000000000000122e-01
-2.671000000000000041e-01
-8.537000000000000144e-01
9.609999999999999654e-01
-9.288999999999999480e-01
-2.341999999999999915e-01
3.791999999999999815e-01
-7.089999999999999636e-01
-9.103999999999999870e-01
-7.115000000000000213e-01
4.646000000000000130e-01
5.692000000000000393e-01
-5.424999999999999822e-01
3.909000000000000252e-01
5.320000000000000284e-01
2.202999999999999958e-01
1.524999999999999967e-01
-8.126999999999999780e-01
7.197000000000000064e-01
-8.942999999999999838e-01
5.858999999999999764e-01
-7.561999999999999833e-01
2.580000000000000002e-02
