-5.360000000000000181e-02
-4.822000000000000175e-01
-2.555000000000000049e-01
-7.826999999999999513e-01
5.516999999999999682e-01
-3.317999999999999838e-01
3.867999999999999772e-01
-9.170000000000000373e-02
-3.685999999999999832e-01
-1.842999999999999916e-01
1.010999999999999954e-01
4.386999999999999789e-01
-1.448000000000000120e-01
5.121999999999999886e-01
1.570000000000000007e-01
9.467999999999999750e-01
3.936999999999999944e-01
7.068999999999999728e-01
8.703999999999999515e-01
7.134000000000000341e-01
-6.622000000000000108e-01
9.644000000000000350e-01
1.262000000000000066e-01
5.987999999999999989e-01
2.696000000000000063e-01
2.954999999999999849e-01
7.995999999999999774e-01
9.199000000000000510e-01
-7.974999999999999867e-01
-3.482000000000000095e-01
-4.834999999999999853e-01
3.200999999999999956e-01
-5.040999999999999925e-01
-4.847000000000000197e-01
3.300000000000000155e-01
5.637999999999999678e-01
8.858000000000000318e-01
-7.479999999999999982e-01
1.940000000000000058e-01
-7.804999999999999716e-01
9.679999999999999716e-02
-6.266000000000000458e-01
-1.265000000000000013e-01
2.907000000000000139e-01
-7.963999999999999968e-01
2.101000000000000090e-01
3.803000000000000269e-01
8.339999999999999636e-01
8.655000000000000471e-01
-6.049999999999999822e-01
8.233000000000000318e-01
-9.444000000000000172e-01
-1.610000000000000042e-01
8.689999999999999947e-01
-5.284999999999999698e-01
3.598999999999999977e-01
-7.540000000000000036e-01
-8.305000000000000160e-01
8.241000000000000547e-01
4.486999999999999877e-01
9.014999999999999680e-01
1.819000000000000061e-01
-6.085000000000000409e-01
-1.290999999999999925e-01
1.365999999999999992e-01
-9.009999999999999953e-02
8.242000000000000437e-01
7.317000000000000171e-01
-7.486000000000000432e-01
2.462999999999999912e-01
5.060000000000000053e-01
-5.620000000000000551e-01
-9.800999999999999712e-01
-7.824999999999999734e-01
-1.343000000000000027e-01
-6.233999999999999542e-01
9.100000000000000311e-01
-3.634000000000000008e-01
3.582000000000000184e-01
-6.863000000000000211e-01
5.665999999999999925e-01
1.884000000000000119e-01
3.822999999999999732e-01
-9.436999999999999833e-01
-6.005000000000000338e-01
8.568000000000000060e-01
-5.248000000000000442e-01
4.813000000000000056e-01
-3.297999999999999821e-01
5.149000000000000243e-01
-6.957999999999999741e-01
8.064999999999999947e-01
7.380000000000000449e-02
5.839999999999999636e-01
-5.592000000000000304e-01
5.276999999999999469e-01
4.268000000000000127e-01
-4.107999999999999985e-01
8.803999999999999604e-01
-6.612999999999999989e-01
6.871000000000000441e-01
-1.019000000000000045e-01
-7.340999999999999748e-01
1.756000000000000061e-01
-1.055999999999999994e-01
8.391999999999999460e-01
-9.566999999999999948e-01
8.469999999999999751e-01
3.710999999999999854e-01
-5.129000000000000226e-01
-3.951000000000000068e-01
8.110000000000000542e-02
9.755000000000000338e-01
-8.972999999999999865e-01
5.920000000000000262e-02
-8.346000000000000085e-01
-2.692999999999999838e-01
4.042000000000000037e-01
-6.052999999999999492e-01
-1.131000000000000061e-01
9.563000000000000389e-01
-2.316000000000000003e-01
6.128000000000000114e-01
8.823999999999999622e-01
8.699999999999999400e-03
-1.025999999999999968e-01
1.512999999999999901e-01
6.965999999999999970e-01
-5.472000000000000197e-01
6.530000000000000249e-01
6.147000000000000242e-01
-8.179999999999999771e-02
1.350999999999999979e-01
1.322000000000000119e-01
-2.305000000000000104e-01
8.901999999999999913e-01
-5.647999999999999687e-01
8.989000000000000323e-01
-9.527999999999999803e-01
1.590999999999999914e-01
-7.729000000000000314e-01
-9.424000000000000155e-01
-3.170999999999999930e-01
2.762000000000000011e-01
-8.525000000000000355e-01
-2.005000000000000115e-01
-1.476000000000000090e-01
-5.622000000000000330e-01
-2.861000000000000210e-01
9.870999999999999774e-01
-9.094999999999999751e-01
7.314000000000000501e-01
5.671000000000000485e-01
1.185999999999999971e-01
-9.354000000000000092e-01
3.780000000000000027e-02
-4.050000000000000266e-01
-3.219000000000000195e-01
7.240999999999999659e-01
-4.850000000000000144e-02
-6.858999999999999542e-01
3.664000000000000035e-01
5.108000000000000318e-01
5.283999999999999808e-01
-3.496000000000000218e-01
-1.953000000000000014e-01
2.467999999999999916e-01
-8.235999999999999988e-01
-5.880999999999999561e-01
-1.489999999999999936e-01
3.219000000000000195e-01
-9.535000000000000142e-01
1.140000000000000041e-01
-2.008999999999999952e-01
8.903999999999999693e-01
6.925999999999999934e-01
3.528999999999999915e-01
3.653000000000000136e-01
-1.787999999999999867e-01
-4.385999999999999899e-01
-3.769000000000000128e-01
8.137999999999999678e-01
-8.208999999999999631e-01
-7.240000000000000602e-02
-4.360999999999999877e-01
-1.590000000000000024e-01
-8.531999999999999584e-01
1.673000000000000043e-01
9.888000000000000123e-01
-3.574999999999999845e-01
-8.493000000000000549e-01
-2.160000000000000114e-02
-7.435000000000000497e-01
-4.099999999999999756e-01
3.992999999999999883e-01
9.101000000000000201e-01
5.782000000000000473e-01
6.451000000000000068e-01
-2.288999999999999924e-01
-5.494999999999999885e-01
-4.472999999999999754e-01
1.932000000000000106e-01
9.804000000000000492e-01
-7.720000000000000195e-01
8.257999999999999785e-01
-4.134999999999999787e-01
-1.642000000000000126e-01
9.095999999999999641e-01
9.694000000000000394e-01
4.403000000000000247e-01
2.023000000000000076e-01
-4.146000000000000241e-01
-6.414999999999999591e-01
-8.540999999999999703e-01
-2.003000000000000058e-01
9.857000000000000206e-01
-7.439999999999999392e-02
1.900000000000000022e-01
4.899999999999999911e-01
-9.544000000000000261e-01
-6.800000000000000488e-02
3.874000000000000221e-01
-9.905000000000000471e-01
-9.405999999999999917e-01
-2.069999999999999965e-02
8.319999999999999618e-02
-1.365999999999999992e-01
5.665999999999999925e-01
6.851000000000000423e-01
9.660999999999999588e-01
