6.378000000000000336e-01
-9.684000000000000385e-01
6.483999999999999764e-01
-6.778999999999999471e-01
2.089999999999999913e-01
-1.239999999999999956e-02
2.670000000000000151e-02
-8.837000000000000410e-01
7.382999999999999563e-01
6.057000000000000162e-01
8.938000000000000389e-01
4.890999999999999792e-01
-4.736000000000000210e-01
9.324999999999999956e-01
2.652999999999999803e-01
9.737000000000000099e-01
8.158999999999999586e-01
8.770000000000000018e-01
3.453999999999999848e-01
1.335999999999999965e-01
4.923000000000000154e-01
-1.009000000000000036e-01
8.484000000000000430e-01
7.000000000000000666e-02
3.785000000000000031e-01
-7.990000000000000435e-01
8.610999999999999766e-01
6.965999999999999970e-01
1.766999999999999960e-01
6.492999999999999883e-01
-7.287000000000000144e-01
-6.522999999999999909e-01
9.302000000000000268e-01
8.407000000000000028e-01
5.489000000000000545e-01
-9.043999999999999817e-01
7.533999999999999586e-01
7.489999999999999991e-01
-2.698999999999999733e-01
-9.460000000000000353e-02
8.460999999999999632e-01
-9.527999999999999803e-01
-8.943999999999999728e-01
-1.531000000000000139e-01
-6.208000000000000185e-01
-4.378000000000000225e-01
9.740000000000000047e-02
-4.330999999999999850e-01
-9.543000000000000371e-01
-3.487999999999999989e-01
5.756999999999999895e-01
-4.591999999999999971e-01
1.020999999999999963e-01
-5.026000000000000467e-01
9.009000000000000341e-01
6.499000000000000332e-01
-1.428999999999999992e-01
9.453000000000000291e-01
-7.419000000000000039e-01
6.954000000000000181e-01
3.579999999999999849e-01
2.398000000000000131e-01
6.080999999999999739e-01
7.090999999999999526e-01
3.180999999999999939e-01
-6.736999999999999655e-01
1.988000000000000045e-01
-2.305000000000000104e-01
-2.401999999999999968e-01
3.739999999999999991e-01
6.329999999999999516e-02
9.282000000000000250e-01
-7.032000000000000473e-01
8.450999999999999623e-01
-3.155000000000000027e-01
9.060000000000000275e-01
-6.919999999999999485e-01
-8.036999999999999700e-01
-9.483000000000000318e-01
-2.102999999999999869e-01
-9.743000000000000549e-01
-6.518000000000000460e-01
-7.413999999999999480e-01
8.737000000000000322e-01
-4.873000000000000109e-01
-7.269999999999999796e-01
-4.919999999999999929e-01
-5.100000000000000366e-03
-9.768999999999999906e-01
-5.510000000000000314e-02
5.637999999999999678e-01
-1.920999999999999930e-01
8.398999999999999799e-01
-7.591999999999999860e-01
-6.713999999999999968e-01
1.295000000000000040e-01
2.243999999999999884e-01
9.700999999999999623e-01
1.867000000000000048e-01
2.569000000000000172e-01
-5.850999999999999535e-01
8.173000000000000265e-01
-2.175999999999999879e-01
-5.899999999999999689e-01
9.804000000000000492e-01
-5.184999999999999609e-01
3.422000000000000042e-01
-2.457999999999999907e-01
-3.062000000000000277e-01
7.691000000000000059e-01
1.433000000000000107e-01
2.620000000000000107e-01
-7.711000000000000076e-01
-7.661999999999999922e-01
-4.510000000000000120e-01
-3.816999999999999837e-01
-6.090000000000000274e-02
-6.016000000000000236e-01
-7.864999999999999769e-01
-1.340999999999999970e-01
-1.441999999999999948e-01
3.608999999999999986e-01
6.297000000000000375e-01
-2.489000000000000101e-01
9.650999999999999579e-01
-6.590000000000000302e-01
-6.869999999999999718e-02
-9.925000000000000488e-01
-1.579000000000000126e-01
3.690000000000000224e-02
9.250000000000000444e-01
1.370000000000000107e-01
-9.560000000000000442e-02
-8.730000000000000260e-02
9.848000000000000087e-01
4.780000000000000221e-02
1.144000000000000017e-01
9.370000000000000551e-01
-3.822999999999999732e-01
7.531999999999999806e-01
3.734999999999999987e-01
7.577000000000000401e-01
7.729999999999999372e-02
7.510000000000000009e-01
-1.312000000000000111e-01
-1.810000000000000150e-02
9.033999999999999808e-01
-9.379999999999999449e-01
5.080000000000000071e-01
4.400000000000000022e-01
-8.854999999999999538e-01
-5.812000000000000499e-01
-1.923999999999999877e-01
-6.884000000000000119e-01
7.782999999999999918e-01
9.066999999999999504e-01
5.028000000000000247e-01
-5.636999999999999789e-01
-2.469999999999999973e-01
6.301999999999999824e-01
-1.282999999999999974e-01
1.033000000000000029e-01
6.940000000000000335e-02
-9.641999999999999460e-01
8.149999999999999467e-01
-8.814999999999999503e-01
-1.217000000000000026e-01
-8.572999999999999510e-01
7.279999999999999805e-01
-5.842000000000000526e-01
8.067999999999999616e-01
-3.493999999999999884e-01
1.782999999999999863e-01
-1.205999999999999989e-01
-2.461000000000000132e-01
9.436999999999999833e-01
1.600999999999999923e-01
-4.616000000000000103e-01
-7.560000000000000053e-02
-6.467000000000000526e-01
4.949999999999999956e-01
-5.769999999999999574e-01
-1.163000000000000006e-01
-9.507999999999999785e-01
7.785999999999999588e-01
3.401000000000000134e-01
5.685999999999999943e-01
-8.096999999999999753e-01
-1.275000000000000022e-01
-4.183999999999999941e-01
9.640999999999999570e-01
-5.281000000000000139e-01
-8.034999999999999920e-01
-6.379000000000000226e-01
-6.545999999999999597e-01
3.938999999999999724e-01
6.522999999999999909e-01
4.623999999999999777e-01
7.917999999999999483e-01
1.686999999999999889e-01
-5.616999999999999771e-01
-2.823999999999999844e-01
7.825999999999999623e-01
2.031000000000000028e-01
-8.618999999999999995e-01
-7.559000000000000163e-01
-5.129999999999999838e-02
-2.909999999999999809e-01
4.918000000000000149e-01
3.195999999999999952e-01
-8.006999999999999673e-01
9.330000000000000515e-01
-1.915000000000000036e-01
-7.085000000000000187e-01
1.285000000000000031e-01
7.881000000000000227e-01
1.119999999999999989e-02
1.126999999999999946e-01
-3.842999999999999750e-01
-6.343999999999999639e-01
5.880999999999999561e-01
1.645000000000000073e-01
3.135000000000000009e-01
9.899999999999999911e-01
3.386000000000000121e-01
-5.480000000000000426e-01
2.652999999999999803e-01
4.560000000000000164e-01
-5.312000000000000055e-01
-8.224000000000000199e-01
