7.936796284310597693e-01
3.270526780854154936e-01
-3.384425739788762735e-03
2.188163349201420749e-01
7.622692899726060678e-02
-3.124967349870033315e-02
2.138296671415816294e-02
2.124745047126803676e-01
1.650163938601541258e-01
3.779354589241235574e-01
1.197190348837450791e-01
1.184465514455465829e-01
1.918319031530676677e-01
-3.685241029507606014e-01
2.333911993943462160e-01
3.726067414308984471e-01
1.239862956344978256e-01
2.495938974694381085e-01
3.930018643220031804e-01
9.285215125044211926e-02
1.758872831482814481e-01
3.455961039555266456e-02
-6.719303462729929281e-03
-8.794981795231946592e-03
1.049446480572793078e-01
-3.184355709393582035e-01
1.295658715733164046e+00
-1.666010741939610157e-02
-1.931201777178810641e-01
-5.347077837725378036e-02
-1.845364720606396947e-01
-7.882834406392028037e-02
1.893964017903460029e-01
-2.234509092467410474e-01
4.256234434335802175e-01
-2.362861712518874932e-02
-6.267501319919052162e-03
-5.158040488904749310e-01
-1.501258825230953053e-01
-6.812530288631062081e-02
-1.570177527677992513e-01
-6.760819533153770988e-02
-1.306918499381669319e-01
-2.330958153694888124e-01
-1.433365203076131800e-01
5.088178168216498376e-01
-2.770957437419301339e-01
-7.449678474513535265e-02
-1.456131431245754615e-01
-5.969916812078385204e-02
-2.617551569529824596e-01
-1.203142451691202042e-01
-1.313133726826782588e-01
-9.516852940021787444e-02
-1.156176304390357373e-01
-2.513269152518686766e-01
-1.942301971473219813e-01
-2.120478760084902881e-01
-1.049431078132956191e-01
-2.726464504738975170e-01
2.100798173922881207e-01
-1.749031120462494482e-01
-3.396880258030139377e-01
3.646195306457699625e-01
-2.039587527319847160e-01
5.663388418508891187e-01
5.159639314582401548e-01
-1.480187139581160272e-01
-6.732217767235082473e-02
-1.374327788228687786e-01
-1.046649648172425506e-01
-2.559911643129620940e-01
-7.360298918398751333e-02
-2.401961317182934319e-01
3.949103007501499757e-02
-1.550761864199915463e-01
1.003924800091301889e-01
1.905310448611577390e-01
-8.682490334647617602e-02
-1.314927003317870047e-01
-3.360325289003029403e-01
-1.404486696614075103e-01
-1.525251638063563620e-01
2.059343947054042279e-01
6.684657783765118877e-01
-2.064001438004067213e-01
-2.997519926911962895e-01
-1.937011381244061470e-01
6.383218783092472481e-01
-6.011054319681975733e-02
5.707955019525869922e-01
-4.966232192084504837e-01
-4.429079740398009224e-01
-4.970850515962318972e-01
-2.756519136827797478e-01
-1.682463504909683938e-01
4.401175042230410783e-01
3.818315451211751754e-01
-1.948558888030035019e-01
-1.694217279496134654e-01
-2.045319425037651628e-01
-5.675506501764828599e-02
2.992409407665803656e-01
-7.960089212512738710e-02
2.310762638478272568e-02
-5.060283345965415069e-01
-5.494667985961152468e-01
2.060458718968167235e-01
-6.877420743895405753e-02
-1.246378575210694423e-01
-2.530767072043577093e-01
-1.166152130064493503e-01
-1.736903223824036446e-02
6.091563255844044678e-01
-5.202668242669682419e-01
5.246149796953215594e-01
-1.229679793641044461e-01
5.257197676210341175e-01
-1.956495665250573279e-01
5.999846272126649893e-01
6.911412316954528290e-01
4.672119143710159461e-01
-8.622026401992131939e-02
-1.833760604745945932e-01
-1.882952017697099856e-01
2.019670098934138458e-01
-6.258937924825788701e-02
-1.192293222489484855e-01
-2.554070587651730562e-01
-2.266483689404912572e-01
-5.416266099928237487e-01
-1.626190837155508107e-01
2.197292188405494950e-01
1.706178300061439723e-01
-1.818418470043681456e-01
-1.561395291775735938e-01
-2.547870584827497953e-01
-2.179759446340156018e-02
1.095863766184294041e+00
-1.952414894093919828e-01
-2.498828184535357710e-01
1.288545101105745792e-02
4.770971338138220164e-01
-1.470815676015720108e-01
-2.817060802818028287e-01
-3.191269266785253245e-01
-3.019661271370319144e-01
-1.932237064540353322e-01
5.488742092377617565e-01
-4.573040018226744996e-01
-2.638954097052079728e-01
-1.835614227804512888e-01
-6.107797975897176768e-01
-6.229507177246054045e-02
-1.921507900732676299e-01
-1.715465888876125666e-01
-2.487544566041477168e-01
-1.297216985079200913e-01
-9.704353171055354887e-02
1.599183442625995710e-01
-1.262379335564186578e-01
5.487254600612282429e-01
-1.934022676429058840e-01
-1.641377036753817187e-01
-1.917179859975396417e-01
-7.409194215393138938e-02
-8.790401468161301857e-02
-1.926623653094450828e-01
-1.382619073436970880e-01
-7.111556435136920373e-02
-1.682961203904227432e-01
5.927081077495351957e-01
-1.380417503352722175e-01
6.275876937258729749e-01
-2.024474887151608282e-01
-1.037283121589827883e-01
5.470732328863311400e-01
5.194178603033342556e-01
5.160856252424588231e-01
-5.294452460067497479e-02
-2.881503618213808737e-01
-1.894934409812748799e-01
1.022135577570052911e+00
1.144277334251232681e+00
1.118438990316676929e+00
-1.342271262133166720e-01
-4.178603693811999142e-01
1.115337337802358109e+00
-1.520126218277069452e-02
1.086329981369554165e+00
1.098050907203070192e+00
-5.229319794627488305e-01
1.311028144833405129e+00
-4.284704439716103402e-02
-2.725805898676307293e-01
-5.448668050145492048e-01
1.045718208047026199e+00
8.435420582465330552e-01
-4.857923530257892697e-01
-2.139385553324144318e-01
-4.193316170520473563e-01
1.554815906045594165e+00
1.203360468206725181e-01
9.996801982398904052e-01
-6.958526470379092915e-03
-1.197039118690118170e-01
1.011637646393076961e+00
-2.090478699635519300e-01
-9.516896024132580345e-02
-1.119727467606367322e-01
1.068689983904196117e+00
9.968981305415681726e-01
-1.618594874059121891e-02
1.101247899270928032e+00
1.138517622831155762e+00
-4.509121767713539786e-01
-1.350408105064032083e-01
1.180257346731097945e+00
1.123099742567907455e+00
-2.216037941156173974e-01
1.136186245596322975e+00
1.185971901355379554e+00
1.125606613304500847e+00
1.166827351418207925e+00
-3.229943307168350319e-01
1.210076794326888416e+00
-1.800064278242552163e-01
1.076804377959162506e+00
1.148516014979266364e+00
-1.071771142009127209e-01
1.280370465800783064e+00
-4.211202837706327085e-01
-3.177975114006040824e-01
-5.595335011987574714e-02
-3.621509680883926441e-01
-3.437681153128529510e-01
1.009381207093876354e+00
-8.382431057144737463e-02
1.118240185871966386e+00
9.857714962536142655e-01
