5.708195092982578656e-01
4.806381399707371216e-01
2.292345797557331089e-01
6.059197751915210844e-02
-6.588011205301394502e-02
-6.792501349468341720e-01
1.073872733034508808e+00
-2.411091857026508301e-01
1.821379105052900182e-01
8.157007467231466302e-01
-6.553166168473504305e-01
-5.564053327895607248e-01
-6.399171813646888918e-01
-3.001901538045818607e-01
4.026017117472084905e-01
-5.255572963240161960e-02
-3.876793526737652429e-01
7.917927469300156673e-02
-2.108154385727163127e-01
1.481494835464956639e+00
-2.165954260877122894e-01
-7.721774901687410153e-02
-1.873351946539176249e-01
6.495642672712585997e-01
6.067709967904598711e-01
1.586915482448470957e-02
-9.558796356945848949e-01
4.648673043589783282e-01
1.155091950595054096e+00
3.977274183864579760e-01
-3.684506823689451815e-01
-3.093548580598842745e-01
1.319278528900055925e+00
1.071865526076371256e-01
-3.016179359658691106e-01
-2.625375398464799281e-01
-3.719843646440545437e-01
-2.503486673153879072e-01
4.463995220044049417e-02
1.138076830872777112e+00
1.255846464607751178e+00
5.921957934827223186e-02
9.866415368544566578e-01
-1.343624931965975711e-01
-3.381018650751455024e-01
-3.860094330286252817e-01
-5.556268167316134182e-02
3.832883311853224617e-02
1.148514167785351425e+00
8.347057696553358830e-02
-3.378517927226352136e-01
7.989502051720968057e-01
-3.592873313460153706e-01
-3.290811886916911733e-01
-3.428067359997010594e-02
-2.542218963460535566e-02
-3.884850908457164187e-01
-3.070327810083516296e-01
-1.261924277889269475e-01
6.178335000369594709e-02
-3.629261644299066614e-01
-3.605332852093477980e-01
8.900049775540768149e-01
-1.381354984074293080e-01
1.305865396923109545e+00
1.048129891603965524e-01
1.897424986470995500e-01
1.297336396635635214e-01
9.301545757631621281e-02
1.151867075943699276e-01
1.282316042761306729e+00
7.033136767127336209e-02
1.143338114524504290e+00
-4.430004789091259582e-02
-4.396595171435700444e-01
-2.437429153598722198e-01
-3.224460811413442651e-01
-3.949971685787760367e-01
-1.341103605757976158e-01
9.688040971397045009e-01
1.796445195334434586e-01
1.871776449689922794e-01
-2.123290312597301832e-01
8.421319958550735896e-01
-4.464511596182499931e-01
-3.296972397117380327e-01
1.071575213706938701e-01
1.987319276493312303e-01
-2.689300561343994644e-01
-1.674861900672182033e-02
-2.720960873200299959e-02
-1.423429929826283170e-02
2.609706631219681494e-01
1.622639088957472664e-01
-4.525304802414928940e-01
-3.632473701925937326e-01
3.739137804386314518e-02
1.507989105535698648e-01
1.241492360837670034e-01
5.670675850249045497e-02
-2.469228540059020260e-01
-3.240668236186464712e-01
-2.673739480430058491e-01
-2.816014046294441076e-01
-2.468955933231074991e-03
3.377280233689219924e-02
-1.303528413444341172e-01
9.189053443716609371e-01
-2.833676872815406034e-01
1.082193686135359378e+00
-3.430379577685975789e-01
-1.216887734301580898e-01
6.524520069052797133e-02
1.434910196214187195e-01
7.853689693179587150e-02
9.857900444050808619e-02
-4.733738050663305330e-01
-3.354553420470101632e-01
1.265535031723373782e+00
1.182395114572829392e-01
