9.021000000000000130e-01
-6.691000000000000281e-01
-9.316999999999999726e-01
-1.557000000000000051e-01
-9.608999999999999764e-01
5.409000000000000474e-01
-5.825000000000000178e-01
-2.965999999999999748e-01
7.606000000000000538e-01
-8.829000000000000181e-01
1.436999999999999944e-01
-7.046999999999999931e-01
-6.098000000000000087e-01
8.852999999999999758e-01
-7.876999999999999558e-01
-7.719000000000000306e-01
-4.354999999999999982e-01
-6.962000000000000410e-01
1.812999999999999889e-01
-1.332000000000000128e-01
6.917999999999999705e-01
-6.455999999999999517e-01
3.380000000000000226e-01
1.524000000000000077e-01
1.250000000000000069e-02
-4.334000000000000075e-01
-8.799999999999999489e-02
-3.030000000000000054e-02
5.250000000000000222e-01
-6.391000000000000014e-01
-7.000000000000000666e-02
5.189000000000000279e-01
-3.845999999999999974e-01
-1.033000000000000029e-01
-4.979999999999999982e-01
6.216000000000000414e-01
-1.887000000000000066e-01
-9.649999999999999689e-01
-7.330999999999999739e-01
6.579999999999999738e-02
9.818000000000000060e-01
-9.639999999999999958e-02
-8.889000000000000234e-01
-7.774999999999999689e-01
6.955999999999999961e-01
-1.963000000000000023e-01
-6.807999999999999607e-01
-2.008000000000000063e-01
-1.854000000000000092e-01
-5.524999999999999911e-01
3.338999999999999746e-01
5.626999999999999780e-01
9.986000000000000432e-01
4.208000000000000074e-01
-1.330000000000000071e-01
-6.079999999999999849e-01
-8.415000000000000258e-01
-1.134000000000000008e-01
-7.234000000000000430e-01
-1.290000000000000036e-01
3.926000000000000045e-01
-1.870000000000000134e-02
-7.822000000000000064e-01
7.836999999999999522e-01
8.485000000000000320e-01
-3.403999999999999804e-01
8.801999999999999824e-01
-7.459999999999999964e-01
-1.666999999999999871e-01
-7.096000000000000085e-01
-2.985999999999999766e-01
6.680000000000000382e-01
-4.097000000000000086e-01
9.210000000000000409e-01
4.128000000000000003e-01
-6.896999999999999797e-01
7.992000000000000215e-01
8.800000000000000530e-03
-6.370000000000000662e-02
7.473999999999999533e-01
2.556999999999999829e-01
3.980000000000000204e-01
-9.592000000000000526e-01
4.964999999999999969e-01
7.526000000000000467e-01
-3.951999999999999957e-01
4.938000000000000167e-01
6.208000000000000185e-01
5.786000000000000032e-01
1.801000000000000101e-01
4.329999999999999821e-02
9.690999999999999615e-01
-8.669999999999999929e-01
1.117999999999999966e-01
-5.098000000000000309e-01
-1.506000000000000116e-01
-5.896000000000000130e-01
5.330000000000000293e-01
1.985999999999999988e-01
4.603999999999999759e-01
-8.790000000000000591e-02
6.260999999999999899e-01
-5.064999999999999503e-01
-6.522999999999999909e-01
-5.646999999999999797e-01
-8.699999999999999956e-01
3.899999999999999821e-03
-5.235999999999999543e-01
-8.071000000000000396e-01
3.385000000000000231e-01
-4.713999999999999857e-01
-2.495999999999999885e-01
-9.180000000000000659e-02
-7.042000000000000481e-01
-5.122999999999999776e-01
5.374999999999999778e-01
2.126000000000000112e-01
5.869999999999999662e-01
-9.280000000000000471e-01
2.373999999999999999e-01
7.266000000000000236e-01
7.981000000000000316e-01
-7.016999999999999904e-01
-9.210000000000000409e-01
-6.290000000000000036e-01
4.419000000000000150e-01
-7.102000000000000535e-01
-4.989999999999999991e-02
8.718000000000000194e-01
-1.283999999999999864e-01
6.685999999999999721e-01
7.508000000000000229e-01
-1.350000000000000089e-01
9.088000000000000522e-01
8.723999999999999533e-01
3.911999999999999922e-01
9.474000000000000199e-01
3.176999999999999824e-01
7.412999999999999590e-01
7.657000000000000473e-01
7.374000000000000554e-01
9.559999999999999609e-01
-6.532999999999999918e-01
-8.425000000000000266e-01
8.248999999999999666e-01
-1.029999999999999943e-01
-2.654000000000000248e-01
-3.483999999999999875e-01
-4.586000000000000076e-01
5.000000000000000000e-01
9.244999999999999885e-01
-1.622000000000000108e-01
-3.205999999999999961e-01
4.058999999999999830e-01
3.660000000000000059e-02
1.839999999999999969e-02
5.211000000000000076e-01
-4.119999999999999774e-01
7.546000000000000485e-01
-1.285000000000000031e-01
-8.859000000000000208e-01
-6.521000000000000130e-01
-5.200000000000000178e-01
-5.243999999999999773e-01
9.542000000000000481e-01
6.242999999999999661e-01
-6.394999999999999574e-01
4.299999999999999933e-01
1.545999999999999874e-01
8.023000000000000131e-01
-6.682000000000000162e-01
4.667000000000000037e-01
-1.076000000000000012e-01
7.647000000000000464e-01
-7.186000000000000165e-01
4.981999999999999762e-01
8.381999999999999451e-01
-9.619999999999999385e-02
-1.622999999999999998e-01
-5.559999999999999665e-02
-7.537000000000000366e-01
-6.304999999999999494e-01
-6.602999999999999980e-01
-8.984999999999999654e-01
4.632000000000000006e-01
-1.389999999999999916e-02
-4.703999999999999848e-01
7.170999999999999597e-01
-4.104999999999999760e-01
1.275999999999999912e-01
7.166000000000000147e-01
1.340000000000000045e-02
-3.497999999999999998e-01
-2.093000000000000138e-01
-7.640000000000000124e-01
4.217000000000000193e-01
-9.166999999999999593e-01
1.345000000000000084e-01
7.411999999999999700e-01
-5.170000000000000290e-02
-8.696000000000000396e-01
1.082999999999999935e-01
1.975000000000000089e-01
-5.173999999999999710e-01
-4.763999999999999901e-01
5.621000000000000441e-01
-5.968999999999999861e-01
-5.782000000000000473e-01
7.409999999999999920e-01
2.940999999999999726e-01
-6.526999999999999469e-01
-7.744999999999999662e-01
8.051000000000000378e-01
1.729999999999999941e-02
7.006000000000000005e-01
8.286999999999999922e-01
5.449999999999999983e-02
6.683999999999999941e-01
-3.286000000000000032e-01
-3.235999999999999988e-01
-3.347999999999999865e-01
9.614000000000000323e-01
-4.082999999999999963e-01
-6.149999999999999911e-02
-1.945000000000000062e-01
