8.079999999999999682e-02
-4.297000000000000264e-01
-3.739999999999999991e-01
8.209999999999999520e-01
3.859000000000000208e-01
3.290000000000000147e-01
-5.564000000000000057e-01
1.831000000000000127e-01
-8.443000000000000504e-01
-9.461000000000000520e-01
7.967999999999999527e-01
7.435000000000000497e-01
6.395999999999999464e-01
4.023999999999999799e-01
1.925000000000000044e-01
3.719999999999999973e-01
-1.454999999999999905e-01
6.257000000000000339e-01
-2.497999999999999943e-01
1.575999999999999901e-01
-8.345000000000000195e-01
-9.265999999999999792e-01
-1.187000000000000000e-01
8.820999999999999952e-01
4.591999999999999971e-01
-3.494999999999999774e-01
-8.021000000000000352e-01
-1.108999999999999986e-01
9.396999999999999797e-01
-9.026999999999999469e-01
4.591999999999999971e-01
-7.663999999999999702e-01
-3.204000000000000181e-01
6.895999999999999908e-01
-3.756999999999999784e-01
-1.542000000000000037e-01
5.439999999999999697e-02
-7.629000000000000226e-01
-1.673999999999999932e-01
7.520000000000000018e-01
2.919999999999999818e-01
2.013999999999999957e-01
-6.114000000000000545e-01
4.228999999999999981e-01
-5.548999999999999488e-01
-9.121000000000000218e-01
5.510000000000000314e-02
7.019999999999999851e-02
-8.002000000000000224e-01
6.528000000000000469e-01
8.702999999999999625e-01
-7.077999999999999847e-01
1.971999999999999864e-01
-6.756999999999999673e-01
-1.978999999999999926e-01
6.314999999999999503e-01
-8.625000000000000444e-01
-3.276999999999999913e-01
4.360999999999999877e-01
-7.086999999999999966e-01
-8.219999999999999529e-02
-9.889999999999999902e-01
6.413999999999999702e-01
-4.751000000000000223e-01
-9.808000000000000052e-01
-1.419999999999999873e-01
8.304000000000000270e-01
-8.981000000000000094e-01
-7.952000000000000179e-01
-6.781000000000000361e-01
9.199999999999999845e-03
-5.507999999999999563e-01
-1.358999999999999930e-01
4.669999999999999846e-02
-4.404000000000000137e-01
8.377000000000000002e-01
-3.239999999999999825e-02
5.340000000000000302e-02
1.817000000000000004e-01
9.407999999999999696e-01
6.057000000000000162e-01
6.135000000000000453e-01
3.906999999999999917e-01
7.420000000000000207e-02
-9.536000000000000032e-01
-3.699999999999999956e-01
3.574999999999999845e-01
2.770000000000000240e-01
-5.270000000000000240e-01
-5.528999999999999471e-01
-6.320000000000000062e-01
-7.059999999999999609e-02
-7.692999999999999838e-01
-6.119999999999999746e-02
-4.197000000000000175e-01
1.744999999999999885e-01
-3.664000000000000035e-01
-1.487999999999999878e-01
8.148999999999999577e-01
-3.836999999999999855e-01
8.379999999999999949e-02
9.312000000000000277e-01
-7.760000000000000231e-01
-2.832000000000000073e-01
-2.376000000000000056e-01
-3.919999999999999873e-02
-2.891000000000000236e-01
-2.482999999999999929e-01
5.709999999999999798e-02
7.480999999999999872e-01
-2.504000000000000115e-01
-6.002999999999999448e-01
-6.785999999999999810e-01
3.849999999999999950e-02
-8.232000000000000428e-01
-5.738999999999999657e-01
9.105999999999999650e-01
-4.309999999999999942e-01
8.575000000000000400e-01
1.892000000000000071e-01
8.195999999999999952e-01
-6.659000000000000474e-01
1.105000000000000010e-01
-5.666999999999999815e-01
-7.199999999999999456e-02
2.280000000000000082e-01
8.887000000000000455e-01
-2.096000000000000085e-01
6.785999999999999810e-01
-6.455999999999999517e-01
9.139999999999999514e-02
5.822000000000000508e-01
5.906000000000000139e-01
7.223000000000000531e-01
4.549999999999999878e-02
5.229000000000000314e-01
7.910000000000000364e-01
7.330000000000000404e-02
6.125000000000000444e-01
3.019999999999999907e-01
4.460999999999999965e-01
5.383000000000000007e-01
-1.494999999999999940e-01
7.784999999999999698e-01
-7.190999999999999615e-01
4.959999999999999826e-02
4.666000000000000147e-01
-1.786000000000000087e-01
-1.247999999999999943e-01
-6.665999999999999703e-01
-3.889999999999999708e-02
-4.340000000000000108e-02
7.459999999999999964e-02
6.705999999999999739e-01
-1.421999999999999931e-01
5.929999999999999716e-01
-9.173999999999999932e-01
-8.127999999999999670e-01
-4.479000000000000203e-01
3.569999999999999840e-01
7.245000000000000329e-01
-1.298999999999999877e-01
6.015000000000000346e-01
5.925000000000000266e-01
7.933000000000000052e-01
-5.879999999999999671e-01
6.673999999999999932e-01
7.997999999999999554e-01
-2.581999999999999851e-01
1.917000000000000093e-01
4.627999999999999892e-01
4.714999999999999747e-01
9.448999999999999622e-01
7.763999999999999790e-01
2.859999999999999765e-01
-5.705000000000000071e-01
6.128000000000000114e-01
2.767000000000000015e-01
8.627000000000000224e-01
3.421000000000000152e-01
1.287999999999999978e-01
-2.091000000000000081e-01
6.529999999999999694e-02
-3.950000000000000039e-02
2.436000000000000110e-01
-6.612000000000000099e-01
-9.193999999999999950e-01
-1.320000000000000062e-01
-2.665000000000000147e-01
-1.595999999999999919e-01
2.313000000000000056e-01
1.484999999999999931e-01
-8.501999999999999558e-01
-3.425000000000000266e-01
6.070999999999999730e-01
5.407999999999999474e-01
-5.610000000000000542e-01
5.342999999999999972e-01
2.505000000000000004e-01
-7.469999999999999973e-01
2.979999999999999871e-01
-6.692000000000000171e-01
-5.907000000000000028e-01
-8.064000000000000057e-01
-3.653000000000000136e-01
8.100000000000000533e-01
2.069999999999999965e-02
4.960999999999999854e-01
8.076999999999999735e-01
-3.192999999999999727e-01
9.689999999999999725e-01
3.973999999999999755e-01
-7.119999999999999940e-02
-8.119999999999999440e-02
-1.395000000000000129e-01
1.506000000000000116e-01
1.469999999999999918e-01
-9.640999999999999570e-01
9.149000000000000465e-01
2.998999999999999999e-01
-6.598000000000000531e-01
5.956000000000000183e-01
7.305000000000000382e-01
2.615999999999999992e-01
2.844999999999999751e-01
