-6.864000000000000101e-01
2.104000000000000037e-01
5.455999999999999739e-01
-7.785999999999999588e-01
5.481000000000000316e-01
9.630999999999999561e-01
-3.457999999999999963e-01
1.086000000000000021e-01
-7.008999999999999675e-01
1.079999999999999988e-01
9.344999999999999973e-01
4.526000000000000023e-01
-1.350000000000000089e-01
6.084000000000000519e-01
2.701999999999999957e-01
-3.763000000000000234e-01
-9.888000000000000123e-01
3.622000000000000219e-01
-4.519000000000000239e-01
-8.514000000000000457e-01
-3.800999999999999934e-01
8.869000000000000217e-01
6.631000000000000227e-01
9.919000000000000039e-01
-9.229999999999999316e-02
3.625999999999999779e-01
6.853000000000000203e-01
-9.405999999999999917e-01
-4.678999999999999826e-01
-6.098999999999999977e-01
-8.245999999999999996e-01
-6.240999999999999881e-01
1.019999999999999934e-01
-3.559999999999999970e-02
8.394000000000000350e-01
-2.735000000000000209e-01
3.355000000000000204e-01
-7.999000000000000554e-01
3.755999999999999894e-01
-7.282999999999999474e-01
8.445000000000000284e-01
-7.492999999999999661e-01
-2.510000000000000009e-01
-7.599000000000000199e-01
-2.822000000000000064e-01
3.877999999999999781e-01
6.846999999999999753e-01
-4.184999999999999831e-01
7.503999999999999559e-01
4.116000000000000214e-01
5.137000000000000455e-01
9.977000000000000313e-01
-4.116000000000000214e-01
-9.876000000000000334e-01
-3.558999999999999941e-01
-4.536999999999999922e-01
7.164000000000000368e-01
-7.456000000000000405e-01
9.650999999999999579e-01
-5.332000000000000073e-01
9.711999999999999522e-01
-3.650999999999999801e-01
-9.046999999999999487e-01
9.775000000000000355e-01
-7.119999999999999940e-02
3.080999999999999850e-01
-2.147999999999999909e-01
8.967000000000000526e-01
9.360000000000000542e-01
6.695999999999999730e-01
4.582999999999999852e-01
-7.969999999999999307e-02
-2.697999999999999843e-01
3.547000000000000153e-01
3.889999999999999708e-02
2.510000000000000009e-01
-9.140000000000000346e-01
3.791999999999999815e-01
4.247000000000000219e-01
-3.091999999999999749e-01
-7.311999999999999611e-01
-1.107999999999999957e-01
-6.130999999999999783e-01
-4.062000000000000055e-01
-8.003000000000000114e-01
-1.526000000000000134e-01
-2.239999999999999977e-02
4.782000000000000139e-01
-4.691000000000000170e-01
8.000000000000000444e-01
1.630000000000000060e-01
2.572999999999999732e-01
-7.100999999999999535e-01
7.650000000000000133e-01
7.066000000000000059e-01
-6.822000000000000286e-01
-8.179999999999999494e-01
-2.909999999999999809e-01
-4.032999999999999918e-01
6.964000000000000190e-01
9.127999999999999448e-01
7.176000000000000156e-01
2.290999999999999981e-01
9.647999999999999909e-01
5.621000000000000441e-01
-6.822000000000000286e-01
-4.662999999999999923e-01
-4.247000000000000219e-01
3.719999999999999696e-02
-5.709999999999999520e-01
-8.538000000000000034e-01
4.923000000000000154e-01
7.400000000000000328e-03
8.833999999999999631e-01
-2.248999999999999888e-01
-3.806999999999999829e-01
-3.402999999999999914e-01
1.358000000000000040e-01
-2.803999999999999826e-01
6.875000000000000000e-01
-0.000000000000000000e+00
-3.714000000000000079e-01
-9.512000000000000455e-01
-3.963999999999999746e-01
4.100000000000000346e-03
1.930000000000000118e-02
1.241000000000000020e-01
9.799999999999999822e-01
8.840000000000000635e-02
-5.721000000000000529e-01
6.399000000000000243e-01
5.365999999999999659e-01
-2.030000000000000138e-01
3.081999999999999740e-01
2.790000000000000258e-01
6.190999999999999837e-01
1.522999999999999909e-01
-7.019999999999999851e-02
-4.088999999999999857e-01
-5.061999999999999833e-01
-6.259000000000000119e-01
2.184000000000000108e-01
-1.976999999999999869e-01
1.691000000000000003e-01
-1.020999999999999963e-01
5.149000000000000243e-01
-4.426999999999999824e-01
5.836000000000000076e-01
-3.698000000000000176e-01
4.474000000000000199e-01
-6.719000000000000528e-01
6.336000000000000520e-01
1.517999999999999905e-01
-5.515999999999999792e-01
2.617999999999999772e-01
3.766999999999999793e-01
-8.306000000000000050e-01
-2.265999999999999959e-01
4.890999999999999792e-01
-7.974999999999999867e-01
5.680000000000000326e-02
-4.257000000000000228e-01
-1.690000000000000113e-01
-8.718000000000000194e-01
7.090000000000000469e-02
9.579999999999999627e-01
3.129000000000000115e-01
-7.047999999999999821e-01
5.522000000000000242e-01
3.080999999999999850e-01
8.549999999999999822e-01
-3.798000000000000265e-01
-1.569000000000000117e-01
-3.089000000000000079e-01
-5.040000000000000036e-01
-4.450000000000000067e-01
6.187000000000000277e-01
-9.464000000000000190e-01
8.954999999999999627e-01
6.998999999999999666e-01
-3.865999999999999992e-01
5.161000000000000032e-01
-2.093000000000000138e-01
-9.102999999999999980e-01
-1.199000000000000066e-01
-7.614999999999999547e-01
1.938000000000000000e-01
-9.453000000000000291e-01
7.417000000000000259e-01
6.670000000000000373e-01
-6.779999999999999916e-02
-1.193000000000000033e-01
7.040000000000000424e-02
3.714999999999999969e-01
-5.621000000000000441e-01
7.860000000000000320e-01
4.114999999999999769e-01
-4.264000000000000012e-01
9.839999999999999858e-01
-5.130000000000000115e-01
-4.590000000000000330e-02
-8.460999999999999632e-01
-7.752000000000000002e-01
3.269999999999999990e-02
-2.705000000000000182e-01
9.013999999999999790e-01
-9.000000000000000222e-01
-8.419999999999999707e-02
-1.189999999999999947e-01
-8.022000000000000242e-01
3.313999999999999724e-01
-4.188000000000000056e-01
1.360000000000000098e-01
9.582000000000000517e-01
4.529999999999999999e-02
-4.403000000000000247e-01
3.229000000000000203e-01
-4.001000000000000112e-01
2.399000000000000021e-01
-8.918000000000000371e-01
-6.048999999999999932e-01
5.623000000000000220e-01
-7.270000000000000073e-02
6.741000000000000325e-01
-5.907999999999999918e-01
