-1.567464799999997460e+01 7.186546299819804862e-01 0.000000000000000000e+00 9.722880757878249458e-01
-1.596983399999997388e+01 7.321883811453788748e-01 0.000000000000000000e+00 7.831500608582124823e-01
-1.629102199999996614e+01 7.469142775926004285e-01 0.000000000000000000e+00 1.064543634528027027e+00
-1.591411999999997207e+01 7.296339937004540088e-01 0.000000000000000000e+00 9.834628929543713927e-01
-1.603815399999996316e+01 7.353207311873295460e-01 0.000000000000000000e+00 8.133971494363075871e-01
-1.590561799999996850e+01 7.292441921773761271e-01 0.000000000000000000e+00 8.308008700846026828e-01
-1.603385599999997169e+01 7.351236755596908257e-01 0.000000000000000000e+00 9.113742592747978710e-01
-1.597778999999997041e+01 7.325531495431212292e-01 0.000000000000000000e+00 1.021276625680631378e+00
-1.600456399999997359e+01 7.337806896488473507e-01 0.000000000000000000e+00 8.642496678552319400e-01
-1.599603799999996490e+01 7.333897877686116340e-01 0.000000000000000000e+00 8.607577599822707759e-01
-1.607031399999997845e+01 7.367952097785063215e-01 0.000000000000000000e+00 1.009079788119809473e+00
-1.604114799999997842e+01 7.354580007427401478e-01 0.000000000000000000e+00 9.450221922978070399e-01
-1.608811799999997305e+01 7.376114913965812203e-01 0.000000000000000000e+00 8.781997693146144091e-01
-1.607955199999997120e+01 7.372187555877498522e-01 0.000000000000000000e+00 9.543392453674347520e-01
-1.616034399999996651e+01 7.409229245659304519e-01 0.000000000000000000e+00 7.809411615752003266e-01
-1.575380799999996562e+01 7.222839746734445177e-01 0.000000000000000000e+00 8.315988603778975419e-01
-1.598899599999997001e+01 7.330669246392877980e-01 0.000000000000000000e+00 1.030581048417627210e+00
-1.620731599999997030e+01 7.430765069162018621e-01 0.000000000000000000e+00 1.043422126023186847e+00
-1.601734799999996639e+01 7.343668132281254701e-01 0.000000000000000000e+00 7.391199545186670772e-01
-1.612510799999997957e+01 7.393074168657234324e-01 0.000000000000000000e+00 7.488797240862339333e-01
-1.608190599999997517e+01 7.373266822856240355e-01 0.000000000000000000e+00 1.057758544731988826e+00
-1.593683799999997674e+01 7.306755734465467667e-01 0.000000000000000000e+00 9.543896168565730864e-01
-1.596541799999997657e+01 7.319859154283817615e-01 0.000000000000000000e+00 8.969277358344374118e-01
-1.630020599999996733e+01 7.473353475982398297e-01 0.000000000000000000e+00 1.067719449950229160e+00
-1.613882199999997269e+01 7.399361792848583308e-01 0.000000000000000000e+00 7.727388555683286642e-01
-1.587459599999996307e+01 7.278218888547557386e-01 0.000000000000000000e+00 9.458304012150522411e-01
-1.638961599999997176e+01 7.514346364924269217e-01 0.000000000000000000e+00 8.636228522060568347e-01
-1.643706999999997009e+01 7.536103176822797067e-01 0.000000000000000000e+00 8.616223552875775793e-01
-1.656583399999997042e+01 7.595139172256314408e-01 0.000000000000000000e+00 8.889558233129585263e-01
-1.579299999999997617e+01 7.240808579117961052e-01 0.000000000000000000e+00 7.277110207334840375e-01
-1.636819599999996910e+01 7.504525677292740449e-01 0.000000000000000000e+00 1.048168324241595117e+00
-1.651338399999997009e+01 7.571091783541393783e-01 0.000000000000000000e+00 8.485712584995526164e-01
-1.628686399999998002e+01 7.467236407150478206e-01 0.000000000000000000e+00 9.211977931174415435e-01
-1.608843199999997253e+01 7.376258877360597488e-01 0.000000000000000000e+00 7.881344341153884159e-01
-1.622830799999998064e+01 7.440389526433779377e-01 0.000000000000000000e+00 9.745640309596923512e-01
-1.672139199999996606e+01 7.666459738390070111e-01 0.000000000000000000e+00 1.003162801341815680e+00
-1.701010599999996842e+01 7.798829953555743710e-01 0.000000000000000000e+00 9.875069171802226542e-01
-1.698004199999996899e+01 7.785046146228282726e-01 0.000000000000000000e+00 1.208175340908677065e+00
-1.664415799999997603e+01 7.631049328094400286e-01 0.000000000000000000e+00 9.248120714562019229e-01
-1.694273599999996804e+01 7.767942011177779715e-01 0.000000000000000000e+00 8.049411981183981490e-01
-1.678175599999996948e+01 7.694135554832158830e-01 0.000000000000000000e+00 9.244556876608444052e-01
-1.680601199999997064e+01 7.705256497838243179e-01 0.000000000000000000e+00 8.308540648190041455e-01
-1.661486999999997138e+01 7.617621302914557857e-01 0.000000000000000000e+00 8.375001157847045130e-01
-1.650795999999997576e+01 7.568604976365234105e-01 0.000000000000000000e+00 8.153050757015104510e-01
-1.683223999999997744e+01 7.717281567642153561e-01 0.000000000000000000e+00 9.760689591054991787e-01
-1.687774799999997200e+01 7.738146173278730444e-01 0.000000000000000000e+00 9.721065927004700624e-01
-1.630341999999997071e+01 7.474827037609277358e-01 0.000000000000000000e+00 7.912497614852751493e-01
-1.681717599999996082e+01 7.710374992549646755e-01 0.000000000000000000e+00 9.226429659681499862e-01
-1.713101199999996993e+01 7.854263196262439850e-01 0.000000000000000000e+00 1.059836168135853240e+00
-1.748449999999996507e+01 8.016331134147276494e-01 0.000000000000000000e+00 9.747346483774314008e-01
-1.619300799999998119e+01 7.424205106574166546e-01 0.000000000000000000e+00 1.107765913141937952e+00
-1.788618999999996362e+01 8.200498828578092203e-01 0.000000000000000000e+00 9.074642416084388596e-01
-1.775701799999996311e+01 8.141275772427783997e-01 0.000000000000000000e+00 8.498195716263488020e-01
-1.814369399999996446e+01 8.318559815873552976e-01 0.000000000000000000e+00 7.519934324100695511e-01
-1.821305199999997626e+01 8.350359220763728940e-01 0.000000000000000000e+00 8.797975525257517582e-01
-1.842779999999996932e+01 8.448817345296646408e-01 0.000000000000000000e+00 7.510572774025914278e-01
-1.776089599999996338e+01 8.143053766201596710e-01 0.000000000000000000e+00 9.227566176069252890e-01
-1.845642799999997052e+01 8.461942772258148615e-01 0.000000000000000000e+00 9.869355082222435183e-01
-1.793411599999998174e+01 8.222472044050956885e-01 0.000000000000000000e+00 7.393916788082678382e-01
-1.731271999999997036e+01 7.937573070592482960e-01 0.000000000000000000e+00 9.173484690876057002e-01
-1.796587599999996598e+01 8.237033437103110645e-01 0.000000000000000000e+00 7.901386285630355166e-01
-1.836045799999996930e+01 8.417942240418855304e-01 0.000000000000000000e+00 7.357090522287415002e-01
-1.847141999999997353e+01 8.468816336635921482e-01 0.000000000000000000e+00 8.842205803686512544e-01
-1.869856199999997770e+01 8.572956888923519703e-01 0.000000000000000000e+00 7.880654403914649775e-01
-1.888509999999995514e+01 8.658481232033210517e-01 0.000000000000000000e+00 7.263477203854160624e-01
-1.849948399999996340e+01 8.481683179665383543e-01 0.000000000000000000e+00 7.740469146014600232e-01
-1.881789399999997414e+01 8.627668480727691547e-01 0.000000000000000000e+00 7.706089390432302455e-01
-1.910734599999997840e+01 8.760377055719326123e-01 0.000000000000000000e+00 8.567589512160865839e-01
-1.893713199999996633e+01 8.682336975209854479e-01 0.000000000000000000e+00 8.075470826415190873e-01
-1.899303999999996506e+01 8.707969795196007778e-01 0.000000000000000000e+00 8.876015420073001261e-01
-1.943395599999998069e+01 8.910121910403410173e-01 0.000000000000000000e+00 7.926138438856537016e-01
-1.962078799999996548e+01 8.995781047264909125e-01 0.000000000000000000e+00 8.441521665307656352e-01
-1.972160999999999120e+01 9.042006134491149538e-01 0.000000000000000000e+00 7.725513310395037969e-01
-2.037009999999999721e+01 9.339327223294560110e-01 0.000000000000000000e+00 6.691527922634253889e-01
-2.065033999999999637e+01 9.467812260729626672e-01 0.000000000000000000e+00 5.067374320597454185e-01
-2.127288800000000180e+01 9.753239405623742586e-01 0.000000000000000000e+00 2.301059164468362561e-01
-2.145351199999999992e+01 9.836052285304272003e-01 0.000000000000000000e+00 8.906736898652527212e-02
-2.130399199999999738e+01 9.767500034386159546e-01 0.000000000000000000e+00 2.295136437395960960e-01
-2.139231599999999389e+01 9.807995011714216727e-01 0.000000000000000000e+00 1.176422540732470629e-01
-2.120189599999999785e+01 9.720690840902108665e-01 0.000000000000000000e+00 3.226215958754970470e-01
-2.131838399999999822e+01 9.774098509474532515e-01 0.000000000000000000e+00 1.720806768273934195e-01
-2.142704399999999509e+01 9.823917179784602549e-01 0.000000000000000000e+00 9.427084162029124303e-02
-2.146978000000000009e+01 9.843510872904163156e-01 0.000000000000000000e+00 7.319546268434790059e-02
-2.147006999999999977e+01 9.843643832727372311e-01 0.000000000000000000e+00 8.345416875643948962e-02
-2.140594600000000014e+01 9.814244123405055920e-01 0.000000000000000000e+00 1.098026801571666544e-01
-2.134224399999999733e+01 9.785037893549614063e-01 0.000000000000000000e+00 1.407496497438995298e-01
-2.137630599999999959e+01 9.800654712508768407e-01 0.000000000000000000e+00 1.177803964241005835e-01
-2.140787600000000168e+01 9.815128993952620950e-01 0.000000000000000000e+00 9.206438800857803806e-02
-2.146890399999999843e+01 9.843109242541641102e-01 0.000000000000000000e+00 7.642846780427510478e-02
-2.153250799999999998e+01 9.872270541146480616e-01 0.000000000000000000e+00 4.371227246021806845e-02
-2.155190999999999946e+01 9.881166011801330029e-01 0.000000000000000000e+00 5.934449588562637490e-02
-2.153831999999999880e+01 9.874935239396454012e-01 0.000000000000000000e+00 4.700605161985892816e-02
-2.153409200000000112e+01 9.872996776870492930e-01 0.000000000000000000e+00 3.739728202731176093e-02
-2.152167999999999992e+01 9.867306096437135077e-01 0.000000000000000000e+00 4.652252631301790481e-02
-2.153010200000000296e+01 9.871167433095994204e-01 0.000000000000000000e+00 3.374439266550214450e-02
-2.125793400000000233e+01 9.746383263567633959e-01 0.000000000000000000e+00 3.518283030000845524e-01
-2.152754000000000190e+01 9.869992801830261842e-01 0.000000000000000000e+00 2.862391456192629746e-02
-2.151114400000000160e+01 9.862475528515297629e-01 0.000000000000000000e+00 6.675681529161492378e-02
-2.155857999999999919e+01 9.884224087735143938e-01 0.000000000000000000e+00 5.802296306139631543e-02
-2.156846400000000230e+01 9.888755725295836907e-01 0.000000000000000000e+00 6.127151944377916271e-02
-2.154653800000000174e+01 9.878703045696917151e-01 0.000000000000000000e+00 5.009338104223338278e-02
-2.156444999999999723e+01 9.886915377949758721e-01 0.000000000000000000e+00 5.984251638823932101e-02
-2.155205400000000182e+01 9.881232033230786804e-01 0.000000000000000000e+00 5.722934088896872856e-02
-2.155642199999999775e+01 9.883234683257606790e-01 0.000000000000000000e+00 5.877642552911618162e-02
-2.155120800000000258e+01 9.880844157332735467e-01 0.000000000000000000e+00 5.435429913395405793e-02
-2.155451799999999807e+01 9.882361733245915714e-01 0.000000000000000000e+00 5.850545408400556480e-02
-2.156003199999999964e+01 9.884889803815488651e-01 0.000000000000000000e+00 6.380300629375637578e-02
-2.154853200000000157e+01 9.879617259102018156e-01 0.000000000000000000e+00 5.537755604151595873e-02
-2.157048400000000044e+01 9.889681859236810757e-01 0.000000000000000000e+00 6.622584975489168024e-02
-2.156639399999999895e+01 9.887806667247410752e-01 0.000000000000000000e+00 6.348698080168115043e-02
-2.154905000000000470e+01 9.879854752855199429e-01 0.000000000000000000e+00 5.486578941822307931e-02
-2.155609400000000164e+01 9.883084301112736725e-01 0.000000000000000000e+00 5.547554164865883819e-02
-2.156412200000000112e+01 9.886764995804888656e-01 0.000000000000000000e+00 6.692276806026778435e-02
-2.156712599999999824e+01 9.888142276180476031e-01 0.000000000000000000e+00 6.338344209107803218e-02
-2.154536399999999929e+01 9.878164787653992418e-01 0.000000000000000000e+00 5.241065417171423407e-02
-2.155238200000000148e+01 9.881382415375657979e-01 0.000000000000000000e+00 5.495757846105443767e-02
-2.155006000000000199e+01 9.880317819825685799e-01 0.000000000000000000e+00 5.226909394487478516e-02
-2.155031199999999814e+01 9.880433357327231825e-01 0.000000000000000000e+00 5.955515783072302255e-02
-2.155707800000000063e+01 9.883535447547350250e-01 0.000000000000000000e+00 5.977967557724894049e-02
-2.155395599999999945e+01 9.882104066278178944e-01 0.000000000000000000e+00 5.871665969086150433e-02
-2.155101599999999706e+01 9.880756128760125323e-01 0.000000000000000000e+00 5.362043316241663082e-02
-2.161701399999999751e+01 9.911015033629664295e-01 0.000000000000000000e+00 6.003998839157558692e-02
-2.163096199999999669e+01 9.917409942643882204e-01 0.000000000000000000e+00 5.021359383733195458e-02
-2.164590400000000159e+01 9.924260582914204987e-01 0.000000000000000000e+00 3.904402053316088222e-02
-2.165152399999999844e+01 9.926837252591569349e-01 0.000000000000000000e+00 2.602105254899464426e-02
-2.166174399999999522e+01 9.931522940154322576e-01 0.000000000000000000e+00 2.802141432201557883e-02
-2.167113600000000062e+01 9.935829004497710448e-01 0.000000000000000000e+00 4.094149933352179971e-02
-2.165939599999999743e+01 9.930446424068477551e-01 0.000000000000000000e+00 2.312150566555784895e-02
-2.166526599999999547e+01 9.933137714283092334e-01 0.000000000000000000e+00 3.376699787447123152e-02
-2.166135599999999783e+01 9.931345049080513299e-01 0.000000000000000000e+00 3.783738816877168371e-02
-2.166761399999999682e+01 9.934214230368939580e-01 0.000000000000000000e+00 3.691831283011482584e-02
-2.168052799999999536e+01 9.940135068841092769e-01 0.000000000000000000e+00 4.887751766746478016e-02
-2.167583199999999977e+01 9.937982036669402719e-01 0.000000000000000000e+00 4.533083076871431694e-02
-2.167501199999999528e+01 9.937606081307222006e-01 0.000000000000000000e+00 4.585624723089536808e-02
-2.166643999999999437e+01 9.933675972326014847e-01 0.000000000000000000e+00 3.539743185342943826e-02
-2.166916799999999910e+01 9.934926711628482288e-01 0.000000000000000000e+00 4.207423185108153524e-02
-2.167817999999999756e+01 9.939058552755247744e-01 0.000000000000000000e+00 4.719657580457257973e-02
-2.165500599999999665e+01 9.928433687434378152e-01 0.000000000000000000e+00 3.240809794050231174e-02
-2.166996200000000172e+01 9.935290746454787936e-01 0.000000000000000000e+00 3.968092633938267305e-02
-2.166796799999999834e+01 9.934376533049684710e-01 0.000000000000000000e+00 3.881241309299127834e-02
-2.167230999999999597e+01 9.936367262540630740e-01 0.000000000000000000e+00 4.213137102258152772e-02
-2.167113600000000062e+01 9.935829004497710448e-01 0.000000000000000000e+00 4.094149933352179971e-02
-2.167700599999999866e+01 9.938520294712325232e-01 0.000000000000000000e+00 4.628814849298996253e-02
-2.166018199999999894e+01 9.930806791037590786e-01 0.000000000000000000e+00 3.615027104973985578e-02
-2.166996200000000172e+01 9.935290746454787936e-01 0.000000000000000000e+00 3.968092633938267305e-02
-2.163582399999999595e+01 9.919639082852307332e-01 0.000000000000000000e+00 6.123815922653502025e-02
-2.167583199999999977e+01 9.937982036669402719e-01 0.000000000000000000e+00 4.533083076871431694e-02
-2.166526599999999547e+01 9.933137714283092334e-01 0.000000000000000000e+00 3.376699787447123152e-02
-2.167230999999999597e+01 9.936367262540630740e-01 0.000000000000000000e+00 4.213137102258152772e-02
-2.166643999999999437e+01 9.933675972326014847e-01 0.000000000000000000e+00 3.539743185342943826e-02
-2.167465799999999732e+01 9.937443778626477986e-01 0.000000000000000000e+00 4.432145473125796015e-02
-2.167700599999999866e+01 9.938520294712325232e-01 0.000000000000000000e+00 4.628814849298996253e-02
-2.166996200000000172e+01 9.935290746454787936e-01 0.000000000000000000e+00 3.968092633938267305e-02
-2.166313399999999945e+01 9.932160230341431362e-01 0.000000000000000000e+00 3.487757584709234165e-02
-2.167031600000000324e+01 9.935453049135533066e-01 0.000000000000000000e+00 4.142871380181524510e-02
-2.166643999999999437e+01 9.933675972326014847e-01 0.000000000000000000e+00 3.539743185342943826e-02
-2.166878799999999572e+01 9.934752488411862092e-01 0.000000000000000000e+00 3.834267944036599818e-02
-2.167230999999999597e+01 9.936367262540630740e-01 0.000000000000000000e+00 4.213137102258152772e-02
-2.167348399999999842e+01 9.936905520583555473e-01 0.000000000000000000e+00 4.325637623343503435e-02
-2.167230999999999597e+01 9.936367262540630740e-01 0.000000000000000000e+00 4.213137102258152772e-02
-2.165822199999999853e+01 9.929908166025555039e-01 0.000000000000000000e+00 2.012783177893763542e-02
-2.172044399999999698e+01 9.958435842300479290e-01 0.000000000000000000e+00 5.856941029430140500e-02
-2.171809599999999918e+01 9.957359326214633155e-01 0.000000000000000000e+00 5.880663042394266432e-02
-2.174509799999999871e+01 9.969739261201864267e-01 0.000000000000000000e+00 4.965463344162577425e-02
-2.172983599999999882e+01 9.962741906643864942e-01 0.000000000000000000e+00 5.663589096548709428e-02
-2.174274999999999736e+01 9.968662745116018131e-01 0.000000000000000000e+00 5.109179202299729550e-02
-2.175448999999999700e+01 9.974045325545248808e-01 0.000000000000000000e+00 4.213137102258154160e-02
-2.170400799999999464e+01 9.950900229699554123e-01 0.000000000000000000e+00 5.823567874411593459e-02
-2.174861999999999540e+01 9.971354035330632914e-01 0.000000000000000000e+00 4.719657580457257973e-02
-2.171328799999999504e+01 9.955154944042251541e-01 0.000000000000000000e+00 6.174912959759466802e-02
-2.174744599999999650e+01 9.970815777287709292e-01 0.000000000000000000e+00 4.805888521891499288e-02
-2.171926999999999808e+01 9.957897584257555668e-01 0.000000000000000000e+00 5.869999999999997442e-02
-2.174040199999999956e+01 9.967586229030173106e-01 0.000000000000000000e+00 5.238341548793679081e-02
-2.171061199999999758e+01 9.953928045811535341e-01 0.000000000000000000e+00 6.204390312634631283e-02
-2.166080399999999884e+01 9.931091966934266768e-01 0.000000000000000000e+00 4.563549460317800621e-02
-2.170741799999999699e+01 9.952463653827636758e-01 0.000000000000000000e+00 6.145585321960338188e-02
-2.174274999999999736e+01 9.968662745116018131e-01 0.000000000000000000e+00 5.109179202299729550e-02
-2.177092599999999933e+01 9.981580938146172866e-01 0.000000000000000000e+00 1.174000000000001084e-02
-2.172230000000000061e+01 9.959286785169020328e-01 0.000000000000000000e+00 5.888106141994535470e-02
-2.177209999999999823e+01 9.982119196189095378e-01 0.000000000000000000e+00 0.000000000000000000e+00
-2.176035999999999859e+01 9.976736615759864701e-01 0.000000000000000000e+00 3.539743185342943826e-02
-2.177209999999999823e+01 9.982119196189095378e-01 0.000000000000000000e+00 0.000000000000000000e+00
-2.174040199999999956e+01 9.967586229030173106e-01 0.000000000000000000e+00 5.238341548793679081e-02
-2.177209999999999823e+01 9.982119196189095378e-01 0.000000000000000000e+00 0.000000000000000000e+00
-2.177209999999999823e+01 9.982119196189095378e-01 0.000000000000000000e+00 0.000000000000000000e+00
-2.176153399999999749e+01 9.977274873802787214e-01 0.000000000000000000e+00 3.376699787447123152e-02
-2.177209999999999823e+01 9.982119196189095378e-01 0.000000000000000000e+00 0.000000000000000000e+00
-2.171692200000000028e+01 9.956821068171710643e-01 0.000000000000000000e+00 5.888943171466986398e-02
-2.177209999999999823e+01 9.982119196189095378e-01 0.000000000000000000e+00 0.000000000000000000e+00
-2.176975200000000044e+01 9.981042680103250353e-01 0.000000000000000000e+00 1.651880153160042303e-02
-2.175096800000000030e+01 9.972430551416481270e-01 0.000000000000000000e+00 4.533083076871431694e-02
-2.177209999999999823e+01 9.982119196189095378e-01 0.000000000000000000e+00 0.000000000000000000e+00
-2.175918599999999614e+01 9.976198357716941079e-01 0.000000000000000000e+00 3.691831283011483972e-02
-2.175683799999999835e+01 9.975121841631094943e-01 0.000000000000000000e+00 3.968092633938267999e-02
-2.177209999999999823e+01 9.982119196189095378e-01 0.000000000000000000e+00 0.000000000000000000e+00
-2.177209999999999823e+01 9.982119196189095378e-01 0.000000000000000000e+00 0.000000000000000000e+00
-2.174744599999999650e+01 9.970815777287709292e-01 0.000000000000000000e+00 4.805888521891499288e-02
-2.177209999999999823e+01 9.982119196189095378e-01 0.000000000000000000e+00 0.000000000000000000e+00
-2.177209999999999823e+01 9.982119196189095378e-01 0.000000000000000000e+00 0.000000000000000000e+00
-2.176153399999999749e+01 9.977274873802787214e-01 0.000000000000000000e+00 3.376699787447123152e-02
-2.176505600000000129e+01 9.978889647931558082e-01 0.000000000000000000e+00 2.802141432201559271e-02
-2.177209999999999823e+01 9.982119196189095378e-01 0.000000000000000000e+00 0.000000000000000000e+00
-2.177209999999999823e+01 9.982119196189095378e-01 0.000000000000000000e+00 0.000000000000000000e+00
-2.177209999999999823e+01 9.982119196189095378e-01 0.000000000000000000e+00 0.000000000000000000e+00
-2.171915799999999663e+01 9.957846234256867435e-01 0.000000000000000000e+00 6.147746105835658059e-02
-2.177209999999999823e+01 9.982119196189095378e-01 0.000000000000000000e+00 0.000000000000000000e+00
-2.176623000000000019e+01 9.979427905974480595e-01 0.000000000000000000e+00 2.571563805166109801e-02
-2.177209999999999823e+01 9.982119196189095378e-01 0.000000000000000000e+00 0.000000000000000000e+00
-2.174274999999999736e+01 9.968662745116018131e-01 0.000000000000000000e+00 5.109179202299729550e-02
-2.174274999999999736e+01 9.968662745116018131e-01 0.000000000000000000e+00 5.109179202299729550e-02
-2.177209999999999823e+01 9.982119196189095378e-01 0.000000000000000000e+00 0.000000000000000000e+00
-2.177209999999999823e+01 9.982119196189095378e-01 0.000000000000000000e+00 0.000000000000000000e+00
-2.176153399999999749e+01 9.977274873802787214e-01 0.000000000000000000e+00 3.376699787447123152e-02
-2.176975200000000044e+01 9.981042680103250353e-01 0.000000000000000000e+00 1.651880153160042303e-02
-2.177209999999999823e+01 9.982119196189095378e-01 0.000000000000000000e+00 0.000000000000000000e+00
-2.177209999999999823e+01 9.982119196189095378e-01 0.000000000000000000e+00 0.000000000000000000e+00
-2.177209999999999823e+01 9.982119196189095378e-01 0.000000000000000000e+00 0.000000000000000000e+00
-2.174744599999999650e+01 9.970815777287709292e-01 0.000000000000000000e+00 4.805888521891499288e-02
-2.177209999999999823e+01 9.982119196189095378e-01 0.000000000000000000e+00 0.000000000000000000e+00
-2.176270799999999994e+01 9.977813131845711947e-01 0.000000000000000000e+00 3.201027511801971676e-02
-2.176505600000000129e+01 9.978889647931558082e-01 0.000000000000000000e+00 2.802141432201559271e-02
-2.175096800000000030e+01 9.972430551416481270e-01 0.000000000000000000e+00 4.533083076871431694e-02
-2.177209999999999823e+01 9.982119196189095378e-01 0.000000000000000000e+00 0.000000000000000000e+00
-2.174157599999999846e+01 9.968124487073095619e-01 0.000000000000000000e+00 5.175508586729724719e-02
-2.176270799999999994e+01 9.977813131845711947e-01 0.000000000000000000e+00 3.201027511801971676e-02
-2.177209999999999823e+01 9.982119196189095378e-01 0.000000000000000000e+00 0.000000000000000000e+00
-2.177209999999999823e+01 9.982119196189095378e-01 0.000000000000000000e+00 0.000000000000000000e+00
-2.177209999999999823e+01 9.982119196189095378e-01 0.000000000000000000e+00 0.000000000000000000e+00
-2.177209999999999823e+01 9.982119196189095378e-01 0.000000000000000000e+00 0.000000000000000000e+00
-2.176857800000000154e+01 9.980504422060327840e-01 0.000000000000000000e+00 2.012783177893762848e-02
-2.176975200000000044e+01 9.981042680103250353e-01 0.000000000000000000e+00 1.651880153160042303e-02
-2.176857800000000154e+01 9.980504422060327840e-01 0.000000000000000000e+00 2.012783177893762848e-02
-2.174744599999999650e+01 9.970815777287709292e-01 0.000000000000000000e+00 4.805888521891499288e-02
-2.172631399999999502e+01 9.961127132515092963e-01 0.000000000000000000e+00 5.755031706202314024e-02
-2.174157599999999846e+01 9.968124487073095619e-01 0.000000000000000000e+00 5.175508586729724719e-02
-2.177209999999999823e+01 9.982119196189095378e-01 0.000000000000000000e+00 0.000000000000000000e+00
-2.177209999999999823e+01 9.982119196189095378e-01 0.000000000000000000e+00 0.000000000000000000e+00
-2.172330999999999790e+01 9.959749852139505588e-01 0.000000000000000000e+00 5.890631750860191723e-02
-2.169895999999999958e+01 9.948585811811416768e-01 1.000000000000000082e-05 6.251218547877883391e-02
-2.165015200000000206e+01 9.926208215083146547e-01 0.000000000000000000e+00 3.638393051884230428e-02
-2.175566399999999589e+01 9.974583583588171320e-01 0.000000000000000000e+00 4.094149933352180665e-02
-2.176270799999999994e+01 9.977813131845711947e-01 0.000000000000000000e+00 3.201027511801971676e-02
-2.177209999999999823e+01 9.982119196189095378e-01 0.000000000000000000e+00 0.000000000000000000e+00
-2.177209999999999823e+01 9.982119196189095378e-01 0.000000000000000000e+00 0.000000000000000000e+00
-2.177209999999999823e+01 9.982119196189095378e-01 0.000000000000000000e+00 0.000000000000000000e+00
-2.177209999999999823e+01 9.982119196189095378e-01 0.000000000000000000e+00 0.000000000000000000e+00
-2.176505600000000129e+01 9.978889647931558082e-01 0.000000000000000000e+00 2.802141432201559271e-02
-2.173805399999999821e+01 9.966509712944325861e-01 0.000000000000000000e+00 5.354003773256083704e-02
-2.176857800000000154e+01 9.980504422060327840e-01 0.000000000000000000e+00 2.012783177893762848e-02
-2.177209999999999823e+01 9.982119196189095378e-01 0.000000000000000000e+00 0.000000000000000000e+00
-2.177209999999999823e+01 9.982119196189095378e-01 0.000000000000000000e+00 0.000000000000000000e+00
-2.177209999999999823e+01 9.982119196189095378e-01 0.000000000000000000e+00 0.000000000000000000e+00
-2.176505600000000129e+01 9.978889647931558082e-01 0.000000000000000000e+00 2.802141432201559271e-02
-2.174627199999999760e+01 9.970277519244786779e-01 0.000000000000000000e+00 4.887751766746478016e-02
-2.176153399999999749e+01 9.977274873802787214e-01 0.000000000000000000e+00 3.376699787447123152e-02
-2.176505600000000129e+01 9.978889647931558082e-01 0.000000000000000000e+00 2.802141432201559271e-02
-2.177209999999999823e+01 9.982119196189095378e-01 0.000000000000000000e+00 0.000000000000000000e+00
-2.176623000000000019e+01 9.979427905974480595e-01 0.000000000000000000e+00 2.571563805166109801e-02
-2.177209999999999823e+01 9.982119196189095378e-01 0.000000000000000000e+00 0.000000000000000000e+00
-2.175331599999999810e+01 9.973507067502326295e-01 0.000000000000000000e+00 4.325637623343502741e-02
-2.177209999999999823e+01 9.982119196189095378e-01 0.000000000000000000e+00 0.000000000000000000e+00
-2.177209999999999823e+01 9.982119196189095378e-01 0.000000000000000000e+00 0.000000000000000000e+00
-2.174979399999999785e+01 9.971892293373556537e-01 0.000000000000000000e+00 4.628814849298996947e-02
-2.177209999999999823e+01 9.982119196189095378e-01 0.000000000000000000e+00 0.000000000000000000e+00
-2.177209999999999823e+01 9.982119196189095378e-01 0.000000000000000000e+00 0.000000000000000000e+00
-2.177209999999999823e+01 9.982119196189095378e-01 0.000000000000000000e+00 0.000000000000000000e+00
-2.176153399999999749e+01 9.977274873802787214e-01 0.000000000000000000e+00 3.376699787447123152e-02
-2.170870399999999734e+01 9.953053261871247503e-01 0.000000000000000000e+00 5.880663042394266432e-02
-2.174392399999999625e+01 9.969201003158940644e-01 0.000000000000000000e+00 5.039215330933490000e-02
-2.177209999999999823e+01 9.982119196189095378e-01 0.000000000000000000e+00 0.000000000000000000e+00
-2.177209999999999823e+01 9.982119196189095378e-01 0.000000000000000000e+00 0.000000000000000000e+00
-2.177209999999999823e+01 9.982119196189095378e-01 0.000000000000000000e+00 0.000000000000000000e+00
-2.177209999999999823e+01 9.982119196189095378e-01 0.000000000000000000e+00 0.000000000000000000e+00
-2.177209999999999823e+01 9.982119196189095378e-01 0.000000000000000000e+00 0.000000000000000000e+00
-2.176975200000000044e+01 9.981042680103250353e-01 0.000000000000000000e+00 1.651880153160042303e-02
-2.177209999999999823e+01 9.982119196189095378e-01 0.000000000000000000e+00 0.000000000000000000e+00
-2.175448999999999700e+01 9.974045325545248808e-01 0.000000000000000000e+00 4.213137102258154160e-02
-2.177209999999999823e+01 9.982119196189095378e-01 0.000000000000000000e+00 0.000000000000000000e+00
-2.176153399999999749e+01 9.977274873802787214e-01 0.000000000000000000e+00 3.376699787447123152e-02
-2.177209999999999823e+01 9.982119196189095378e-01 0.000000000000000000e+00 0.000000000000000000e+00
-2.176388199999999884e+01 9.978351389888634460e-01 0.000000000000000000e+00 3.010516375721088156e-02
-2.176153399999999749e+01 9.977274873802787214e-01 0.000000000000000000e+00 3.376699787447123152e-02
-2.176035999999999859e+01 9.976736615759864701e-01 0.000000000000000000e+00 3.539743185342943826e-02
-2.177209999999999823e+01 9.982119196189095378e-01 0.000000000000000000e+00 0.000000000000000000e+00
-2.177209999999999823e+01 9.982119196189095378e-01 0.000000000000000000e+00 0.000000000000000000e+00
-2.177209999999999823e+01 9.982119196189095378e-01 0.000000000000000000e+00 0.000000000000000000e+00
-2.177209999999999823e+01 9.982119196189095378e-01 0.000000000000000000e+00 0.000000000000000000e+00
-2.176740399999999909e+01 9.979966164017404218e-01 0.000000000000000000e+00 2.312150566555784895e-02
-2.177209999999999823e+01 9.982119196189095378e-01 0.000000000000000000e+00 0.000000000000000000e+00
-2.177209999999999823e+01 9.982119196189095378e-01 0.000000000000000000e+00 0.000000000000000000e+00
-2.177209999999999823e+01 9.982119196189095378e-01 0.000000000000000000e+00 0.000000000000000000e+00
-2.176388199999999884e+01 9.978351389888634460e-01 0.000000000000000000e+00 3.010516375721088156e-02
-2.177209999999999823e+01 9.982119196189095378e-01 0.000000000000000000e+00 0.000000000000000000e+00
-2.177209999999999823e+01 9.982119196189095378e-01 0.000000000000000000e+00 0.000000000000000000e+00
-2.177209999999999823e+01 9.982119196189095378e-01 0.000000000000000000e+00 0.000000000000000000e+00
-2.177209999999999823e+01 9.982119196189095378e-01 0.000000000000000000e+00 0.000000000000000000e+00
-2.175566399999999589e+01 9.974583583588171320e-01 0.000000000000000000e+00 4.094149933352180665e-02
-2.175683799999999835e+01 9.975121841631094943e-01 0.000000000000000000e+00 3.968092633938267999e-02
-2.177209999999999823e+01 9.982119196189095378e-01 0.000000000000000000e+00 0.000000000000000000e+00
-2.177209999999999823e+01 9.982119196189095378e-01 0.000000000000000000e+00 0.000000000000000000e+00
-2.177209999999999823e+01 9.982119196189095378e-01 0.000000000000000000e+00 0.000000000000000000e+00
-2.176035999999999859e+01 9.976736615759864701e-01 0.000000000000000000e+00 3.539743185342943826e-02
-2.177209999999999823e+01 9.982119196189095378e-01 0.000000000000000000e+00 0.000000000000000000e+00
-2.177209999999999823e+01 9.982119196189095378e-01 0.000000000000000000e+00 0.000000000000000000e+00
-2.176388199999999884e+01 9.978351389888634460e-01 0.000000000000000000e+00 3.010516375721088156e-02
-2.177209999999999823e+01 9.982119196189095378e-01 0.000000000000000000e+00 0.000000000000000000e+00
-2.177209999999999823e+01 9.982119196189095378e-01 0.000000000000000000e+00 0.000000000000000000e+00
-2.176740399999999909e+01 9.979966164017404218e-01 0.000000000000000000e+00 2.312150566555784895e-02
-2.177209999999999823e+01 9.982119196189095378e-01 0.000000000000000000e+00 0.000000000000000000e+00
-2.177092599999999933e+01 9.981580938146172866e-01 0.000000000000000000e+00 1.174000000000001084e-02
-2.177209999999999823e+01 9.982119196189095378e-01 0.000000000000000000e+00 0.000000000000000000e+00
-2.175683799999999835e+01 9.975121841631094943e-01 0.000000000000000000e+00 3.968092633938267999e-02
-2.177209999999999823e+01 9.982119196189095378e-01 0.000000000000000000e+00 0.000000000000000000e+00
-2.176623000000000019e+01 9.979427905974480595e-01 0.000000000000000000e+00 2.571563805166109801e-02
-2.177209999999999823e+01 9.982119196189095378e-01 0.000000000000000000e+00 0.000000000000000000e+00
-2.175448999999999700e+01 9.974045325545248808e-01 0.000000000000000000e+00 4.213137102258154160e-02
-2.177209999999999823e+01 9.982119196189095378e-01 0.000000000000000000e+00 0.000000000000000000e+00
-2.177209999999999823e+01 9.982119196189095378e-01 0.000000000000000000e+00 0.000000000000000000e+00
-2.177209999999999823e+01 9.982119196189095378e-01 0.000000000000000000e+00 0.000000000000000000e+00
-2.177209999999999823e+01 9.982119196189095378e-01 0.000000000000000000e+00 0.000000000000000000e+00
-2.177209999999999823e+01 9.982119196189095378e-01 0.000000000000000000e+00 0.000000000000000000e+00
-2.177209999999999823e+01 9.982119196189095378e-01 0.000000000000000000e+00 0.000000000000000000e+00
-2.177209999999999823e+01 9.982119196189095378e-01 0.000000000000000000e+00 0.000000000000000000e+00
-2.177209999999999823e+01 9.982119196189095378e-01 0.000000000000000000e+00 0.000000000000000000e+00
-2.177209999999999823e+01 9.982119196189095378e-01 0.000000000000000000e+00 0.000000000000000000e+00
-2.177209999999999823e+01 9.982119196189095378e-01 0.000000000000000000e+00 0.000000000000000000e+00
-2.177209999999999823e+01 9.982119196189095378e-01 0.000000000000000000e+00 0.000000000000000000e+00
-2.175096800000000030e+01 9.972430551416481270e-01 0.000000000000000000e+00 4.533083076871431694e-02
-2.177209999999999823e+01 9.982119196189095378e-01 0.000000000000000000e+00 0.000000000000000000e+00
-2.177209999999999823e+01 9.982119196189095378e-01 0.000000000000000000e+00 0.000000000000000000e+00
-2.177209999999999823e+01 9.982119196189095378e-01 0.000000000000000000e+00 0.000000000000000000e+00
-2.176153399999999749e+01 9.977274873802787214e-01 0.000000000000000000e+00 3.376699787447123152e-02
-2.177209999999999823e+01 9.982119196189095378e-01 0.000000000000000000e+00 0.000000000000000000e+00
-2.177209999999999823e+01 9.982119196189095378e-01 0.000000000000000000e+00 0.000000000000000000e+00
-2.177209999999999823e+01 9.982119196189095378e-01 0.000000000000000000e+00 0.000000000000000000e+00
-2.176975200000000044e+01 9.981042680103250353e-01 0.000000000000000000e+00 1.651880153160042303e-02
-2.177092599999999933e+01 9.981580938146172866e-01 0.000000000000000000e+00 1.174000000000001084e-02
-2.177209999999999823e+01 9.982119196189095378e-01 0.000000000000000000e+00 0.000000000000000000e+00
-2.177209999999999823e+01 9.982119196189095378e-01 0.000000000000000000e+00 0.000000000000000000e+00
-2.175918599999999614e+01 9.976198357716941079e-01 0.000000000000000000e+00 3.691831283011483972e-02
-2.177209999999999823e+01 9.982119196189095378e-01 0.000000000000000000e+00 0.000000000000000000e+00
-2.177209999999999823e+01 9.982119196189095378e-01 0.000000000000000000e+00 0.000000000000000000e+00
-2.177209999999999823e+01 9.982119196189095378e-01 0.000000000000000000e+00 0.000000000000000000e+00
-2.176740399999999909e+01 9.979966164017404218e-01 0.000000000000000000e+00 2.312150566555784895e-02
-2.176035999999999859e+01 9.976736615759864701e-01 0.000000000000000000e+00 3.539743185342943826e-02
-2.177209999999999823e+01 9.982119196189095378e-01 0.000000000000000000e+00 0.000000000000000000e+00
-2.176505600000000129e+01 9.978889647931558082e-01 0.000000000000000000e+00 2.802141432201559271e-02
-2.177209999999999823e+01 9.982119196189095378e-01 0.000000000000000000e+00 0.000000000000000000e+00
-2.177209999999999823e+01 9.982119196189095378e-01 0.000000000000000000e+00 0.000000000000000000e+00
-2.177209999999999823e+01 9.982119196189095378e-01 0.000000000000000000e+00 0.000000000000000000e+00
-2.177209999999999823e+01 9.982119196189095378e-01 0.000000000000000000e+00 0.000000000000000000e+00
-2.177209999999999823e+01 9.982119196189095378e-01 0.000000000000000000e+00 0.000000000000000000e+00
-2.177209999999999823e+01 9.982119196189095378e-01 0.000000000000000000e+00 0.000000000000000000e+00
-2.176623000000000019e+01 9.979427905974480595e-01 0.000000000000000000e+00 2.571563805166109801e-02
-2.177209999999999823e+01 9.982119196189095378e-01 0.000000000000000000e+00 0.000000000000000000e+00
-2.176975200000000044e+01 9.981042680103250353e-01 0.000000000000000000e+00 1.651880153160042303e-02
-2.177209999999999823e+01 9.982119196189095378e-01 0.000000000000000000e+00 0.000000000000000000e+00
-2.177209999999999823e+01 9.982119196189095378e-01 0.000000000000000000e+00 0.000000000000000000e+00
-2.177209999999999823e+01 9.982119196189095378e-01 0.000000000000000000e+00 0.000000000000000000e+00
-2.177209999999999823e+01 9.982119196189095378e-01 0.000000000000000000e+00 0.000000000000000000e+00
-2.176740399999999909e+01 9.979966164017404218e-01 0.000000000000000000e+00 2.312150566555784895e-02
-2.177209999999999823e+01 9.982119196189095378e-01 0.000000000000000000e+00 0.000000000000000000e+00
-2.177209999999999823e+01 9.982119196189095378e-01 0.000000000000000000e+00 0.000000000000000000e+00
-2.177209999999999823e+01 9.982119196189095378e-01 0.000000000000000000e+00 0.000000000000000000e+00
-2.177209999999999823e+01 9.982119196189095378e-01 0.000000000000000000e+00 0.000000000000000000e+00
-2.177209999999999823e+01 9.982119196189095378e-01 0.000000000000000000e+00 0.000000000000000000e+00
-2.177209999999999823e+01 9.982119196189095378e-01 0.000000000000000000e+00 0.000000000000000000e+00
-2.177209999999999823e+01 9.982119196189095378e-01 0.000000000000000000e+00 0.000000000000000000e+00
-2.175566399999999589e+01 9.974583583588171320e-01 0.000000000000000000e+00 4.094149933352180665e-02
-2.177209999999999823e+01 9.982119196189095378e-01 0.000000000000000000e+00 0.000000000000000000e+00
-2.176975200000000044e+01 9.981042680103250353e-01 0.000000000000000000e+00 1.651880153160042303e-02
-2.177209999999999823e+01 9.982119196189095378e-01 0.000000000000000000e+00 0.000000000000000000e+00
-2.177209999999999823e+01 9.982119196189095378e-01 0.000000000000000000e+00 0.000000000000000000e+00
-2.177209999999999823e+01 9.982119196189095378e-01 0.000000000000000000e+00 0.000000000000000000e+00
-2.177209999999999823e+01 9.982119196189095378e-01 0.000000000000000000e+00 0.000000000000000000e+00
-2.175096800000000030e+01 9.972430551416481270e-01 0.000000000000000000e+00 4.533083076871431694e-02
-2.177209999999999823e+01 9.982119196189095378e-01 0.000000000000000000e+00 0.000000000000000000e+00
-2.174861999999999540e+01 9.971354035330632914e-01 0.000000000000000000e+00 4.719657580457257973e-02
-2.177209999999999823e+01 9.982119196189095378e-01 0.000000000000000000e+00 0.000000000000000000e+00
-2.177209999999999823e+01 9.982119196189095378e-01 0.000000000000000000e+00 0.000000000000000000e+00
-2.176505600000000129e+01 9.978889647931558082e-01 0.000000000000000000e+00 2.802141432201559271e-02
-2.177209999999999823e+01 9.982119196189095378e-01 0.000000000000000000e+00 0.000000000000000000e+00
-2.177209999999999823e+01 9.982119196189095378e-01 0.000000000000000000e+00 0.000000000000000000e+00
-2.177209999999999823e+01 9.982119196189095378e-01 0.000000000000000000e+00 0.000000000000000000e+00
-2.174979399999999785e+01 9.971892293373556537e-01 0.000000000000000000e+00 4.628814849298996947e-02
-2.177209999999999823e+01 9.982119196189095378e-01 0.000000000000000000e+00 0.000000000000000000e+00
-2.175566399999999589e+01 9.974583583588171320e-01 0.000000000000000000e+00 4.094149933352180665e-02
-2.177209999999999823e+01 9.982119196189095378e-01 0.000000000000000000e+00 0.000000000000000000e+00
-2.177209999999999823e+01 9.982119196189095378e-01 0.000000000000000000e+00 0.000000000000000000e+00
-2.177209999999999823e+01 9.982119196189095378e-01 0.000000000000000000e+00 0.000000000000000000e+00
-2.176740399999999909e+01 9.979966164017404218e-01 0.000000000000000000e+00 2.312150566555784895e-02
-2.177209999999999823e+01 9.982119196189095378e-01 0.000000000000000000e+00 0.000000000000000000e+00
-2.176035999999999859e+01 9.976736615759864701e-01 0.000000000000000000e+00 3.539743185342943826e-02
-2.177209999999999823e+01 9.982119196189095378e-01 0.000000000000000000e+00 0.000000000000000000e+00
-2.176740399999999909e+01 9.979966164017404218e-01 0.000000000000000000e+00 2.312150566555784895e-02
-2.176857800000000154e+01 9.980504422060327840e-01 0.000000000000000000e+00 2.012783177893762848e-02
-2.177209999999999823e+01 9.982119196189095378e-01 0.000000000000000000e+00 0.000000000000000000e+00
-2.177209999999999823e+01 9.982119196189095378e-01 0.000000000000000000e+00 0.000000000000000000e+00
-2.177209999999999823e+01 9.982119196189095378e-01 0.000000000000000000e+00 0.000000000000000000e+00
-2.176975200000000044e+01 9.981042680103250353e-01 0.000000000000000000e+00 1.651880153160042303e-02
-2.176388199999999884e+01 9.978351389888634460e-01 0.000000000000000000e+00 3.010516375721088156e-02
-2.177209999999999823e+01 9.982119196189095378e-01 0.000000000000000000e+00 0.000000000000000000e+00
-2.177209999999999823e+01 9.982119196189095378e-01 0.000000000000000000e+00 0.000000000000000000e+00
-2.177209999999999823e+01 9.982119196189095378e-01 0.000000000000000000e+00 0.000000000000000000e+00
-2.177209999999999823e+01 9.982119196189095378e-01 0.000000000000000000e+00 0.000000000000000000e+00
-2.175918599999999614e+01 9.976198357716941079e-01 0.000000000000000000e+00 3.691831283011483972e-02
-2.176857800000000154e+01 9.980504422060327840e-01 0.000000000000000000e+00 2.012783177893762848e-02
-2.177209999999999823e+01 9.982119196189095378e-01 0.000000000000000000e+00 0.000000000000000000e+00
-2.175566399999999589e+01 9.974583583588171320e-01 0.000000000000000000e+00 4.094149933352180665e-02
-2.176035999999999859e+01 9.976736615759864701e-01 0.000000000000000000e+00 3.539743185342943826e-02
-2.177209999999999823e+01 9.982119196189095378e-01 0.000000000000000000e+00 0.000000000000000000e+00
-2.176857800000000154e+01 9.980504422060327840e-01 0.000000000000000000e+00 2.012783177893762848e-02
-2.176975200000000044e+01 9.981042680103250353e-01 0.000000000000000000e+00 1.651880153160042303e-02
-2.177209999999999823e+01 9.982119196189095378e-01 0.000000000000000000e+00 0.000000000000000000e+00
-2.176153399999999749e+01 9.977274873802787214e-01 0.000000000000000000e+00 3.376699787447123152e-02
-2.177209999999999823e+01 9.982119196189095378e-01 0.000000000000000000e+00 0.000000000000000000e+00
-2.177209999999999823e+01 9.982119196189095378e-01 0.000000000000000000e+00 0.000000000000000000e+00
-2.177209999999999823e+01 9.982119196189095378e-01 0.000000000000000000e+00 0.000000000000000000e+00
-2.176035999999999859e+01 9.976736615759864701e-01 0.000000000000000000e+00 3.539743185342943826e-02
-2.177209999999999823e+01 9.982119196189095378e-01 0.000000000000000000e+00 0.000000000000000000e+00
-2.177209999999999823e+01 9.982119196189095378e-01 0.000000000000000000e+00 0.000000000000000000e+00
-2.176388199999999884e+01 9.978351389888634460e-01 0.000000000000000000e+00 3.010516375721088156e-02
-2.176623000000000019e+01 9.979427905974480595e-01 0.000000000000000000e+00 2.571563805166109801e-02
-2.177209999999999823e+01 9.982119196189095378e-01 0.000000000000000000e+00 0.000000000000000000e+00
-2.177209999999999823e+01 9.982119196189095378e-01 0.000000000000000000e+00 0.000000000000000000e+00
-2.177209999999999823e+01 9.982119196189095378e-01 0.000000000000000000e+00 0.000000000000000000e+00
-2.177209999999999823e+01 9.982119196189095378e-01 0.000000000000000000e+00 0.000000000000000000e+00
-2.177209999999999823e+01 9.982119196189095378e-01 0.000000000000000000e+00 0.000000000000000000e+00
-2.177209999999999823e+01 9.982119196189095378e-01 0.000000000000000000e+00 0.000000000000000000e+00
-2.176740399999999909e+01 9.979966164017404218e-01 0.000000000000000000e+00 2.312150566555784895e-02
-2.177209999999999823e+01 9.982119196189095378e-01 0.000000000000000000e+00 0.000000000000000000e+00
-2.177209999999999823e+01 9.982119196189095378e-01 0.000000000000000000e+00 0.000000000000000000e+00
-2.175096800000000030e+01 9.972430551416481270e-01 0.000000000000000000e+00 4.533083076871431694e-02
-2.177209999999999823e+01 9.982119196189095378e-01 0.000000000000000000e+00 0.000000000000000000e+00
-2.177209999999999823e+01 9.982119196189095378e-01 0.000000000000000000e+00 0.000000000000000000e+00
-2.177209999999999823e+01 9.982119196189095378e-01 0.000000000000000000e+00 0.000000000000000000e+00
-2.177209999999999823e+01 9.982119196189095378e-01 0.000000000000000000e+00 0.000000000000000000e+00
-2.177209999999999823e+01 9.982119196189095378e-01 0.000000000000000000e+00 0.000000000000000000e+00
-2.177209999999999823e+01 9.982119196189095378e-01 0.000000000000000000e+00 0.000000000000000000e+00
-2.177209999999999823e+01 9.982119196189095378e-01 0.000000000000000000e+00 0.000000000000000000e+00
-2.177209999999999823e+01 9.982119196189095378e-01 0.000000000000000000e+00 0.000000000000000000e+00
-2.177209999999999823e+01 9.982119196189095378e-01 0.000000000000000000e+00 0.000000000000000000e+00
-2.177209999999999823e+01 9.982119196189095378e-01 0.000000000000000000e+00 0.000000000000000000e+00
-2.177209999999999823e+01 9.982119196189095378e-01 0.000000000000000000e+00 0.000000000000000000e+00
-2.177209999999999823e+01 9.982119196189095378e-01 0.000000000000000000e+00 0.000000000000000000e+00
-2.177209999999999823e+01 9.982119196189095378e-01 0.000000000000000000e+00 0.000000000000000000e+00
-2.176270799999999994e+01 9.977813131845711947e-01 0.000000000000000000e+00 3.201027511801971676e-02
-2.177209999999999823e+01 9.982119196189095378e-01 0.000000000000000000e+00 0.000000000000000000e+00
-2.177209999999999823e+01 9.982119196189095378e-01 0.000000000000000000e+00 0.000000000000000000e+00
-2.176623000000000019e+01 9.979427905974480595e-01 0.000000000000000000e+00 2.571563805166109801e-02
-2.177209999999999823e+01 9.982119196189095378e-01 0.000000000000000000e+00 0.000000000000000000e+00
-2.176270799999999994e+01 9.977813131845711947e-01 0.000000000000000000e+00 3.201027511801971676e-02
-2.177209999999999823e+01 9.982119196189095378e-01 0.000000000000000000e+00 0.000000000000000000e+00
-2.177209999999999823e+01 9.982119196189095378e-01 0.000000000000000000e+00 0.000000000000000000e+00
-2.177209999999999823e+01 9.982119196189095378e-01 0.000000000000000000e+00 0.000000000000000000e+00
-2.177209999999999823e+01 9.982119196189095378e-01 0.000000000000000000e+00 0.000000000000000000e+00
-2.177209999999999823e+01 9.982119196189095378e-01 0.000000000000000000e+00 0.000000000000000000e+00
-2.177209999999999823e+01 9.982119196189095378e-01 0.000000000000000000e+00 0.000000000000000000e+00
-2.175918599999999614e+01 9.976198357716941079e-01 0.000000000000000000e+00 3.691831283011483972e-02
-2.176857800000000154e+01 9.980504422060327840e-01 0.000000000000000000e+00 2.012783177893762848e-02
-2.177209999999999823e+01 9.982119196189095378e-01 0.000000000000000000e+00 0.000000000000000000e+00
-2.177209999999999823e+01 9.982119196189095378e-01 0.000000000000000000e+00 0.000000000000000000e+00
-2.176270799999999994e+01 9.977813131845711947e-01 0.000000000000000000e+00 3.201027511801971676e-02
-2.177092599999999933e+01 9.981580938146172866e-01 0.000000000000000000e+00 1.174000000000001084e-02
-2.177209999999999823e+01 9.982119196189095378e-01 0.000000000000000000e+00 0.000000000000000000e+00
-2.177209999999999823e+01 9.982119196189095378e-01 0.000000000000000000e+00 0.000000000000000000e+00
-2.177209999999999823e+01 9.982119196189095378e-01 0.000000000000000000e+00 0.000000000000000000e+00
-2.176270799999999994e+01 9.977813131845711947e-01 0.000000000000000000e+00 3.201027511801971676e-02
-2.177209999999999823e+01 9.982119196189095378e-01 0.000000000000000000e+00 0.000000000000000000e+00
-2.177209999999999823e+01 9.982119196189095378e-01 0.000000000000000000e+00 0.000000000000000000e+00
-2.177209999999999823e+01 9.982119196189095378e-01 0.000000000000000000e+00 0.000000000000000000e+00
-2.176388199999999884e+01 9.978351389888634460e-01 0.000000000000000000e+00 3.010516375721088156e-02
-2.176975200000000044e+01 9.981042680103250353e-01 0.000000000000000000e+00 1.651880153160042303e-02
-2.177209999999999823e+01 9.982119196189095378e-01 0.000000000000000000e+00 0.000000000000000000e+00
-2.177209999999999823e+01 9.982119196189095378e-01 0.000000000000000000e+00 0.000000000000000000e+00
-2.177209999999999823e+01 9.982119196189095378e-01 0.000000000000000000e+00 0.000000000000000000e+00
-2.176975200000000044e+01 9.981042680103250353e-01 0.000000000000000000e+00 1.651880153160042303e-02
-2.177209999999999823e+01 9.982119196189095378e-01 0.000000000000000000e+00 0.000000000000000000e+00
-2.177209999999999823e+01 9.982119196189095378e-01 0.000000000000000000e+00 0.000000000000000000e+00
-2.176623000000000019e+01 9.979427905974480595e-01 0.000000000000000000e+00 2.571563805166109801e-02
-2.177209999999999823e+01 9.982119196189095378e-01 0.000000000000000000e+00 0.000000000000000000e+00
-2.177209999999999823e+01 9.982119196189095378e-01 0.000000000000000000e+00 0.000000000000000000e+00
-2.177209999999999823e+01 9.982119196189095378e-01 0.000000000000000000e+00 0.000000000000000000e+00
-2.175683799999999835e+01 9.975121841631094943e-01 0.000000000000000000e+00 3.968092633938267999e-02
-2.177092599999999933e+01 9.981580938146172866e-01 0.000000000000000000e+00 1.174000000000001084e-02
-2.177209999999999823e+01 9.982119196189095378e-01 0.000000000000000000e+00 0.000000000000000000e+00
-2.177209999999999823e+01 9.982119196189095378e-01 0.000000000000000000e+00 0.000000000000000000e+00
-2.177209999999999823e+01 9.982119196189095378e-01 0.000000000000000000e+00 0.000000000000000000e+00
-2.177209999999999823e+01 9.982119196189095378e-01 0.000000000000000000e+00 0.000000000000000000e+00
-2.176857800000000154e+01 9.980504422060327840e-01 0.000000000000000000e+00 2.012783177893762848e-02
-2.177209999999999823e+01 9.982119196189095378e-01 0.000000000000000000e+00 0.000000000000000000e+00
-2.177209999999999823e+01 9.982119196189095378e-01 0.000000000000000000e+00 0.000000000000000000e+00
-2.176388199999999884e+01 9.978351389888634460e-01 0.000000000000000000e+00 3.010516375721088156e-02
-2.177209999999999823e+01 9.982119196189095378e-01 0.000000000000000000e+00 0.000000000000000000e+00
-2.177209999999999823e+01 9.982119196189095378e-01 0.000000000000000000e+00 0.000000000000000000e+00
-2.177209999999999823e+01 9.982119196189095378e-01 0.000000000000000000e+00 0.000000000000000000e+00
-2.177209999999999823e+01 9.982119196189095378e-01 0.000000000000000000e+00 0.000000000000000000e+00
-2.177209999999999823e+01 9.982119196189095378e-01 0.000000000000000000e+00 0.000000000000000000e+00
-2.174861999999999540e+01 9.971354035330632914e-01 0.000000000000000000e+00 4.719657580457257973e-02
-2.176035999999999859e+01 9.976736615759864701e-01 0.000000000000000000e+00 3.539743185342943826e-02
-2.177209999999999823e+01 9.982119196189095378e-01 0.000000000000000000e+00 0.000000000000000000e+00
-2.177209999999999823e+01 9.982119196189095378e-01 0.000000000000000000e+00 0.000000000000000000e+00
-2.177209999999999823e+01 9.982119196189095378e-01 0.000000000000000000e+00 0.000000000000000000e+00
-2.176740399999999909e+01 9.979966164017404218e-01 0.000000000000000000e+00 2.312150566555784895e-02
-2.176857800000000154e+01 9.980504422060327840e-01 0.000000000000000000e+00 2.012783177893762848e-02
-2.177209999999999823e+01 9.982119196189095378e-01 0.000000000000000000e+00 0.000000000000000000e+00
-2.177209999999999823e+01 9.982119196189095378e-01 0.000000000000000000e+00 0.000000000000000000e+00
-2.176740399999999909e+01 9.979966164017404218e-01 0.000000000000000000e+00 2.312150566555784895e-02
-2.176388199999999884e+01 9.978351389888634460e-01 0.000000000000000000e+00 3.010516375721088156e-02
-2.177209999999999823e+01 9.982119196189095378e-01 0.000000000000000000e+00 0.000000000000000000e+00
-2.176857800000000154e+01 9.980504422060327840e-01 0.000000000000000000e+00 2.012783177893762848e-02
-2.177209999999999823e+01 9.982119196189095378e-01 0.000000000000000000e+00 0.000000000000000000e+00
-2.177209999999999823e+01 9.982119196189095378e-01 0.000000000000000000e+00 0.000000000000000000e+00
-2.176896799999999743e+01 9.980683230098434944e-01 1.000000000000000082e-05 2.056974771872814578e-02
-2.177209999999999823e+01 9.982119196189095378e-01 0.000000000000000000e+00 0.000000000000000000e+00
-2.177209999999999823e+01 9.982119196189095378e-01 0.000000000000000000e+00 0.000000000000000000e+00
-2.177209999999999823e+01 9.982119196189095378e-01 0.000000000000000000e+00 0.000000000000000000e+00
-2.176035999999999859e+01 9.976736615759864701e-01 0.000000000000000000e+00 3.539743185342943826e-02
-2.176623000000000019e+01 9.979427905974480595e-01 0.000000000000000000e+00 2.571563805166109801e-02
-2.176035999999999859e+01 9.976736615759864701e-01 0.000000000000000000e+00 3.539743185342943826e-02
-2.176388199999999884e+01 9.978351389888634460e-01 0.000000000000000000e+00 3.010516375721088156e-02
-2.177209999999999823e+01 9.982119196189095378e-01 0.000000000000000000e+00 0.000000000000000000e+00
-2.177209999999999823e+01 9.982119196189095378e-01 0.000000000000000000e+00 0.000000000000000000e+00
-2.177209999999999823e+01 9.982119196189095378e-01 0.000000000000000000e+00 0.000000000000000000e+00
-2.177209999999999823e+01 9.982119196189095378e-01 0.000000000000000000e+00 0.000000000000000000e+00
-2.177209999999999823e+01 9.982119196189095378e-01 0.000000000000000000e+00 0.000000000000000000e+00
-2.177209999999999823e+01 9.982119196189095378e-01 0.000000000000000000e+00 0.000000000000000000e+00
-2.177092599999999933e+01 9.981580938146172866e-01 0.000000000000000000e+00 1.174000000000001084e-02
-2.177209999999999823e+01 9.982119196189095378e-01 0.000000000000000000e+00 0.000000000000000000e+00
-2.177209999999999823e+01 9.982119196189095378e-01 0.000000000000000000e+00 0.000000000000000000e+00
-2.177209999999999823e+01 9.982119196189095378e-01 0.000000000000000000e+00 0.000000000000000000e+00
-2.177209999999999823e+01 9.982119196189095378e-01 0.000000000000000000e+00 0.000000000000000000e+00
-2.176857800000000154e+01 9.980504422060327840e-01 0.000000000000000000e+00 2.012783177893762848e-02
-2.176975200000000044e+01 9.981042680103250353e-01 0.000000000000000000e+00 1.651880153160042303e-02
-2.177209999999999823e+01 9.982119196189095378e-01 0.000000000000000000e+00 0.000000000000000000e+00
-2.176740399999999909e+01 9.979966164017404218e-01 0.000000000000000000e+00 2.312150566555784895e-02
-2.177209999999999823e+01 9.982119196189095378e-01 0.000000000000000000e+00 0.000000000000000000e+00
-2.177209999999999823e+01 9.982119196189095378e-01 0.000000000000000000e+00 0.000000000000000000e+00
-2.177209999999999823e+01 9.982119196189095378e-01 0.000000000000000000e+00 0.000000000000000000e+00
-2.175801200000000080e+01 9.975660099674019676e-01 0.000000000000000000e+00 3.834267944036599818e-02
-2.177209999999999823e+01 9.982119196189095378e-01 0.000000000000000000e+00 0.000000000000000000e+00
-2.177092599999999933e+01 9.981580938146172866e-01 0.000000000000000000e+00 1.174000000000001084e-02
-2.177209999999999823e+01 9.982119196189095378e-01 0.000000000000000000e+00 0.000000000000000000e+00
-2.177209999999999823e+01 9.982119196189095378e-01 0.000000000000000000e+00 0.000000000000000000e+00
-2.176623000000000019e+01 9.979427905974480595e-01 0.000000000000000000e+00 2.571563805166109801e-02
-2.176857800000000154e+01 9.980504422060327840e-01 0.000000000000000000e+00 2.012783177893762848e-02
-2.176505600000000129e+01 9.978889647931558082e-01 0.000000000000000000e+00 2.802141432201559271e-02
-2.177209999999999823e+01 9.982119196189095378e-01 0.000000000000000000e+00 0.000000000000000000e+00
-2.177209999999999823e+01 9.982119196189095378e-01 0.000000000000000000e+00 0.000000000000000000e+00
-2.174274999999999736e+01 9.968662745116018131e-01 0.000000000000000000e+00 5.109179202299729550e-02
-2.177209999999999823e+01 9.982119196189095378e-01 0.000000000000000000e+00 0.000000000000000000e+00
-2.177209999999999823e+01 9.982119196189095378e-01 0.000000000000000000e+00 0.000000000000000000e+00
-2.177209999999999823e+01 9.982119196189095378e-01 0.000000000000000000e+00 0.000000000000000000e+00
-2.177209999999999823e+01 9.982119196189095378e-01 0.000000000000000000e+00 0.000000000000000000e+00
-2.177209999999999823e+01 9.982119196189095378e-01 0.000000000000000000e+00 0.000000000000000000e+00
-2.177209999999999823e+01 9.982119196189095378e-01 0.000000000000000000e+00 0.000000000000000000e+00
-2.177209999999999823e+01 9.982119196189095378e-01 0.000000000000000000e+00 0.000000000000000000e+00
-2.177209999999999823e+01 9.982119196189095378e-01 0.000000000000000000e+00 0.000000000000000000e+00
-2.177209999999999823e+01 9.982119196189095378e-01 0.000000000000000000e+00 0.000000000000000000e+00
-2.177209999999999823e+01 9.982119196189095378e-01 0.000000000000000000e+00 0.000000000000000000e+00
-2.175683799999999835e+01 9.975121841631094943e-01 0.000000000000000000e+00 3.968092633938267999e-02
-2.177209999999999823e+01 9.982119196189095378e-01 0.000000000000000000e+00 0.000000000000000000e+00
-2.177209999999999823e+01 9.982119196189095378e-01 0.000000000000000000e+00 0.000000000000000000e+00
-2.177209999999999823e+01 9.982119196189095378e-01 0.000000000000000000e+00 0.000000000000000000e+00
-2.176740399999999909e+01 9.979966164017404218e-01 0.000000000000000000e+00 2.312150566555784895e-02
-2.177209999999999823e+01 9.982119196189095378e-01 0.000000000000000000e+00 0.000000000000000000e+00
-2.177209999999999823e+01 9.982119196189095378e-01 0.000000000000000000e+00 0.000000000000000000e+00
-2.177209999999999823e+01 9.982119196189095378e-01 0.000000000000000000e+00 0.000000000000000000e+00
-2.177209999999999823e+01 9.982119196189095378e-01 0.000000000000000000e+00 0.000000000000000000e+00
-2.176740399999999909e+01 9.979966164017404218e-01 0.000000000000000000e+00 2.312150566555784895e-02
-2.177092599999999933e+01 9.981580938146172866e-01 0.000000000000000000e+00 1.174000000000001084e-02
-2.177209999999999823e+01 9.982119196189095378e-01 0.000000000000000000e+00 0.000000000000000000e+00
-2.177209999999999823e+01 9.982119196189095378e-01 0.000000000000000000e+00 0.000000000000000000e+00
-2.177209999999999823e+01 9.982119196189095378e-01 0.000000000000000000e+00 0.000000000000000000e+00
-2.176857800000000154e+01 9.980504422060327840e-01 0.000000000000000000e+00 2.012783177893762848e-02
-2.177209999999999823e+01 9.982119196189095378e-01 0.000000000000000000e+00 0.000000000000000000e+00
-2.177209999999999823e+01 9.982119196189095378e-01 0.000000000000000000e+00 0.000000000000000000e+00
-2.177209999999999823e+01 9.982119196189095378e-01 0.000000000000000000e+00 0.000000000000000000e+00
-2.177209999999999823e+01 9.982119196189095378e-01 0.000000000000000000e+00 0.000000000000000000e+00
-2.177209999999999823e+01 9.982119196189095378e-01 0.000000000000000000e+00 0.000000000000000000e+00
-2.177209999999999823e+01 9.982119196189095378e-01 0.000000000000000000e+00 0.000000000000000000e+00
-2.177209999999999823e+01 9.982119196189095378e-01 0.000000000000000000e+00 0.000000000000000000e+00
-2.176153399999999749e+01 9.977274873802787214e-01 0.000000000000000000e+00 3.376699787447123152e-02
-2.177209999999999823e+01 9.982119196189095378e-01 0.000000000000000000e+00 0.000000000000000000e+00
-2.177209999999999823e+01 9.982119196189095378e-01 0.000000000000000000e+00 0.000000000000000000e+00
-2.177209999999999823e+01 9.982119196189095378e-01 0.000000000000000000e+00 0.000000000000000000e+00
-2.177209999999999823e+01 9.982119196189095378e-01 0.000000000000000000e+00 0.000000000000000000e+00
-2.174392399999999625e+01 9.969201003158940644e-01 0.000000000000000000e+00 5.039215330933490000e-02
-2.177209999999999823e+01 9.982119196189095378e-01 0.000000000000000000e+00 0.000000000000000000e+00
-2.177209999999999823e+01 9.982119196189095378e-01 0.000000000000000000e+00 0.000000000000000000e+00
-2.176270799999999994e+01 9.977813131845711947e-01 0.000000000000000000e+00 3.201027511801971676e-02
-2.177209999999999823e+01 9.982119196189095378e-01 0.000000000000000000e+00 0.000000000000000000e+00
-2.175448999999999700e+01 9.974045325545248808e-01 0.000000000000000000e+00 4.213137102258154160e-02
-2.176857800000000154e+01 9.980504422060327840e-01 0.000000000000000000e+00 2.012783177893762848e-02
-2.177209999999999823e+01 9.982119196189095378e-01 0.000000000000000000e+00 0.000000000000000000e+00
-2.177209999999999823e+01 9.982119196189095378e-01 0.000000000000000000e+00 0.000000000000000000e+00
-2.177209999999999823e+01 9.982119196189095378e-01 0.000000000000000000e+00 0.000000000000000000e+00
-2.176975200000000044e+01 9.981042680103250353e-01 0.000000000000000000e+00 1.651880153160042303e-02
-2.177209999999999823e+01 9.982119196189095378e-01 0.000000000000000000e+00 0.000000000000000000e+00
-2.176623000000000019e+01 9.979427905974480595e-01 0.000000000000000000e+00 2.571563805166109801e-02
-2.177209999999999823e+01 9.982119196189095378e-01 0.000000000000000000e+00 0.000000000000000000e+00
-2.177209999999999823e+01 9.982119196189095378e-01 0.000000000000000000e+00 0.000000000000000000e+00
-2.175918599999999614e+01 9.976198357716941079e-01 0.000000000000000000e+00 3.691831283011483972e-02
-2.176035999999999859e+01 9.976736615759864701e-01 0.000000000000000000e+00 3.539743185342943826e-02
-2.177209999999999823e+01 9.982119196189095378e-01 0.000000000000000000e+00 0.000000000000000000e+00
-2.175214199999999920e+01 9.972968809459403783e-01 0.000000000000000000e+00 4.432145473125796015e-02
-2.177209999999999823e+01 9.982119196189095378e-01 0.000000000000000000e+00 0.000000000000000000e+00
-2.177209999999999823e+01 9.982119196189095378e-01 0.000000000000000000e+00 0.000000000000000000e+00
-2.177209999999999823e+01 9.982119196189095378e-01 0.000000000000000000e+00 0.000000000000000000e+00
-2.177209999999999823e+01 9.982119196189095378e-01 0.000000000000000000e+00 0.000000000000000000e+00
-2.177209999999999823e+01 9.982119196189095378e-01 0.000000000000000000e+00 0.000000000000000000e+00
-2.176388199999999884e+01 9.978351389888634460e-01 0.000000000000000000e+00 3.010516375721088156e-02
-2.177092599999999933e+01 9.981580938146172866e-01 0.000000000000000000e+00 1.174000000000001084e-02
-2.176857800000000154e+01 9.980504422060327840e-01 0.000000000000000000e+00 2.012783177893762848e-02
-2.176975200000000044e+01 9.981042680103250353e-01 0.000000000000000000e+00 1.651880153160042303e-02
-2.177209999999999823e+01 9.982119196189095378e-01 0.000000000000000000e+00 0.000000000000000000e+00
-2.175448999999999700e+01 9.974045325545248808e-01 0.000000000000000000e+00 4.213137102258154160e-02
-2.177209999999999823e+01 9.982119196189095378e-01 0.000000000000000000e+00 0.000000000000000000e+00
-2.177209999999999823e+01 9.982119196189095378e-01 0.000000000000000000e+00 0.000000000000000000e+00
-2.177209999999999823e+01 9.982119196189095378e-01 0.000000000000000000e+00 0.000000000000000000e+00
-2.177209999999999823e+01 9.982119196189095378e-01 0.000000000000000000e+00 0.000000000000000000e+00
-2.177209999999999823e+01 9.982119196189095378e-01 0.000000000000000000e+00 0.000000000000000000e+00
-2.177209999999999823e+01 9.982119196189095378e-01 0.000000000000000000e+00 0.000000000000000000e+00
-2.177209999999999823e+01 9.982119196189095378e-01 0.000000000000000000e+00 0.000000000000000000e+00
-2.177209999999999823e+01 9.982119196189095378e-01 0.000000000000000000e+00 0.000000000000000000e+00
-2.177209999999999823e+01 9.982119196189095378e-01 0.000000000000000000e+00 0.000000000000000000e+00
-2.177209999999999823e+01 9.982119196189095378e-01 0.000000000000000000e+00 0.000000000000000000e+00
-2.177209999999999823e+01 9.982119196189095378e-01 0.000000000000000000e+00 0.000000000000000000e+00
-2.177209999999999823e+01 9.982119196189095378e-01 0.000000000000000000e+00 0.000000000000000000e+00
-2.177209999999999823e+01 9.982119196189095378e-01 0.000000000000000000e+00 0.000000000000000000e+00
-2.176740399999999909e+01 9.979966164017404218e-01 0.000000000000000000e+00 2.312150566555784895e-02
-2.177092599999999933e+01 9.981580938146172866e-01 0.000000000000000000e+00 1.174000000000001084e-02
-2.177209999999999823e+01 9.982119196189095378e-01 0.000000000000000000e+00 0.000000000000000000e+00
-2.177209999999999823e+01 9.982119196189095378e-01 0.000000000000000000e+00 0.000000000000000000e+00
-2.177209999999999823e+01 9.982119196189095378e-01 0.000000000000000000e+00 0.000000000000000000e+00
-2.176623000000000019e+01 9.979427905974480595e-01 0.000000000000000000e+00 2.571563805166109801e-02
-2.175918599999999614e+01 9.976198357716941079e-01 0.000000000000000000e+00 3.691831283011483972e-02
-2.176975200000000044e+01 9.981042680103250353e-01 0.000000000000000000e+00 1.651880153160042303e-02
-2.177209999999999823e+01 9.982119196189095378e-01 0.000000000000000000e+00 0.000000000000000000e+00
-2.177209999999999823e+01 9.982119196189095378e-01 0.000000000000000000e+00 0.000000000000000000e+00
-2.177209999999999823e+01 9.982119196189095378e-01 0.000000000000000000e+00 0.000000000000000000e+00
-2.177209999999999823e+01 9.982119196189095378e-01 0.000000000000000000e+00 0.000000000000000000e+00
-2.176740399999999909e+01 9.979966164017404218e-01 0.000000000000000000e+00 2.312150566555784895e-02
-2.175096800000000030e+01 9.972430551416481270e-01 0.000000000000000000e+00 4.533083076871431694e-02
-2.177209999999999823e+01 9.982119196189095378e-01 0.000000000000000000e+00 0.000000000000000000e+00
-2.177209999999999823e+01 9.982119196189095378e-01 0.000000000000000000e+00 0.000000000000000000e+00
-2.177209999999999823e+01 9.982119196189095378e-01 0.000000000000000000e+00 0.000000000000000000e+00
-2.176505600000000129e+01 9.978889647931558082e-01 0.000000000000000000e+00 2.802141432201559271e-02
-2.176740399999999909e+01 9.979966164017404218e-01 0.000000000000000000e+00 2.312150566555784895e-02
-2.177209999999999823e+01 9.982119196189095378e-01 0.000000000000000000e+00 0.000000000000000000e+00
-2.177209999999999823e+01 9.982119196189095378e-01 0.000000000000000000e+00 0.000000000000000000e+00
-2.175918599999999614e+01 9.976198357716941079e-01 0.000000000000000000e+00 3.691831283011483972e-02
-2.177209999999999823e+01 9.982119196189095378e-01 0.000000000000000000e+00 0.000000000000000000e+00
-2.177209999999999823e+01 9.982119196189095378e-01 0.000000000000000000e+00 0.000000000000000000e+00
-2.177209999999999823e+01 9.982119196189095378e-01 0.000000000000000000e+00 0.000000000000000000e+00
-2.177092599999999933e+01 9.981580938146172866e-01 0.000000000000000000e+00 1.174000000000001084e-02
-2.177209999999999823e+01 9.982119196189095378e-01 0.000000000000000000e+00 0.000000000000000000e+00
-2.176153399999999749e+01 9.977274873802787214e-01 0.000000000000000000e+00 3.376699787447123152e-02
-2.177209999999999823e+01 9.982119196189095378e-01 0.000000000000000000e+00 0.000000000000000000e+00
-2.177209999999999823e+01 9.982119196189095378e-01 0.000000000000000000e+00 0.000000000000000000e+00
-2.177209999999999823e+01 9.982119196189095378e-01 0.000000000000000000e+00 0.000000000000000000e+00
-2.177209999999999823e+01 9.982119196189095378e-01 0.000000000000000000e+00 0.000000000000000000e+00
-2.177209999999999823e+01 9.982119196189095378e-01 0.000000000000000000e+00 0.000000000000000000e+00
-2.177209999999999823e+01 9.982119196189095378e-01 0.000000000000000000e+00 0.000000000000000000e+00
-2.176388199999999884e+01 9.978351389888634460e-01 0.000000000000000000e+00 3.010516375721088156e-02
-2.177209999999999823e+01 9.982119196189095378e-01 0.000000000000000000e+00 0.000000000000000000e+00
-2.177209999999999823e+01 9.982119196189095378e-01 0.000000000000000000e+00 0.000000000000000000e+00
-2.177209999999999823e+01 9.982119196189095378e-01 0.000000000000000000e+00 0.000000000000000000e+00
-2.176153399999999749e+01 9.977274873802787214e-01 0.000000000000000000e+00 3.376699787447123152e-02
-2.177209999999999823e+01 9.982119196189095378e-01 0.000000000000000000e+00 0.000000000000000000e+00
-2.177209999999999823e+01 9.982119196189095378e-01 0.000000000000000000e+00 0.000000000000000000e+00
-2.177209999999999823e+01 9.982119196189095378e-01 0.000000000000000000e+00 0.000000000000000000e+00
-2.177209999999999823e+01 9.982119196189095378e-01 0.000000000000000000e+00 0.000000000000000000e+00
-2.177209999999999823e+01 9.982119196189095378e-01 0.000000000000000000e+00 0.000000000000000000e+00
-2.177209999999999823e+01 9.982119196189095378e-01 0.000000000000000000e+00 0.000000000000000000e+00
-2.176975200000000044e+01 9.981042680103250353e-01 0.000000000000000000e+00 1.651880153160042303e-02
-2.177209999999999823e+01 9.982119196189095378e-01 0.000000000000000000e+00 0.000000000000000000e+00
-2.177209999999999823e+01 9.982119196189095378e-01 0.000000000000000000e+00 0.000000000000000000e+00
-2.177209999999999823e+01 9.982119196189095378e-01 0.000000000000000000e+00 0.000000000000000000e+00
-2.177209999999999823e+01 9.982119196189095378e-01 0.000000000000000000e+00 0.000000000000000000e+00
-2.177209999999999823e+01 9.982119196189095378e-01 0.000000000000000000e+00 0.000000000000000000e+00
-2.177209999999999823e+01 9.982119196189095378e-01 0.000000000000000000e+00 0.000000000000000000e+00
-2.177209999999999823e+01 9.982119196189095378e-01 0.000000000000000000e+00 0.000000000000000000e+00
-2.176857800000000154e+01 9.980504422060327840e-01 0.000000000000000000e+00 2.012783177893762848e-02
-2.177209999999999823e+01 9.982119196189095378e-01 0.000000000000000000e+00 0.000000000000000000e+00
-2.177209999999999823e+01 9.982119196189095378e-01 0.000000000000000000e+00 0.000000000000000000e+00
-2.177209999999999823e+01 9.982119196189095378e-01 0.000000000000000000e+00 0.000000000000000000e+00
-2.177209999999999823e+01 9.982119196189095378e-01 0.000000000000000000e+00 0.000000000000000000e+00
-2.177209999999999823e+01 9.982119196189095378e-01 0.000000000000000000e+00 0.000000000000000000e+00
-2.177209999999999823e+01 9.982119196189095378e-01 0.000000000000000000e+00 0.000000000000000000e+00
-2.177209999999999823e+01 9.982119196189095378e-01 0.000000000000000000e+00 0.000000000000000000e+00
-2.177209999999999823e+01 9.982119196189095378e-01 0.000000000000000000e+00 0.000000000000000000e+00
-2.177209999999999823e+01 9.982119196189095378e-01 0.000000000000000000e+00 0.000000000000000000e+00
-2.177209999999999823e+01 9.982119196189095378e-01 0.000000000000000000e+00 0.000000000000000000e+00
-2.176740399999999909e+01 9.979966164017404218e-01 0.000000000000000000e+00 2.312150566555784895e-02
-2.174040199999999956e+01 9.967586229030173106e-01 0.000000000000000000e+00 5.238341548793679081e-02
-2.177209999999999823e+01 9.982119196189095378e-01 0.000000000000000000e+00 0.000000000000000000e+00
-2.176388199999999884e+01 9.978351389888634460e-01 0.000000000000000000e+00 3.010516375721088156e-02
-2.177209999999999823e+01 9.982119196189095378e-01 0.000000000000000000e+00 0.000000000000000000e+00
-2.176857800000000154e+01 9.980504422060327840e-01 0.000000000000000000e+00 2.012783177893762848e-02
-2.177209999999999823e+01 9.982119196189095378e-01 0.000000000000000000e+00 0.000000000000000000e+00
-2.176857800000000154e+01 9.980504422060327840e-01 0.000000000000000000e+00 2.012783177893762848e-02
-2.177209999999999823e+01 9.982119196189095378e-01 0.000000000000000000e+00 0.000000000000000000e+00
-2.177209999999999823e+01 9.982119196189095378e-01 0.000000000000000000e+00 0.000000000000000000e+00
-2.177209999999999823e+01 9.982119196189095378e-01 0.000000000000000000e+00 0.000000000000000000e+00
-2.177209999999999823e+01 9.982119196189095378e-01 0.000000000000000000e+00 0.000000000000000000e+00
-2.176740399999999909e+01 9.979966164017404218e-01 0.000000000000000000e+00 2.312150566555784895e-02
-2.177209999999999823e+01 9.982119196189095378e-01 0.000000000000000000e+00 0.000000000000000000e+00
-2.177209999999999823e+01 9.982119196189095378e-01 0.000000000000000000e+00 0.000000000000000000e+00
-2.177209999999999823e+01 9.982119196189095378e-01 0.000000000000000000e+00 0.000000000000000000e+00
-2.177209999999999823e+01 9.982119196189095378e-01 0.000000000000000000e+00 0.000000000000000000e+00
-2.175566399999999589e+01 9.974583583588171320e-01 0.000000000000000000e+00 4.094149933352180665e-02
-2.177209999999999823e+01 9.982119196189095378e-01 0.000000000000000000e+00 0.000000000000000000e+00
-2.177209999999999823e+01 9.982119196189095378e-01 0.000000000000000000e+00 0.000000000000000000e+00
-2.177209999999999823e+01 9.982119196189095378e-01 0.000000000000000000e+00 0.000000000000000000e+00
-2.177209999999999823e+01 9.982119196189095378e-01 0.000000000000000000e+00 0.000000000000000000e+00
-2.177209999999999823e+01 9.982119196189095378e-01 0.000000000000000000e+00 0.000000000000000000e+00
-2.177209999999999823e+01 9.982119196189095378e-01 0.000000000000000000e+00 0.000000000000000000e+00
-2.177209999999999823e+01 9.982119196189095378e-01 0.000000000000000000e+00 0.000000000000000000e+00
-2.177209999999999823e+01 9.982119196189095378e-01 0.000000000000000000e+00 0.000000000000000000e+00
-2.176740399999999909e+01 9.979966164017404218e-01 0.000000000000000000e+00 2.312150566555784895e-02
-2.177209999999999823e+01 9.982119196189095378e-01 0.000000000000000000e+00 0.000000000000000000e+00
-2.176035999999999859e+01 9.976736615759864701e-01 0.000000000000000000e+00 3.539743185342943826e-02
-2.177209999999999823e+01 9.982119196189095378e-01 0.000000000000000000e+00 0.000000000000000000e+00
-2.177209999999999823e+01 9.982119196189095378e-01 0.000000000000000000e+00 0.000000000000000000e+00
-2.177209999999999823e+01 9.982119196189095378e-01 0.000000000000000000e+00 0.000000000000000000e+00
-2.177209999999999823e+01 9.982119196189095378e-01 0.000000000000000000e+00 0.000000000000000000e+00
-2.176505600000000129e+01 9.978889647931558082e-01 0.000000000000000000e+00 2.802141432201559271e-02
-2.177209999999999823e+01 9.982119196189095378e-01 0.000000000000000000e+00 0.000000000000000000e+00
-2.177092599999999933e+01 9.981580938146172866e-01 0.000000000000000000e+00 1.174000000000001084e-02
-2.177209999999999823e+01 9.982119196189095378e-01 0.000000000000000000e+00 0.000000000000000000e+00
-2.177209999999999823e+01 9.982119196189095378e-01 0.000000000000000000e+00 0.000000000000000000e+00
-2.177209999999999823e+01 9.982119196189095378e-01 0.000000000000000000e+00 0.000000000000000000e+00
-2.177209999999999823e+01 9.982119196189095378e-01 0.000000000000000000e+00 0.000000000000000000e+00
-2.177092599999999933e+01 9.981580938146172866e-01 0.000000000000000000e+00 1.174000000000001084e-02
-2.177209999999999823e+01 9.982119196189095378e-01 0.000000000000000000e+00 0.000000000000000000e+00
-2.177209999999999823e+01 9.982119196189095378e-01 0.000000000000000000e+00 0.000000000000000000e+00
-2.176857800000000154e+01 9.980504422060327840e-01 0.000000000000000000e+00 2.012783177893762848e-02
-2.177209999999999823e+01 9.982119196189095378e-01 0.000000000000000000e+00 0.000000000000000000e+00
-2.176035999999999859e+01 9.976736615759864701e-01 0.000000000000000000e+00 3.539743185342943826e-02
-2.177209999999999823e+01 9.982119196189095378e-01 0.000000000000000000e+00 0.000000000000000000e+00
-2.177209999999999823e+01 9.982119196189095378e-01 0.000000000000000000e+00 0.000000000000000000e+00
-2.177092599999999933e+01 9.981580938146172866e-01 0.000000000000000000e+00 1.174000000000001084e-02
-2.177209999999999823e+01 9.982119196189095378e-01 0.000000000000000000e+00 0.000000000000000000e+00
-2.176270799999999994e+01 9.977813131845711947e-01 0.000000000000000000e+00 3.201027511801971676e-02
-2.176857800000000154e+01 9.980504422060327840e-01 0.000000000000000000e+00 2.012783177893762848e-02
-2.177209999999999823e+01 9.982119196189095378e-01 0.000000000000000000e+00 0.000000000000000000e+00
-2.176740399999999909e+01 9.979966164017404218e-01 0.000000000000000000e+00 2.312150566555784895e-02
-2.177209999999999823e+01 9.982119196189095378e-01 0.000000000000000000e+00 0.000000000000000000e+00
-2.177209999999999823e+01 9.982119196189095378e-01 0.000000000000000000e+00 0.000000000000000000e+00
-2.177209999999999823e+01 9.982119196189095378e-01 0.000000000000000000e+00 0.000000000000000000e+00
-2.177209999999999823e+01 9.982119196189095378e-01 0.000000000000000000e+00 0.000000000000000000e+00
-2.177209999999999823e+01 9.982119196189095378e-01 0.000000000000000000e+00 0.000000000000000000e+00
-2.176623000000000019e+01 9.979427905974480595e-01 0.000000000000000000e+00 2.571563805166109801e-02
-2.177209999999999823e+01 9.982119196189095378e-01 0.000000000000000000e+00 0.000000000000000000e+00
-2.177209999999999823e+01 9.982119196189095378e-01 0.000000000000000000e+00 0.000000000000000000e+00
-2.176505600000000129e+01 9.978889647931558082e-01 0.000000000000000000e+00 2.802141432201559271e-02
-2.176153399999999749e+01 9.977274873802787214e-01 0.000000000000000000e+00 3.376699787447123152e-02
-2.177209999999999823e+01 9.982119196189095378e-01 0.000000000000000000e+00 0.000000000000000000e+00
-2.176153399999999749e+01 9.977274873802787214e-01 0.000000000000000000e+00 3.376699787447123152e-02
-2.177209999999999823e+01 9.982119196189095378e-01 0.000000000000000000e+00 0.000000000000000000e+00
-2.176270799999999994e+01 9.977813131845711947e-01 0.000000000000000000e+00 3.201027511801971676e-02
-2.177209999999999823e+01 9.982119196189095378e-01 0.000000000000000000e+00 0.000000000000000000e+00
-2.177209999999999823e+01 9.982119196189095378e-01 0.000000000000000000e+00 0.000000000000000000e+00
-2.177209999999999823e+01 9.982119196189095378e-01 0.000000000000000000e+00 0.000000000000000000e+00
-2.177209999999999823e+01 9.982119196189095378e-01 0.000000000000000000e+00 0.000000000000000000e+00
-2.175683799999999835e+01 9.975121841631094943e-01 0.000000000000000000e+00 3.968092633938267999e-02
-2.177209999999999823e+01 9.982119196189095378e-01 0.000000000000000000e+00 0.000000000000000000e+00
-2.177209999999999823e+01 9.982119196189095378e-01 0.000000000000000000e+00 0.000000000000000000e+00
-2.176975200000000044e+01 9.981042680103250353e-01 0.000000000000000000e+00 1.651880153160042303e-02
-2.177209999999999823e+01 9.982119196189095378e-01 0.000000000000000000e+00 0.000000000000000000e+00
-2.177209999999999823e+01 9.982119196189095378e-01 0.000000000000000000e+00 0.000000000000000000e+00
-2.177209999999999823e+01 9.982119196189095378e-01 0.000000000000000000e+00 0.000000000000000000e+00
-2.177209999999999823e+01 9.982119196189095378e-01 0.000000000000000000e+00 0.000000000000000000e+00
-2.177209999999999823e+01 9.982119196189095378e-01 0.000000000000000000e+00 0.000000000000000000e+00
-2.177209999999999823e+01 9.982119196189095378e-01 0.000000000000000000e+00 0.000000000000000000e+00
-2.177209999999999823e+01 9.982119196189095378e-01 0.000000000000000000e+00 0.000000000000000000e+00
-2.176975200000000044e+01 9.981042680103250353e-01 0.000000000000000000e+00 1.651880153160042303e-02
-2.177209999999999823e+01 9.982119196189095378e-01 0.000000000000000000e+00 0.000000000000000000e+00
-2.176857800000000154e+01 9.980504422060327840e-01 0.000000000000000000e+00 2.012783177893762848e-02
-2.177209999999999823e+01 9.982119196189095378e-01 0.000000000000000000e+00 0.000000000000000000e+00
-2.176623000000000019e+01 9.979427905974480595e-01 0.000000000000000000e+00 2.571563805166109801e-02
-2.177209999999999823e+01 9.982119196189095378e-01 0.000000000000000000e+00 0.000000000000000000e+00
-2.177092599999999933e+01 9.981580938146172866e-01 0.000000000000000000e+00 1.174000000000001084e-02
-2.177209999999999823e+01 9.982119196189095378e-01 0.000000000000000000e+00 0.000000000000000000e+00
-2.175801200000000080e+01 9.975660099674019676e-01 0.000000000000000000e+00 3.834267944036599818e-02
-2.177209999999999823e+01 9.982119196189095378e-01 0.000000000000000000e+00 0.000000000000000000e+00
-2.177209999999999823e+01 9.982119196189095378e-01 0.000000000000000000e+00 0.000000000000000000e+00
-2.177209999999999823e+01 9.982119196189095378e-01 0.000000000000000000e+00 0.000000000000000000e+00
-2.176740399999999909e+01 9.979966164017404218e-01 0.000000000000000000e+00 2.312150566555784895e-02
-2.175801200000000080e+01 9.975660099674019676e-01 0.000000000000000000e+00 3.834267944036599818e-02
-2.177209999999999823e+01 9.982119196189095378e-01 0.000000000000000000e+00 0.000000000000000000e+00
-2.177209999999999823e+01 9.982119196189095378e-01 0.000000000000000000e+00 0.000000000000000000e+00
-2.177209999999999823e+01 9.982119196189095378e-01 0.000000000000000000e+00 0.000000000000000000e+00
-2.177209999999999823e+01 9.982119196189095378e-01 0.000000000000000000e+00 0.000000000000000000e+00
-2.177209999999999823e+01 9.982119196189095378e-01 0.000000000000000000e+00 0.000000000000000000e+00
-2.177209999999999823e+01 9.982119196189095378e-01 0.000000000000000000e+00 0.000000000000000000e+00
-2.177209999999999823e+01 9.982119196189095378e-01 0.000000000000000000e+00 0.000000000000000000e+00
-2.177209999999999823e+01 9.982119196189095378e-01 0.000000000000000000e+00 0.000000000000000000e+00
-2.177209999999999823e+01 9.982119196189095378e-01 0.000000000000000000e+00 0.000000000000000000e+00
-2.177209999999999823e+01 9.982119196189095378e-01 0.000000000000000000e+00 0.000000000000000000e+00
-2.177209999999999823e+01 9.982119196189095378e-01 0.000000000000000000e+00 0.000000000000000000e+00
-2.176270799999999994e+01 9.977813131845711947e-01 0.000000000000000000e+00 3.201027511801971676e-02
-2.176505600000000129e+01 9.978889647931558082e-01 0.000000000000000000e+00 2.802141432201559271e-02
-2.177209999999999823e+01 9.982119196189095378e-01 0.000000000000000000e+00 0.000000000000000000e+00
-2.177092599999999933e+01 9.981580938146172866e-01 0.000000000000000000e+00 1.174000000000001084e-02
-2.177092599999999933e+01 9.981580938146172866e-01 0.000000000000000000e+00 1.174000000000001084e-02
-2.177209999999999823e+01 9.982119196189095378e-01 0.000000000000000000e+00 0.000000000000000000e+00
-2.177209999999999823e+01 9.982119196189095378e-01 0.000000000000000000e+00 0.000000000000000000e+00
-2.177209999999999823e+01 9.982119196189095378e-01 0.000000000000000000e+00 0.000000000000000000e+00
-2.177209999999999823e+01 9.982119196189095378e-01 0.000000000000000000e+00 0.000000000000000000e+00
-2.176270799999999994e+01 9.977813131845711947e-01 0.000000000000000000e+00 3.201027511801971676e-02
-2.176857800000000154e+01 9.980504422060327840e-01 0.000000000000000000e+00 2.012783177893762848e-02
-2.177209999999999823e+01 9.982119196189095378e-01 0.000000000000000000e+00 0.000000000000000000e+00
-2.177209999999999823e+01 9.982119196189095378e-01 0.000000000000000000e+00 0.000000000000000000e+00
-2.177209999999999823e+01 9.982119196189095378e-01 0.000000000000000000e+00 0.000000000000000000e+00
-2.177209999999999823e+01 9.982119196189095378e-01 0.000000000000000000e+00 0.000000000000000000e+00
-2.177092599999999933e+01 9.981580938146172866e-01 0.000000000000000000e+00 1.174000000000001084e-02
-2.177209999999999823e+01 9.982119196189095378e-01 0.000000000000000000e+00 0.000000000000000000e+00
-2.177209999999999823e+01 9.982119196189095378e-01 0.000000000000000000e+00 0.000000000000000000e+00
-2.177209999999999823e+01 9.982119196189095378e-01 0.000000000000000000e+00 0.000000000000000000e+00
-2.177092599999999933e+01 9.981580938146172866e-01 0.000000000000000000e+00 1.174000000000001084e-02
-2.177209999999999823e+01 9.982119196189095378e-01 0.000000000000000000e+00 0.000000000000000000e+00
-2.177209999999999823e+01 9.982119196189095378e-01 0.000000000000000000e+00 0.000000000000000000e+00
-2.177209999999999823e+01 9.982119196189095378e-01 0.000000000000000000e+00 0.000000000000000000e+00
-2.177209999999999823e+01 9.982119196189095378e-01 0.000000000000000000e+00 0.000000000000000000e+00
-2.176388199999999884e+01 9.978351389888634460e-01 0.000000000000000000e+00 3.010516375721088156e-02
-2.177209999999999823e+01 9.982119196189095378e-01 0.000000000000000000e+00 0.000000000000000000e+00
-2.177209999999999823e+01 9.982119196189095378e-01 0.000000000000000000e+00 0.000000000000000000e+00
-2.177209999999999823e+01 9.982119196189095378e-01 0.000000000000000000e+00 0.000000000000000000e+00
-2.177092599999999933e+01 9.981580938146172866e-01 0.000000000000000000e+00 1.174000000000001084e-02
-2.177209999999999823e+01 9.982119196189095378e-01 0.000000000000000000e+00 0.000000000000000000e+00
-2.177209999999999823e+01 9.982119196189095378e-01 0.000000000000000000e+00 0.000000000000000000e+00
-2.176270799999999994e+01 9.977813131845711947e-01 0.000000000000000000e+00 3.201027511801971676e-02
-2.177209999999999823e+01 9.982119196189095378e-01 0.000000000000000000e+00 0.000000000000000000e+00
-2.177209999999999823e+01 9.982119196189095378e-01 0.000000000000000000e+00 0.000000000000000000e+00
-2.177209999999999823e+01 9.982119196189095378e-01 0.000000000000000000e+00 0.000000000000000000e+00
-2.177209999999999823e+01 9.982119196189095378e-01 0.000000000000000000e+00 0.000000000000000000e+00
-2.176975200000000044e+01 9.981042680103250353e-01 0.000000000000000000e+00 1.651880153160042303e-02
-2.176505600000000129e+01 9.978889647931558082e-01 0.000000000000000000e+00 2.802141432201559271e-02
-2.177209999999999823e+01 9.982119196189095378e-01 0.000000000000000000e+00 0.000000000000000000e+00
-2.176857800000000154e+01 9.980504422060327840e-01 0.000000000000000000e+00 2.012783177893762848e-02
-2.175918599999999614e+01 9.976198357716941079e-01 0.000000000000000000e+00 3.691831283011483972e-02
-2.176270799999999994e+01 9.977813131845711947e-01 0.000000000000000000e+00 3.201027511801971676e-02
-2.177209999999999823e+01 9.982119196189095378e-01 0.000000000000000000e+00 0.000000000000000000e+00
-2.175918599999999614e+01 9.976198357716941079e-01 0.000000000000000000e+00 3.691831283011483972e-02
-2.177209999999999823e+01 9.982119196189095378e-01 0.000000000000000000e+00 0.000000000000000000e+00
-2.177209999999999823e+01 9.982119196189095378e-01 0.000000000000000000e+00 0.000000000000000000e+00
-2.176035999999999859e+01 9.976736615759864701e-01 0.000000000000000000e+00 3.539743185342943826e-02
-2.177209999999999823e+01 9.982119196189095378e-01 0.000000000000000000e+00 0.000000000000000000e+00
-2.177209999999999823e+01 9.982119196189095378e-01 0.000000000000000000e+00 0.000000000000000000e+00
-2.177209999999999823e+01 9.982119196189095378e-01 0.000000000000000000e+00 0.000000000000000000e+00
-2.177209999999999823e+01 9.982119196189095378e-01 0.000000000000000000e+00 0.000000000000000000e+00
-2.177209999999999823e+01 9.982119196189095378e-01 0.000000000000000000e+00 0.000000000000000000e+00
-2.177209999999999823e+01 9.982119196189095378e-01 0.000000000000000000e+00 0.000000000000000000e+00
-2.176270799999999994e+01 9.977813131845711947e-01 0.000000000000000000e+00 3.201027511801971676e-02
-2.177209999999999823e+01 9.982119196189095378e-01 0.000000000000000000e+00 0.000000000000000000e+00
-2.177209999999999823e+01 9.982119196189095378e-01 0.000000000000000000e+00 0.000000000000000000e+00
-2.177209999999999823e+01 9.982119196189095378e-01 0.000000000000000000e+00 0.000000000000000000e+00
-2.176975200000000044e+01 9.981042680103250353e-01 0.000000000000000000e+00 1.651880153160042303e-02
-2.177209999999999823e+01 9.982119196189095378e-01 0.000000000000000000e+00 0.000000000000000000e+00
-2.177209999999999823e+01 9.982119196189095378e-01 0.000000000000000000e+00 0.000000000000000000e+00
-2.176975200000000044e+01 9.981042680103250353e-01 0.000000000000000000e+00 1.651880153160042303e-02
-2.177209999999999823e+01 9.982119196189095378e-01 0.000000000000000000e+00 0.000000000000000000e+00
-2.177209999999999823e+01 9.982119196189095378e-01 0.000000000000000000e+00 0.000000000000000000e+00
-2.175566399999999589e+01 9.974583583588171320e-01 0.000000000000000000e+00 4.094149933352180665e-02
-2.177209999999999823e+01 9.982119196189095378e-01 0.000000000000000000e+00 0.000000000000000000e+00
-2.177092599999999933e+01 9.981580938146172866e-01 0.000000000000000000e+00 1.174000000000001084e-02
-2.177209999999999823e+01 9.982119196189095378e-01 0.000000000000000000e+00 0.000000000000000000e+00
-2.177209999999999823e+01 9.982119196189095378e-01 0.000000000000000000e+00 0.000000000000000000e+00
-2.177209999999999823e+01 9.982119196189095378e-01 0.000000000000000000e+00 0.000000000000000000e+00
-2.176623000000000019e+01 9.979427905974480595e-01 0.000000000000000000e+00 2.571563805166109801e-02
-2.177209999999999823e+01 9.982119196189095378e-01 0.000000000000000000e+00 0.000000000000000000e+00
-2.177209999999999823e+01 9.982119196189095378e-01 0.000000000000000000e+00 0.000000000000000000e+00
-2.177209999999999823e+01 9.982119196189095378e-01 0.000000000000000000e+00 0.000000000000000000e+00
-2.176505600000000129e+01 9.978889647931558082e-01 0.000000000000000000e+00 2.802141432201559271e-02
-2.177209999999999823e+01 9.982119196189095378e-01 0.000000000000000000e+00 0.000000000000000000e+00
-2.176270799999999994e+01 9.977813131845711947e-01 0.000000000000000000e+00 3.201027511801971676e-02
-2.177209999999999823e+01 9.982119196189095378e-01 0.000000000000000000e+00 0.000000000000000000e+00
-2.176975200000000044e+01 9.981042680103250353e-01 0.000000000000000000e+00 1.651880153160042303e-02
-2.177209999999999823e+01 9.982119196189095378e-01 0.000000000000000000e+00 0.000000000000000000e+00
-2.177209999999999823e+01 9.982119196189095378e-01 0.000000000000000000e+00 0.000000000000000000e+00
-2.177209999999999823e+01 9.982119196189095378e-01 0.000000000000000000e+00 0.000000000000000000e+00
-2.177209999999999823e+01 9.982119196189095378e-01 0.000000000000000000e+00 0.000000000000000000e+00
-2.177209999999999823e+01 9.982119196189095378e-01 0.000000000000000000e+00 0.000000000000000000e+00
-2.176623000000000019e+01 9.979427905974480595e-01 0.000000000000000000e+00 2.571563805166109801e-02
-2.177209999999999823e+01 9.982119196189095378e-01 0.000000000000000000e+00 0.000000000000000000e+00
-2.177209999999999823e+01 9.982119196189095378e-01 0.000000000000000000e+00 0.000000000000000000e+00
-2.177092599999999933e+01 9.981580938146172866e-01 0.000000000000000000e+00 1.174000000000001084e-02
-2.175214199999999920e+01 9.972968809459403783e-01 0.000000000000000000e+00 4.432145473125796015e-02
-2.177209999999999823e+01 9.982119196189095378e-01 0.000000000000000000e+00 0.000000000000000000e+00
-2.177092599999999933e+01 9.981580938146172866e-01 0.000000000000000000e+00 1.174000000000001084e-02
-2.176388199999999884e+01 9.978351389888634460e-01 0.000000000000000000e+00 3.010516375721088156e-02
-2.177209999999999823e+01 9.982119196189095378e-01 0.000000000000000000e+00 0.000000000000000000e+00
-2.177209999999999823e+01 9.982119196189095378e-01 0.000000000000000000e+00 0.000000000000000000e+00
-2.176153399999999749e+01 9.977274873802787214e-01 0.000000000000000000e+00 3.376699787447123152e-02
-2.177209999999999823e+01 9.982119196189095378e-01 0.000000000000000000e+00 0.000000000000000000e+00
-2.177209999999999823e+01 9.982119196189095378e-01 0.000000000000000000e+00 0.000000000000000000e+00
-2.177209999999999823e+01 9.982119196189095378e-01 0.000000000000000000e+00 0.000000000000000000e+00
-2.177209999999999823e+01 9.982119196189095378e-01 0.000000000000000000e+00 0.000000000000000000e+00
-2.176623000000000019e+01 9.979427905974480595e-01 0.000000000000000000e+00 2.571563805166109801e-02
-2.177209999999999823e+01 9.982119196189095378e-01 0.000000000000000000e+00 0.000000000000000000e+00
-2.177209999999999823e+01 9.982119196189095378e-01 0.000000000000000000e+00 0.000000000000000000e+00
-2.176975200000000044e+01 9.981042680103250353e-01 0.000000000000000000e+00 1.651880153160042303e-02
-2.176623000000000019e+01 9.979427905974480595e-01 0.000000000000000000e+00 2.571563805166109801e-02
-2.175683799999999835e+01 9.975121841631094943e-01 0.000000000000000000e+00 3.968092633938267999e-02
-2.177209999999999823e+01 9.982119196189095378e-01 0.000000000000000000e+00 0.000000000000000000e+00
-2.177209999999999823e+01 9.982119196189095378e-01 0.000000000000000000e+00 0.000000000000000000e+00
-2.177209999999999823e+01 9.982119196189095378e-01 0.000000000000000000e+00 0.000000000000000000e+00
-2.177209999999999823e+01 9.982119196189095378e-01 0.000000000000000000e+00 0.000000000000000000e+00
-2.175918599999999614e+01 9.976198357716941079e-01 0.000000000000000000e+00 3.691831283011483972e-02
-2.177209999999999823e+01 9.982119196189095378e-01 0.000000000000000000e+00 0.000000000000000000e+00
-2.176153399999999749e+01 9.977274873802787214e-01 0.000000000000000000e+00 3.376699787447123152e-02
-2.177209999999999823e+01 9.982119196189095378e-01 0.000000000000000000e+00 0.000000000000000000e+00
-2.176857800000000154e+01 9.980504422060327840e-01 0.000000000000000000e+00 2.012783177893762848e-02
-2.176035999999999859e+01 9.976736615759864701e-01 0.000000000000000000e+00 3.539743185342943826e-02
-2.175448999999999700e+01 9.974045325545248808e-01 0.000000000000000000e+00 4.213137102258154160e-02
-2.177209999999999823e+01 9.982119196189095378e-01 0.000000000000000000e+00 0.000000000000000000e+00
-2.177092599999999933e+01 9.981580938146172866e-01 0.000000000000000000e+00 1.174000000000001084e-02
-2.177209999999999823e+01 9.982119196189095378e-01 0.000000000000000000e+00 0.000000000000000000e+00
-2.177209999999999823e+01 9.982119196189095378e-01 0.000000000000000000e+00 0.000000000000000000e+00
-2.177209999999999823e+01 9.982119196189095378e-01 0.000000000000000000e+00 0.000000000000000000e+00
-2.177209999999999823e+01 9.982119196189095378e-01 0.000000000000000000e+00 0.000000000000000000e+00
-2.177209999999999823e+01 9.982119196189095378e-01 0.000000000000000000e+00 0.000000000000000000e+00
-2.177209999999999823e+01 9.982119196189095378e-01 0.000000000000000000e+00 0.000000000000000000e+00
-2.177209999999999823e+01 9.982119196189095378e-01 0.000000000000000000e+00 0.000000000000000000e+00
-2.176975200000000044e+01 9.981042680103250353e-01 0.000000000000000000e+00 1.651880153160042303e-02
-2.176153399999999749e+01 9.977274873802787214e-01 0.000000000000000000e+00 3.376699787447123152e-02
-2.177209999999999823e+01 9.982119196189095378e-01 0.000000000000000000e+00 0.000000000000000000e+00
-2.177209999999999823e+01 9.982119196189095378e-01 0.000000000000000000e+00 0.000000000000000000e+00
-2.177209999999999823e+01 9.982119196189095378e-01 0.000000000000000000e+00 0.000000000000000000e+00
-2.177209999999999823e+01 9.982119196189095378e-01 0.000000000000000000e+00 0.000000000000000000e+00
-2.177209999999999823e+01 9.982119196189095378e-01 0.000000000000000000e+00 0.000000000000000000e+00
-2.177209999999999823e+01 9.982119196189095378e-01 0.000000000000000000e+00 0.000000000000000000e+00
-2.177209999999999823e+01 9.982119196189095378e-01 0.000000000000000000e+00 0.000000000000000000e+00
-2.177209999999999823e+01 9.982119196189095378e-01 0.000000000000000000e+00 0.000000000000000000e+00
-2.177209999999999823e+01 9.982119196189095378e-01 0.000000000000000000e+00 0.000000000000000000e+00
-2.177209999999999823e+01 9.982119196189095378e-01 0.000000000000000000e+00 0.000000000000000000e+00
-2.177209999999999823e+01 9.982119196189095378e-01 0.000000000000000000e+00 0.000000000000000000e+00
-2.177209999999999823e+01 9.982119196189095378e-01 0.000000000000000000e+00 0.000000000000000000e+00
-2.177209999999999823e+01 9.982119196189095378e-01 0.000000000000000000e+00 0.000000000000000000e+00
-2.177209999999999823e+01 9.982119196189095378e-01 0.000000000000000000e+00 0.000000000000000000e+00
-2.176975200000000044e+01 9.981042680103250353e-01 0.000000000000000000e+00 1.651880153160042303e-02
-2.177209999999999823e+01 9.982119196189095378e-01 0.000000000000000000e+00 0.000000000000000000e+00
-2.177209999999999823e+01 9.982119196189095378e-01 0.000000000000000000e+00 0.000000000000000000e+00
-2.177209999999999823e+01 9.982119196189095378e-01 0.000000000000000000e+00 0.000000000000000000e+00
-2.176623000000000019e+01 9.979427905974480595e-01 0.000000000000000000e+00 2.571563805166109801e-02
-2.177209999999999823e+01 9.982119196189095378e-01 0.000000000000000000e+00 0.000000000000000000e+00
-2.177209999999999823e+01 9.982119196189095378e-01 0.000000000000000000e+00 0.000000000000000000e+00
-2.176975200000000044e+01 9.981042680103250353e-01 0.000000000000000000e+00 1.651880153160042303e-02
-2.174509799999999871e+01 9.969739261201864267e-01 0.000000000000000000e+00 4.965463344162577425e-02
-2.177209999999999823e+01 9.982119196189095378e-01 0.000000000000000000e+00 0.000000000000000000e+00
-2.177209999999999823e+01 9.982119196189095378e-01 0.000000000000000000e+00 0.000000000000000000e+00
-2.177209999999999823e+01 9.982119196189095378e-01 0.000000000000000000e+00 0.000000000000000000e+00
-2.176623000000000019e+01 9.979427905974480595e-01 0.000000000000000000e+00 2.571563805166109801e-02
-2.177209999999999823e+01 9.982119196189095378e-01 0.000000000000000000e+00 0.000000000000000000e+00
-2.177209999999999823e+01 9.982119196189095378e-01 0.000000000000000000e+00 0.000000000000000000e+00
-2.177209999999999823e+01 9.982119196189095378e-01 0.000000000000000000e+00 0.000000000000000000e+00
-2.176388199999999884e+01 9.978351389888634460e-01 0.000000000000000000e+00 3.010516375721088156e-02
-2.176857800000000154e+01 9.980504422060327840e-01 0.000000000000000000e+00 2.012783177893762848e-02
-2.176740399999999909e+01 9.979966164017404218e-01 0.000000000000000000e+00 2.312150566555784895e-02
-2.177209999999999823e+01 9.982119196189095378e-01 0.000000000000000000e+00 0.000000000000000000e+00
-2.177209999999999823e+01 9.982119196189095378e-01 0.000000000000000000e+00 0.000000000000000000e+00
-2.177209999999999823e+01 9.982119196189095378e-01 0.000000000000000000e+00 0.000000000000000000e+00
-2.177209999999999823e+01 9.982119196189095378e-01 0.000000000000000000e+00 0.000000000000000000e+00
-2.176740399999999909e+01 9.979966164017404218e-01 0.000000000000000000e+00 2.312150566555784895e-02
-2.177209999999999823e+01 9.982119196189095378e-01 0.000000000000000000e+00 0.000000000000000000e+00
-2.175566399999999589e+01 9.974583583588171320e-01 0.000000000000000000e+00 4.094149933352180665e-02
-2.177209999999999823e+01 9.982119196189095378e-01 0.000000000000000000e+00 0.000000000000000000e+00
-2.177209999999999823e+01 9.982119196189095378e-01 0.000000000000000000e+00 0.000000000000000000e+00
-2.177209999999999823e+01 9.982119196189095378e-01 0.000000000000000000e+00 0.000000000000000000e+00
-2.177209999999999823e+01 9.982119196189095378e-01 0.000000000000000000e+00 0.000000000000000000e+00
-2.176153399999999749e+01 9.977274873802787214e-01 0.000000000000000000e+00 3.376699787447123152e-02
-2.177248999999999768e+01 9.982298004227204702e-01 1.000000000000000082e-05 3.900000000000147706e-03
-2.177209999999999823e+01 9.982119196189095378e-01 0.000000000000000000e+00 0.000000000000000000e+00
-2.177209999999999823e+01 9.982119196189095378e-01 0.000000000000000000e+00 0.000000000000000000e+00
-2.177209999999999823e+01 9.982119196189095378e-01 0.000000000000000000e+00 0.000000000000000000e+00
-2.177209999999999823e+01 9.982119196189095378e-01 0.000000000000000000e+00 0.000000000000000000e+00
-2.177209999999999823e+01 9.982119196189095378e-01 0.000000000000000000e+00 0.000000000000000000e+00
-2.177209999999999823e+01 9.982119196189095378e-01 0.000000000000000000e+00 0.000000000000000000e+00
-2.177209999999999823e+01 9.982119196189095378e-01 0.000000000000000000e+00 0.000000000000000000e+00
-2.176623000000000019e+01 9.979427905974480595e-01 0.000000000000000000e+00 2.571563805166109801e-02
-2.177209999999999823e+01 9.982119196189095378e-01 0.000000000000000000e+00 0.000000000000000000e+00
