-2.629925000000002200e+01 2.564489486268378693e-01 0.000000000000000000e+00 3.362344388033054354e+00
-2.564150200000001689e+01 2.500351237815891525e-01 0.000000000000000000e+00 2.603737417208912053e+00
-2.605335800000001001e+01 2.540512093424189821e-01 0.000000000000000000e+00 2.765488468851297732e+00
-2.504684000000001021e+01 2.442364624247697069e-01 0.000000000000000000e+00 2.704106660528602823e+00
-2.697494800000001192e+01 2.630378073087110691e-01 0.000000000000000000e+00 3.315459296806980483e+00
-2.603409600000001234e+01 2.538633819462594032e-01 0.000000000000000000e+00 2.813855935014111687e+00
-2.638643800000001249e+01 2.572991352645889185e-01 0.000000000000000000e+00 2.989757527237405732e+00
-2.721251400000003073e+01 2.653543581962644615e-01 0.000000000000000000e+00 2.992392856136805168e+00
-2.641830400000000623e+01 2.576098666427438233e-01 0.000000000000000000e+00 2.699895644145671181e+00
-2.750554600000000960e+01 2.682117685145820607e-01 0.000000000000000000e+00 2.974292361554935926e+00
-2.735353200000002261e+01 2.667294513201161621e-01 0.000000000000000000e+00 3.432731426994362067e+00
-2.754105600000003307e+01 2.685580332242503698e-01 0.000000000000000000e+00 2.944970026988835698e+00
-2.777170200000001898e+01 2.708071058862077107e-01 0.000000000000000000e+00 3.308136501708379029e+00
-2.654770800000002140e+01 2.588717094613835479e-01 0.000000000000000000e+00 3.059346379446156394e+00
-2.664680400000002081e+01 2.598380132538158360e-01 0.000000000000000000e+00 3.531110746010368118e+00
-2.734467199999999920e+01 2.666430557885006158e-01 0.000000000000000000e+00 2.648806754415728548e+00
-2.550650399999999962e+01 2.487187328135299913e-01 0.000000000000000000e+00 3.070829142069258388e+00
-2.722824400000001432e+01 2.655077443940417892e-01 0.000000000000000000e+00 2.947997684384326078e+00
-2.776334800000002900e+01 2.707256444560595110e-01 0.000000000000000000e+00 3.403481525592061185e+00
-2.583950200000001729e+01 2.519658591382291091e-01 0.000000000000000000e+00 2.499964413564094823e+00
-2.586692800000001213e+01 2.522332952386897031e-01 0.000000000000000000e+00 2.782219442291831157e+00
-2.774754600000001403e+01 2.705715561726976248e-01 0.000000000000000000e+00 3.327205149453440924e+00
-2.722150800000000714e+01 2.654420603871612827e-01 0.000000000000000000e+00 2.943813443449557976e+00
-2.696477800000003100e+01 2.629386377199383618e-01 0.000000000000000000e+00 3.087900888776232922e+00
-2.599521200000003063e+01 2.534842167260192292e-01 0.000000000000000000e+00 2.555897262414152937e+00
-2.716284800000001809e+01 2.648700556597851086e-01 0.000000000000000000e+00 3.221436332027856508e+00
-2.721077000000000368e+01 2.653373521232238463e-01 0.000000000000000000e+00 2.672058687188171966e+00
-2.729199800000001375e+01 2.661294216765024978e-01 0.000000000000000000e+00 2.685294740099879451e+00
-2.655062200000002193e+01 2.589001244251676326e-01 0.000000000000000000e+00 2.805122529367235718e+00
-2.797882400000001724e+01 2.728267915858945125e-01 0.000000000000000000e+00 2.659129332297101023e+00
-2.787172400000001815e+01 2.717824392793483645e-01 0.000000000000000000e+00 2.699715818157926606e+00
-2.808943600000002050e+01 2.739053900670493924e-01 0.000000000000000000e+00 3.162251885951854913e+00
-2.889568600000001908e+01 2.817672859321553314e-01 0.000000000000000000e+00 3.521452612376909652e+00
-2.843732400000001803e+01 2.772977115910431611e-01 0.000000000000000000e+00 3.119958772296890892e+00
-2.814574800000000820e+01 2.744544990034286092e-01 0.000000000000000000e+00 3.346185110183254707e+00
-2.808899800000001790e+01 2.739011190464119561e-01 0.000000000000000000e+00 3.021421826580554804e+00
-2.852476200000001683e+01 2.781503360259617308e-01 0.000000000000000000e+00 2.613362348122016066e+00
-2.942903600000001774e+01 2.869680824092458726e-01 0.000000000000000000e+00 3.204372159671970532e+00
-2.908372800000002201e+01 2.836009189520204976e-01 0.000000000000000000e+00 2.680688858780876593e+00
-3.010785200000001183e+01 2.935873452973918885e-01 0.000000000000000000e+00 3.087784923244845992e+00
-2.933165800000002577e+01 2.860185311589485413e-01 0.000000000000000000e+00 3.724927431661920973e+00
-2.941277999999999793e+01 2.868095670862277902e-01 0.000000000000000000e+00 2.725585558734086256e+00
-2.778051200000001586e+01 2.708930138583894864e-01 0.000000000000000000e+00 3.499416332091551673e+00
-2.955052400000002777e+01 2.881527348183746673e-01 0.000000000000000000e+00 3.420572361790708449e+00
-2.823094400000002224e+01 2.752852612733494575e-01 0.000000000000000000e+00 2.226461832182545120e+00
-2.889376400000001510e+01 2.817485441475317542e-01 0.000000000000000000e+00 2.981690363017784673e+00
-2.795593600000001899e+01 2.726036063796178910e-01 0.000000000000000000e+00 2.838660402498177415e+00
-2.913296600000001391e+01 2.840810479797488686e-01 0.000000000000000000e+00 3.805100815564562478e+00
-2.693417800000000639e+01 2.626402513466392086e-01 0.000000000000000000e+00 2.213910924799245894e+00
-2.980630400000000790e+01 2.906468938563611659e-01 0.000000000000000000e+00 3.041085388971204395e+00
-2.941544999999999277e+01 2.868356027599763824e-01 0.000000000000000000e+00 2.511873382476902616e+00
-3.006863400000003139e+01 2.932049231801359679e-01 0.000000000000000000e+00 3.742370298751011681e+00
-2.903882200000002456e+01 2.831630320736100437e-01 0.000000000000000000e+00 2.982099290652323376e+00
-2.863588800000002266e+01 2.792339466180929763e-01 0.000000000000000000e+00 3.339707640421674562e+00
-2.941796000000002564e+01 2.868600782435381524e-01 0.000000000000000000e+00 2.987789661440393818e+00
-2.837631200000001286e+01 2.767027720679152147e-01 0.000000000000000000e+00 2.897306668122563877e+00
-2.766349400000001779e+01 2.697519492626153093e-01 0.000000000000000000e+00 2.809771047641721253e+00
-2.833789600000001130e+01 2.763281704039723952e-01 0.000000000000000000e+00 2.335441756750905817e+00
-2.814684800000001630e+01 2.744652253109655660e-01 0.000000000000000000e+00 3.119727209923873090e+00
-2.928016600000002612e+01 2.855164229519581154e-01 0.000000000000000000e+00 3.176306860866543680e+00
-2.842180000000002948e+01 2.771463341381317225e-01 0.000000000000000000e+00 3.025804366151622293e+00
-2.902308400000000788e+01 2.830095678663229752e-01 0.000000000000000000e+00 2.836072664108775676e+00
-2.872311000000001613e+01 2.800844647962588141e-01 0.000000000000000000e+00 3.210236516460455380e+00
-2.827221800000002361e+01 2.756877318345108963e-01 0.000000000000000000e+00 3.070226468282334586e+00
-2.930803600000000841e+01 2.857881885801880073e-01 0.000000000000000000e+00 3.125587517507708135e+00
-2.911392200000002362e+01 2.838953463427194013e-01 0.000000000000000000e+00 3.270058402084963234e+00
-2.816927000000001158e+01 2.746838664633219906e-01 0.000000000000000000e+00 2.744267777577564349e+00
-2.841277000000001962e+01 2.770582809044424555e-01 0.000000000000000000e+00 2.803349692652154168e+00
-2.890572200000000791e+01 2.818651488616463197e-01 0.000000000000000000e+00 2.853260913962737622e+00
-2.941806400000001531e+01 2.868610923671597313e-01 0.000000000000000000e+00 3.392699847147154113e+00
-2.906521200000001670e+01 2.834203659426086097e-01 0.000000000000000000e+00 3.166319171979420588e+00
-2.834533600000001385e+01 2.764007192476764518e-01 0.000000000000000000e+00 3.021262580663449882e+00
-2.703609000000000506e+01 2.636340144863659751e-01 0.000000000000000000e+00 3.146956585305551890e+00
-2.875533400000001194e+01 2.803986870999576331e-01 0.000000000000000000e+00 3.208509665684664114e+00
-2.855591400000000846e+01 2.784541050554063535e-01 0.000000000000000000e+00 3.005429720329926724e+00
-2.939564800000001554e+01 2.866425097219352791e-01 0.000000000000000000e+00 3.828192553670172416e+00
-2.935049800000002307e+01 2.862022435534893883e-01 0.000000000000000000e+00 3.223264182579987036e+00
-2.943299400000002208e+01 2.870066776140013931e-01 0.000000000000000000e+00 3.473920067054920846e+00
-2.899218800000002361e+01 2.827082951411779566e-01 0.000000000000000000e+00 3.174797030378000429e+00
-2.795403600000002342e+01 2.725850791211451019e-01 0.000000000000000000e+00 2.390560441686755411e+00
-2.885303600000002433e+01 2.813513977353842010e-01 0.000000000000000000e+00 3.339547458773116428e+00
-2.872288800000001530e+01 2.800823000323741097e-01 0.000000000000000000e+00 3.050865603457417752e+00
-2.748168400000002620e+01 2.679790856505410712e-01 0.000000000000000000e+00 2.519195506534864570e+00
-2.837358800000000159e+01 2.766762098299783146e-01 0.000000000000000000e+00 3.399767379186672933e+00
-2.814418200000003267e+01 2.744392286419717886e-01 0.000000000000000000e+00 2.944962227892428341e+00
-2.767717200000001299e+01 2.698853260212421556e-01 0.000000000000000000e+00 2.939238110586352093e+00
-2.924661000000001465e+01 2.851892120649509033e-01 0.000000000000000000e+00 2.581875638215775925e+00
-2.898109600000001507e+01 2.826001349564513654e-01 0.000000000000000000e+00 2.908612047005209700e+00
-2.826338000000001927e+01 2.756015508290462490e-01 0.000000000000000000e+00 2.805562911809537763e+00
-2.808512000000002118e+01 2.738633039367501243e-01 0.000000000000000000e+00 2.882742489962352384e+00
-2.793972999999999729e+01 2.724455786160333015e-01 0.000000000000000000e+00 2.984179331055523576e+00
-2.942078200000000976e+01 2.868875960979644368e-01 0.000000000000000000e+00 2.846997252409682044e+00
-2.892605600000002042e+01 2.820634295320601503e-01 0.000000000000000000e+00 2.555442693084781780e+00
-2.879115800000002423e+01 2.807480136828681694e-01 0.000000000000000000e+00 3.288139293824383635e+00
-2.888928400000002483e+01 2.817048588222906824e-01 0.000000000000000000e+00 3.373036761688347429e+00
-2.921085400000001897e+01 2.848405485628699996e-01 0.000000000000000000e+00 3.097076129089785912e+00
-2.910544800000002752e+01 2.838127147699307518e-01 0.000000000000000000e+00 3.147695181052994506e+00
-2.998962600000001899e+01 2.924345012657044718e-01 0.000000000000000000e+00 2.753092473088722514e+00
-2.851038800000002382e+01 2.780101724400206864e-01 0.000000000000000000e+00 2.560241961232680552e+00
-2.834339200000001568e+01 2.763817629369021978e-01 0.000000000000000000e+00 3.066052971258261817e+00
-2.945424800000002108e+01 2.872139293779913949e-01 0.000000000000000000e+00 3.990894428507337111e+00
-2.893939800000001483e+01 2.821935298912939261e-01 0.000000000000000000e+00 2.713581581599484593e+00
-2.766762400000002131e+01 2.697922216718220412e-01 0.000000000000000000e+00 3.064705682282418131e+00
-2.836212400000001921e+01 2.765644222030667621e-01 0.000000000000000000e+00 3.132146426364172509e+00
-2.908325999999999922e+01 2.835963553957227545e-01 0.000000000000000000e+00 2.528260967302995432e+00
-2.829800400000002369e+01 2.759391759855528981e-01 0.000000000000000000e+00 2.588728571822410451e+00
-2.938475600000002075e+01 2.865362997749427709e-01 0.000000000000000000e+00 3.044349509073815518e+00
-2.876827200000001383e+01 2.805248479789688165e-01 0.000000000000000000e+00 2.708342716853860743e+00
-2.886150000000001370e+01 2.814339317962861187e-01 0.000000000000000000e+00 2.538064164800895028e+00
-2.799003400000001562e+01 2.729361024108840628e-01 0.000000000000000000e+00 3.241585452350890684e+00
-2.959831800000000968e+01 2.886187831296636030e-01 0.000000000000000000e+00 3.351418406922446191e+00
-2.870209600000002581e+01 2.798795533175496564e-01 0.000000000000000000e+00 2.734658911160197547e+00
-2.925175600000000387e+01 2.852393916818460884e-01 0.000000000000000000e+00 2.648536237104670121e+00
-2.789277000000001294e+01 2.719876627960949866e-01 0.000000000000000000e+00 2.892438993376357903e+00
-2.810548000000000712e+01 2.740618381380691138e-01 0.000000000000000000e+00 2.917401287502841001e+00
-2.869293400000001171e+01 2.797902129269559390e-01 0.000000000000000000e+00 2.698608738007887808e+00
-2.863466399999999723e+01 2.792220111631607549e-01 0.000000000000000000e+00 2.694767793355310470e+00
-2.907123000000001767e+01 2.834790485960240192e-01 0.000000000000000000e+00 3.445564494939527211e+00
-2.875990000000001956e+01 2.804432110274244772e-01 0.000000000000000000e+00 2.533091351202192865e+00
-2.766409400000001284e+01 2.697577999758171696e-01 0.000000000000000000e+00 2.893352118142483054e+00
-2.936245200000001532e+01 2.863188092628493053e-01 0.000000000000000000e+00 3.022412698239737239e+00
-2.920969000000003746e+01 2.848291981792584471e-01 0.000000000000000000e+00 3.175221129768648343e+00
-2.886793400000000887e+01 2.814966709441881765e-01 0.000000000000000000e+00 3.487968674803155089e+00
-2.991128800000002386e+01 2.916706126476820149e-01 0.000000000000000000e+00 2.290687903616233534e+00
-2.969756000000000284e+01 2.895865105956416663e-01 0.000000000000000000e+00 2.965316633782277833e+00
-2.760987600000000697e+01 2.692291100285125749e-01 0.000000000000000000e+00 3.279648604456140593e+00
-2.817488600000002563e+01 2.747386291388922985e-01 0.000000000000000000e+00 3.192216111675461487e+00
-2.782111800000000201e+01 2.712889706255192657e-01 0.000000000000000000e+00 2.925587707662903103e+00
-2.740082000000001017e+01 2.671905655299381954e-01 0.000000000000000000e+00 2.836735140931909260e+00
-2.935377200000002063e+01 2.862341689451946558e-01 0.000000000000000000e+00 2.267517066147173743e+00
-2.934699000000000879e+01 2.861680363836352492e-01 0.000000000000000000e+00 3.182366246040734481e+00
-2.887725400000001130e+01 2.815875520225916695e-01 0.000000000000000000e+00 3.294169209818027966e+00
-2.868243200000001636e+01 2.796878059435446984e-01 0.000000000000000000e+00 2.820813604922014939e+00
-2.858799600000001462e+01 2.787669426903141012e-01 0.000000000000000000e+00 3.261067729091380762e+00
-2.796422800000000919e+01 2.726844632360685972e-01 0.000000000000000000e+00 2.966190170929229097e+00
-2.932882600000001716e+01 2.859909157926353029e-01 0.000000000000000000e+00 2.542857920959379570e+00
-2.987472400000000050e+01 2.913140701851555936e-01 0.000000000000000000e+00 2.968361347191239119e+00
-2.850595600000002960e+01 2.779669551718357279e-01 0.000000000000000000e+00 2.649786738981997569e+00
-2.953687000000001817e+01 2.880195920882757665e-01 0.000000000000000000e+00 2.641625932483953498e+00
-2.885911800000000227e+01 2.814107044648743172e-01 0.000000000000000000e+00 2.418978376575407818e+00
-2.870355000000002121e+01 2.798937315458756570e-01 0.000000000000000000e+00 3.691313414537355619e+00
-2.808649400000000540e+01 2.738767020699823806e-01 0.000000000000000000e+00 2.923674206235376882e+00
-2.849854000000002685e+01 2.778946403566597834e-01 0.000000000000000000e+00 2.516930373580990477e+00
-2.814346200000002796e+01 2.744322077861294229e-01 0.000000000000000000e+00 3.261857647798414916e+00
-2.775001600000000934e+01 2.705956416087121896e-01 0.000000000000000000e+00 2.958596662517313458e+00
-3.016393000000002544e+01 2.941341724556226223e-01 0.000000000000000000e+00 3.287779823340923890e+00
-2.877444800000001024e+01 2.805850713201940572e-01 0.000000000000000000e+00 2.869724516834536221e+00
-2.823511999999999844e+01 2.753259822372347010e-01 0.000000000000000000e+00 2.677146938610036830e+00
-2.798669800000001828e+01 2.729035724454813017e-01 0.000000000000000000e+00 2.889859943269419418e+00
-3.007217200000001256e+01 2.932394228856499141e-01 0.000000000000000000e+00 3.001424766188029114e+00
-3.054819200000002155e+01 2.978811837162952392e-01 0.000000000000000000e+00 4.026456931214495327e+00
-2.948628400000001548e+01 2.875263184582202425e-01 0.000000000000000000e+00 2.212324472006397258e+00
-2.895523800000000847e+01 2.823479887198250271e-01 0.000000000000000000e+00 2.516556394565053978e+00
-3.090521800000002628e+01 3.013626116023546131e-01 0.000000000000000000e+00 3.354976076579414546e+00
-3.162661200000002637e+01 3.083970606016876448e-01 0.000000000000000000e+00 3.454415617209400047e+00
-3.109817000000001386e+01 3.032441229585888243e-01 0.000000000000000000e+00 2.884159437357963984e+00
-3.169281200000000354e+01 3.090425892916346950e-01 0.000000000000000000e+00 2.891920230233946398e+00
-3.199242400000001396e+01 3.119641624314005712e-01 0.000000000000000000e+00 2.928994544384530663e+00
-3.205590000000000828e+01 3.125831288834109989e-01 0.000000000000000000e+00 3.058669039456425764e+00
-3.374430000000002394e+01 3.290470358336683998e-01 0.000000000000000000e+00 3.372063451659858657e+00
-3.311639600000000172e+01 3.229242254630839692e-01 0.000000000000000000e+00 2.526389705453658152e+00
-3.270938600000001628e+01 3.189553941625485889e-01 0.000000000000000000e+00 2.696111447844090403e+00
-3.138166600000001338e+01 3.060085459417504761e-01 0.000000000000000000e+00 2.623556168589003867e+00
-3.236900600000002015e+01 3.156362845630884539e-01 0.000000000000000000e+00 3.442982918536973358e+00
-3.159952800000002426e+01 3.081329594077520384e-01 0.000000000000000000e+00 2.816627602744355308e+00
-3.181411600000001982e+01 3.102254474820482777e-01 0.000000000000000000e+00 2.546515493082477377e+00
-3.157983600000002866e+01 3.079409390004644309e-01 0.000000000000000000e+00 2.652507128619596699e+00
-3.130794200000001481e+01 3.052896493082508655e-01 0.000000000000000000e+00 2.434217124234227647e+00
-3.166916800000002041e+01 3.088120321867237617e-01 0.000000000000000000e+00 3.171326271161258425e+00
-3.122634200000000604e+01 3.044939523127870307e-01 0.000000000000000000e+00 2.648741029288892435e+00
-3.132712800000002673e+01 3.054767356140716261e-01 0.000000000000000000e+00 3.080611639979924377e+00
-3.297050400000001957e+01 3.215016050456552810e-01 0.000000000000000000e+00 2.554321083331442921e+00
-3.226435200000002368e+01 3.146157836640288696e-01 0.000000000000000000e+00 3.120330266140739717e+00
-3.234454000000003049e+01 3.153977119810907892e-01 0.000000000000000000e+00 2.490317113310769326e+00
-3.258231200000001593e+01 3.177162716135098486e-01 0.000000000000000000e+00 2.823142829724748726e+00
-3.347722800000001797e+01 3.264427663732211160e-01 0.000000000000000000e+00 3.367042613635349291e+00
-3.332195000000000107e+01 3.249286212989363487e-01 0.000000000000000000e+00 3.151063792714703826e+00
-3.194085600000001079e+01 3.114613131340711605e-01 0.000000000000000000e+00 2.800207077491291496e+00
-3.262066800000002331e+01 3.180902882061325543e-01 0.000000000000000000e+00 2.766030084518352528e+00
-3.301355800000002461e+01 3.219214327226491701e-01 0.000000000000000000e+00 2.948496761360530627e+00
-3.286044600000001736e+01 3.204284087230235278e-01 0.000000000000000000e+00 2.888914641931754179e+00
-3.241663200000001410e+01 3.161006946746809931e-01 0.000000000000000000e+00 3.150712642006727293e+00
-3.342439600000002287e+01 3.259275915734130558e-01 0.000000000000000000e+00 3.383572178221762261e+00
-3.303124200000002020e+01 3.220938727430875947e-01 0.000000000000000000e+00 2.923287102401449289e+00
-3.302546800000003202e+01 3.220375693797077332e-01 0.000000000000000000e+00 2.929130289127273468e+00
-3.188373000000002122e+01 3.109042667301146201e-01 0.000000000000000000e+00 3.218637112712977366e+00
-3.123555200000003040e+01 3.045837607604370278e-01 0.000000000000000000e+00 2.639810185419865451e+00
-3.098179800000002970e+01 3.021093576306954631e-01 0.000000000000000000e+00 2.525886476890316423e+00
-3.121373200000002512e+01 3.043709898236597877e-01 0.000000000000000000e+00 2.652913598325014721e+00
-3.255658000000003227e+01 3.174653540266562102e-01 0.000000000000000000e+00 3.012473444553730229e+00
-3.124315400000001475e+01 3.046578892967054530e-01 0.000000000000000000e+00 2.672506644166699363e+00
-3.297948200000001151e+01 3.215891512175335643e-01 0.000000000000000000e+00 2.843190108594942256e+00
-3.223962200000000422e+01 3.143746367682220821e-01 0.000000000000000000e+00 3.243588380254376791e+00
-3.244836200000001725e+01 3.164100998911769103e-01 0.000000000000000000e+00 2.713264003089379983e+00
-3.121837400000001850e+01 3.044162548414653946e-01 0.000000000000000000e+00 3.424408223877756896e+00
-3.321594600000000241e+01 3.238949562951723982e-01 0.000000000000000000e+00 2.941847100498446110e+00
-3.318511000000001587e+01 3.235942686413475489e-01 0.000000000000000000e+00 2.894032419017318336e+00
-3.352346800000001537e+01 3.268936613373171762e-01 0.000000000000000000e+00 3.204239668487216974e+00
-3.267982200000001569e+01 3.186671100207116858e-01 0.000000000000000000e+00 2.440039971670442842e+00
-3.199324600000002050e+01 3.119721779084872471e-01 0.000000000000000000e+00 2.611455816106944550e+00
