-2.453663400000002071e+01 9.069939044901255132e-01 0.000000000000000000e+00 7.910209779261180296e-01
-2.483550000000001745e+01 9.180414524243427632e-01 1.000000000000000048e-04 8.059758569710399057e-01
-2.424523800000000406e+01 8.962224842621994148e-01 0.000000000000000000e+00 5.813059992844047397e-01
-2.460929000000001921e+01 9.096796253239054497e-01 0.000000000000000000e+00 6.357300077291243579e-01
-2.405461000000001448e+01 8.891759417729103721e-01 0.000000000000000000e+00 8.008608829493319980e-01
-2.485827200000000303e+01 9.188832168323309846e-01 0.000000000000000000e+00 7.187828168466043888e-01
-2.473265600000000575e+01 9.142398355801825138e-01 0.000000000000000000e+00 6.494006800866238827e-01
-2.465359400000001244e+01 9.113173176799362896e-01 0.000000000000000000e+00 5.698267831472291212e-01
-2.399819000000001523e+01 8.870903828453357010e-01 0.000000000000000000e+00 8.484432857839816489e-01
-2.482310000000002503e+01 9.175830878248760758e-01 1.000000000000000048e-04 7.380222804662788239e-01
-2.442629600000001844e+01 9.029152727823845925e-01 0.000000000000000000e+00 7.180975522373636011e-01
-2.492093800000000670e+01 9.211996584444438474e-01 1.000000000000000048e-04 6.288334813194054185e-01
-2.486590600000001317e+01 9.191654067801000583e-01 0.000000000000000000e+00 5.392010186836583285e-01
-2.418104600000001270e+01 8.938496342324430133e-01 0.000000000000000000e+00 7.980679892329877179e-01
-2.420911200000001173e+01 8.948870907524946183e-01 0.000000000000000000e+00 8.353091393241089957e-01
-2.444786200000001841e+01 9.037124575365865775e-01 0.000000000000000000e+00 5.023468435938329701e-01
-2.520173399999998765e+01 9.315792508695984742e-01 1.000000000000000048e-04 6.487230596527706616e-01
-2.515401200000000870e+01 9.298152125296184067e-01 0.000000000000000000e+00 6.902622217708573871e-01
-2.542238800000001220e+01 9.397357010575657643e-01 0.000000000000000000e+00 5.094447722925047328e-01
-2.506026800000001487e+01 9.263499761576483582e-01 0.000000000000000000e+00 6.408999497833675063e-01
-2.501600200000000740e+01 9.247136884673251567e-01 0.000000000000000000e+00 7.100940444160558362e-01
-2.568754800000001381e+01 9.495373105087482335e-01 1.000000000000000048e-04 4.955771292201254230e-01
-2.615352400000001865e+01 9.667620607185241077e-01 4.000000000000000192e-04 4.015091624097639200e-01
-2.621972800000000348e+01 9.692092841010324644e-01 2.000000000000000096e-04 2.911364469166173863e-01
-2.627198600000000894e+01 9.711409951686895692e-01 2.000000000000000096e-04 3.085408621891180259e-01
-2.576680200000000553e+01 9.524669256673087281e-01 0.000000000000000000e+00 5.062964384946071483e-01
-2.638264200000001125e+01 9.752313817105134897e-01 1.000000000000000021e-03 3.051358886486713051e-01
-2.618663399999999797e+01 9.679859681288742745e-01 1.000000000000000048e-04 2.441577980476455079e-01
-2.607623599999999087e+01 9.639051185279099432e-01 1.000000000000000048e-04 3.592671315639969776e-01
-2.592847399999999425e+01 9.584431128870682937e-01 2.000000000000000096e-04 4.027654501096392670e-01
-2.586201000000000860e+01 9.559862786339259344e-01 1.000000000000000048e-04 3.896167351424093539e-01
-2.654651000000000494e+01 9.812887438222434033e-01 1.399999999999999986e-03 2.843141630895896221e-01
-2.626305600000001306e+01 9.708108987272994206e-01 8.000000000000000383e-04 3.943157680249820274e-01
-2.643167000000000044e+01 9.770436961929862552e-01 1.100000000000000066e-03 3.109217152762145386e-01
-2.659536199999999795e+01 9.830945524845947636e-01 1.799999999999999951e-03 2.662020751309815969e-01
-2.651105799999999846e+01 9.799782646464122449e-01 6.999999999999999929e-04 2.288231839899825537e-01
-2.638636000000001047e+01 9.753688171605795487e-01 1.000000000000000021e-03 3.180763144564242029e-01
-2.673931399999999670e+01 9.884157219057615462e-01 2.299999999999999961e-03 1.894127687716369024e-01
-2.657623400000000302e+01 9.823874881250300728e-01 1.299999999999999940e-03 2.508497607507074734e-01
-2.669652600000000930e+01 9.868340683185045092e-01 2.200000000000000133e-03 2.401427818628083799e-01
-2.679113600000000517e+01 9.903313162826632432e-01 3.000000000000000062e-03 1.746752192678251714e-01
-2.680052200000000440e+01 9.906782687125500475e-01 3.099999999999999891e-03 1.718614544076458306e-01
-2.673992400000000913e+01 9.884382704868648339e-01 1.899999999999999996e-03 1.592073250434001275e-01
-2.656143999999999750e+01 9.818406295859561927e-01 1.000000000000000021e-03 2.506443067074309861e-01
-2.659479400000000027e+01 9.830735564287482742e-01 1.500000000000000031e-03 2.686662447624333927e-01
-2.677416200000000046e+01 9.897038742898121022e-01 3.000000000000000062e-03 1.950564025034195181e-01
-2.659431800000000123e+01 9.830559611425107036e-01 1.299999999999999940e-03 2.461540145206792540e-01
-2.685313400000000073e+01 9.926230653502238210e-01 4.199999999999999740e-03 1.786098531447924131e-01
-2.680947999999999709e+01 9.910094001707776545e-01 3.599999999999999901e-03 1.841921888252664452e-01
-2.664100600000000441e+01 9.847817777892781121e-01 5.000000000000000104e-04 1.595056946641817686e-01
-2.680811999999999529e+01 9.909591279243843420e-01 3.399999999999999811e-03 1.804049776463945431e-01
-2.681614199999999926e+01 9.912556602483300061e-01 3.599999999999999901e-03 1.803600558142892385e-01
-2.658719000000000321e+01 9.827924754275914054e-01 1.199999999999999895e-03 2.429279884569867376e-01
-2.684681400000000551e+01 9.923894472640439890e-01 3.899999999999999821e-03 1.765049992252780697e-01
-2.682111400000000145e+01 9.914394496667615631e-01 3.700000000000000164e-03 1.803458456534129950e-01
-2.685157600000000500e+01 9.925654740561941081e-01 4.499999999999999660e-03 1.828589007951220424e-01
-2.665068000000000481e+01 9.851393761066363775e-01 1.399999999999999986e-03 2.256723028703978007e-01
-2.670010599999999457e+01 9.869664026141565794e-01 2.599999999999999881e-03 2.644531074202811638e-01
-2.677217199999999409e+01 9.896303141645748092e-01 2.399999999999999790e-03 1.628499477147819507e-01
-2.667465999999999227e+01 9.860257940981858038e-01 1.299999999999999940e-03 1.998668708430845486e-01
-2.661634799999999501e+01 9.838702976043054438e-01 1.299999999999999940e-03 2.378499248762476204e-01
-2.682515600000000333e+01 9.915888617402329741e-01 3.000000000000000062e-03 1.730110315394471909e-01
-2.684552000000000405e+01 9.923416147001963283e-01 4.199999999999999740e-03 1.804959105835198807e-01
-2.676016000000000261e+01 9.891862919412850452e-01 2.399999999999999790e-03 1.702495767508352409e-01
-2.700041600000000486e+01 9.980673278452798503e-01 8.300000000000000086e-03 1.238381974002919494e-01
-2.694287799999999677e+01 9.959404421739788127e-01 6.899999999999999883e-03 1.703039134766276552e-01
-2.705270000000000152e+01 1.000000000000000000e+00 1.349999999999999985e-02 0.000000000000000000e+00
-2.694453400000000443e+01 9.960016560269401298e-01 7.000000000000000146e-03 1.679387191143781044e-01
-2.687745000000000317e+01 9.935219035438237478e-01 5.000000000000000104e-03 1.809215118064839423e-01
-2.705270000000000152e+01 1.000000000000000000e+00 1.009999999999999960e-02 0.000000000000000000e+00
-2.701012400000000113e+01 9.984261829687979262e-01 8.699999999999999400e-03 1.152382662314932610e-01
-2.705270000000000152e+01 1.000000000000000000e+00 2.170000000000000054e-02 0.000000000000000000e+00
-2.705270000000000152e+01 1.000000000000000000e+00 1.000000000000000021e-02 0.000000000000000000e+00
-2.695707600000000070e+01 9.964652696403686338e-01 7.199999999999999803e-03 1.615598341922971637e-01
-2.688051399999999802e+01 9.936351639577564177e-01 5.499999999999999681e-03 1.932490208110885788e-01
-2.705270000000000152e+01 1.000000000000000000e+00 1.299999999999999940e-02 0.000000000000000000e+00
-2.692476399999999970e+01 9.952708602098865320e-01 6.499999999999999702e-03 1.790262457594059553e-01
-2.705149800000000226e+01 9.999555682057613692e-01 9.900000000000000813e-03 1.202000000000001678e-02
-2.704909400000000019e+01 9.998667046172839967e-01 9.700000000000000289e-03 2.060788228133147645e-02
-2.690564000000000178e+01 9.945639437098700020e-01 5.899999999999999863e-03 1.844813455845522310e-01
-2.684406799999999649e+01 9.922879416841939859e-01 4.499999999999999660e-03 1.934233598544235766e-01
-2.698652799999999630e+01 9.975539594938765964e-01 7.799999999999999642e-03 1.356879426991932092e-01
-2.705270000000000152e+01 1.000000000000000000e+00 1.469999999999999953e-02 0.000000000000000000e+00
-2.660293799999999820e+01 9.833745984689142849e-01 1.299999999999999940e-03 2.447847006095878741e-01
-2.667611600000000038e+01 9.860796149737364180e-01 2.899999999999999800e-03 2.819249440628638359e-01
-2.702473200000000020e+01 9.989661660388796660e-01 9.100000000000000450e-03 9.450949701624009047e-02
-2.705270000000000152e+01 1.000000000000000000e+00 1.220000000000000077e-02 0.000000000000000000e+00
-2.705270000000000152e+01 1.000000000000000000e+00 1.340000000000000045e-02 0.000000000000000000e+00
-2.705270000000000152e+01 1.000000000000000000e+00 1.129999999999999928e-02 0.000000000000000000e+00
-2.696069999999999922e+01 9.965992303910514716e-01 7.100000000000000408e-03 1.546504928847468319e-01
-2.705270000000000152e+01 1.000000000000000000e+00 1.089999999999999997e-02 0.000000000000000000e+00
-2.701987800000000206e+01 9.987867384771206281e-01 8.899999999999999925e-03 1.006335522295795926e-01
-2.705270000000000152e+01 1.000000000000000000e+00 1.089999999999999997e-02 0.000000000000000000e+00
-2.697970600000000374e+01 9.973017850343959267e-01 7.799999999999999642e-03 1.437092138502424898e-01
-2.688699800000000550e+01 9.938748442854133947e-01 5.499999999999999681e-03 1.895911784484042573e-01
-2.705270000000000152e+01 1.000000000000000000e+00 1.030000000000000013e-02 0.000000000000000000e+00
-2.689422799999999825e+01 9.941421004188120136e-01 5.700000000000000205e-03 1.870904205744036153e-01
-2.680913199999999463e+01 9.909965363900827828e-01 4.100000000000000346e-03 2.114543955322262525e-01
-2.693655799999999800e+01 9.957068240877988696e-01 6.599999999999999964e-03 1.714694737858729334e-01
-2.705270000000000152e+01 1.000000000000000000e+00 1.420000000000000082e-02 0.000000000000000000e+00
-2.697221199999999897e+01 9.970247701708147003e-01 7.599999999999999985e-03 1.516633814362813859e-01
-2.705270000000000152e+01 1.000000000000000000e+00 1.260000000000000009e-02 0.000000000000000000e+00
-2.703813800000000001e+01 9.994617173147226641e-01 9.400000000000000369e-03 6.530828644810636463e-02
-2.701747400000000354e+01 9.986978748886433666e-01 8.699999999999999400e-03 1.012608099928305333e-01
-2.705270000000000152e+01 1.000000000000000000e+00 1.359999999999999924e-02 0.000000000000000000e+00
-2.691023000000000209e+01 9.947336125414468766e-01 6.100000000000000387e-03 1.846196754017692676e-01
-2.675994200000000944e+01 9.891782335959075079e-01 3.399999999999999811e-03 2.252005262117762197e-01
-2.693550199999999961e+01 9.956677891670701053e-01 6.599999999999999964e-03 1.730899701708261684e-01
-2.693737799999999893e+01 9.957371352951830401e-01 6.799999999999999621e-03 1.746782714049180396e-01
-2.678855600000000692e+01 9.902359468740645765e-01 3.899999999999999821e-03 2.371207339919669810e-01
-2.705270000000000152e+01 1.000000000000000000e+00 1.179999999999999973e-02 0.000000000000000000e+00
-2.702357600000000559e+01 9.989234346294456612e-01 8.800000000000000530e-03 9.001087153194030355e-02
-2.702842999999999662e+01 9.991028621912043661e-01 8.999999999999999320e-03 8.288924763645424965e-02
-2.705270000000000152e+01 1.000000000000000000e+00 1.379999999999999977e-02 0.000000000000000000e+00
-2.705029599999999945e+01 9.999111364115226275e-01 9.799999999999999684e-03 1.691277635518211725e-02
-2.705270000000000152e+01 1.000000000000000000e+00 1.640000000000000138e-02 0.000000000000000000e+00
-2.705270000000000152e+01 1.000000000000000000e+00 1.239999999999999956e-02 0.000000000000000000e+00
-2.702713600000000227e+01 9.990550296273570385e-01 9.299999999999999239e-03 9.364911247132430561e-02
-2.680117200000001176e+01 9.907022958891352760e-01 3.899999999999999821e-03 2.051774841842100294e-01
-2.678847000000000378e+01 9.902327678937777877e-01 2.700000000000000143e-03 1.752553332089551441e-01
-2.700892200000000187e+01 9.983817511745592954e-01 8.600000000000000006e-03 1.154164279223003353e-01
-2.705270000000000152e+01 1.000000000000000000e+00 7.059999999999999609e-02 0.000000000000000000e+00
-2.705270000000000152e+01 1.000000000000000000e+00 1.080000000000000057e-02 0.000000000000000000e+00
-2.705270000000000152e+01 1.000000000000000000e+00 1.060000000000000005e-02 0.000000000000000000e+00
-2.705270000000000152e+01 1.000000000000000000e+00 1.529999999999999936e-02 0.000000000000000000e+00
-2.701636400000000293e+01 9.986568438640136547e-01 8.200000000000000691e-03 9.219940129957499009e-02
-2.701872200000000390e+01 9.987440070676865123e-01 8.600000000000000006e-03 9.636227475500816486e-02
-2.691151999999999944e+01 9.947812972457461544e-01 6.000000000000000125e-03 1.770640573466017442e-01
-2.705270000000000152e+01 1.000000000000000000e+00 1.039999999999999952e-02 0.000000000000000000e+00
-2.705270000000000152e+01 1.000000000000000000e+00 1.739999999999999880e-02 0.000000000000000000e+00
-2.697444400000000186e+01 9.971072757987188284e-01 7.400000000000000328e-03 1.464612061712295688e-01
-2.693639399999999640e+01 9.957007618463219467e-01 6.899999999999999883e-03 1.764532901365120920e-01
-2.705270000000000152e+01 1.000000000000000000e+00 1.069999999999999944e-02 0.000000000000000000e+00
-2.705270000000000152e+01 1.000000000000000000e+00 2.280000000000000082e-02 0.000000000000000000e+00
-2.705270000000000152e+01 1.000000000000000000e+00 1.119999999999999989e-02 0.000000000000000000e+00
-2.705270000000000152e+01 1.000000000000000000e+00 1.349999999999999985e-02 0.000000000000000000e+00
-2.705270000000000152e+01 1.000000000000000000e+00 1.179999999999999973e-02 0.000000000000000000e+00
-2.705270000000000152e+01 1.000000000000000000e+00 1.119999999999999989e-02 0.000000000000000000e+00
-2.695854200000000134e+01 9.965194601647894279e-01 7.300000000000000065e-03 1.613532076288579642e-01
-2.694167599999999752e+01 9.958960103797401819e-01 6.799999999999999621e-03 1.699447688770884257e-01
-2.705270000000000152e+01 1.000000000000000000e+00 1.039999999999999952e-02 0.000000000000000000e+00
-2.705270000000000152e+01 1.000000000000000000e+00 2.100000000000000130e-02 0.000000000000000000e+00
-2.705270000000000152e+01 1.000000000000000000e+00 1.050000000000000065e-02 0.000000000000000000e+00
-2.705270000000000152e+01 1.000000000000000000e+00 1.110000000000000049e-02 0.000000000000000000e+00
-2.705029599999999945e+01 9.999111364115226275e-01 9.799999999999999684e-03 1.691277635518211725e-02
-2.705270000000000152e+01 1.000000000000000000e+00 1.420000000000000082e-02 0.000000000000000000e+00
-2.701617999999999853e+01 9.986500423247955949e-01 8.999999999999999320e-03 1.101119430397997784e-01
-2.680508400000000080e+01 9.908469025272893527e-01 2.000000000000000042e-03 1.670618628054902355e-01
-2.705270000000000152e+01 1.000000000000000000e+00 1.159999999999999920e-02 0.000000000000000000e+00
-2.697879599999999911e+01 9.972681469871768067e-01 7.900000000000000772e-03 1.482763553625326691e-01
-2.705270000000000152e+01 1.000000000000000000e+00 1.149999999999999981e-02 0.000000000000000000e+00
-2.705270000000000152e+01 1.000000000000000000e+00 1.810000000000000150e-02 0.000000000000000000e+00
-2.705270000000000152e+01 1.000000000000000000e+00 1.009999999999999960e-02 0.000000000000000000e+00
-2.705270000000000152e+01 1.000000000000000000e+00 1.149999999999999981e-02 0.000000000000000000e+00
-2.703693600000000075e+01 9.994172855204840333e-01 9.299999999999999239e-03 6.613843076640449348e-02
-2.705270000000000152e+01 1.000000000000000000e+00 1.030000000000000013e-02 0.000000000000000000e+00
-2.705270000000000152e+01 1.000000000000000000e+00 1.060000000000000005e-02 0.000000000000000000e+00
-2.695100200000000257e+01 9.962407449164039086e-01 7.300000000000000065e-03 1.701875578426476354e-01
-2.701747400000000354e+01 9.986978748886433666e-01 8.699999999999999400e-03 1.012608099928305333e-01
-2.705270000000000152e+01 1.000000000000000000e+00 1.319999999999999993e-02 0.000000000000000000e+00
-2.705270000000000152e+01 1.000000000000000000e+00 1.069999999999999944e-02 0.000000000000000000e+00
-2.695775000000000077e+01 9.964901839742428269e-01 7.300000000000000065e-03 1.627544506676279201e-01
-2.705270000000000152e+01 1.000000000000000000e+00 1.600000000000000033e-02 0.000000000000000000e+00
-2.700692800000000204e+01 9.983080431897740636e-01 8.500000000000000611e-03 1.178641814491873524e-01
-2.698215600000000691e+01 9.973923490076778142e-01 7.799999999999999642e-03 1.407349140200916671e-01
-2.704058799999999962e+01 9.995522812880044405e-01 9.400000000000000369e-03 5.594587803124463632e-02
-2.705270000000000152e+01 1.000000000000000000e+00 1.069999999999999944e-02 0.000000000000000000e+00
-2.705270000000000152e+01 1.000000000000000000e+00 1.030000000000000013e-02 0.000000000000000000e+00
-2.705270000000000152e+01 1.000000000000000000e+00 1.179999999999999973e-02 0.000000000000000000e+00
-2.702718199999999982e+01 9.990567300121613314e-01 9.100000000000000450e-03 8.867449997296071584e-02
-2.698448799999999892e+01 9.974785511242869607e-01 7.900000000000000772e-03 1.406948752988312068e-01
-2.705270000000000152e+01 1.000000000000000000e+00 1.039999999999999952e-02 0.000000000000000000e+00
-2.705270000000000152e+01 1.000000000000000000e+00 1.110000000000000049e-02 0.000000000000000000e+00
-2.705270000000000152e+01 1.000000000000000000e+00 1.179999999999999973e-02 0.000000000000000000e+00
-2.705270000000000152e+01 1.000000000000000000e+00 1.140000000000000041e-02 0.000000000000000000e+00
-2.705270000000000152e+01 1.000000000000000000e+00 1.170000000000000033e-02 0.000000000000000000e+00
-2.705270000000000152e+01 1.000000000000000000e+00 1.069999999999999944e-02 0.000000000000000000e+00
-2.705270000000000152e+01 1.000000000000000000e+00 1.009999999999999960e-02 0.000000000000000000e+00
-2.705270000000000152e+01 1.000000000000000000e+00 1.310000000000000053e-02 0.000000000000000000e+00
-2.701257400000000075e+01 9.985167469420797026e-01 8.699999999999999400e-03 1.108299695274462260e-01
-2.699551599999999496e+01 9.978861998987159643e-01 8.300000000000000086e-03 1.311357032646228438e-01
-2.704909400000000019e+01 9.998667046172839967e-01 9.700000000000000289e-03 2.060788228133147645e-02
-2.705270000000000152e+01 1.000000000000000000e+00 1.060000000000000005e-02 0.000000000000000000e+00
-2.705270000000000152e+01 1.000000000000000000e+00 1.170000000000000033e-02 0.000000000000000000e+00
-2.705149800000000226e+01 9.999555682057613692e-01 9.900000000000000813e-03 1.202000000000001678e-02
-2.705270000000000152e+01 1.000000000000000000e+00 1.020000000000000073e-02 0.000000000000000000e+00
-2.705270000000000152e+01 1.000000000000000000e+00 1.039999999999999952e-02 0.000000000000000000e+00
-2.705270000000000152e+01 1.000000000000000000e+00 1.179999999999999973e-02 0.000000000000000000e+00
-2.705270000000000152e+01 1.000000000000000000e+00 1.260000000000000009e-02 0.000000000000000000e+00
-2.705270000000000152e+01 1.000000000000000000e+00 2.220000000000000098e-02 0.000000000000000000e+00
-2.705270000000000152e+01 1.000000000000000000e+00 1.250000000000000069e-02 0.000000000000000000e+00
-2.705270000000000152e+01 1.000000000000000000e+00 1.290000000000000001e-02 0.000000000000000000e+00
-2.705270000000000152e+01 1.000000000000000000e+00 1.110000000000000049e-02 0.000000000000000000e+00
-2.705270000000000152e+01 1.000000000000000000e+00 1.250000000000000069e-02 0.000000000000000000e+00
-2.705270000000000152e+01 1.000000000000000000e+00 1.140000000000000041e-02 0.000000000000000000e+00
-2.705270000000000152e+01 1.000000000000000000e+00 1.209999999999999964e-02 0.000000000000000000e+00
-2.704178999999999888e+01 9.995967130822430713e-01 9.499999999999999764e-03 5.488126669769445576e-02
-2.705270000000000152e+01 1.000000000000000000e+00 1.110000000000000049e-02 0.000000000000000000e+00
-2.705270000000000152e+01 1.000000000000000000e+00 1.060000000000000005e-02 0.000000000000000000e+00
-2.705029599999999945e+01 9.999111364115226275e-01 9.799999999999999684e-03 1.691277635518211725e-02
-2.705270000000000152e+01 1.000000000000000000e+00 1.009999999999999960e-02 0.000000000000000000e+00
-2.705270000000000152e+01 1.000000000000000000e+00 1.060000000000000005e-02 0.000000000000000000e+00
-2.705270000000000152e+01 1.000000000000000000e+00 1.140000000000000041e-02 0.000000000000000000e+00
-2.705270000000000152e+01 1.000000000000000000e+00 1.099999999999999936e-02 0.000000000000000000e+00
-2.705270000000000152e+01 1.000000000000000000e+00 1.190000000000000085e-02 0.000000000000000000e+00
-2.705270000000000152e+01 1.000000000000000000e+00 1.170000000000000033e-02 0.000000000000000000e+00
-2.705270000000000152e+01 1.000000000000000000e+00 1.280000000000000061e-02 0.000000000000000000e+00
-2.704909400000000019e+01 9.998667046172839967e-01 9.700000000000000289e-03 2.060788228133147645e-02
-2.705270000000000152e+01 1.000000000000000000e+00 1.190000000000000085e-02 0.000000000000000000e+00
-2.705270000000000152e+01 1.000000000000000000e+00 1.129999999999999928e-02 0.000000000000000000e+00
-2.705270000000000152e+01 1.000000000000000000e+00 1.260000000000000009e-02 0.000000000000000000e+00
-2.705270000000000152e+01 1.000000000000000000e+00 1.209999999999999964e-02 0.000000000000000000e+00
-2.705270000000000152e+01 1.000000000000000000e+00 1.159999999999999920e-02 0.000000000000000000e+00
-2.705029599999999945e+01 9.999111364115226275e-01 9.799999999999999684e-03 1.691277635518211725e-02
-2.705270000000000152e+01 1.000000000000000000e+00 1.119999999999999989e-02 0.000000000000000000e+00
-2.700406800000000374e+01 9.982023236128002575e-01 8.399999999999999481e-03 1.198373265065712234e-01
-2.705270000000000152e+01 1.000000000000000000e+00 1.490000000000000005e-02 0.000000000000000000e+00
-2.705270000000000152e+01 1.000000000000000000e+00 1.140000000000000041e-02 0.000000000000000000e+00
-2.705270000000000152e+01 1.000000000000000000e+00 1.020000000000000073e-02 0.000000000000000000e+00
-2.705270000000000152e+01 1.000000000000000000e+00 1.119999999999999989e-02 0.000000000000000000e+00
-2.705270000000000152e+01 1.000000000000000000e+00 1.119999999999999989e-02 0.000000000000000000e+00
-2.705270000000000152e+01 1.000000000000000000e+00 1.299999999999999940e-02 0.000000000000000000e+00
-2.705270000000000152e+01 1.000000000000000000e+00 1.149999999999999981e-02 0.000000000000000000e+00
-2.705270000000000152e+01 1.000000000000000000e+00 1.159999999999999920e-02 0.000000000000000000e+00
-2.705270000000000152e+01 1.000000000000000000e+00 1.080000000000000057e-02 0.000000000000000000e+00
-2.705270000000000152e+01 1.000000000000000000e+00 1.260000000000000009e-02 0.000000000000000000e+00
-2.705270000000000152e+01 1.000000000000000000e+00 1.129999999999999928e-02 0.000000000000000000e+00
-2.705270000000000152e+01 1.000000000000000000e+00 1.239999999999999956e-02 0.000000000000000000e+00
-2.705270000000000152e+01 1.000000000000000000e+00 1.060000000000000005e-02 0.000000000000000000e+00
-2.705270000000000152e+01 1.000000000000000000e+00 1.129999999999999928e-02 0.000000000000000000e+00
-2.705270000000000152e+01 1.000000000000000000e+00 1.140000000000000041e-02 0.000000000000000000e+00
-2.705270000000000152e+01 1.000000000000000000e+00 1.129999999999999928e-02 0.000000000000000000e+00
-2.705270000000000152e+01 1.000000000000000000e+00 1.119999999999999989e-02 0.000000000000000000e+00
-2.705270000000000152e+01 1.000000000000000000e+00 1.039999999999999952e-02 0.000000000000000000e+00
-2.705270000000000152e+01 1.000000000000000000e+00 1.250000000000000069e-02 0.000000000000000000e+00
-2.701497800000000638e+01 9.986056105305571862e-01 8.899999999999999925e-03 1.103650284787315444e-01
-2.705270000000000152e+01 1.000000000000000000e+00 1.069999999999999944e-02 0.000000000000000000e+00
-2.705270000000000152e+01 1.000000000000000000e+00 1.020000000000000073e-02 0.000000000000000000e+00
-2.705270000000000152e+01 1.000000000000000000e+00 1.159999999999999920e-02 0.000000000000000000e+00
-2.705270000000000152e+01 1.000000000000000000e+00 1.030000000000000013e-02 0.000000000000000000e+00
-2.705270000000000152e+01 1.000000000000000000e+00 1.299999999999999940e-02 0.000000000000000000e+00
-2.704548799999999886e+01 9.997334092345679935e-01 9.400000000000000369e-03 2.868972744042835518e-02
-2.705270000000000152e+01 1.000000000000000000e+00 1.260000000000000009e-02 0.000000000000000000e+00
-2.705270000000000152e+01 1.000000000000000000e+00 1.389999999999999916e-02 0.000000000000000000e+00
-2.705270000000000152e+01 1.000000000000000000e+00 1.299999999999999940e-02 0.000000000000000000e+00
-2.705149800000000226e+01 9.999555682057613692e-01 9.900000000000000813e-03 1.202000000000001678e-02
-2.705270000000000152e+01 1.000000000000000000e+00 1.149999999999999981e-02 0.000000000000000000e+00
-2.705270000000000152e+01 1.000000000000000000e+00 1.220000000000000077e-02 0.000000000000000000e+00
-2.705270000000000152e+01 1.000000000000000000e+00 1.149999999999999981e-02 0.000000000000000000e+00
-2.703083399999999870e+01 9.991917257796817387e-01 9.199999999999999845e-03 8.179718231298371833e-02
-2.705270000000000152e+01 1.000000000000000000e+00 1.250000000000000069e-02 0.000000000000000000e+00
-2.705270000000000152e+01 1.000000000000000000e+00 1.149999999999999981e-02 0.000000000000000000e+00
-2.705270000000000152e+01 1.000000000000000000e+00 1.060000000000000005e-02 0.000000000000000000e+00
-2.705270000000000152e+01 1.000000000000000000e+00 1.290000000000000001e-02 0.000000000000000000e+00
-2.705270000000000152e+01 1.000000000000000000e+00 1.389999999999999916e-02 0.000000000000000000e+00
-2.705270000000000152e+01 1.000000000000000000e+00 1.260000000000000009e-02 0.000000000000000000e+00
-2.705270000000000152e+01 1.000000000000000000e+00 1.119999999999999989e-02 0.000000000000000000e+00
-2.705270000000000152e+01 1.000000000000000000e+00 1.179999999999999973e-02 0.000000000000000000e+00
-2.705270000000000152e+01 1.000000000000000000e+00 1.009999999999999960e-02 0.000000000000000000e+00
-2.705270000000000152e+01 1.000000000000000000e+00 1.280000000000000061e-02 0.000000000000000000e+00
-2.705270000000000152e+01 1.000000000000000000e+00 1.230000000000000017e-02 0.000000000000000000e+00
-2.705270000000000152e+01 1.000000000000000000e+00 1.149999999999999981e-02 0.000000000000000000e+00
-2.705270000000000152e+01 1.000000000000000000e+00 1.050000000000000065e-02 0.000000000000000000e+00
-2.705270000000000152e+01 1.000000000000000000e+00 1.179999999999999973e-02 0.000000000000000000e+00
-2.705270000000000152e+01 1.000000000000000000e+00 1.089999999999999997e-02 0.000000000000000000e+00
-2.705149800000000226e+01 9.999555682057613692e-01 9.900000000000000813e-03 1.202000000000001678e-02
-2.705270000000000152e+01 1.000000000000000000e+00 1.220000000000000077e-02 0.000000000000000000e+00
-2.705270000000000152e+01 1.000000000000000000e+00 1.119999999999999989e-02 0.000000000000000000e+00
-2.705270000000000152e+01 1.000000000000000000e+00 1.000000000000000021e-02 0.000000000000000000e+00
-2.705270000000000152e+01 1.000000000000000000e+00 1.200000000000000025e-02 0.000000000000000000e+00
-2.705270000000000152e+01 1.000000000000000000e+00 1.119999999999999989e-02 0.000000000000000000e+00
-2.705270000000000152e+01 1.000000000000000000e+00 1.179999999999999973e-02 0.000000000000000000e+00
-2.705270000000000152e+01 1.000000000000000000e+00 1.140000000000000041e-02 0.000000000000000000e+00
-2.705029599999999945e+01 9.999111364115226275e-01 9.799999999999999684e-03 1.691277635518211725e-02
-2.705270000000000152e+01 1.000000000000000000e+00 1.020000000000000073e-02 0.000000000000000000e+00
-2.705270000000000152e+01 1.000000000000000000e+00 1.170000000000000033e-02 0.000000000000000000e+00
-2.705270000000000152e+01 1.000000000000000000e+00 1.009999999999999960e-02 0.000000000000000000e+00
-2.705270000000000152e+01 1.000000000000000000e+00 1.209999999999999964e-02 0.000000000000000000e+00
-2.705270000000000152e+01 1.000000000000000000e+00 1.190000000000000085e-02 0.000000000000000000e+00
-2.705270000000000152e+01 1.000000000000000000e+00 1.089999999999999997e-02 0.000000000000000000e+00
-2.705270000000000152e+01 1.000000000000000000e+00 1.030000000000000013e-02 0.000000000000000000e+00
-2.705149800000000226e+01 9.999555682057613692e-01 9.900000000000000813e-03 1.202000000000001678e-02
-2.705270000000000152e+01 1.000000000000000000e+00 1.140000000000000041e-02 0.000000000000000000e+00
-2.705270000000000152e+01 1.000000000000000000e+00 1.039999999999999952e-02 0.000000000000000000e+00
-2.705270000000000152e+01 1.000000000000000000e+00 1.269999999999999948e-02 0.000000000000000000e+00
-2.705270000000000152e+01 1.000000000000000000e+00 1.269999999999999948e-02 0.000000000000000000e+00
-2.705270000000000152e+01 1.000000000000000000e+00 1.239999999999999956e-02 0.000000000000000000e+00
-2.705270000000000152e+01 1.000000000000000000e+00 1.069999999999999944e-02 0.000000000000000000e+00
-2.705270000000000152e+01 1.000000000000000000e+00 1.209999999999999964e-02 0.000000000000000000e+00
-2.705270000000000152e+01 1.000000000000000000e+00 1.020000000000000073e-02 0.000000000000000000e+00
-2.704909400000000019e+01 9.998667046172839967e-01 9.700000000000000289e-03 2.060788228133147645e-02
-2.705270000000000152e+01 1.000000000000000000e+00 1.119999999999999989e-02 0.000000000000000000e+00
-2.705270000000000152e+01 1.000000000000000000e+00 1.119999999999999989e-02 0.000000000000000000e+00
-2.705270000000000152e+01 1.000000000000000000e+00 1.060000000000000005e-02 0.000000000000000000e+00
-2.705270000000000152e+01 1.000000000000000000e+00 1.290000000000000001e-02 0.000000000000000000e+00
-2.705270000000000152e+01 1.000000000000000000e+00 1.110000000000000049e-02 0.000000000000000000e+00
-2.705270000000000152e+01 1.000000000000000000e+00 1.069999999999999944e-02 0.000000000000000000e+00
-2.705270000000000152e+01 1.000000000000000000e+00 1.230000000000000017e-02 0.000000000000000000e+00
-2.705270000000000152e+01 1.000000000000000000e+00 1.060000000000000005e-02 0.000000000000000000e+00
-2.705270000000000152e+01 1.000000000000000000e+00 1.110000000000000049e-02 0.000000000000000000e+00
-2.705270000000000152e+01 1.000000000000000000e+00 1.409999999999999969e-02 0.000000000000000000e+00
-2.705149800000000226e+01 9.999555682057613692e-01 9.900000000000000813e-03 1.202000000000001678e-02
-2.705270000000000152e+01 1.000000000000000000e+00 1.250000000000000069e-02 0.000000000000000000e+00
-2.705270000000000152e+01 1.000000000000000000e+00 1.149999999999999981e-02 0.000000000000000000e+00
-2.705270000000000152e+01 1.000000000000000000e+00 1.179999999999999973e-02 0.000000000000000000e+00
-2.705270000000000152e+01 1.000000000000000000e+00 1.149999999999999981e-02 0.000000000000000000e+00
-2.705270000000000152e+01 1.000000000000000000e+00 1.299999999999999940e-02 0.000000000000000000e+00
-2.705270000000000152e+01 1.000000000000000000e+00 1.170000000000000033e-02 0.000000000000000000e+00
-2.704789200000000093e+01 9.998222728230453660e-01 9.599999999999999159e-03 2.367295554514537922e-02
-2.705270000000000152e+01 1.000000000000000000e+00 1.069999999999999944e-02 0.000000000000000000e+00
-2.705270000000000152e+01 1.000000000000000000e+00 1.119999999999999989e-02 0.000000000000000000e+00
-2.705270000000000152e+01 1.000000000000000000e+00 1.089999999999999997e-02 0.000000000000000000e+00
-2.705270000000000152e+01 1.000000000000000000e+00 1.089999999999999997e-02 0.000000000000000000e+00
-2.705270000000000152e+01 1.000000000000000000e+00 1.179999999999999973e-02 0.000000000000000000e+00
-2.705270000000000152e+01 1.000000000000000000e+00 1.159999999999999920e-02 0.000000000000000000e+00
-2.705270000000000152e+01 1.000000000000000000e+00 1.310000000000000053e-02 0.000000000000000000e+00
-2.705270000000000152e+01 1.000000000000000000e+00 1.209999999999999964e-02 0.000000000000000000e+00
-2.705270000000000152e+01 1.000000000000000000e+00 1.170000000000000033e-02 0.000000000000000000e+00
-2.705270000000000152e+01 1.000000000000000000e+00 1.200000000000000025e-02 0.000000000000000000e+00
-2.705270000000000152e+01 1.000000000000000000e+00 1.159999999999999920e-02 0.000000000000000000e+00
-2.705270000000000152e+01 1.000000000000000000e+00 1.239999999999999956e-02 0.000000000000000000e+00
-2.705270000000000152e+01 1.000000000000000000e+00 1.200000000000000025e-02 0.000000000000000000e+00
-2.705270000000000152e+01 1.000000000000000000e+00 1.190000000000000085e-02 0.000000000000000000e+00
-2.705270000000000152e+01 1.000000000000000000e+00 1.200000000000000025e-02 0.000000000000000000e+00
-2.705270000000000152e+01 1.000000000000000000e+00 1.080000000000000057e-02 0.000000000000000000e+00
-2.705270000000000152e+01 1.000000000000000000e+00 1.089999999999999997e-02 0.000000000000000000e+00
-2.705270000000000152e+01 1.000000000000000000e+00 1.060000000000000005e-02 0.000000000000000000e+00
-2.705270000000000152e+01 1.000000000000000000e+00 1.179999999999999973e-02 0.000000000000000000e+00
-2.705270000000000152e+01 1.000000000000000000e+00 1.170000000000000033e-02 0.000000000000000000e+00
-2.705270000000000152e+01 1.000000000000000000e+00 1.159999999999999920e-02 0.000000000000000000e+00
-2.705270000000000152e+01 1.000000000000000000e+00 1.039999999999999952e-02 0.000000000000000000e+00
-2.703208200000000261e+01 9.992378579587249954e-01 9.100000000000000450e-03 7.542567199541304335e-02
-2.705270000000000152e+01 1.000000000000000000e+00 1.060000000000000005e-02 0.000000000000000000e+00
-2.705270000000000152e+01 1.000000000000000000e+00 1.190000000000000085e-02 0.000000000000000000e+00
-2.705270000000000152e+01 1.000000000000000000e+00 1.119999999999999989e-02 0.000000000000000000e+00
-2.705270000000000152e+01 1.000000000000000000e+00 1.050000000000000065e-02 0.000000000000000000e+00
-2.705270000000000152e+01 1.000000000000000000e+00 1.089999999999999997e-02 0.000000000000000000e+00
-2.705270000000000152e+01 1.000000000000000000e+00 1.200000000000000025e-02 0.000000000000000000e+00
-2.705270000000000152e+01 1.000000000000000000e+00 1.050000000000000065e-02 0.000000000000000000e+00
-2.705270000000000152e+01 1.000000000000000000e+00 1.060000000000000005e-02 0.000000000000000000e+00
-2.705270000000000152e+01 1.000000000000000000e+00 1.280000000000000061e-02 0.000000000000000000e+00
-2.705270000000000152e+01 1.000000000000000000e+00 1.179999999999999973e-02 0.000000000000000000e+00
-2.705270000000000152e+01 1.000000000000000000e+00 1.159999999999999920e-02 0.000000000000000000e+00
-2.705270000000000152e+01 1.000000000000000000e+00 1.280000000000000061e-02 0.000000000000000000e+00
-2.705270000000000152e+01 1.000000000000000000e+00 1.159999999999999920e-02 0.000000000000000000e+00
-2.705270000000000152e+01 1.000000000000000000e+00 1.050000000000000065e-02 0.000000000000000000e+00
-2.705270000000000152e+01 1.000000000000000000e+00 1.140000000000000041e-02 0.000000000000000000e+00
-2.705270000000000152e+01 1.000000000000000000e+00 1.020000000000000073e-02 0.000000000000000000e+00
-2.705270000000000152e+01 1.000000000000000000e+00 1.089999999999999997e-02 0.000000000000000000e+00
-2.705270000000000152e+01 1.000000000000000000e+00 1.129999999999999928e-02 0.000000000000000000e+00
-2.705270000000000152e+01 1.000000000000000000e+00 1.129999999999999928e-02 0.000000000000000000e+00
-2.705270000000000152e+01 1.000000000000000000e+00 1.179999999999999973e-02 0.000000000000000000e+00
-2.705270000000000152e+01 1.000000000000000000e+00 1.149999999999999981e-02 0.000000000000000000e+00
-2.704669000000000167e+01 9.997778410288067352e-01 9.499999999999999764e-03 2.632895820962248210e-02
-2.705270000000000152e+01 1.000000000000000000e+00 1.269999999999999948e-02 0.000000000000000000e+00
-2.705270000000000152e+01 1.000000000000000000e+00 1.200000000000000025e-02 0.000000000000000000e+00
-2.705270000000000152e+01 1.000000000000000000e+00 1.230000000000000017e-02 0.000000000000000000e+00
-2.705270000000000152e+01 1.000000000000000000e+00 1.000000000000000021e-02 0.000000000000000000e+00
-2.704548799999999886e+01 9.997334092345679935e-01 9.400000000000000369e-03 2.868972744042835518e-02
-2.705270000000000152e+01 1.000000000000000000e+00 1.050000000000000065e-02 0.000000000000000000e+00
-2.705270000000000152e+01 1.000000000000000000e+00 1.050000000000000065e-02 0.000000000000000000e+00
-2.705270000000000152e+01 1.000000000000000000e+00 1.060000000000000005e-02 0.000000000000000000e+00
-2.705270000000000152e+01 1.000000000000000000e+00 1.069999999999999944e-02 0.000000000000000000e+00
-2.705270000000000152e+01 1.000000000000000000e+00 1.140000000000000041e-02 0.000000000000000000e+00
-2.705270000000000152e+01 1.000000000000000000e+00 1.230000000000000017e-02 0.000000000000000000e+00
-2.705270000000000152e+01 1.000000000000000000e+00 1.260000000000000009e-02 0.000000000000000000e+00
-2.705270000000000152e+01 1.000000000000000000e+00 1.069999999999999944e-02 0.000000000000000000e+00
-2.705270000000000152e+01 1.000000000000000000e+00 1.149999999999999981e-02 0.000000000000000000e+00
-2.705270000000000152e+01 1.000000000000000000e+00 1.119999999999999989e-02 0.000000000000000000e+00
-2.705270000000000152e+01 1.000000000000000000e+00 1.140000000000000041e-02 0.000000000000000000e+00
-2.705270000000000152e+01 1.000000000000000000e+00 1.159999999999999920e-02 0.000000000000000000e+00
-2.705270000000000152e+01 1.000000000000000000e+00 1.020000000000000073e-02 0.000000000000000000e+00
-2.705270000000000152e+01 1.000000000000000000e+00 1.000000000000000021e-02 0.000000000000000000e+00
-2.705270000000000152e+01 1.000000000000000000e+00 1.149999999999999981e-02 0.000000000000000000e+00
-2.705270000000000152e+01 1.000000000000000000e+00 1.050000000000000065e-02 0.000000000000000000e+00
-2.704909400000000019e+01 9.998667046172839967e-01 9.700000000000000289e-03 2.060788228133147645e-02
-2.705270000000000152e+01 1.000000000000000000e+00 1.039999999999999952e-02 0.000000000000000000e+00
-2.705270000000000152e+01 1.000000000000000000e+00 1.209999999999999964e-02 0.000000000000000000e+00
-2.705270000000000152e+01 1.000000000000000000e+00 1.269999999999999948e-02 0.000000000000000000e+00
-2.705270000000000152e+01 1.000000000000000000e+00 1.050000000000000065e-02 0.000000000000000000e+00
-2.705270000000000152e+01 1.000000000000000000e+00 1.140000000000000041e-02 0.000000000000000000e+00
-2.705270000000000152e+01 1.000000000000000000e+00 1.099999999999999936e-02 0.000000000000000000e+00
-2.705270000000000152e+01 1.000000000000000000e+00 1.099999999999999936e-02 0.000000000000000000e+00
-2.705270000000000152e+01 1.000000000000000000e+00 1.280000000000000061e-02 0.000000000000000000e+00
-2.705270000000000152e+01 1.000000000000000000e+00 1.230000000000000017e-02 0.000000000000000000e+00
-2.705270000000000152e+01 1.000000000000000000e+00 1.140000000000000041e-02 0.000000000000000000e+00
-2.705270000000000152e+01 1.000000000000000000e+00 1.119999999999999989e-02 0.000000000000000000e+00
-2.705270000000000152e+01 1.000000000000000000e+00 1.170000000000000033e-02 0.000000000000000000e+00
-2.705270000000000152e+01 1.000000000000000000e+00 1.099999999999999936e-02 0.000000000000000000e+00
-2.704909400000000019e+01 9.998667046172839967e-01 9.700000000000000289e-03 2.060788228133147645e-02
-2.700229200000000063e+01 9.981366739733926741e-01 8.500000000000000611e-03 1.250689504217415982e-01
-2.705270000000000152e+01 1.000000000000000000e+00 1.050000000000000065e-02 0.000000000000000000e+00
-2.704904800000000265e+01 9.998650042324795928e-01 9.900000000000000813e-03 3.652000000000003854e-02
-2.705270000000000152e+01 1.000000000000000000e+00 1.260000000000000009e-02 0.000000000000000000e+00
-2.705270000000000152e+01 1.000000000000000000e+00 1.129999999999999928e-02 0.000000000000000000e+00
-2.705270000000000152e+01 1.000000000000000000e+00 1.200000000000000025e-02 0.000000000000000000e+00
-2.705270000000000152e+01 1.000000000000000000e+00 1.140000000000000041e-02 0.000000000000000000e+00
-2.705270000000000152e+01 1.000000000000000000e+00 1.290000000000000001e-02 0.000000000000000000e+00
-2.705270000000000152e+01 1.000000000000000000e+00 1.099999999999999936e-02 0.000000000000000000e+00
-2.705270000000000152e+01 1.000000000000000000e+00 1.370000000000000037e-02 0.000000000000000000e+00
-2.704669000000000167e+01 9.997778410288067352e-01 9.499999999999999764e-03 2.632895820962247169e-02
-2.705270000000000152e+01 1.000000000000000000e+00 1.110000000000000049e-02 0.000000000000000000e+00
-2.705270000000000152e+01 1.000000000000000000e+00 1.220000000000000077e-02 0.000000000000000000e+00
-2.705270000000000152e+01 1.000000000000000000e+00 1.000000000000000021e-02 0.000000000000000000e+00
-2.705270000000000152e+01 1.000000000000000000e+00 1.239999999999999956e-02 0.000000000000000000e+00
-2.705149800000000226e+01 9.999555682057613692e-01 9.900000000000000813e-03 1.202000000000001678e-02
-2.705270000000000152e+01 1.000000000000000000e+00 1.299999999999999940e-02 0.000000000000000000e+00
-2.705270000000000152e+01 1.000000000000000000e+00 1.230000000000000017e-02 0.000000000000000000e+00
-2.705270000000000152e+01 1.000000000000000000e+00 1.230000000000000017e-02 0.000000000000000000e+00
-2.705270000000000152e+01 1.000000000000000000e+00 1.260000000000000009e-02 0.000000000000000000e+00
-2.705270000000000152e+01 1.000000000000000000e+00 1.209999999999999964e-02 0.000000000000000000e+00
-2.702232800000000523e+01 9.988773024504025155e-01 8.899999999999999925e-03 9.530088458152047304e-02
-2.705270000000000152e+01 1.000000000000000000e+00 1.089999999999999997e-02 0.000000000000000000e+00
-2.705270000000000152e+01 1.000000000000000000e+00 1.190000000000000085e-02 0.000000000000000000e+00
-2.705270000000000152e+01 1.000000000000000000e+00 1.119999999999999989e-02 0.000000000000000000e+00
-2.705270000000000152e+01 1.000000000000000000e+00 1.110000000000000049e-02 0.000000000000000000e+00
-2.705270000000000152e+01 1.000000000000000000e+00 1.230000000000000017e-02 0.000000000000000000e+00
-2.705149800000000226e+01 9.999555682057613692e-01 9.900000000000000813e-03 1.202000000000001678e-02
-2.705270000000000152e+01 1.000000000000000000e+00 1.080000000000000057e-02 0.000000000000000000e+00
-2.703333000000000652e+01 9.992839901377683631e-01 8.999999999999999320e-03 6.844076624971805189e-02
-2.705270000000000152e+01 1.000000000000000000e+00 1.119999999999999989e-02 0.000000000000000000e+00
-2.705270000000000152e+01 1.000000000000000000e+00 1.220000000000000077e-02 0.000000000000000000e+00
-2.705270000000000152e+01 1.000000000000000000e+00 1.119999999999999989e-02 0.000000000000000000e+00
-2.705270000000000152e+01 1.000000000000000000e+00 1.020000000000000073e-02 0.000000000000000000e+00
-2.705270000000000152e+01 1.000000000000000000e+00 1.050000000000000065e-02 0.000000000000000000e+00
-2.705270000000000152e+01 1.000000000000000000e+00 1.030000000000000013e-02 0.000000000000000000e+00
-2.703693600000000075e+01 9.994172855204840333e-01 9.299999999999999239e-03 6.613843076640449348e-02
-2.705270000000000152e+01 1.000000000000000000e+00 1.140000000000000041e-02 0.000000000000000000e+00
-2.705270000000000152e+01 1.000000000000000000e+00 1.009999999999999960e-02 0.000000000000000000e+00
-2.705270000000000152e+01 1.000000000000000000e+00 1.129999999999999928e-02 0.000000000000000000e+00
-2.704909400000000019e+01 9.998667046172839967e-01 9.700000000000000289e-03 2.060788228133147645e-02
-2.705270000000000152e+01 1.000000000000000000e+00 1.220000000000000077e-02 0.000000000000000000e+00
-2.705270000000000152e+01 1.000000000000000000e+00 1.179999999999999973e-02 0.000000000000000000e+00
-2.705270000000000152e+01 1.000000000000000000e+00 1.020000000000000073e-02 0.000000000000000000e+00
-2.699676400000000598e+01 9.979323320777595541e-01 8.200000000000000691e-03 1.276082669814943560e-01
-2.705270000000000152e+01 1.000000000000000000e+00 1.110000000000000049e-02 0.000000000000000000e+00
-2.705270000000000152e+01 1.000000000000000000e+00 1.200000000000000025e-02 0.000000000000000000e+00
-2.705270000000000152e+01 1.000000000000000000e+00 1.239999999999999956e-02 0.000000000000000000e+00
-2.705270000000000152e+01 1.000000000000000000e+00 1.220000000000000077e-02 0.000000000000000000e+00
-2.703938599999999681e+01 9.995078494937656988e-01 9.299999999999999239e-03 5.696499194304113084e-02
-2.705270000000000152e+01 1.000000000000000000e+00 1.099999999999999936e-02 0.000000000000000000e+00
-2.705270000000000152e+01 1.000000000000000000e+00 1.129999999999999928e-02 0.000000000000000000e+00
-2.705270000000000152e+01 1.000000000000000000e+00 1.039999999999999952e-02 0.000000000000000000e+00
-2.705270000000000152e+01 1.000000000000000000e+00 1.159999999999999920e-02 0.000000000000000000e+00
-2.705270000000000152e+01 1.000000000000000000e+00 1.190000000000000085e-02 0.000000000000000000e+00
-2.705270000000000152e+01 1.000000000000000000e+00 1.069999999999999944e-02 0.000000000000000000e+00
-2.705270000000000152e+01 1.000000000000000000e+00 1.069999999999999944e-02 0.000000000000000000e+00
-2.705270000000000152e+01 1.000000000000000000e+00 1.060000000000000005e-02 0.000000000000000000e+00
-2.705270000000000152e+01 1.000000000000000000e+00 1.000000000000000021e-02 0.000000000000000000e+00
-2.705270000000000152e+01 1.000000000000000000e+00 1.030000000000000013e-02 0.000000000000000000e+00
-2.705270000000000152e+01 1.000000000000000000e+00 1.069999999999999944e-02 0.000000000000000000e+00
-2.704548799999999886e+01 9.997334092345679935e-01 9.400000000000000369e-03 2.868972744042835518e-02
-2.705270000000000152e+01 1.000000000000000000e+00 1.190000000000000085e-02 0.000000000000000000e+00
-2.705270000000000152e+01 1.000000000000000000e+00 1.230000000000000017e-02 0.000000000000000000e+00
-2.705270000000000152e+01 1.000000000000000000e+00 1.069999999999999944e-02 0.000000000000000000e+00
-2.705270000000000152e+01 1.000000000000000000e+00 1.119999999999999989e-02 0.000000000000000000e+00
-2.705270000000000152e+01 1.000000000000000000e+00 1.140000000000000041e-02 0.000000000000000000e+00
-2.705270000000000152e+01 1.000000000000000000e+00 1.260000000000000009e-02 0.000000000000000000e+00
-2.705270000000000152e+01 1.000000000000000000e+00 1.020000000000000073e-02 0.000000000000000000e+00
-2.705270000000000152e+01 1.000000000000000000e+00 1.200000000000000025e-02 0.000000000000000000e+00
-2.705270000000000152e+01 1.000000000000000000e+00 1.110000000000000049e-02 0.000000000000000000e+00
-2.705270000000000152e+01 1.000000000000000000e+00 1.009999999999999960e-02 0.000000000000000000e+00
-2.705149800000000226e+01 9.999555682057613692e-01 9.900000000000000813e-03 1.202000000000001678e-02
-2.705270000000000152e+01 1.000000000000000000e+00 1.119999999999999989e-02 0.000000000000000000e+00
-2.705270000000000152e+01 1.000000000000000000e+00 1.170000000000000033e-02 0.000000000000000000e+00
-2.705270000000000152e+01 1.000000000000000000e+00 1.170000000000000033e-02 0.000000000000000000e+00
-2.705270000000000152e+01 1.000000000000000000e+00 1.129999999999999928e-02 0.000000000000000000e+00
-2.705270000000000152e+01 1.000000000000000000e+00 1.110000000000000049e-02 0.000000000000000000e+00
-2.705270000000000152e+01 1.000000000000000000e+00 1.149999999999999981e-02 0.000000000000000000e+00
-2.705270000000000152e+01 1.000000000000000000e+00 1.149999999999999981e-02 0.000000000000000000e+00
-2.705270000000000152e+01 1.000000000000000000e+00 1.220000000000000077e-02 0.000000000000000000e+00
-2.705270000000000152e+01 1.000000000000000000e+00 1.129999999999999928e-02 0.000000000000000000e+00
-2.705270000000000152e+01 1.000000000000000000e+00 1.020000000000000073e-02 0.000000000000000000e+00
-2.705270000000000152e+01 1.000000000000000000e+00 1.269999999999999948e-02 0.000000000000000000e+00
-2.705270000000000152e+01 1.000000000000000000e+00 1.069999999999999944e-02 0.000000000000000000e+00
-2.705270000000000152e+01 1.000000000000000000e+00 1.209999999999999964e-02 0.000000000000000000e+00
-2.705149800000000226e+01 9.999555682057613692e-01 9.900000000000000813e-03 1.202000000000001678e-02
-2.705270000000000152e+01 1.000000000000000000e+00 1.110000000000000049e-02 0.000000000000000000e+00
-2.705149800000000226e+01 9.999555682057613692e-01 9.900000000000000813e-03 1.202000000000001678e-02
-2.705270000000000152e+01 1.000000000000000000e+00 1.069999999999999944e-02 0.000000000000000000e+00
-2.705270000000000152e+01 1.000000000000000000e+00 1.039999999999999952e-02 0.000000000000000000e+00
-2.705270000000000152e+01 1.000000000000000000e+00 1.200000000000000025e-02 0.000000000000000000e+00
-2.704909400000000019e+01 9.998667046172839967e-01 9.700000000000000289e-03 2.060788228133147645e-02
-2.705270000000000152e+01 1.000000000000000000e+00 1.089999999999999997e-02 0.000000000000000000e+00
-2.705270000000000152e+01 1.000000000000000000e+00 1.159999999999999920e-02 0.000000000000000000e+00
-2.705270000000000152e+01 1.000000000000000000e+00 1.269999999999999948e-02 0.000000000000000000e+00
-2.705270000000000152e+01 1.000000000000000000e+00 1.089999999999999997e-02 0.000000000000000000e+00
-2.705270000000000152e+01 1.000000000000000000e+00 1.080000000000000057e-02 0.000000000000000000e+00
-2.705270000000000152e+01 1.000000000000000000e+00 1.220000000000000077e-02 0.000000000000000000e+00
-2.705270000000000152e+01 1.000000000000000000e+00 1.039999999999999952e-02 0.000000000000000000e+00
-2.705270000000000152e+01 1.000000000000000000e+00 1.110000000000000049e-02 0.000000000000000000e+00
-2.705029599999999945e+01 9.999111364115226275e-01 9.799999999999999684e-03 1.691277635518211725e-02
-2.705270000000000152e+01 1.000000000000000000e+00 1.220000000000000077e-02 0.000000000000000000e+00
-2.705270000000000152e+01 1.000000000000000000e+00 1.080000000000000057e-02 0.000000000000000000e+00
-2.705270000000000152e+01 1.000000000000000000e+00 1.269999999999999948e-02 0.000000000000000000e+00
-2.704419399999999740e+01 9.996855766707203328e-01 9.700000000000000289e-03 5.260438553749875040e-02
-2.705270000000000152e+01 1.000000000000000000e+00 1.149999999999999981e-02 0.000000000000000000e+00
-2.704789200000000093e+01 9.998222728230453660e-01 9.599999999999999159e-03 2.367295554514540351e-02
-2.705270000000000152e+01 1.000000000000000000e+00 1.170000000000000033e-02 0.000000000000000000e+00
-2.705270000000000152e+01 1.000000000000000000e+00 1.179999999999999973e-02 0.000000000000000000e+00
-2.705270000000000152e+01 1.000000000000000000e+00 1.170000000000000033e-02 0.000000000000000000e+00
-2.705270000000000152e+01 1.000000000000000000e+00 1.280000000000000061e-02 0.000000000000000000e+00
-2.705270000000000152e+01 1.000000000000000000e+00 1.310000000000000053e-02 0.000000000000000000e+00
-2.705270000000000152e+01 1.000000000000000000e+00 1.269999999999999948e-02 0.000000000000000000e+00
-2.705270000000000152e+01 1.000000000000000000e+00 1.119999999999999989e-02 0.000000000000000000e+00
-2.705270000000000152e+01 1.000000000000000000e+00 1.050000000000000065e-02 0.000000000000000000e+00
-2.705270000000000152e+01 1.000000000000000000e+00 1.170000000000000033e-02 0.000000000000000000e+00
-2.704909400000000019e+01 9.998667046172839967e-01 9.700000000000000289e-03 2.060788228133147645e-02
-2.705270000000000152e+01 1.000000000000000000e+00 1.089999999999999997e-02 0.000000000000000000e+00
-2.705270000000000152e+01 1.000000000000000000e+00 1.230000000000000017e-02 0.000000000000000000e+00
-2.705270000000000152e+01 1.000000000000000000e+00 1.179999999999999973e-02 0.000000000000000000e+00
-2.705270000000000152e+01 1.000000000000000000e+00 1.179999999999999973e-02 0.000000000000000000e+00
-2.705270000000000152e+01 1.000000000000000000e+00 1.409999999999999969e-02 0.000000000000000000e+00
-2.705270000000000152e+01 1.000000000000000000e+00 1.099999999999999936e-02 0.000000000000000000e+00
-2.705270000000000152e+01 1.000000000000000000e+00 1.080000000000000057e-02 0.000000000000000000e+00
-2.705270000000000152e+01 1.000000000000000000e+00 1.069999999999999944e-02 0.000000000000000000e+00
-2.705270000000000152e+01 1.000000000000000000e+00 1.460000000000000013e-02 0.000000000000000000e+00
-2.705270000000000152e+01 1.000000000000000000e+00 1.159999999999999920e-02 0.000000000000000000e+00
-2.705270000000000152e+01 1.000000000000000000e+00 1.000000000000000021e-02 0.000000000000000000e+00
-2.705270000000000152e+01 1.000000000000000000e+00 1.230000000000000017e-02 0.000000000000000000e+00
-2.705270000000000152e+01 1.000000000000000000e+00 1.000000000000000021e-02 0.000000000000000000e+00
-2.702237400000000278e+01 9.988790028352069195e-01 8.699999999999999400e-03 9.041966647167290483e-02
-2.705270000000000152e+01 1.000000000000000000e+00 1.110000000000000049e-02 0.000000000000000000e+00
-2.704909400000000019e+01 9.998667046172839967e-01 9.700000000000000289e-03 2.060788228133147645e-02
-2.705270000000000152e+01 1.000000000000000000e+00 1.099999999999999936e-02 0.000000000000000000e+00
-2.705270000000000152e+01 1.000000000000000000e+00 1.069999999999999944e-02 0.000000000000000000e+00
-2.705270000000000152e+01 1.000000000000000000e+00 1.089999999999999997e-02 0.000000000000000000e+00
-2.705270000000000152e+01 1.000000000000000000e+00 1.149999999999999981e-02 0.000000000000000000e+00
-2.705270000000000152e+01 1.000000000000000000e+00 1.060000000000000005e-02 0.000000000000000000e+00
-2.705270000000000152e+01 1.000000000000000000e+00 1.060000000000000005e-02 0.000000000000000000e+00
-2.705270000000000152e+01 1.000000000000000000e+00 1.089999999999999997e-02 0.000000000000000000e+00
-2.705270000000000152e+01 1.000000000000000000e+00 1.099999999999999936e-02 0.000000000000000000e+00
-2.705270000000000152e+01 1.000000000000000000e+00 1.060000000000000005e-02 0.000000000000000000e+00
-2.704909400000000019e+01 9.998667046172839967e-01 9.700000000000000289e-03 2.060788228133147645e-02
-2.705270000000000152e+01 1.000000000000000000e+00 1.170000000000000033e-02 0.000000000000000000e+00
-2.705270000000000152e+01 1.000000000000000000e+00 1.009999999999999960e-02 0.000000000000000000e+00
-2.705270000000000152e+01 1.000000000000000000e+00 1.140000000000000041e-02 0.000000000000000000e+00
-2.705270000000000152e+01 1.000000000000000000e+00 1.220000000000000077e-02 0.000000000000000000e+00
-2.705270000000000152e+01 1.000000000000000000e+00 1.069999999999999944e-02 0.000000000000000000e+00
-2.705270000000000152e+01 1.000000000000000000e+00 1.009999999999999960e-02 0.000000000000000000e+00
-2.705270000000000152e+01 1.000000000000000000e+00 1.129999999999999928e-02 0.000000000000000000e+00
-2.705270000000000152e+01 1.000000000000000000e+00 1.179999999999999973e-02 0.000000000000000000e+00
-2.705270000000000152e+01 1.000000000000000000e+00 1.089999999999999997e-02 0.000000000000000000e+00
-2.705270000000000152e+01 1.000000000000000000e+00 1.269999999999999948e-02 0.000000000000000000e+00
-2.705270000000000152e+01 1.000000000000000000e+00 1.239999999999999956e-02 0.000000000000000000e+00
-2.704909400000000019e+01 9.998667046172839967e-01 9.700000000000000289e-03 2.060788228133147645e-02
-2.705270000000000152e+01 1.000000000000000000e+00 1.149999999999999981e-02 0.000000000000000000e+00
-2.705270000000000152e+01 1.000000000000000000e+00 1.110000000000000049e-02 0.000000000000000000e+00
-2.705270000000000152e+01 1.000000000000000000e+00 1.080000000000000057e-02 0.000000000000000000e+00
-2.704909400000000019e+01 9.998667046172839967e-01 9.700000000000000289e-03 2.060788228133147645e-02
-2.702718199999999982e+01 9.990567300121613314e-01 9.100000000000000450e-03 8.867449997296071584e-02
-2.705270000000000152e+01 1.000000000000000000e+00 1.129999999999999928e-02 0.000000000000000000e+00
-2.705270000000000152e+01 1.000000000000000000e+00 1.170000000000000033e-02 0.000000000000000000e+00
-2.702963199999999588e+01 9.991472939854429969e-01 9.100000000000000450e-03 8.235388638079119139e-02
-2.705270000000000152e+01 1.000000000000000000e+00 1.039999999999999952e-02 0.000000000000000000e+00
-2.705029599999999945e+01 9.999111364115226275e-01 9.799999999999999684e-03 1.691277635518211725e-02
-2.705270000000000152e+01 1.000000000000000000e+00 1.149999999999999981e-02 0.000000000000000000e+00
-2.705270000000000152e+01 1.000000000000000000e+00 1.039999999999999952e-02 0.000000000000000000e+00
-2.704669000000000167e+01 9.997778410288067352e-01 9.499999999999999764e-03 2.632895820962248210e-02
-2.704178999999999888e+01 9.995967130822430713e-01 9.499999999999999764e-03 5.488126669769445576e-02
-2.705270000000000152e+01 1.000000000000000000e+00 1.110000000000000049e-02 0.000000000000000000e+00
-2.705270000000000152e+01 1.000000000000000000e+00 1.179999999999999973e-02 0.000000000000000000e+00
-2.705270000000000152e+01 1.000000000000000000e+00 1.000000000000000021e-02 0.000000000000000000e+00
-2.705270000000000152e+01 1.000000000000000000e+00 1.069999999999999944e-02 0.000000000000000000e+00
-2.705270000000000152e+01 1.000000000000000000e+00 1.099999999999999936e-02 0.000000000000000000e+00
-2.705270000000000152e+01 1.000000000000000000e+00 1.170000000000000033e-02 0.000000000000000000e+00
-2.705149800000000226e+01 9.999555682057613692e-01 9.900000000000000813e-03 1.202000000000001678e-02
-2.705270000000000152e+01 1.000000000000000000e+00 1.050000000000000065e-02 0.000000000000000000e+00
-2.705270000000000152e+01 1.000000000000000000e+00 1.140000000000000041e-02 0.000000000000000000e+00
-2.704909400000000019e+01 9.998667046172839967e-01 9.700000000000000289e-03 2.060788228133147645e-02
-2.705270000000000152e+01 1.000000000000000000e+00 1.159999999999999920e-02 0.000000000000000000e+00
-2.705270000000000152e+01 1.000000000000000000e+00 1.280000000000000061e-02 0.000000000000000000e+00
-2.705270000000000152e+01 1.000000000000000000e+00 1.170000000000000033e-02 0.000000000000000000e+00
-2.705270000000000152e+01 1.000000000000000000e+00 1.200000000000000025e-02 0.000000000000000000e+00
-2.705270000000000152e+01 1.000000000000000000e+00 1.119999999999999989e-02 0.000000000000000000e+00
-2.705270000000000152e+01 1.000000000000000000e+00 1.129999999999999928e-02 0.000000000000000000e+00
-2.705270000000000152e+01 1.000000000000000000e+00 1.230000000000000017e-02 0.000000000000000000e+00
-2.705270000000000152e+01 1.000000000000000000e+00 1.230000000000000017e-02 0.000000000000000000e+00
-2.705270000000000152e+01 1.000000000000000000e+00 1.170000000000000033e-02 0.000000000000000000e+00
-2.705270000000000152e+01 1.000000000000000000e+00 1.069999999999999944e-02 0.000000000000000000e+00
-2.705149800000000226e+01 9.999555682057613692e-01 9.900000000000000813e-03 1.202000000000001678e-02
-2.705270000000000152e+01 1.000000000000000000e+00 1.349999999999999985e-02 0.000000000000000000e+00
-2.702348400000000339e+01 9.989200338598366313e-01 9.199999999999999845e-03 9.957540437053541416e-02
-2.705270000000000152e+01 1.000000000000000000e+00 1.290000000000000001e-02 0.000000000000000000e+00
-2.705270000000000152e+01 1.000000000000000000e+00 1.129999999999999928e-02 0.000000000000000000e+00
-2.705270000000000152e+01 1.000000000000000000e+00 1.099999999999999936e-02 0.000000000000000000e+00
-2.705270000000000152e+01 1.000000000000000000e+00 1.179999999999999973e-02 0.000000000000000000e+00
-2.705270000000000152e+01 1.000000000000000000e+00 1.129999999999999928e-02 0.000000000000000000e+00
-2.705270000000000152e+01 1.000000000000000000e+00 1.039999999999999952e-02 0.000000000000000000e+00
-2.705270000000000152e+01 1.000000000000000000e+00 1.119999999999999989e-02 0.000000000000000000e+00
-2.705270000000000152e+01 1.000000000000000000e+00 1.140000000000000041e-02 0.000000000000000000e+00
-2.705270000000000152e+01 1.000000000000000000e+00 1.119999999999999989e-02 0.000000000000000000e+00
-2.705270000000000152e+01 1.000000000000000000e+00 1.179999999999999973e-02 0.000000000000000000e+00
-2.705270000000000152e+01 1.000000000000000000e+00 1.149999999999999981e-02 0.000000000000000000e+00
-2.705029599999999945e+01 9.999111364115226275e-01 9.799999999999999684e-03 1.691277635518211725e-02
-2.704178999999999888e+01 9.995967130822430713e-01 9.499999999999999764e-03 5.488126669769445576e-02
-2.705270000000000152e+01 1.000000000000000000e+00 1.050000000000000065e-02 0.000000000000000000e+00
-2.705270000000000152e+01 1.000000000000000000e+00 1.239999999999999956e-02 0.000000000000000000e+00
-2.705270000000000152e+01 1.000000000000000000e+00 1.030000000000000013e-02 0.000000000000000000e+00
-2.704909400000000019e+01 9.998667046172839967e-01 9.700000000000000289e-03 2.060788228133147645e-02
-2.705270000000000152e+01 1.000000000000000000e+00 1.089999999999999997e-02 0.000000000000000000e+00
-2.705270000000000152e+01 1.000000000000000000e+00 1.159999999999999920e-02 0.000000000000000000e+00
-2.705270000000000152e+01 1.000000000000000000e+00 1.080000000000000057e-02 0.000000000000000000e+00
-2.705270000000000152e+01 1.000000000000000000e+00 1.370000000000000037e-02 0.000000000000000000e+00
-2.705270000000000152e+01 1.000000000000000000e+00 1.000000000000000021e-02 0.000000000000000000e+00
-2.705270000000000152e+01 1.000000000000000000e+00 1.080000000000000057e-02 0.000000000000000000e+00
-2.705270000000000152e+01 1.000000000000000000e+00 1.140000000000000041e-02 0.000000000000000000e+00
-2.705270000000000152e+01 1.000000000000000000e+00 1.009999999999999960e-02 0.000000000000000000e+00
-2.705270000000000152e+01 1.000000000000000000e+00 1.030000000000000013e-02 0.000000000000000000e+00
-2.705270000000000152e+01 1.000000000000000000e+00 1.170000000000000033e-02 0.000000000000000000e+00
-2.705270000000000152e+01 1.000000000000000000e+00 1.239999999999999956e-02 0.000000000000000000e+00
-2.705270000000000152e+01 1.000000000000000000e+00 1.069999999999999944e-02 0.000000000000000000e+00
-2.705270000000000152e+01 1.000000000000000000e+00 1.220000000000000077e-02 0.000000000000000000e+00
-2.704909400000000019e+01 9.998667046172839967e-01 9.700000000000000289e-03 2.060788228133147645e-02
-2.705270000000000152e+01 1.000000000000000000e+00 1.099999999999999936e-02 0.000000000000000000e+00
-2.705270000000000152e+01 1.000000000000000000e+00 1.089999999999999997e-02 0.000000000000000000e+00
-2.705270000000000152e+01 1.000000000000000000e+00 1.269999999999999948e-02 0.000000000000000000e+00
-2.705270000000000152e+01 1.000000000000000000e+00 1.009999999999999960e-02 0.000000000000000000e+00
-2.705270000000000152e+01 1.000000000000000000e+00 1.149999999999999981e-02 0.000000000000000000e+00
-2.705270000000000152e+01 1.000000000000000000e+00 1.349999999999999985e-02 0.000000000000000000e+00
-2.705270000000000152e+01 1.000000000000000000e+00 1.159999999999999920e-02 0.000000000000000000e+00
-2.705270000000000152e+01 1.000000000000000000e+00 1.050000000000000065e-02 0.000000000000000000e+00
-2.705149800000000226e+01 9.999555682057613692e-01 9.900000000000000813e-03 1.202000000000001678e-02
-2.704299199999999814e+01 9.996411448764817020e-01 9.599999999999999159e-03 5.376845547382252954e-02
-2.705270000000000152e+01 1.000000000000000000e+00 1.140000000000000041e-02 0.000000000000000000e+00
-2.704664400000000413e+01 9.997761406440023313e-01 9.700000000000000289e-03 4.002519489349967013e-02
-2.701747400000000354e+01 9.986978748886433666e-01 8.699999999999999400e-03 1.012608099928305333e-01
-2.705270000000000152e+01 1.000000000000000000e+00 1.260000000000000009e-02 0.000000000000000000e+00
-2.705270000000000152e+01 1.000000000000000000e+00 1.200000000000000025e-02 0.000000000000000000e+00
-2.705270000000000152e+01 1.000000000000000000e+00 1.060000000000000005e-02 0.000000000000000000e+00
-2.705270000000000152e+01 1.000000000000000000e+00 1.080000000000000057e-02 0.000000000000000000e+00
-2.705270000000000152e+01 1.000000000000000000e+00 1.230000000000000017e-02 0.000000000000000000e+00
-2.705270000000000152e+01 1.000000000000000000e+00 1.239999999999999956e-02 0.000000000000000000e+00
-2.701992400000000671e+01 9.987884388619252540e-01 8.699999999999999400e-03 9.602498109314827612e-02
-2.705270000000000152e+01 1.000000000000000000e+00 1.060000000000000005e-02 0.000000000000000000e+00
-2.704789200000000093e+01 9.998222728230453660e-01 9.599999999999999159e-03 2.367295554514540351e-02
-2.705270000000000152e+01 1.000000000000000000e+00 1.149999999999999981e-02 0.000000000000000000e+00
-2.705270000000000152e+01 1.000000000000000000e+00 1.099999999999999936e-02 0.000000000000000000e+00
-2.705270000000000152e+01 1.000000000000000000e+00 1.020000000000000073e-02 0.000000000000000000e+00
-2.705270000000000152e+01 1.000000000000000000e+00 1.230000000000000017e-02 0.000000000000000000e+00
-2.705270000000000152e+01 1.000000000000000000e+00 1.050000000000000065e-02 0.000000000000000000e+00
-2.705270000000000152e+01 1.000000000000000000e+00 1.000000000000000021e-02 0.000000000000000000e+00
-2.705270000000000152e+01 1.000000000000000000e+00 1.039999999999999952e-02 0.000000000000000000e+00
-2.705270000000000152e+01 1.000000000000000000e+00 1.250000000000000069e-02 0.000000000000000000e+00
-2.705029599999999945e+01 9.999111364115226275e-01 9.799999999999999684e-03 1.691277635518211725e-02
-2.705270000000000152e+01 1.000000000000000000e+00 1.039999999999999952e-02 0.000000000000000000e+00
-2.705270000000000152e+01 1.000000000000000000e+00 1.239999999999999956e-02 0.000000000000000000e+00
-2.705270000000000152e+01 1.000000000000000000e+00 1.179999999999999973e-02 0.000000000000000000e+00
-2.705270000000000152e+01 1.000000000000000000e+00 1.119999999999999989e-02 0.000000000000000000e+00
-2.705270000000000152e+01 1.000000000000000000e+00 1.159999999999999920e-02 0.000000000000000000e+00
-2.705270000000000152e+01 1.000000000000000000e+00 1.250000000000000069e-02 0.000000000000000000e+00
-2.702718199999999982e+01 9.990567300121613314e-01 9.100000000000000450e-03 8.867449997296071584e-02
-2.705270000000000152e+01 1.000000000000000000e+00 1.179999999999999973e-02 0.000000000000000000e+00
-2.705270000000000152e+01 1.000000000000000000e+00 1.149999999999999981e-02 0.000000000000000000e+00
-2.705270000000000152e+01 1.000000000000000000e+00 1.119999999999999989e-02 0.000000000000000000e+00
-2.705270000000000152e+01 1.000000000000000000e+00 1.159999999999999920e-02 0.000000000000000000e+00
-2.705270000000000152e+01 1.000000000000000000e+00 1.050000000000000065e-02 0.000000000000000000e+00
-2.704308400000000034e+01 9.996445456460907319e-01 9.199999999999999845e-03 3.277372290618389694e-02
-2.705270000000000152e+01 1.000000000000000000e+00 1.020000000000000073e-02 0.000000000000000000e+00
-2.705270000000000152e+01 1.000000000000000000e+00 1.060000000000000005e-02 0.000000000000000000e+00
-2.705270000000000152e+01 1.000000000000000000e+00 1.080000000000000057e-02 0.000000000000000000e+00
-2.705270000000000152e+01 1.000000000000000000e+00 1.060000000000000005e-02 0.000000000000000000e+00
-2.705270000000000152e+01 1.000000000000000000e+00 1.069999999999999944e-02 0.000000000000000000e+00
-2.705270000000000152e+01 1.000000000000000000e+00 1.400000000000000029e-02 0.000000000000000000e+00
-2.705270000000000152e+01 1.000000000000000000e+00 1.129999999999999928e-02 0.000000000000000000e+00
-2.705270000000000152e+01 1.000000000000000000e+00 1.159999999999999920e-02 0.000000000000000000e+00
-2.705270000000000152e+01 1.000000000000000000e+00 1.020000000000000073e-02 0.000000000000000000e+00
-2.704424000000000206e+01 9.996872770555249588e-01 9.499999999999999764e-03 4.311202696101053278e-02
-2.701863000000000525e+01 9.987406062980775934e-01 8.999999999999999320e-03 1.053474726796998773e-01
-2.704548799999999886e+01 9.997334092345679935e-01 9.400000000000000369e-03 2.868972744042835518e-02
-2.705270000000000152e+01 1.000000000000000000e+00 1.239999999999999956e-02 0.000000000000000000e+00
-2.705270000000000152e+01 1.000000000000000000e+00 1.159999999999999920e-02 0.000000000000000000e+00
-2.705270000000000152e+01 1.000000000000000000e+00 1.009999999999999960e-02 0.000000000000000000e+00
-2.701992400000000671e+01 9.987884388619252540e-01 8.699999999999999400e-03 9.602498109314827612e-02
-2.705270000000000152e+01 1.000000000000000000e+00 1.250000000000000069e-02 0.000000000000000000e+00
-2.705270000000000152e+01 1.000000000000000000e+00 1.129999999999999928e-02 0.000000000000000000e+00
-2.702598000000000411e+01 9.990122982179229227e-01 8.999999999999999320e-03 8.913855744986290408e-02
-2.705270000000000152e+01 1.000000000000000000e+00 1.060000000000000005e-02 0.000000000000000000e+00
-2.705270000000000152e+01 1.000000000000000000e+00 1.030000000000000013e-02 0.000000000000000000e+00
-2.705270000000000152e+01 1.000000000000000000e+00 1.230000000000000017e-02 0.000000000000000000e+00
-2.705029599999999945e+01 9.999111364115226275e-01 9.799999999999999684e-03 1.691277635518211725e-02
-2.705270000000000152e+01 1.000000000000000000e+00 1.159999999999999920e-02 0.000000000000000000e+00
-2.705270000000000152e+01 1.000000000000000000e+00 1.209999999999999964e-02 0.000000000000000000e+00
-2.705270000000000152e+01 1.000000000000000000e+00 1.060000000000000005e-02 0.000000000000000000e+00
-2.705270000000000152e+01 1.000000000000000000e+00 1.299999999999999940e-02 0.000000000000000000e+00
-2.705270000000000152e+01 1.000000000000000000e+00 1.030000000000000013e-02 0.000000000000000000e+00
-2.705270000000000152e+01 1.000000000000000000e+00 1.069999999999999944e-02 0.000000000000000000e+00
-2.705270000000000152e+01 1.000000000000000000e+00 1.170000000000000033e-02 0.000000000000000000e+00
-2.705270000000000152e+01 1.000000000000000000e+00 1.230000000000000017e-02 0.000000000000000000e+00
-2.705270000000000152e+01 1.000000000000000000e+00 1.379999999999999977e-02 0.000000000000000000e+00
-2.705270000000000152e+01 1.000000000000000000e+00 1.280000000000000061e-02 0.000000000000000000e+00
-2.705270000000000152e+01 1.000000000000000000e+00 1.149999999999999981e-02 0.000000000000000000e+00
-2.705270000000000152e+01 1.000000000000000000e+00 1.329999999999999932e-02 0.000000000000000000e+00
-2.705270000000000152e+01 1.000000000000000000e+00 1.220000000000000077e-02 0.000000000000000000e+00
-2.705270000000000152e+01 1.000000000000000000e+00 1.050000000000000065e-02 0.000000000000000000e+00
-2.705270000000000152e+01 1.000000000000000000e+00 1.050000000000000065e-02 0.000000000000000000e+00
-2.705270000000000152e+01 1.000000000000000000e+00 1.140000000000000041e-02 0.000000000000000000e+00
-2.705270000000000152e+01 1.000000000000000000e+00 1.159999999999999920e-02 0.000000000000000000e+00
-2.705270000000000152e+01 1.000000000000000000e+00 1.149999999999999981e-02 0.000000000000000000e+00
-2.705270000000000152e+01 1.000000000000000000e+00 1.190000000000000085e-02 0.000000000000000000e+00
-2.705270000000000152e+01 1.000000000000000000e+00 1.250000000000000069e-02 0.000000000000000000e+00
-2.705270000000000152e+01 1.000000000000000000e+00 1.069999999999999944e-02 0.000000000000000000e+00
-2.705270000000000152e+01 1.000000000000000000e+00 1.030000000000000013e-02 0.000000000000000000e+00
-2.705270000000000152e+01 1.000000000000000000e+00 1.009999999999999960e-02 0.000000000000000000e+00
-2.705270000000000152e+01 1.000000000000000000e+00 1.020000000000000073e-02 0.000000000000000000e+00
-2.704303800000000280e+01 9.996428452612863280e-01 9.400000000000000369e-03 4.452621695091112108e-02
-2.705270000000000152e+01 1.000000000000000000e+00 1.239999999999999956e-02 0.000000000000000000e+00
-2.705270000000000152e+01 1.000000000000000000e+00 1.170000000000000033e-02 0.000000000000000000e+00
-2.703083399999999870e+01 9.991917257796817387e-01 9.199999999999999845e-03 8.179718231298371833e-02
-2.705270000000000152e+01 1.000000000000000000e+00 1.170000000000000033e-02 0.000000000000000000e+00
-2.704178999999999888e+01 9.995967130822430713e-01 9.499999999999999764e-03 5.488126669769445576e-02
-2.705270000000000152e+01 1.000000000000000000e+00 1.050000000000000065e-02 0.000000000000000000e+00
-2.705270000000000152e+01 1.000000000000000000e+00 1.190000000000000085e-02 0.000000000000000000e+00
-2.705270000000000152e+01 1.000000000000000000e+00 1.220000000000000077e-02 0.000000000000000000e+00
-2.705270000000000152e+01 1.000000000000000000e+00 1.220000000000000077e-02 0.000000000000000000e+00
-2.705270000000000152e+01 1.000000000000000000e+00 1.060000000000000005e-02 0.000000000000000000e+00
-2.705270000000000152e+01 1.000000000000000000e+00 1.140000000000000041e-02 0.000000000000000000e+00
-2.705270000000000152e+01 1.000000000000000000e+00 1.099999999999999936e-02 0.000000000000000000e+00
-2.705270000000000152e+01 1.000000000000000000e+00 1.239999999999999956e-02 0.000000000000000000e+00
-2.705270000000000152e+01 1.000000000000000000e+00 1.099999999999999936e-02 0.000000000000000000e+00
-2.705270000000000152e+01 1.000000000000000000e+00 1.069999999999999944e-02 0.000000000000000000e+00
-2.705270000000000152e+01 1.000000000000000000e+00 1.430000000000000021e-02 0.000000000000000000e+00
-2.705270000000000152e+01 1.000000000000000000e+00 1.190000000000000085e-02 0.000000000000000000e+00
-2.705270000000000152e+01 1.000000000000000000e+00 1.050000000000000065e-02 0.000000000000000000e+00
-2.705270000000000152e+01 1.000000000000000000e+00 1.020000000000000073e-02 0.000000000000000000e+00
-2.705029599999999945e+01 9.999111364115226275e-01 9.799999999999999684e-03 1.691277635518211725e-02
-2.705270000000000152e+01 1.000000000000000000e+00 1.119999999999999989e-02 0.000000000000000000e+00
-2.705270000000000152e+01 1.000000000000000000e+00 1.149999999999999981e-02 0.000000000000000000e+00
-2.705270000000000152e+01 1.000000000000000000e+00 1.119999999999999989e-02 0.000000000000000000e+00
-2.705270000000000152e+01 1.000000000000000000e+00 1.069999999999999944e-02 0.000000000000000000e+00
-2.705270000000000152e+01 1.000000000000000000e+00 1.379999999999999977e-02 0.000000000000000000e+00
-2.705270000000000152e+01 1.000000000000000000e+00 1.220000000000000077e-02 0.000000000000000000e+00
-2.705270000000000152e+01 1.000000000000000000e+00 1.149999999999999981e-02 0.000000000000000000e+00
-2.705270000000000152e+01 1.000000000000000000e+00 1.039999999999999952e-02 0.000000000000000000e+00
-2.705270000000000152e+01 1.000000000000000000e+00 1.039999999999999952e-02 0.000000000000000000e+00
-2.705270000000000152e+01 1.000000000000000000e+00 1.039999999999999952e-02 0.000000000000000000e+00
-2.705270000000000152e+01 1.000000000000000000e+00 1.250000000000000069e-02 0.000000000000000000e+00
-2.705270000000000152e+01 1.000000000000000000e+00 1.099999999999999936e-02 0.000000000000000000e+00
-2.705270000000000152e+01 1.000000000000000000e+00 1.220000000000000077e-02 0.000000000000000000e+00
-2.705270000000000152e+01 1.000000000000000000e+00 1.039999999999999952e-02 0.000000000000000000e+00
-2.705270000000000152e+01 1.000000000000000000e+00 1.080000000000000057e-02 0.000000000000000000e+00
-2.705270000000000152e+01 1.000000000000000000e+00 1.329999999999999932e-02 0.000000000000000000e+00
-2.705270000000000152e+01 1.000000000000000000e+00 1.099999999999999936e-02 0.000000000000000000e+00
-2.705270000000000152e+01 1.000000000000000000e+00 1.089999999999999997e-02 0.000000000000000000e+00
-2.705270000000000152e+01 1.000000000000000000e+00 1.200000000000000025e-02 0.000000000000000000e+00
-2.705270000000000152e+01 1.000000000000000000e+00 1.089999999999999997e-02 0.000000000000000000e+00
-2.705270000000000152e+01 1.000000000000000000e+00 1.030000000000000013e-02 0.000000000000000000e+00
-2.705270000000000152e+01 1.000000000000000000e+00 1.239999999999999956e-02 0.000000000000000000e+00
-2.705270000000000152e+01 1.000000000000000000e+00 1.149999999999999981e-02 0.000000000000000000e+00
-2.705270000000000152e+01 1.000000000000000000e+00 1.179999999999999973e-02 0.000000000000000000e+00
-2.705270000000000152e+01 1.000000000000000000e+00 1.159999999999999920e-02 0.000000000000000000e+00
-2.705270000000000152e+01 1.000000000000000000e+00 1.159999999999999920e-02 0.000000000000000000e+00
-2.705270000000000152e+01 1.000000000000000000e+00 1.149999999999999981e-02 0.000000000000000000e+00
-2.705270000000000152e+01 1.000000000000000000e+00 1.069999999999999944e-02 0.000000000000000000e+00
-2.705270000000000152e+01 1.000000000000000000e+00 1.170000000000000033e-02 0.000000000000000000e+00
-2.705270000000000152e+01 1.000000000000000000e+00 1.099999999999999936e-02 0.000000000000000000e+00
-2.705270000000000152e+01 1.000000000000000000e+00 1.329999999999999932e-02 0.000000000000000000e+00
-2.705270000000000152e+01 1.000000000000000000e+00 1.170000000000000033e-02 0.000000000000000000e+00
-2.705270000000000152e+01 1.000000000000000000e+00 1.269999999999999948e-02 0.000000000000000000e+00
-2.705270000000000152e+01 1.000000000000000000e+00 1.089999999999999997e-02 0.000000000000000000e+00
-2.705270000000000152e+01 1.000000000000000000e+00 1.110000000000000049e-02 0.000000000000000000e+00
-2.705270000000000152e+01 1.000000000000000000e+00 1.050000000000000065e-02 0.000000000000000000e+00
-2.705270000000000152e+01 1.000000000000000000e+00 1.239999999999999956e-02 0.000000000000000000e+00
-2.705270000000000152e+01 1.000000000000000000e+00 1.080000000000000057e-02 0.000000000000000000e+00
-2.705270000000000152e+01 1.000000000000000000e+00 1.020000000000000073e-02 0.000000000000000000e+00
-2.705270000000000152e+01 1.000000000000000000e+00 1.250000000000000069e-02 0.000000000000000000e+00
-2.705270000000000152e+01 1.000000000000000000e+00 1.089999999999999997e-02 0.000000000000000000e+00
-2.705270000000000152e+01 1.000000000000000000e+00 1.080000000000000057e-02 0.000000000000000000e+00
-2.705270000000000152e+01 1.000000000000000000e+00 1.370000000000000037e-02 0.000000000000000000e+00
-2.705270000000000152e+01 1.000000000000000000e+00 1.060000000000000005e-02 0.000000000000000000e+00
-2.705270000000000152e+01 1.000000000000000000e+00 1.020000000000000073e-02 0.000000000000000000e+00
-2.705270000000000152e+01 1.000000000000000000e+00 1.170000000000000033e-02 0.000000000000000000e+00
-2.705270000000000152e+01 1.000000000000000000e+00 1.110000000000000049e-02 0.000000000000000000e+00
-2.705270000000000152e+01 1.000000000000000000e+00 1.269999999999999948e-02 0.000000000000000000e+00
-2.705270000000000152e+01 1.000000000000000000e+00 1.239999999999999956e-02 0.000000000000000000e+00
-2.705270000000000152e+01 1.000000000000000000e+00 1.020000000000000073e-02 0.000000000000000000e+00
-2.705270000000000152e+01 1.000000000000000000e+00 1.329999999999999932e-02 0.000000000000000000e+00
-2.705270000000000152e+01 1.000000000000000000e+00 1.069999999999999944e-02 0.000000000000000000e+00
-2.705270000000000152e+01 1.000000000000000000e+00 1.110000000000000049e-02 0.000000000000000000e+00
-2.705270000000000152e+01 1.000000000000000000e+00 1.140000000000000041e-02 0.000000000000000000e+00
-2.705270000000000152e+01 1.000000000000000000e+00 1.089999999999999997e-02 0.000000000000000000e+00
-2.705270000000000152e+01 1.000000000000000000e+00 1.080000000000000057e-02 0.000000000000000000e+00
-2.705270000000000152e+01 1.000000000000000000e+00 1.140000000000000041e-02 0.000000000000000000e+00
-2.705270000000000152e+01 1.000000000000000000e+00 1.020000000000000073e-02 0.000000000000000000e+00
-2.705270000000000152e+01 1.000000000000000000e+00 1.209999999999999964e-02 0.000000000000000000e+00
-2.705270000000000152e+01 1.000000000000000000e+00 1.089999999999999997e-02 0.000000000000000000e+00
-2.705270000000000152e+01 1.000000000000000000e+00 1.129999999999999928e-02 0.000000000000000000e+00
-2.705270000000000152e+01 1.000000000000000000e+00 1.030000000000000013e-02 0.000000000000000000e+00
-2.705029599999999945e+01 9.999111364115226275e-01 9.799999999999999684e-03 1.691277635518211725e-02
-2.705270000000000152e+01 1.000000000000000000e+00 1.209999999999999964e-02 0.000000000000000000e+00
-2.705270000000000152e+01 1.000000000000000000e+00 1.149999999999999981e-02 0.000000000000000000e+00
-2.705270000000000152e+01 1.000000000000000000e+00 1.060000000000000005e-02 0.000000000000000000e+00
-2.705270000000000152e+01 1.000000000000000000e+00 1.140000000000000041e-02 0.000000000000000000e+00
-2.702353000000000449e+01 9.989217342446411463e-01 8.999999999999999320e-03 9.491370402698072473e-02
-2.705270000000000152e+01 1.000000000000000000e+00 1.080000000000000057e-02 0.000000000000000000e+00
-2.705270000000000152e+01 1.000000000000000000e+00 1.159999999999999920e-02 0.000000000000000000e+00
-2.705270000000000152e+01 1.000000000000000000e+00 1.119999999999999989e-02 0.000000000000000000e+00
-2.705270000000000152e+01 1.000000000000000000e+00 1.050000000000000065e-02 0.000000000000000000e+00
-2.705270000000000152e+01 1.000000000000000000e+00 1.239999999999999956e-02 0.000000000000000000e+00
-2.705270000000000152e+01 1.000000000000000000e+00 1.209999999999999964e-02 0.000000000000000000e+00
-2.705270000000000152e+01 1.000000000000000000e+00 1.190000000000000085e-02 0.000000000000000000e+00
-2.705029599999999945e+01 9.999111364115226275e-01 9.799999999999999684e-03 1.691277635518211725e-02
-2.705270000000000152e+01 1.000000000000000000e+00 1.179999999999999973e-02 0.000000000000000000e+00
-2.703573399999999793e+01 9.993728537262452916e-01 9.199999999999999845e-03 6.693648462339063521e-02
-2.705270000000000152e+01 1.000000000000000000e+00 1.179999999999999973e-02 0.000000000000000000e+00
-2.705270000000000152e+01 1.000000000000000000e+00 1.140000000000000041e-02 0.000000000000000000e+00
-2.705270000000000152e+01 1.000000000000000000e+00 1.020000000000000073e-02 0.000000000000000000e+00
-2.705270000000000152e+01 1.000000000000000000e+00 1.190000000000000085e-02 0.000000000000000000e+00
-2.705270000000000152e+01 1.000000000000000000e+00 1.190000000000000085e-02 0.000000000000000000e+00
-2.705270000000000152e+01 1.000000000000000000e+00 1.209999999999999964e-02 0.000000000000000000e+00
-2.705270000000000152e+01 1.000000000000000000e+00 1.009999999999999960e-02 0.000000000000000000e+00
-2.705270000000000152e+01 1.000000000000000000e+00 1.119999999999999989e-02 0.000000000000000000e+00
-2.705270000000000152e+01 1.000000000000000000e+00 1.039999999999999952e-02 0.000000000000000000e+00
-2.705270000000000152e+01 1.000000000000000000e+00 1.110000000000000049e-02 0.000000000000000000e+00
-2.705270000000000152e+01 1.000000000000000000e+00 1.089999999999999997e-02 0.000000000000000000e+00
-2.705270000000000152e+01 1.000000000000000000e+00 1.179999999999999973e-02 0.000000000000000000e+00
-2.705270000000000152e+01 1.000000000000000000e+00 1.080000000000000057e-02 0.000000000000000000e+00
-2.705270000000000152e+01 1.000000000000000000e+00 1.179999999999999973e-02 0.000000000000000000e+00
-2.705270000000000152e+01 1.000000000000000000e+00 1.009999999999999960e-02 0.000000000000000000e+00
-2.705270000000000152e+01 1.000000000000000000e+00 1.099999999999999936e-02 0.000000000000000000e+00
-2.705270000000000152e+01 1.000000000000000000e+00 1.030000000000000013e-02 0.000000000000000000e+00
-2.705270000000000152e+01 1.000000000000000000e+00 1.119999999999999989e-02 0.000000000000000000e+00
-2.705270000000000152e+01 1.000000000000000000e+00 1.060000000000000005e-02 0.000000000000000000e+00
-2.705270000000000152e+01 1.000000000000000000e+00 1.110000000000000049e-02 0.000000000000000000e+00
-2.705270000000000152e+01 1.000000000000000000e+00 1.060000000000000005e-02 0.000000000000000000e+00
-2.705270000000000152e+01 1.000000000000000000e+00 1.089999999999999997e-02 0.000000000000000000e+00
-2.705270000000000152e+01 1.000000000000000000e+00 1.060000000000000005e-02 0.000000000000000000e+00
-2.704178999999999888e+01 9.995967130822430713e-01 9.499999999999999764e-03 5.488126669769445576e-02
-2.703933999999999926e+01 9.995061491089612948e-01 9.499999999999999764e-03 6.444481156286960277e-02
-2.705270000000000152e+01 1.000000000000000000e+00 1.159999999999999920e-02 0.000000000000000000e+00
-2.705270000000000152e+01 1.000000000000000000e+00 1.349999999999999985e-02 0.000000000000000000e+00
-2.705270000000000152e+01 1.000000000000000000e+00 1.129999999999999928e-02 0.000000000000000000e+00
-2.705270000000000152e+01 1.000000000000000000e+00 1.060000000000000005e-02 0.000000000000000000e+00
-2.705270000000000152e+01 1.000000000000000000e+00 1.009999999999999960e-02 0.000000000000000000e+00
-2.705270000000000152e+01 1.000000000000000000e+00 1.159999999999999920e-02 0.000000000000000000e+00
-2.705270000000000152e+01 1.000000000000000000e+00 1.349999999999999985e-02 0.000000000000000000e+00
-2.705270000000000152e+01 1.000000000000000000e+00 1.020000000000000073e-02 0.000000000000000000e+00
-2.705270000000000152e+01 1.000000000000000000e+00 1.030000000000000013e-02 0.000000000000000000e+00
-2.705270000000000152e+01 1.000000000000000000e+00 1.349999999999999985e-02 0.000000000000000000e+00
-2.705270000000000152e+01 1.000000000000000000e+00 1.129999999999999928e-02 0.000000000000000000e+00
-2.705270000000000152e+01 1.000000000000000000e+00 1.069999999999999944e-02 0.000000000000000000e+00
-2.704664400000000413e+01 9.997761406440023313e-01 9.700000000000000289e-03 4.002519489349967013e-02
-2.705270000000000152e+01 1.000000000000000000e+00 1.159999999999999920e-02 0.000000000000000000e+00
-2.705270000000000152e+01 1.000000000000000000e+00 1.239999999999999956e-02 0.000000000000000000e+00
-2.705270000000000152e+01 1.000000000000000000e+00 1.159999999999999920e-02 0.000000000000000000e+00
-2.705149800000000226e+01 9.999555682057613692e-01 9.900000000000000813e-03 1.202000000000001678e-02
-2.705270000000000152e+01 1.000000000000000000e+00 1.129999999999999928e-02 0.000000000000000000e+00
-2.704789200000000093e+01 9.998222728230453660e-01 9.599999999999999159e-03 2.367295554514540351e-02
-2.705270000000000152e+01 1.000000000000000000e+00 1.220000000000000077e-02 0.000000000000000000e+00
-2.705149800000000226e+01 9.999555682057613692e-01 9.900000000000000813e-03 1.202000000000001678e-02
-2.705270000000000152e+01 1.000000000000000000e+00 1.050000000000000065e-02 0.000000000000000000e+00
-2.705270000000000152e+01 1.000000000000000000e+00 1.020000000000000073e-02 0.000000000000000000e+00
-2.705270000000000152e+01 1.000000000000000000e+00 1.280000000000000061e-02 0.000000000000000000e+00
-2.705270000000000152e+01 1.000000000000000000e+00 1.039999999999999952e-02 0.000000000000000000e+00
-2.705270000000000152e+01 1.000000000000000000e+00 1.129999999999999928e-02 0.000000000000000000e+00
-2.702232800000000523e+01 9.988773024504025155e-01 8.899999999999999925e-03 9.530088458152047304e-02
-2.705270000000000152e+01 1.000000000000000000e+00 1.039999999999999952e-02 0.000000000000000000e+00
-2.705270000000000152e+01 1.000000000000000000e+00 1.060000000000000005e-02 0.000000000000000000e+00
-2.705270000000000152e+01 1.000000000000000000e+00 1.050000000000000065e-02 0.000000000000000000e+00
-2.705270000000000152e+01 1.000000000000000000e+00 1.239999999999999956e-02 0.000000000000000000e+00
-2.705270000000000152e+01 1.000000000000000000e+00 1.069999999999999944e-02 0.000000000000000000e+00
-2.705270000000000152e+01 1.000000000000000000e+00 1.069999999999999944e-02 0.000000000000000000e+00
-2.705270000000000152e+01 1.000000000000000000e+00 1.039999999999999952e-02 0.000000000000000000e+00
-2.705270000000000152e+01 1.000000000000000000e+00 1.060000000000000005e-02 0.000000000000000000e+00
-2.705270000000000152e+01 1.000000000000000000e+00 1.170000000000000033e-02 0.000000000000000000e+00
-2.705270000000000152e+01 1.000000000000000000e+00 1.209999999999999964e-02 0.000000000000000000e+00
-2.705270000000000152e+01 1.000000000000000000e+00 1.260000000000000009e-02 0.000000000000000000e+00
-2.705270000000000152e+01 1.000000000000000000e+00 1.209999999999999964e-02 0.000000000000000000e+00
-2.704669000000000167e+01 9.997778410288067352e-01 9.499999999999999764e-03 2.632895820962247169e-02
-2.705270000000000152e+01 1.000000000000000000e+00 1.089999999999999997e-02 0.000000000000000000e+00
-2.705270000000000152e+01 1.000000000000000000e+00 1.099999999999999936e-02 0.000000000000000000e+00
-2.702963199999999588e+01 9.991472939854429969e-01 9.100000000000000450e-03 8.235388638079119139e-02
-2.705270000000000152e+01 1.000000000000000000e+00 1.149999999999999981e-02 0.000000000000000000e+00
-2.704058799999999962e+01 9.995522812880044405e-01 9.400000000000000369e-03 5.594587803124463632e-02
-2.705270000000000152e+01 1.000000000000000000e+00 1.110000000000000049e-02 0.000000000000000000e+00
