-8.951000000000000068e-01
-5.832000000000000517e-01
-1.342000000000000137e-01
9.202000000000000179e-01
-4.932000000000000273e-01
1.506000000000000116e-01
-4.046000000000000152e-01
8.890000000000000124e-01
7.670000000000000429e-02
7.262999999999999456e-01
-2.366999999999999937e-01
3.161999999999999811e-01
-5.896000000000000130e-01
-6.701000000000000290e-01
-5.312999999999999945e-01
-2.837999999999999967e-01
3.548999999999999932e-01
9.631999999999999451e-01
-3.224000000000000199e-01
2.611999999999999877e-01
-6.344999999999999529e-01
9.324000000000000066e-01
9.467999999999999750e-01
-2.000000000000000042e-02
-2.862999999999999989e-01
1.620999999999999941e-01
1.575999999999999901e-01
4.258000000000000118e-01
5.809999999999999887e-02
1.847999999999999921e-01
8.650999999999999801e-01
-8.116999999999999771e-01
8.041000000000000369e-01
5.227000000000000535e-01
8.193000000000000282e-01
-7.125000000000000222e-01
-6.740000000000000435e-01
3.645999999999999797e-01
5.983000000000000540e-01
2.456000000000000127e-01
3.800999999999999934e-01
6.955000000000000071e-01
9.661999999999999478e-01
-8.594000000000000528e-01
6.922000000000000375e-01
-6.724999999999999867e-01
-9.748999999999999888e-01
1.817000000000000004e-01
5.225999999999999535e-01
-9.351000000000000423e-01
-6.078000000000000069e-01
-1.044999999999999957e-01
6.019999999999999796e-01
5.635000000000000009e-01
-5.586999999999999744e-01
9.888000000000000123e-01
9.983999999999999542e-01
1.849999999999999978e-01
-1.199999999999999895e-03
-5.039000000000000146e-01
-6.689000000000000501e-01
9.016999999999999460e-01
7.400999999999999801e-01
-3.398999999999999799e-01
-5.977999999999999980e-01
-2.700000000000000178e-01
4.480999999999999983e-01
-4.793999999999999928e-01
-9.815000000000000391e-01
5.935000000000000275e-01
-9.000000000000000222e-01
-9.251000000000000334e-01
-3.406000000000000139e-01
3.183000000000000274e-01
-3.604999999999999871e-01
-3.725999999999999868e-01
-8.429999999999999716e-01
-4.487999999999999767e-01
2.477000000000000035e-01
-7.472999999999999643e-01
-9.700999999999999623e-01
5.040999999999999925e-01
5.329000000000000403e-01
6.906999999999999806e-01
-6.800000000000000488e-01
-1.337000000000000133e-01
-9.159000000000000474e-01
2.900000000000000147e-02
8.427000000000000046e-01
-7.429000000000000048e-01
-4.859999999999999876e-01
-4.413000000000000256e-01
7.855999999999999650e-01
-3.065999999999999837e-01
8.458999999999999853e-01
-5.877999999999999892e-01
-2.204000000000000126e-01
9.669999999999999707e-01
2.580000000000000002e-02
-1.319999999999999993e-02
1.797999999999999876e-01
1.751999999999999946e-01
-1.011999999999999983e-01
9.048000000000000487e-01
3.262999999999999790e-01
9.116999999999999549e-01
4.665000000000000258e-01
-1.353999999999999926e-01
5.819999999999999618e-01
4.912000000000000255e-01
7.790000000000000258e-01
-2.093000000000000138e-01
8.075999999999999845e-01
1.524999999999999967e-01
-5.600000000000000533e-01
5.150000000000000133e-01
9.062999999999999945e-01
-8.168999999999999595e-01
-3.309000000000000274e-01
-9.245999999999999774e-01
3.790000000000000313e-02
-4.849999999999999867e-01
-5.100000000000000089e-01
3.254000000000000226e-01
3.183000000000000274e-01
-6.519999999999999407e-02
1.082999999999999935e-01
9.936000000000000387e-01
-5.759999999999999842e-02
-6.672000000000000153e-01
-5.179999999999999882e-02
-2.006000000000000005e-01
-3.558999999999999941e-01
-5.575999999999999845e-01
3.119000000000000106e-01
-3.504999999999999782e-01
-5.013999999999999568e-01
-8.318999999999999728e-01
-3.910000000000000281e-02
-7.440999999999999837e-01
7.219999999999999751e-01
-2.716000000000000081e-01
1.096000000000000030e-01
5.469000000000000528e-01
1.923999999999999877e-01
9.882999999999999563e-01
1.539000000000000090e-01
-6.341999999999999860e-01
1.199999999999999956e-01
2.313999999999999946e-01
3.885000000000000120e-01
-8.133000000000000229e-01
-3.029000000000000026e-01
5.608999999999999542e-01
5.113999999999999657e-01
9.929000000000000048e-01
1.809000000000000052e-01
-4.689999999999999725e-02
1.117999999999999966e-01
4.388000000000000234e-01
-4.470999999999999974e-01
-8.245999999999999996e-01
7.897999999999999465e-01
-5.149000000000000243e-01
-4.511000000000000010e-01
7.097999999999999865e-01
-7.528000000000000247e-01
-3.481000000000000205e-01
1.880000000000000004e-01
-5.382000000000000117e-01
-2.436000000000000110e-01
-4.267000000000000237e-01
-4.416999999999999815e-01
-8.227999999999999758e-01
1.908999999999999864e-01
-2.530000000000000027e-01
-1.930000000000000049e-01
-7.720000000000000473e-02
-6.350000000000000089e-02
-2.920000000000000026e-02
-5.476999999999999647e-01
2.003999999999999948e-01
6.037000000000000144e-01
3.965000000000000191e-01
2.520000000000000018e-01
6.156000000000000361e-01
-7.986999999999999655e-01
-3.950000000000000039e-02
1.014000000000000040e-01
3.509999999999999787e-01
7.895999999999999686e-01
-9.376999999999999780e-01
4.205999999999999739e-01
-1.416999999999999926e-01
-1.386999999999999900e-01
6.441000000000000059e-01
-6.289000000000000146e-01
-3.522000000000000131e-01
8.050000000000000211e-02
9.435999999999999943e-01
