7.654999999999999583e-01
-8.878000000000000336e-01
-6.217000000000000304e-01
-1.862999999999999934e-01
-6.092999999999999527e-01
-3.221999999999999864e-01
7.738000000000000433e-01
-2.602999999999999758e-01
-6.150999999999999801e-01
-3.103000000000000203e-01
3.750000000000000000e-01
4.578999999999999737e-01
5.486999999999999655e-01
-6.691000000000000281e-01
-4.512999999999999790e-01
8.608999999999999986e-01
-8.434000000000000385e-01
6.236000000000000432e-01
-9.667999999999999927e-01
8.100000000000000533e-01
-9.448999999999999622e-01
9.535000000000000142e-01
8.118999999999999551e-01
-6.860000000000000542e-01
4.907000000000000250e-01
-3.140999999999999903e-01
-7.782999999999999918e-01
8.991999999999999993e-01
-1.733000000000000096e-01
2.610000000000000098e-01
4.017999999999999905e-01
-3.008000000000000118e-01
-6.254999999999999449e-01
6.961000000000000520e-01
9.992999999999999661e-01
-4.173999999999999932e-01
1.000000000000000048e-04
2.440000000000000155e-02
-4.897000000000000242e-01
-4.013999999999999790e-01
-5.059000000000000163e-01
2.819999999999999729e-01
4.990999999999999881e-01
-8.646000000000000352e-01
-4.472999999999999754e-01
5.659999999999999754e-02
-7.054000000000000270e-01
3.819999999999999785e-02
8.790000000000000036e-01
7.032000000000000473e-01
1.193000000000000033e-01
-7.683999999999999719e-01
-1.605999999999999928e-01
3.720999999999999863e-01
-9.772999999999999465e-01
-8.536000000000000254e-01
1.522999999999999909e-01
1.285000000000000031e-01
8.741999999999999771e-01
9.068000000000000504e-01
4.700000000000000185e-03
7.618000000000000327e-01
4.995999999999999885e-01
-9.503000000000000336e-01
7.808000000000000496e-01
-1.572999999999999954e-01
-9.431000000000000494e-01
-3.155999999999999917e-01
7.275000000000000355e-01
-5.494999999999999885e-01
-9.869999999999999885e-01
2.867000000000000104e-01
3.431000000000000161e-01
9.982999999999999652e-01
-9.751999999999999558e-01
9.784000000000000474e-01
4.102999999999999980e-01
-2.977000000000000202e-01
-3.185000000000000053e-01
8.245999999999999996e-01
3.534999999999999809e-01
-5.794000000000000261e-01
-4.640000000000000235e-01
-7.812999999999999945e-01
8.450000000000000566e-02
-5.122999999999999776e-01
-1.042000000000000010e-01
-5.570000000000000506e-01
3.481000000000000205e-01
-6.035000000000000364e-01
6.907999999999999696e-01
4.615000000000000213e-01
-3.079000000000000070e-01
6.936999999999999833e-01
9.299999999999999933e-02
-4.517999999999999794e-01
-7.106999999999999984e-01
4.645000000000000240e-01
5.756000000000000005e-01
-5.840999999999999526e-01
3.380000000000000226e-01
8.029999999999999638e-02
-1.448000000000000120e-01
-4.701000000000000179e-01
-6.242999999999999661e-01
5.562000000000000277e-01
-1.189999999999999947e-01
-5.676999999999999824e-01
1.487999999999999878e-01
-7.616000000000000547e-01
6.579999999999999738e-02
-3.658000000000000140e-01
-7.660000000000000142e-01
9.969999999999999696e-02
1.479999999999999927e-01
5.256999999999999451e-01
4.727999999999999980e-01
6.353999999999999648e-01
5.315999999999999615e-01
-2.822999999999999954e-01
6.575999999999999623e-01
1.699999999999999905e-03
1.170999999999999958e-01
7.214000000000000412e-01
3.064000000000000057e-01
-4.305999999999999828e-01
-5.443999999999999950e-01
4.660000000000000253e-01
5.993000000000000549e-01
9.788000000000000034e-01
3.985000000000000209e-01
-1.135000000000000037e-01
4.309999999999999942e-01
9.332000000000000295e-01
-3.860000000000000098e-01
3.654000000000000026e-01
1.355999999999999983e-01
-3.226999999999999869e-01
-3.038000000000000145e-01
-4.560000000000000164e-02
5.334999999999999742e-01
-3.032000000000000250e-01
9.667000000000000037e-01
-9.052000000000000046e-01
-4.055000000000000271e-01
-8.436000000000000165e-01
7.618000000000000327e-01
4.003999999999999782e-01
-2.997000000000000219e-01
5.314999999999999725e-01
4.950000000000000233e-02
9.290000000000000480e-01
-5.943000000000000504e-01
9.588999999999999746e-01
4.751000000000000223e-01
-9.802999999999999492e-01
2.267000000000000126e-01
-4.784999999999999809e-01
-6.768999999999999462e-01
-3.299000000000000266e-01
-9.644000000000000350e-01
8.487999999999999989e-01
5.595999999999999863e-01
-6.601000000000000201e-01
5.706999999999999851e-01
-7.903999999999999915e-01
-5.551000000000000378e-01
4.052000000000000046e-01
-4.307000000000000273e-01
-8.870000000000000107e-02
-5.484999999999999876e-01
3.428999999999999826e-01
5.988999999999999879e-01
2.350000000000000006e-02
7.059999999999999609e-02
-1.033000000000000029e-01
-3.341000000000000081e-01
8.890000000000000679e-02
4.788000000000000034e-01
-5.575999999999999845e-01
-5.460000000000000409e-01
1.922999999999999987e-01
-5.503000000000000114e-01
-4.729999999999999760e-01
5.614999999999999991e-01
-3.291000000000000036e-01
-6.511000000000000121e-01
6.948999999999999622e-01
1.938999999999999890e-01
2.833999999999999853e-01
-2.826000000000000179e-01
1.033000000000000029e-01
4.571000000000000063e-01
-5.197000000000000508e-01
1.993999999999999939e-01
2.790000000000000258e-01
-4.637999999999999901e-01
4.287000000000000255e-01
8.088999999999999524e-01
7.220999999999999641e-01
