8.773999999999999577e-01
-3.024000000000000021e-01
-6.515999999999999570e-01
1.849999999999999978e-01
-5.234999999999999654e-01
9.253000000000000114e-01
-5.957999999999999963e-01
1.718999999999999972e-01
-9.389999999999999736e-02
-8.030000000000000471e-01
3.095999999999999863e-01
4.904000000000000026e-01
-7.377000000000000224e-01
8.359999999999999654e-01
-6.677999999999999492e-01
-4.598999999999999755e-01
-5.625000000000000000e-01
1.741000000000000048e-01
8.116999999999999771e-01
-8.196999999999999842e-01
-8.632999999999999563e-01
8.396000000000000130e-01
-1.887999999999999956e-01
1.010000000000000064e-01
-2.309999999999999901e-02
8.680999999999999828e-01
1.063000000000000056e-01
-2.495999999999999885e-01
5.360000000000000181e-02
9.145999999999999686e-01
9.351000000000000423e-01
5.589999999999999830e-02
6.675999999999999712e-01
-6.581000000000000183e-01
-1.381000000000000005e-01
4.194999999999999840e-01
4.486999999999999877e-01
-9.553000000000000380e-01
-6.125000000000000444e-01
7.800000000000000266e-01
-2.238999999999999879e-01
-4.097999999999999976e-01
-5.916000000000000147e-01
-4.618999999999999773e-01
-2.697999999999999843e-01
1.953000000000000014e-01
9.155999999999999694e-01
-9.769999999999999518e-02
-4.264000000000000012e-01
-7.230999999999999650e-01
-9.388999999999999568e-01
-9.988000000000000211e-01
-3.675999999999999823e-01
3.389999999999999958e-02
1.476999999999999980e-01
9.429999999999999494e-01
-9.425000000000000044e-01
7.849000000000000421e-01
8.935999999999999499e-01
2.513000000000000234e-01
-6.696999999999999620e-01
6.481000000000000094e-01
6.850000000000000533e-02
-7.107999999999999874e-01
-3.479999999999999760e-02
5.389000000000000457e-01
3.795999999999999930e-01
1.406000000000000028e-01
8.332000000000000517e-01
2.933000000000000052e-01
1.343000000000000027e-01
6.893000000000000238e-01
5.335999999999999632e-01
-9.165999999999999703e-01
-5.359000000000000430e-01
6.200999999999999845e-01
-4.144999999999999796e-01
4.941999999999999726e-01
9.720999999999999641e-01
3.039999999999999925e-01
8.731999999999999762e-01
-9.950000000000000511e-02
2.917000000000000148e-01
-8.064000000000000057e-01
2.202000000000000068e-01
2.388000000000000123e-01
2.202999999999999958e-01
4.603999999999999759e-01
-6.661000000000000254e-01
2.340000000000000135e-01
7.733999999999999764e-01
1.821000000000000119e-01
4.623999999999999777e-01
6.922000000000000375e-01
1.689999999999999836e-02
-8.874999999999999556e-01
9.155999999999999694e-01
7.759000000000000341e-01
-3.387999999999999901e-01
-8.075999999999999845e-01
-7.295000000000000373e-01
9.442000000000000393e-01
-3.498999999999999888e-01
-2.454999999999999960e-01
3.096999999999999753e-01
-7.638000000000000345e-01
-9.848000000000000087e-01
-9.449999999999999512e-01
-3.796999999999999820e-01
-5.336999999999999522e-01
1.986999999999999877e-01
4.464000000000000190e-01
-2.494999999999999996e-01
1.938000000000000000e-01
-1.776999999999999968e-01
7.973000000000000087e-01
-5.573000000000000176e-01
-1.711999999999999911e-01
7.421999999999999709e-01
-5.815000000000000169e-01
8.852999999999999758e-01
8.094999999999999973e-01
-2.570000000000000062e-01
8.908000000000000362e-01
-2.477000000000000035e-01
6.308000000000000274e-01
-3.783000000000000251e-01
-2.489999999999999991e-01
7.059999999999999609e-02
8.940000000000000169e-01
9.959999999999999409e-02
-7.849000000000000421e-01
5.473999999999999977e-01
1.890999999999999903e-01
-4.838999999999999968e-01
1.107000000000000067e-01
-2.857999999999999985e-01
7.634999999999999565e-01
-1.948000000000000009e-01
-2.111999999999999988e-01
-9.028000000000000469e-01
-4.996999999999999775e-01
-9.767000000000000126e-01
9.811999999999999611e-01
-2.993999999999999995e-01
5.813000000000000389e-01
-5.692000000000000393e-01
-4.709999999999999742e-01
7.481999999999999762e-01
-9.347999999999999643e-01
6.096000000000000307e-01
-6.327000000000000401e-01
3.420000000000000123e-02
-9.575000000000000178e-01
8.793999999999999595e-01
-1.446000000000000063e-01
-8.981999999999999984e-01
-2.843999999999999861e-01
-7.449000000000000066e-01
-8.337999999999999856e-01
-6.126000000000000334e-01
-7.100999999999999535e-01
5.654000000000000137e-01
-5.920999999999999597e-01
-9.252000000000000224e-01
5.026000000000000467e-01
-9.395000000000000018e-01
-8.539999999999999813e-01
-7.167000000000000037e-01
8.287999999999999812e-01
5.568999999999999506e-01
3.197999999999999732e-01
7.661000000000000032e-01
3.158000000000000251e-01
2.575999999999999956e-01
5.141999999999999904e-01
7.425000000000000488e-01
5.004999999999999449e-01
8.148999999999999577e-01
-1.915999999999999925e-01
8.499999999999999778e-01
-9.130000000000000338e-01
8.357999999999999874e-01
9.900000000000000813e-03
9.750000000000000333e-02
2.409999999999999920e-01
-2.813999999999999835e-01
4.268000000000000127e-01
9.852999999999999536e-01
2.144000000000000072e-01
-1.199999999999999956e-01
8.489999999999999769e-01
4.027000000000000024e-01
-9.210000000000000131e-02
2.290999999999999981e-01
4.954000000000000070e-01
5.627999999999999670e-01
-7.300000000000000065e-03
6.495999999999999552e-01
5.305999999999999606e-01
