3.661889685381173321e-01
-7.990398228785679235e-02
1.151332430892300085e-01
6.712876000693702716e-01
1.185800579686700384e+00
1.205240206593483299e+00
-9.993533192823787076e-03
-6.864349663500887710e-02
-4.073307325509534227e-03
8.842822386424770142e-01
-7.711616797750439622e-02
5.647005199121316044e-02
-5.952566108593719540e-02
-2.163784116075654629e-01
2.139085263946995108e-01
1.912154725776737951e-01
2.962820788091414387e-02
6.599522926683698554e-02
6.288421389554718077e-01
-3.320365450497091836e-02
-1.411366915181091197e-01
1.013236809805874022e-01
-1.733404560939388050e-01
2.019573376591257963e-01
1.164252145960429502e-01
1.389366786764748785e+00
2.229893255853878514e-02
9.913665439170461779e-02
-6.285036947251149142e-02
-3.997576653628342330e-02
-1.034994446542628239e-02
6.811701126816501750e-01
2.445243754436313699e-01
-5.466479863187671817e-02
1.257866347102707116e-01
9.034387365167716177e-02
1.642583457738743813e-01
3.553929053347226058e-02
-4.684892324060558888e-01
5.125822790390966582e-02
-5.678762130005292341e-02
-2.275853401386016550e-01
8.955245892543196862e-02
8.582654287928412895e-01
1.077241497591968411e+00
-3.530255993177810470e-01
-2.260124439887986614e-01
-6.200941154347206635e-02
-2.690631403194804760e-01
-2.657852754335308654e-01
-6.199440960586288969e-03
3.153278107988995854e-02
-2.512700162596416265e-01
-2.183503414291117217e-01
-2.320652861133879266e-02
-4.788435273525695757e-02
7.653397005359124927e-01
-1.118561452235829340e-01
4.068339825806647214e-01
7.168361427613931802e-01
-1.791442057238619712e-01
1.242319938538268831e+00
-2.386422673952428575e-01
3.271221998033166378e-01
-5.072812030716067344e-02
3.619329852456348862e-02
-1.305221605243725713e-01
-2.674904315302266133e-01
-4.466578527289576384e-01
-1.219738402545513661e-01
7.354454142615671763e-01
-3.529640463288479246e-01
-1.715685729017256689e-01
2.609867110261169798e-01
-4.573326074392855545e-02
-5.860792683635690503e-01
1.291605595707430963e-02
3.297415263166302846e-01
4.708777724251356905e-02
7.787763458090359858e-01
-3.758804453260157774e-01
9.375463580101392469e-02
8.898384721912238060e-01
4.290654950443387877e-02
-2.419296884727490937e-01
-1.210064659554394295e-01
-1.266905883589537207e-01
1.100984703254483721e+00
2.571277908657389477e-01
-3.269428759924856154e-01
1.362846431932107361e-01
-1.259903718797931726e-01
-2.850228185453766994e-01
-2.605629855775318249e-01
-1.549360549383766161e-01
-2.695935351765463839e-01
3.212968024235255404e-01
3.722884006439598492e-01
-8.714792293579577409e-01
2.883311272334054820e-01
-3.985706020246440051e-01
5.071051456379657707e-02
1.928705597739036048e-01
-1.227396252953797673e-01
-1.641293017601169746e-02
-9.656281470799774058e-02
-1.950399600245005319e-02
-3.291522124165187080e-01
1.171519339013768368e+00
2.449510578154059232e-02
-1.064474503506559477e-01
-1.486017468125602758e-01
-2.309435658613983866e-01
-1.575173232208987584e-01
-2.900818256426077046e-01
1.039571529979211872e+00
9.136224545951897591e-01
1.127818272595909388e+00
-2.654580299716617908e-01
5.158823431439836238e-01
-1.320459680607264930e-01
2.503654333788747910e-01
-5.174504724368601538e-01
4.648340420228095349e-01
1.194226573584799000e+00
-7.130557227240603702e-01
-5.764429182529471341e-01
-4.159690868561576882e-01
3.325027815005444226e-02
-1.793191420920971224e-01
-5.709280653072491551e-01
-4.033280903923337490e-01
3.499335802236631932e-02
-2.140465166279820197e-01
9.860728237770282067e-01
-3.950353805388456818e-02
-1.762969204202433915e-01
3.566134593306107270e-01
1.567677109069881558e-03
3.598133993499317423e-02
2.164884232406397990e-01
-6.529149235199385171e-01
1.114793460819162862e-01
-3.627503079633571659e-01
-1.676641886464842052e-02
-2.036954921305923413e-02
-3.131039342884405774e-01
3.849861727559197866e-01
5.026322072996494139e-01
-3.369423621872402741e-01
3.714117212115601863e-01
-5.750333139219045986e-01
-6.717118180579147169e-02
3.205453515548364885e-01
-2.595858682144330243e-01
-1.330328649592248114e-01
-1.243202348153122361e-01
-1.562140486308293830e-01
1.196509892655993335e-01
-2.427118395539621526e-02
-4.454520256470049788e-01
-4.408827356890521743e-01
-2.074470656375718425e-01
1.414610699094213109e-01
2.082555447027039097e-01
6.996019058566671500e-01
-7.406253276807013286e-01
1.059056335962397025e-02
-3.089001712366333807e-01
6.619075430109475633e-01
6.957863105678721016e-01
-8.303984608801712186e-02
-3.406526094691763595e-01
-5.379397111394502301e-02
-1.009208159288175338e-01
6.803069730838207096e-01
-1.641781882307733753e-01
1.957744352081407929e-02
-5.672460142510406256e-02
-9.305099698912484840e-02
-2.242438139624850779e-01
-2.486298913950464873e-01
-1.689439682200824244e-01
-1.260351872379191461e-02
-2.691483343822596019e-01
3.277731392175295966e-01
1.538001819610562530e-02
-2.133678120487736973e-01
-2.215213258294402299e-01
7.256663540347505492e-01
6.426764295621613110e-01
-3.365173251681523037e-01
6.367186655912442372e-01
6.280335676821393598e-01
-4.116526806929544646e-01
2.883342017672188562e-01
-4.026356435583543503e-01
-3.893342723831890173e-01
5.264444558389174134e-01
1.452997141896889277e-01
-2.925865483608342532e-01
-1.350487768007914424e-01
-2.339854692002700798e-01
-4.091544151525809414e-01
-8.728495862898047464e-03
-2.071073331754391122e-01
-1.933355971464537637e-01
-2.608883822212549886e-01
1.009642472518265111e-01
-3.768081214438947502e-01
2.501834008826298583e-01
7.506493043418879241e-01
-1.495469047413760799e-01
7.018408830273765719e-01
7.580728209931861805e-01
-2.560644774486106057e-01
-3.824496294532024887e-01
-1.633672590487637577e-01
-6.060828333896517428e-01
7.718884140133228655e-01
-1.567110221352900901e-01
-2.670544054431375214e-01
-1.039352397615196516e-01
3.104362550741530669e-01
-3.227596667042799683e-01
9.777245857154863717e-01
8.387061906903779951e-01
1.337952586938803590e+00
-1.208700166780255214e-01
1.120173987385899017e-01
-3.724627326713965680e-01
-2.229621878298524151e-01
4.866616767759780054e-02
5.706942965230488163e-01
6.730034097238081214e-01
-1.952529704166343361e-01
-7.636320629206563848e-02
-5.130882020851764563e-02
1.610831098130179606e-01
2.483142772379977603e-01
