-9.445999999999999952e-01
7.710000000000000187e-01
6.643999999999999906e-01
7.356000000000000316e-01
7.620999999999999996e-01
-7.779999999999999416e-02
-5.276999999999999469e-01
-5.837999999999999856e-01
6.019999999999999796e-01
-8.064000000000000057e-01
6.939999999999999503e-01
-3.986999999999999988e-01
-8.479999999999999760e-01
-4.320000000000000229e-02
-7.421999999999999709e-01
-6.704999999999999849e-01
-6.544999999999999707e-01
1.640000000000000069e-01
-3.239000000000000212e-01
-8.439999999999999725e-01
-9.523000000000000353e-01
5.788999999999999702e-01
-3.790999999999999925e-01
-6.480000000000000204e-01
-7.450999999999999845e-01
1.126999999999999946e-01
3.620000000000000301e-02
8.505000000000000338e-01
2.699999999999999969e-02
-7.679999999999999327e-02
-9.748999999999999888e-01
-4.736000000000000210e-01
7.670000000000000429e-02
-3.034000000000000030e-01
2.792999999999999927e-01
-6.971000000000000529e-01
-6.768999999999999462e-01
2.215000000000000024e-01
4.870000000000000023e-02
-8.631999999999999673e-01
5.759999999999999842e-02
-7.612999999999999767e-01
3.623999999999999999e-01
-8.719999999999999973e-01
-1.945999999999999952e-01
8.620999999999999774e-01
4.737999999999999989e-01
-6.805999999999999828e-01
-2.520000000000000018e-02
7.934999999999999831e-01
2.667999999999999816e-01
-5.643000000000000238e-01
-6.227000000000000313e-01
9.021000000000000130e-01
-4.917000000000000259e-01
-1.380000000000000115e-01
8.794999999999999485e-01
-4.475999999999999979e-01
-5.723000000000000309e-01
6.012999999999999456e-01
2.589000000000000190e-01
5.000999999999999890e-01
3.764000000000000123e-01
-6.983000000000000318e-01
-5.133999999999999675e-01
7.223000000000000531e-01
2.818999999999999839e-01
7.399999999999999634e-02
-5.296999999999999487e-01
-6.885000000000000009e-01
-5.843000000000000416e-01
1.097000000000000058e-01
8.874999999999999556e-01
3.402999999999999914e-01
7.399999999999999634e-02
-2.470999999999999863e-01
-9.918000000000000149e-01
8.538000000000000034e-01
-6.671000000000000263e-01
-9.922999999999999599e-01
-3.389999999999999958e-02
6.733999999999999986e-01
7.028999999999999693e-01
2.043999999999999984e-01
-3.094999999999999973e-01
-3.989999999999999797e-02
9.411000000000000476e-01
5.106000000000000538e-01
-3.588999999999999968e-01
3.129000000000000115e-01
-8.122000000000000330e-01
-8.716000000000000414e-01
-8.312000000000000499e-01
-6.441999999999999948e-01
8.408999999999999808e-01
-9.089999999999999469e-02
-9.598999999999999755e-01
7.586000000000000520e-01
7.022000000000000464e-01
-1.516000000000000125e-01
7.552999999999999714e-01
5.909999999999999698e-01
-9.657999999999999918e-01
3.415000000000000258e-01
4.863999999999999990e-01
-3.217999999999999750e-01
-4.380000000000000004e-01
-8.007999999999999563e-01
-7.600999999999999979e-01
5.676999999999999824e-01
8.035999999999999810e-01
-6.830000000000000515e-01
6.342999999999999750e-01
-8.918000000000000371e-01
8.958000000000000407e-01
4.621000000000000107e-01
-5.856000000000000094e-01
-8.859000000000000208e-01
-4.819999999999999979e-02
3.891000000000000014e-01
9.119000000000000439e-01
-3.362999999999999878e-01
9.688999999999999835e-01
-7.470000000000000251e-02
-4.747999999999999998e-01
-5.868999999999999773e-01
7.412999999999999590e-01
-2.572999999999999732e-01
6.452999999999999847e-01
-5.210000000000000048e-02
-6.520000000000000240e-01
-2.450000000000000094e-02
3.694999999999999951e-01
-4.202000000000000179e-01
-2.001999999999999891e-01
-9.842999999999999527e-01
-2.650000000000000133e-01
7.547000000000000375e-01
-8.279999999999999583e-01
6.438000000000000389e-01
7.441999999999999726e-01
3.201999999999999846e-01
-3.669999999999999929e-01
-4.879999999999999893e-01
4.870999999999999774e-01
-6.526999999999999469e-01
7.047999999999999821e-01
8.682999999999999607e-01
-4.300000000000000003e-03
6.769999999999999629e-02
9.041000000000000147e-01
-9.455999999999999961e-01
-2.949999999999999845e-01
-1.360000000000000098e-01
5.673000000000000265e-01
1.106000000000000039e-01
8.604000000000000536e-01
-9.339999999999999691e-02
9.106999999999999540e-01
-7.747000000000000552e-01
4.487999999999999767e-01
-1.398999999999999966e-01
-7.082000000000000517e-01
7.395000000000000462e-01
-2.089000000000000024e-01
-9.729999999999999760e-01
-5.584999999999999964e-01
1.970000000000000084e-01
-2.212999999999999967e-01
6.060000000000000109e-02
-3.018000000000000127e-01
-2.313000000000000056e-01
-8.559999999999999554e-02
-4.565000000000000169e-01
8.866000000000000547e-01
5.238000000000000433e-01
7.714999999999999636e-01
-9.831999999999999629e-01
8.920000000000000151e-01
7.125000000000000222e-01
-9.815000000000000391e-01
-2.286999999999999866e-01
7.489999999999999436e-02
-8.685000000000000497e-01
7.079999999999999627e-01
2.184000000000000108e-01
-7.516000000000000458e-01
-5.421000000000000263e-01
8.668000000000000149e-01
-7.822000000000000064e-01
-8.159999999999999476e-01
5.720000000000000084e-02
1.490000000000000005e-02
3.210999999999999965e-01
9.544000000000000261e-01
7.015000000000000124e-01
-1.600000000000000077e-03
7.199999999999999803e-03
1.784000000000000030e-01
-6.969999999999999529e-01
-1.423000000000000098e-01
-8.774999999999999467e-01
-3.099999999999999978e-02
-9.871999999999999664e-01
-2.829999999999999738e-01
-8.524000000000000465e-01
9.014999999999999680e-01
-3.062000000000000277e-01
-5.399999999999999939e-02
8.940000000000000169e-01
-3.022000000000000242e-01
9.191000000000000281e-01
5.090999999999999970e-01
-5.497999999999999554e-01
-7.214000000000000412e-01
9.790999999999999703e-01
-7.675999999999999490e-01
7.652999999999999803e-01
-9.638999999999999790e-01
-9.566999999999999948e-01
9.161000000000000254e-01
-6.448000000000000398e-01
-5.338000000000000522e-01
9.033999999999999808e-01
-9.222000000000000197e-01
-1.010999999999999954e-01
3.085999999999999854e-01
3.901000000000000023e-01
9.160000000000000364e-01
-7.359999999999999876e-02
-1.355000000000000093e-01
-7.901000000000000245e-01
1.150999999999999940e-01
-9.122999999999999998e-01
1.370000000000000107e-01
