-3.841999999999999860e-01
5.383000000000000007e-01
1.024000000000000049e-01
6.909999999999999476e-02
-9.177999999999999492e-01
-7.682999999999999829e-01
1.539000000000000090e-01
-2.179999999999999993e-01
6.095000000000000417e-01
2.500000000000000000e-01
-1.395000000000000129e-01
8.247999999999999776e-01
-7.185000000000000275e-01
-2.554000000000000159e-01
3.728000000000000203e-01
8.830000000000000349e-02
3.573999999999999955e-01
-1.010000000000000064e-01
-1.559000000000000108e-01
-7.225000000000000311e-01
2.977000000000000202e-01
-9.499999999999999556e-01
5.526999999999999691e-01
9.306999999999999718e-01
5.353999999999999870e-01
9.869999999999999885e-01
8.119999999999999440e-02
2.801000000000000156e-01
2.779999999999999832e-02
5.221000000000000085e-01
2.562999999999999723e-01
-1.349999999999999985e-02
5.897999999999999909e-01
4.554000000000000270e-01
-9.760999999999999677e-01
-4.270000000000000184e-02
-1.178000000000000019e-01
3.454999999999999738e-01
-9.596000000000000085e-01
-5.174999999999999600e-01
-5.223999999999999755e-01
-9.239000000000000545e-01
-2.836000000000000187e-01
9.689999999999999725e-01
-8.268999999999999684e-01
-1.652000000000000135e-01
3.914000000000000257e-01
-7.564999999999999503e-01
8.443000000000000504e-01
3.022000000000000242e-01
1.970000000000000084e-01
-4.919999999999999929e-01
1.069999999999999944e-02
-2.318999999999999950e-01
8.407999999999999918e-01
9.042000000000000037e-01
8.208999999999999631e-01
-7.229999999999999760e-01
5.606999999999999762e-01
-9.686000000000000165e-01
6.008000000000000007e-01
5.933000000000000496e-01
-1.973999999999999921e-01
-9.110000000000000042e-02
4.056000000000000161e-01
-3.481000000000000205e-01
4.501000000000000001e-01
-9.837000000000000188e-01
-2.674000000000000266e-01
-8.779000000000000137e-01
5.192999999999999838e-01
-9.529999999999999583e-01
-9.243999999999999995e-01
-7.960000000000000409e-01
8.923999999999999710e-01
-7.134000000000000341e-01
6.637999999999999456e-01
-2.596999999999999864e-01
3.251999999999999891e-01
-5.000000000000000000e-01
1.001999999999999974e-01
3.678000000000000158e-01
7.641000000000000014e-01
1.864000000000000101e-01
2.059999999999999887e-01
-8.527000000000000135e-01
8.556000000000000272e-01
9.989000000000000101e-01
-2.242999999999999994e-01
1.386999999999999900e-01
9.552000000000000490e-01
-1.885999999999999899e-01
-9.170000000000000373e-02
-6.534999999999999698e-01
-1.949999999999999997e-02
-1.758000000000000118e-01
-6.311999999999999833e-01
5.439999999999999697e-02
1.900000000000000022e-01
9.274999999999999911e-01
-4.521999999999999909e-01
-3.325000000000000178e-01
-6.904000000000000137e-01
4.610000000000000209e-02
-8.074000000000000066e-01
-9.535000000000000142e-01
-6.218000000000000194e-01
-3.296999999999999931e-01
7.608000000000000318e-01
-2.581999999999999851e-01
8.840999999999999970e-01
1.373000000000000054e-01
-8.190000000000000058e-02
8.596000000000000307e-01
8.895999999999999464e-01
2.348999999999999977e-01
8.456000000000000183e-01
5.535999999999999810e-01
-2.091999999999999971e-01
-4.915999999999999814e-01
-5.763000000000000345e-01
6.393999999999999684e-01
5.832000000000000517e-01
-7.379000000000000004e-01
-7.539999999999999480e-02
-8.974999999999999645e-01
-5.539999999999999786e-02
-5.070000000000000201e-02
6.479000000000000314e-01
9.089999999999999469e-02
6.525999999999999579e-01
-6.833000000000000185e-01
2.479999999999999982e-01
-3.022000000000000242e-01
-6.624999999999999778e-01
9.320000000000000506e-01
7.648000000000000353e-01
-1.834000000000000075e-01
9.428999999999999604e-01
4.179999999999999827e-01
-6.663999999999999924e-01
7.390999999999999792e-01
-9.403000000000000247e-01
-8.062000000000000277e-01
5.197000000000000508e-01
9.349999999999999978e-02
1.069999999999999944e-02
7.426000000000000378e-01
5.600000000000000533e-01
-3.741999999999999771e-01
5.953000000000000513e-01
5.135999999999999455e-01
4.884999999999999898e-01
4.879999999999999893e-01
3.019000000000000017e-01
-8.252000000000000446e-01
8.447999999999999954e-01
7.080000000000000182e-02
5.144999999999999574e-01
6.250999999999999890e-01
-8.494000000000000439e-01
-2.404000000000000026e-01
-6.622000000000000108e-01
-6.713000000000000078e-01
-8.598000000000000087e-01
8.300999999999999490e-01
2.005000000000000115e-01
9.696000000000000174e-01
8.242000000000000437e-01
-3.632000000000000228e-01
3.951000000000000068e-01
4.677999999999999936e-01
7.305000000000000382e-01
4.630000000000000226e-01
1.960999999999999965e-01
5.006000000000000449e-01
7.583999999999999631e-01
-2.649999999999999925e-02
3.420000000000000262e-01
-6.799999999999999621e-03
-5.541000000000000369e-01
2.705000000000000182e-01
-1.789999999999999925e-01
-3.417999999999999927e-01
5.472000000000000197e-01
3.075999999999999845e-01
7.423999999999999488e-01
-8.358999999999999764e-01
-7.294000000000000483e-01
-8.742999999999999661e-01
-2.918000000000000038e-01
-9.036999999999999478e-01
-7.751000000000000112e-01
4.970999999999999863e-01
9.296999999999999709e-01
4.495000000000000107e-01
7.268999999999999906e-01
4.582999999999999852e-01
-8.306000000000000050e-01
5.501000000000000334e-01
-5.943000000000000504e-01
-4.454000000000000181e-01
-3.605999999999999761e-01
-2.585999999999999965e-01
6.538000000000000478e-01
-5.029999999999999749e-02
6.733000000000000096e-01
-6.266000000000000458e-01
-6.400000000000000133e-01
5.064999999999999503e-01
9.557999999999999829e-01
2.651999999999999913e-01
8.691999999999999726e-01
8.461999999999999522e-01
-1.862999999999999934e-01
6.170999999999999819e-01
7.740000000000000213e-01
-2.520000000000000018e-01
1.110000000000000014e-01
9.020000000000000240e-01
4.813999999999999946e-01
-1.093999999999999972e-01
6.172999999999999599e-01
9.989000000000000101e-01
7.338000000000000078e-01
-5.538999999999999480e-01
-6.282999999999999696e-01
9.048000000000000487e-01
-7.389999999999999902e-01
-7.337000000000000188e-01
5.604999999999999982e-01
6.300999999999999934e-01
-7.409000000000000030e-01
-7.659000000000000252e-01
-1.431999999999999940e-01
