3.744999999999999996e-01
3.466000000000000192e-01
-1.751999999999999946e-01
-5.999999999999999778e-01
4.366999999999999771e-01
6.339000000000000190e-01
-4.114999999999999769e-01
7.486000000000000432e-01
6.439000000000000279e-01
6.740000000000000158e-02
2.031000000000000028e-01
-5.026000000000000467e-01
-4.868999999999999995e-01
6.739000000000000545e-01
9.076999999999999513e-01
-4.596000000000000085e-01
-2.799999999999999972e-03
7.772000000000000020e-01
5.476999999999999647e-01
6.994000000000000217e-01
-7.324000000000000510e-01
-6.925999999999999934e-01
-5.140000000000000124e-01
-4.694999999999999729e-01
3.785000000000000031e-01
9.005999999999999561e-01
4.358000000000000207e-01
-4.487999999999999767e-01
7.338999999999999968e-01
-7.613999999999999657e-01
8.508000000000000007e-01
-2.431999999999999995e-01
9.481000000000000538e-01
-5.872000000000000552e-01
-4.555000000000000160e-01
4.257000000000000228e-01
-3.812999999999999723e-01
-1.385000000000000120e-01
5.084999999999999520e-01
-3.202999999999999736e-01
7.600999999999999979e-01
-8.010000000000000453e-01
-3.982999999999999874e-01
-9.950999999999999845e-01
-7.822999999999999954e-01
-1.200999999999999984e-01
-7.459999999999999964e-01
-4.042000000000000037e-01
2.877000000000000113e-01
1.244999999999999996e-01
3.760999999999999899e-01
-6.024000000000000465e-01
-4.693999999999999839e-01
2.059999999999999887e-01
-7.860000000000000320e-02
-3.463999999999999857e-01
1.439999999999999891e-01
7.391999999999999682e-01
2.771000000000000130e-01
-8.326000000000000068e-01
-2.036999999999999922e-01
4.682000000000000051e-01
-8.860000000000000098e-01
2.474999999999999978e-01
-4.460999999999999965e-01
-5.829999999999999766e-02
2.924999999999999822e-01
9.657999999999999918e-01
7.643999999999999684e-01
-9.862999999999999545e-01
6.059999999999999831e-01
-3.148000000000000242e-01
-5.028000000000000247e-01
2.626999999999999891e-01
-4.011000000000000121e-01
4.077000000000000068e-01
5.238000000000000433e-01
8.668000000000000149e-01
3.852999999999999758e-01
4.452999999999999736e-01
3.790000000000000036e-01
2.263999999999999901e-01
2.949999999999999845e-02
-7.064000000000000279e-01
7.140000000000000513e-02
7.233000000000000540e-01
-8.010000000000000453e-01
-8.360999999999999543e-01
-2.411999999999999977e-01
-9.072999999999999954e-01
1.882000000000000062e-01
3.945000000000000173e-01
-5.800000000000000294e-02
-6.046000000000000263e-01
7.935999999999999721e-01
-6.459000000000000297e-01
6.995999999999999996e-01
-2.531999999999999806e-01
-5.731000000000000538e-01
9.656000000000000139e-01
2.174000000000000099e-01
-3.862999999999999767e-01
-5.201000000000000068e-01
-1.688999999999999946e-01
-7.507000000000000339e-01
5.381000000000000227e-01
5.524000000000000021e-01
7.073000000000000398e-01
4.112000000000000099e-01
9.707999999999999963e-01
-8.064000000000000057e-01
7.265000000000000346e-01
-2.680000000000000090e-02
-9.099999999999999756e-02
-7.621999999999999886e-01
3.513999999999999901e-01
5.170000000000000151e-01
-8.448999999999999844e-01
-4.897000000000000242e-01
3.986000000000000099e-01
-6.889999999999999458e-01
-1.264000000000000123e-01
1.350000000000000089e-01
-7.119999999999999940e-02
4.934000000000000052e-01
-3.028000000000000136e-01
-9.990999999999999881e-01
-4.946999999999999731e-01
6.417000000000000481e-01
9.254999999999999893e-01
2.146000000000000130e-01
-6.521000000000000130e-01
-8.919000000000000261e-01
-6.450000000000000178e-01
-7.138999999999999790e-01
5.686999999999999833e-01
5.839999999999999636e-01
-9.383000000000000229e-01
-2.929999999999999966e-02
-5.268000000000000460e-01
-2.528000000000000247e-01
-3.286000000000000032e-01
4.370999999999999885e-01
-2.857000000000000095e-01
-6.707999999999999519e-01
-4.959000000000000075e-01
-7.693999999999999728e-01
-5.533000000000000140e-01
6.932000000000000384e-01
4.751000000000000223e-01
7.673999999999999710e-01
-5.124999999999999556e-01
6.765999999999999792e-01
-3.839999999999999664e-02
-9.461000000000000520e-01
3.819000000000000172e-01
3.682000000000000273e-01
-9.439999999999999780e-02
7.548000000000000265e-01
-3.156999999999999806e-01
3.245000000000000107e-01
-9.049000000000000377e-01
2.280000000000000082e-01
2.401999999999999968e-01
5.918999999999999817e-01
8.719999999999999973e-02
2.291999999999999871e-01
-2.326999999999999902e-01
6.226000000000000423e-01
-4.803999999999999937e-01
-3.659999999999999920e-01
-2.631999999999999895e-01
-2.167000000000000037e-01
-6.239999999999999991e-01
4.884999999999999898e-01
2.202000000000000068e-01
1.959999999999999937e-02
-6.774000000000000021e-01
-1.731000000000000039e-01
4.290999999999999814e-01
-8.642999999999999572e-01
-6.908999999999999586e-01
-8.209999999999999520e-01
-4.329000000000000070e-01
-3.489999999999999769e-01
8.013000000000000123e-01
-4.244999999999999885e-01
-2.477000000000000035e-01
-9.799999999999999822e-01
3.934000000000000274e-01
-1.516000000000000125e-01
-6.719999999999999585e-02
-8.238999999999999657e-01
9.358999999999999542e-01
1.405000000000000138e-01
8.054999999999999938e-01
-3.315000000000000169e-01
-5.157000000000000473e-01
-3.437999999999999945e-01
1.801999999999999991e-01
-2.398000000000000131e-01
-2.053000000000000103e-01
-2.902000000000000135e-01
8.078999999999999515e-01
5.384999999999999787e-01
5.806000000000000050e-01
-4.002999999999999892e-01
-2.182999999999999940e-01
5.659999999999999754e-02
4.656000000000000139e-01
-3.469999999999999751e-01
2.447999999999999898e-01
1.188000000000000028e-01
-3.880000000000000115e-02
7.170999999999999597e-01
2.675000000000000155e-01
4.639999999999999680e-02
9.518999999999999684e-01
1.218000000000000055e-01
-4.714999999999999747e-01
6.596999999999999531e-01
-9.492000000000000437e-01
4.625000000000000222e-01
-4.865999999999999770e-01
7.370999999999999774e-01
-4.390000000000000013e-01
-7.204000000000000403e-01
-7.769000000000000350e-01
5.272999999999999909e-01
4.820999999999999730e-01
5.966000000000000192e-01
-8.565000000000000391e-01
7.181999999999999496e-01
-5.682000000000000384e-01
4.642999999999999905e-01
