2.386000000000000065e-01
-2.908999999999999919e-01
7.435000000000000497e-01
-4.052999999999999936e-01
-4.944000000000000061e-01
1.360999999999999988e-01
1.476999999999999980e-01
7.100999999999999535e-01
-4.416999999999999815e-01
3.024000000000000021e-01
7.364000000000000545e-01
-6.341999999999999860e-01
3.466000000000000192e-01
-2.877000000000000113e-01
-4.032999999999999918e-01
-4.799999999999999580e-03
-6.219999999999999835e-02
2.526999999999999802e-01
1.391999999999999904e-01
8.219999999999999529e-02
-5.198000000000000398e-01
4.595000000000000195e-01
-7.490999999999999881e-01
-8.907000000000000473e-01
-1.310000000000000053e-01
-8.889000000000000234e-01
-6.743000000000000105e-01
9.084999999999999742e-01
-9.475000000000000089e-01
-9.858999999999999986e-01
-1.113999999999999990e-01
-4.637999999999999901e-01
-8.980000000000000482e-02
-5.017000000000000348e-01
-3.309999999999999748e-02
-8.712999999999999634e-01
-1.116000000000000048e-01
-4.436999999999999833e-01
-5.553000000000000158e-01
-1.170999999999999958e-01
-4.129999999999999782e-01
-6.768999999999999462e-01
-6.862000000000000322e-01
9.534000000000000252e-01
3.323999999999999733e-01
-4.625000000000000222e-01
-3.295000000000000151e-01
9.839999999999999858e-01
-1.183000000000000024e-01
-3.513000000000000012e-01
-7.949000000000000510e-01
3.039000000000000035e-01
-3.055999999999999828e-01
-2.708999999999999742e-01
-4.590000000000000191e-01
-3.854000000000000203e-01
-5.294999999999999707e-01
-8.548999999999999932e-01
1.653999999999999915e-01
-2.560000000000000123e-02
5.866999999999999993e-01
-1.698999999999999955e-01
-9.641999999999999460e-01
-4.376999999999999780e-01
-5.997999999999999998e-01
9.387999999999999678e-01
-6.038000000000000034e-01
-2.646999999999999909e-01
9.902999999999999581e-01
7.820000000000000562e-02
-1.097000000000000058e-01
-4.655000000000000249e-01
1.145999999999999935e-01
-4.239999999999999880e-01
1.359999999999999924e-02
-9.971999999999999753e-01
8.456000000000000183e-01
-2.013000000000000067e-01
-3.500000000000000333e-02
-5.705000000000000071e-01
1.569999999999999868e-02
-3.064000000000000057e-01
-6.284999999999999476e-01
6.442999999999999838e-01
2.164999999999999980e-01
6.239000000000000101e-01
-1.895000000000000018e-01
-8.663999999999999480e-01
4.576000000000000068e-01
8.026999999999999691e-01
-5.278000000000000469e-01
-1.243999999999999967e-01
-9.022000000000000020e-01
-6.373999999999999666e-01
2.690000000000000169e-01
-1.968000000000000027e-01
8.404000000000000359e-01
-3.207999999999999741e-01
7.909000000000000474e-01
-1.700000000000000122e-01
2.346999999999999920e-01
7.208999999999999853e-01
5.182999999999999829e-01
6.670000000000000373e-01
-2.076999999999999957e-01
-5.381000000000000227e-01
-1.645000000000000073e-01
9.778000000000000025e-01
-3.482000000000000095e-01
4.300000000000000003e-03
-4.828000000000000069e-01
4.727999999999999980e-01
-4.072999999999999954e-01
7.775999999999999579e-01
8.409999999999999698e-01
3.839000000000000190e-01
8.419999999999999707e-01
-6.317000000000000393e-01
3.166999999999999815e-01
2.373999999999999999e-01
-4.986999999999999766e-01
1.827000000000000013e-01
9.368999999999999551e-01
5.029999999999999749e-02
1.471000000000000085e-01
-1.890000000000000013e-02
3.019000000000000017e-01
7.869000000000000439e-01
5.437999999999999501e-01
4.378000000000000225e-01
-4.869999999999999885e-01
3.700000000000000164e-03
2.514000000000000123e-01
-5.775000000000000133e-01
-8.410999999999999588e-01
2.240000000000000047e-01
-9.850999999999999757e-01
-7.178999999999999826e-01
1.247000000000000053e-01
-3.350000000000000200e-01
9.567999999999999838e-01
7.209999999999999742e-01
5.443999999999999950e-01
-3.810999999999999943e-01
7.764999999999999680e-01
8.019999999999999352e-02
8.971999999999999975e-01
9.840000000000000135e-02
9.727000000000000091e-01
-6.564999999999999725e-01
-3.422999999999999932e-01
-6.002999999999999448e-01
1.418000000000000094e-01
2.952000000000000179e-01
2.220999999999999919e-01
3.145999999999999908e-01
-5.252000000000000002e-01
-4.984999999999999987e-01
9.469999999999999529e-01
-6.494999999999999662e-01
-3.877999999999999781e-01
-3.490000000000000047e-02
3.669999999999999929e-01
1.605999999999999928e-01
7.633999999999999675e-01
-5.457999999999999519e-01
9.126999999999999558e-01
2.097999999999999865e-01
-2.326999999999999902e-01
8.500000000000000611e-02
7.427000000000000268e-01
1.670000000000000095e-01
-7.103000000000000425e-01
7.108999999999999764e-01
-8.699999999999999400e-02
7.057999999999999829e-01
9.790999999999999703e-01
3.618999999999999995e-01
7.957999999999999519e-01
-2.869999999999999774e-01
-8.416000000000000147e-01
-3.420000000000000123e-02
-6.070999999999999730e-01
-6.780000000000000471e-01
1.112999999999999962e-01
-9.415000000000000036e-01
-6.395999999999999464e-01
-4.646000000000000130e-01
-8.667000000000000259e-01
-1.991999999999999882e-01
-1.265000000000000013e-01
7.851000000000000201e-01
1.170000000000000068e-01
4.819999999999999979e-02
7.638000000000000345e-01
-1.514000000000000068e-01
-5.371000000000000218e-01
2.164000000000000090e-01
2.396999999999999964e-01
-5.350000000000000311e-01
-9.052000000000000046e-01
-5.022999999999999687e-01
-7.255000000000000338e-01
1.625000000000000056e-01
5.080999999999999961e-01
8.816000000000000503e-01
7.479000000000000092e-01
3.311999999999999944e-01
2.064999999999999891e-01
-7.220999999999999641e-01
8.602999999999999536e-01
4.383000000000000229e-01
7.514999999999999458e-01
-4.046000000000000152e-01
-8.856000000000000538e-01
2.811000000000000165e-01
6.299000000000000155e-01
1.032000000000000001e-01
-5.059999999999999915e-02
5.230000000000000204e-01
-5.321000000000000174e-01
-3.650999999999999801e-01
-2.922000000000000153e-01
-5.570000000000000506e-01
6.893000000000000238e-01
-6.225000000000000533e-01
-1.300999999999999934e-01
3.272999999999999798e-01
5.989999999999999769e-01
-5.433999999999999941e-01
7.478000000000000203e-01
-4.781000000000000250e-01
-6.887999999999999678e-01
-5.806000000000000050e-01
4.383000000000000229e-01
