2.359033893495102174e-02
-5.236878922919661061e-01
1.155090303311620686e-01
-5.424538699371556083e-01
4.573355867265971320e-01
-1.934876533421746592e-01
-2.472713790933963873e-01
6.422553208531970315e-01
-9.657621374742609253e-04
2.707047452150777508e-02
7.131328854487797297e-01
-2.402169452475555189e-01
5.548069240358002308e-01
8.008784328737660330e-01
-9.835284668701729793e-02
7.115509729986981835e-01
6.336665727539276816e-01
6.173611862126359151e-01
7.544636152601227330e-01
-2.398253795680041489e-01
6.611890121632394424e-01
1.073449691796479755e+00
-1.048898964832263997e-01
-2.651657464277839549e-01
1.088373866547826418e+00
1.950889154021739902e-01
1.290400860018927065e-01
9.337817279137894388e-01
1.467260769322932812e-01
7.460184199032686703e-01
-3.597928612451700703e-01
3.791845051894841556e-01
3.146426229012428549e-02
7.634141225629831329e-02
-8.488382465627059004e-02
-2.904790156228226339e-01
-3.677104998105880096e-01
1.305638842715398651e-01
6.582470575387326939e-01
9.228994132359079339e-03
3.969455739834188042e-03
2.848124972342014893e-01
6.335103426153836093e-02
8.548954029905051488e-01
3.991156757281540401e-01
1.634958187877785518e-01
6.595329250058022952e-01
-2.478080683144787827e-02
-7.395594986335372878e-03
3.916753961766594738e-01
2.124969493257185538e-01
4.239761366873318615e-01
-3.523300667943682352e-01
1.116181252564809601e+00
-2.460990113896439901e-01
5.649795883488441250e-02
-6.441924136544228130e-01
-1.699320652902214790e-01
-2.232689028050933999e-01
3.670806284654443835e-02
9.278709033234511239e-02
2.620122617215472904e-01
-9.587289448986757723e-02
3.191151154594412676e-02
-5.130374893278629722e-01
6.098697900800972155e-03
-1.346302097608017279e-01
-8.366534416264383156e-02
-7.093741639229763501e-03
-9.258164962939119391e-02
-1.098392759912313887e-01
-2.049276445262948609e-01
-2.272824935566994387e-01
-3.224704696741402810e-01
-1.584600585766081926e-01
-3.598326203253687794e-02
-2.772860678279294722e-01
1.197385087132095904e+00
-1.285567282344391715e-01
9.565302738818568518e-01
-1.526411728140744939e-01
-6.386153276180780991e-02
1.195914111833759508e+00
8.517423075472298211e-02
1.164983325956229665e+00
9.112966204396665271e-01
-1.325624251255983974e-02
-1.010445755263881390e-01
-2.667842596136248412e-01
1.147827209143847949e+00
9.549257837457808540e-01
1.126512910627438080e+00
1.073599401802247888e+00
-1.348451675161234896e-02
1.222212164365703124e+00
1.170261469842040825e+00
-3.137805405820016241e-02
9.008430298926514146e-01
5.131047815536835671e-02
1.195420171697022971e+00
9.744259664761846240e-01
1.133910432952788261e+00
9.658668580585458852e-01
-1.679397572959983875e-01
1.217244142024090259e+00
-9.425779404023883201e-02
-3.149921351400506997e-01
9.516010437408228655e-04
9.249723392260370547e-01
1.012073163114612484e+00
-1.394813268722965571e-01
-1.918820754753448043e-01
5.398212713996212164e-01
1.278795496768086126e+00
9.075332603453788449e-01
2.709838035123911526e-01
6.720258445751431386e-01
5.720388730312091496e-01
-1.574969315820405613e-01
-3.416561373379303074e-02
-3.065608072471665002e-01
-2.266925991163493415e-01
-3.494209156955369044e-01
7.742355315199115351e-01
-2.976251585923353482e-01
-2.547871157700880296e-02
7.577289508696022358e-01
-8.876739617369788782e-02
6.403897089817117694e-01
-1.270490354101070363e-01
-2.792197231819837713e-02
-2.981189797271068254e-01
1.091542492090509464e+00
9.459697982595665078e-01
1.966439018012788587e-01
-1.438422265219478635e-01
4.625486457455641603e-02
-1.471145646316445767e-02
9.536070609392709452e-01
-5.283523336723124908e-01
1.212291674340900405e-01
2.892013284461420614e-02
9.130037565471693650e-01
-4.017536988780574803e-02
-5.483548250482315339e-02
-1.478776754603352006e-01
-1.444038608241055843e-01
-1.576980232024116912e-01
-1.880985443132904885e-03
-9.000079517507829363e-02
-2.392351183105758394e-01
-2.459892505881096370e-01
-5.908756594410582985e-02
-7.027040134498693802e-02
2.601409266370938722e-01
1.033435634617793086e+00
1.804844265114398383e-02
1.119141892062976540e+00
5.542108021006357799e-01
1.513224103504205997e-01
-1.745290267763861900e-03
9.633551808907327985e-01
6.389129503405779342e-01
-1.324255975021221277e-01
-1.334978474060358467e-01
3.339163232951393168e-01
-1.398042744056005315e-01
-2.331469817701748160e-01
-1.797021323701772366e-01
-4.799689345622563663e-01
5.992851530089212675e-01
-5.935926108447585614e-01
4.744644969844438176e-01
1.598714131108640302e-01
-1.561059787206943439e-01
4.771071083324460727e-01
-1.169923726608342873e-01
-1.233649706745385821e-01
1.224527749600666238e-01
4.756236764564152897e-01
-1.227987083544983538e-01
-5.708461352430964642e-01
-1.588455429727069212e-01
1.019242552110596556e+00
-5.677694494441718615e-02
-1.312739966619241583e-01
-1.040487236797933146e-01
6.075876892770133431e-01
-5.908672821302178579e-02
9.037699530091830580e-01
-2.861151971848069353e-01
1.842930812535115981e-01
6.200787083121060972e-01
1.010047378586260036e+00
-2.034671757817637094e-01
-2.861657403127945698e-01
-6.167772709916440749e-02
4.404358885874960078e-02
6.452713446337076109e-01
-1.093817145269233293e-01
1.591399677354284059e-01
-2.232187010772470892e-01
-4.122571362109343496e-01
-3.903932481549752392e-02
3.048889766613965824e-01
-9.129894206125019340e-02
6.064205682024366162e-01
-1.608306163507758346e-01
-5.403342057758478978e-01
-1.520056444627610193e-01
-9.447150246716001787e-02
1.102223369843021716e+00
9.562240755110785750e-01
-4.804796811944705287e-02
1.737508782244781558e-02
-1.307409015847227074e-01
-2.404318400271411305e-01
-1.879376612347647968e-01
-1.250001321340392657e-01
1.128671757421870758e+00
-1.835259551279279644e-01
-9.399264383091004982e-02
-1.401036835390376094e-02
-6.337760247090892807e-02
-1.677331914327118579e-03
2.896536398743531845e-02
-1.649927692665494050e-01
1.107317798982371482e+00
1.144889240427091393e+00
4.518723658497151435e-02
-2.391615687928914935e-01
-1.663139420255085599e-01
5.733951576478786560e-02
1.154776095406251590e+00
-1.157634996864314175e-01
1.100004658835920468e+00
3.127008036685915982e-02
-1.191283898619922288e-01
9.618735987097876139e-01
-1.219500843565273912e-01
-4.304506937551173529e-01
-1.835007154586099642e-01
-2.358177625043113290e-01
1.091332360348307384e+00
-1.554394883555881013e-01
9.632501133918901504e-01
-7.445246124659569975e-02
1.156499087890705768e+00
1.461058664600142255e-02
-6.637306821655448996e-02
8.704533771308854695e-02
5.940333020922549181e-03
-5.461620134338870947e-02
-1.379492918305250670e-01
-7.883779983783108236e-02
-1.769543860332388474e-01
-1.598087538784362105e-01
6.195479711429061759e-03
9.457375352590799977e-01
-1.186232922549146224e-01
-2.763992673868083394e-02
2.457036009135029828e-02
-1.327819835227349310e-01
-4.613079005195620808e-02
-1.595142694920013982e-01
1.012462991424777581e+00
-1.659602987220213099e-01
-2.372025527901863162e-01
-8.459868219684291146e-02
-5.129898101709497518e-03
-1.250270264384827773e-02
-2.018956744279312432e-01
-2.145498540191565495e-01
9.251383688513754588e-01
-2.752737284781118232e-01
-5.978333757860199160e-02
-2.615899399770688638e-01
5.840714997983257467e-02
-1.239087024556449479e-01
-2.406437682817373636e-01
-1.448388131265586076e-01
9.598759604888652541e-01
-1.368803862107163816e-01
8.903155119089525837e-03
1.063097635224779625e+00
-1.998902425886516232e-01
-3.792653051032208317e-02
4.023506960990237691e-02
-5.443965430263091737e-02
-1.546933969975612666e-02
-1.650745642536763647e-01
-1.285064318611882916e-01
-2.791388108825791289e-02
-1.625772757920208034e-01
-9.758315363102811058e-02
-1.438566887716935250e-01
3.001266131034937418e-02
1.005355891731704698e+00
1.105411631739166900e+00
9.530128950879066529e-01
-4.256921930310834240e-02
-2.055691482759886002e-01
-2.999399812641515006e-01
6.879225796703612728e-02
-8.754278785266592089e-02
-2.300349166418414193e-01
-8.566976896311190304e-02
4.163140322464596865e-01
-2.004552165598837976e-01
-1.140063406546530933e-01
-1.725214970971659934e-01
7.295054141700846317e-01
4.801505356602027152e-01
-2.935177232920568313e-01
6.046788765098539686e-01
-2.705964681693874274e-01
5.524015016472038075e-01
6.070299815686092115e-01
-3.477973143492842922e-01
-3.033813187811406076e-01
-1.639035652808106258e-01
5.780372464544918376e-01
5.760230891212615445e-01
6.112772758752703650e-01
4.913853867228660244e-01
-2.214078324119891361e-01
-1.472546068879926340e-01
-4.384743047344676903e-01
-1.487887060560366126e-01
-1.279365292009211896e-01
7.223048920325582101e-01
6.295337734934965956e-01
-1.963665755884963227e-01
-2.227118890722874778e-01
5.467683302336947548e-01
-2.111024568957309278e-01
-1.189385589810316446e-01
6.300803107263408531e-01
6.130750059440501776e-01
6.164230022248086138e-01
-4.054083429670762295e-01
-4.296149304380363354e-01
6.075994972916282100e-01
2.739132671383273099e-01
-1.043088695528631427e-01
2.838388696752827678e-01
6.056092285368617212e-01
9.682576169108927377e-01
-2.668573398570552868e-01
-2.219704030467335443e-01
9.351360734872881109e-01
-4.383264501018652726e-01
-1.542193831150598105e-01
6.242646015160988604e-01
-3.898850837273638570e-01
-2.278046403325334757e-01
6.141056700374296629e-01
1.780627352548525832e-01
-3.636117216969585453e-01
-3.010983057285744335e-01
-2.320909535893904696e-01
-3.395262402886263797e-01
-1.473306344320359784e-01
-1.922963790496309278e-01
-2.205654170853796614e-01
-3.008373749150101140e-01
-2.524889249544881933e-02
-2.722649487334160567e-01
-3.362497205417829815e-01
-2.539844743314163544e-01
-8.544082922341206601e-03
6.167266171788137186e-01
-3.041535124779744526e-01
-2.006356318874003009e-01
6.026998029037407001e-01
5.606115299290614917e-01
-2.434337730108921405e-01
2.651006046033200225e-01
-1.004251528833736001e-01
-3.202233479890579937e-01
-2.302303954797116636e-01
-2.597043416745848377e-01
-8.452009038561610066e-02
6.004145967631521197e-01
-2.671248024648391062e-01
-1.905169126716469985e-01
-3.364153857990248020e-01
5.880450195199713459e-01
6.811513997814974131e-01
-1.836563780707601568e-01
-2.506106147713623722e-01
-2.793793061644300191e-01
-1.694368581730269219e-01
2.413435146056913672e-01
-1.848547323967424938e-01
-4.141974315766686621e-01
-2.802726284149605340e-01
-3.228939476945055786e-01
-4.186572005175484557e-01
-2.105920173666524509e-01
-2.671260593963810104e-01
-3.098712113701949655e-01
-1.993059233397268259e-01
-3.072794575164187747e-01
-2.088096269309136777e-01
-1.916515383022158736e-01
6.103011382165675069e-01
6.494387871921919464e-01
-1.504861209923848697e-01
6.646480126261584687e-01
-1.989025718515582408e-01
5.108544974669002592e-01
8.684226035115899522e-01
6.349870710136790164e-01
1.072384781280065091e+00
-6.387962938224898968e-02
-1.836656419224068082e-01
-2.058326778469538321e-01
-1.239941274888855666e-01
1.007364536984254100e+00
-1.216200840686347540e-01
-2.574253553432754305e-01
-1.722399046838580250e-01
-4.542537864906744105e-02
-3.531557885539159634e-03
-3.780667805118918812e-02
-1.185475439565649297e-01
-3.788010421024912838e-02
-4.900163634576815488e-03
-1.456372004524277008e-01
5.024368028528406176e-04
-1.254206202125575376e-01
-1.412176599521589859e-01
-1.799266679275747516e-01
-6.399056720061327419e-02
-8.628127668001733808e-02
-4.368462191037628117e-02
-1.661098848354547464e-01
-1.786662423368999830e-01
-9.364442889397030234e-02
-4.387780925138554285e-03
-1.077016373074736119e-03
-7.268404074323843098e-03
-9.521707752903893485e-02
-2.708094745086778860e-02
-8.282127944623672924e-03
-5.987467642542003421e-02
-7.784998128898444614e-02
1.071511088425598945e+00
1.017684229212610703e+00
-7.517107904940274754e-02
1.008213204222904391e+00
-9.541228332580786731e-02
-3.817268246018708233e-02
-5.325857323096334223e-02
-3.029622411664328538e-02
1.026170800400613814e+00
1.008946957040097292e+00
-1.592862412709709907e-01
-1.809137595305094770e-01
1.142025975263578630e+00
-1.377572380141466879e-01
-1.663552322890111124e-01
-2.055617169501551267e-01
-9.189450825680205159e-02
1.036568881821595456e+00
-5.151658609441100989e-02
1.062217957552447078e+00
-7.640530369855857984e-02
-1.022172211775914941e-01
-3.618169491497699730e-02
-5.699833387162143300e-02
-9.913447950705603362e-02
-9.699550865038142344e-02
-1.031090706666612788e-01
-1.201530031307601054e-01
-9.092319199307860589e-02
-1.954210827175540954e-01
-1.221915819664859265e-01
-1.797590199065124128e-01
