1.781293646154332722e-01
1.146155734897856604e+00
9.818710299031915278e-01
7.654575964396939103e-01
1.056205725479454571e+00
8.884345790762505635e-01
-1.164880720959943494e-01
-5.829059469292722888e-03
6.321611624460067580e-02
-1.139350241330835123e-01
-2.788942550107736257e-03
1.163757536568589712e+00
1.069513758277885973e+00
1.586065377277381672e-01
1.453757978682735097e-01
2.057185610429144648e-02
7.108322896509162991e-02
-6.560106118847169876e-02
-3.766229311074494046e-02
1.546722863758372701e-01
7.445491387371824810e-02
3.258639407476909833e-02
7.423822598213103419e-02
1.208429630680132177e-02
8.374255287861416541e-02
-4.079757465570225429e-03
2.534178727447455870e-01
7.317057349072064731e-02
-5.191802752991241804e-02
1.321262799006603095e-01
-1.110878757921194247e-02
-2.580620939252395440e-02
1.575433961882508060e-01
1.796725817830340521e-01
-5.647735015336123078e-03
2.300745363467723570e-01
1.365576073009319991e-01
2.695276806388911817e-02
1.085333858674586288e-01
-6.048023264038122210e-02
-9.843368944429889411e-02
7.186598546490734207e-02
-9.377893601006215274e-02
1.600058693764273843e-01
-3.111037313305330121e-03
-6.886662207174920614e-02
-7.486104730089407355e-02
6.292549006928664646e-02
1.760091727318712773e-01
-8.465714911866678571e-02
1.809816488265677814e-01
-1.659231434921688009e-01
-1.144329509089900138e-01
7.631929006902542223e-02
2.260912561656749226e-04
9.348288513701172309e-02
1.444044275478783279e-01
1.596365925359514298e-02
5.928804023551008558e-03
6.539732659037011953e-02
-8.731431737872365206e-02
8.186136551816619589e-02
2.277756509596284562e-01
-8.152965030870259339e-03
-2.303502550645822149e-03
1.381026964404593327e-01
8.847755488429309700e-02
-7.392647441463744140e-02
-1.758160666823114712e-02
4.034529679337047620e-02
1.078983909138602482e-01
1.246804050314131440e-01
4.615987994447762199e-03
-6.416656445601802428e-02
-6.671006697244277750e-02
8.356761022102004999e-02
2.581587279039631588e-01
-5.880945849378459156e-02
1.545612133239031294e-01
1.959727460657914311e-01
4.959270765923453478e-02
2.100467998915084289e-01
-4.533916910142381240e-02
-1.113844809811492809e-01
-2.168478647990618527e-02
-4.964538132965294615e-02
1.612112379131465933e-01
6.951299900402711784e-02
-2.824397487937756884e-02
2.814319711988762934e-02
9.316430239048179018e-02
-1.318279404654202902e-01
5.432995024407998724e-02
-8.514887681830957122e-02
8.700215074686458161e-01
8.744388875993133747e-02
1.132527538472869882e-01
1.242369743783815705e+00
-3.502776180932192784e-01
-1.247241709295771744e-01
-1.165947386228458338e-01
-5.490603517079259421e-02
-2.287650638343004944e-02
1.729540972909296426e-02
-3.078841541414005789e-01
-2.031747002714941186e-01
-1.966227485458376667e-01
-2.297576636543345874e-01
-1.065835830622100661e-01
-1.925493075542891452e-01
2.389663179308620239e-02
-1.494527418194078749e-01
1.246580058172872957e-01
-1.165031533375014416e-01
-1.434025063299992631e-01
-1.034262120699333959e-01
-1.712683844709499970e-01
-1.554516605369976323e-01
7.969914515881132422e-01
-1.486291240041447415e-01
1.118902313786784841e+00
-2.583514376260296896e-01
5.715919431865992134e-02
-3.745534713383073117e-02
4.969876501189091078e-01
1.023112908740166693e+00
6.607089715221251547e-01
-5.571295498151637715e-02
-2.785972500403703367e-01
8.265404363991305514e-01
2.761783054704852192e-01
5.337815979000439803e-01
6.465642540018644580e-01
6.615010741792846094e-01
-4.990171914700988059e-02
-2.392590612238251757e-02
2.572305750682244985e-01
5.898072637228192194e-01
-4.449820625361731175e-01
1.042727263389084502e+00
-9.273153314248694379e-02
5.245389853407299574e-01
5.412494026770739985e-01
-1.540441426525816782e-01
-2.248634138990325271e-01
-2.658215111494434124e-01
-1.094402111443167069e-01
-1.307425860535709194e-01
-8.107663359137204373e-02
-1.465648203001702343e-01
-1.403702044721470699e-01
-1.079501913579368755e-01
-3.843773984406635980e-01
-5.230055621825895756e-02
-1.342741240235100775e-01
-2.082602146447766756e-01
-1.486014679136421768e-01
-3.528996903592191980e-01
-3.352774143608103219e-01
-2.095178571696736380e-01
-9.097700393463084567e-02
-9.080203807085786283e-02
-1.442849738206379850e-01
-1.169757323823106959e-01
-1.451411151987727355e-01
-1.056546542115532616e-01
-1.412431604948473363e-01
-1.081431408650990744e-01
-1.551186653448976549e-01
4.875517809015476045e-01
-1.464225330728523011e-01
5.508512626074761886e-01
5.195144299622814765e-01
-1.356225226182288801e-01
1.695243733312713497e-01
-3.305885241573027211e-01
-1.802298425296793294e-01
-1.290674846040084367e-01
-1.621737116953518854e-01
5.348037868448535237e-01
4.307536963075160874e-01
-1.956054073674817761e-01
-2.801334576654959108e-01
-2.386269673489205545e-01
-3.288983579767399551e-02
-1.130639152866089042e-01
-1.336525643489835102e-01
-1.182079866134943258e-01
-1.287951073385578959e-01
-1.384549464515299200e-01
4.570618919961388915e-01
-2.639093586192324814e-01
-1.504987422908687089e-01
-7.370783571393453582e-02
5.437464264132394476e-01
-2.352918642919920034e-01
-1.839500973235536907e-01
-1.548923711656226554e-01
5.455425956515224106e-01
-8.920111915026121552e-02
-1.046307105162579826e-01
-1.056467863675704111e-01
-2.821291080391798434e-01
5.444126770030117690e-01
-1.007469928633444173e-01
-1.740930526277599533e-01
-1.911334201220456774e-01
-1.521270113357806042e-01
5.414332234324560345e-01
-1.195919778357466545e-01
-1.481313848438416680e-01
-2.449528597674983654e-01
-1.262766479460377123e-01
-1.386254164044605219e-01
-1.661418894220762499e-01
-2.910680361290003959e-01
-1.957082993838019369e-01
-4.559078393907695786e-02
-1.253849589614782767e-01
-1.607190716227052674e-01
-2.002230887100560908e-01
-9.294658754464334149e-02
-1.593676886532677250e-01
-1.555618872225160709e-01
-1.657578637039382463e-01
-1.445585200849194320e-02
-1.371050492198661597e-01
-4.448816180397000691e-02
-1.576123972277644614e-01
-3.405615000310414225e-02
-9.298967335692011338e-02
-7.558637712930002528e-02
-5.468327733544389169e-01
-1.432337250221391578e-01
5.098072873967507412e-01
-1.517152608340867348e-01
-1.462354948306619495e-01
-1.430538885882801647e-01
-2.670226406079335701e-01
5.168616722174855793e-01
-8.961137101500731006e-02
-1.926070859335512475e-01
-2.649631524056813014e-01
-1.291948687446621002e-01
-7.321590813548060905e-02
-1.641760524044410252e-01
-1.091311172736199597e-01
-1.837707008591068503e-01
-1.723266757441904162e-01
5.409564449263940533e-01
5.356132648400528939e-01
-1.569964574417925529e-01
-1.263961642427073317e-01
-1.581741908883421699e-01
-1.395114855004619958e-01
-9.079679284153492624e-02
-2.633936245784149199e-01
-8.381614193384812062e-02
-2.628957484649471765e-01
4.622790450743198831e-01
-1.095009059407438118e-01
-1.303578110169587023e-01
4.909811125326820069e-01
-1.659223391090726418e-01
-1.227364928136438355e-01
-1.637062297209758432e-01
-2.155425462245358914e-01
-1.083151094549753835e-01
-2.566736858561073920e-01
-1.665776181149548063e-01
-1.678544556670296950e-01
-1.326203781504699253e-01
-3.441339018671606964e-01
-1.655662261227807686e-01
-1.285197327992128602e-01
-2.253190545539159872e-01
-2.945976348700993785e-01
-2.443425647350899732e-01
-2.222674400003526174e-01
-3.349337900847795813e-01
-1.452936015083174104e-01
-1.449260607966138259e-01
-2.654143543479610123e-01
-8.553657715111166737e-02
-3.871683379727038909e-01
-1.376269495372975660e-01
-3.835530452031845061e-01
-8.485507199862848959e-02
-9.333136258125772355e-02
-3.362379324336586123e-02
-4.544775130920786776e-01
-8.070946753890395620e-02
-1.949277079353499767e-02
5.244046179303528676e-01
-1.299880223498372789e-01
-8.185517548629371587e-02
-1.757435215194835532e-01
-1.996476177482345848e-01
-1.810727236969777998e-01
-1.575809258518384992e-01
-1.858034755491580481e-01
-9.135653374192488629e-02
-3.764281752025600003e-01
-1.316028036622090280e-01
-1.329631913525141651e-01
-1.309921091055341567e-02
-1.421382214125385124e-01
4.746275470116095851e-01
-5.120003595104350991e-01
-4.329262417803012020e-02
-7.381536291501575309e-02
-1.040084015232535242e-01
-2.613245059207055521e-01
-2.184638437269375011e-01
-7.103276876025886588e-02
-3.738169081035053187e-01
-1.536080393004700950e-01
-1.172698398835210626e-01
1.092447166781442602e+00
-8.192223948975324577e-02
-1.130182068596671946e-01
-1.054373518539726273e-01
1.024017155742079854e+00
-3.365803709764757512e-01
-3.323489695514288966e-01
-2.233759584759108241e-01
1.027548319052776105e+00
-9.206576367796472093e-02
-1.674254719687582604e-01
1.121163298676603137e+00
-1.053489322739907669e-01
-2.127832178622890147e-01
-3.431294144428946313e-01
-2.575669858044195987e-02
-4.151636473442420205e-02
-1.298344120625811726e-01
1.020679691257012189e+00
-2.323310635636931243e-01
-5.016687186234913484e-03
-7.986123902586492185e-02
-2.177219759271739954e-02
-2.764516846559583185e-01
1.111871000275332477e+00
-1.308388734775369766e-01
-1.961963041125456275e-01
-1.347267123820572732e-01
-1.563865122036161084e-02
-2.729785935270252484e-01
-1.190494712602659239e-01
-1.946759369279501273e-01
-1.476947925595916145e-01
-1.087291079120929760e-01
-3.311463133999919400e-02
-2.755588716936873128e-01
-3.008015378006753116e-01
-9.005833948499381014e-02
-3.537127885755875223e-01
-3.690168690971100396e-02
1.042445144983463301e+00
-1.684992453425983999e-02
