1.512780975708172271e+00
8.300843974372479339e-01
-1.166300567439014502e-03
6.621930389547637796e-01
-2.588697655673937587e-02
7.110848261532952685e-01
7.168767062673787535e-04
-4.267166556880963579e-02
-2.168256940072868511e-02
1.002375565632797061e+00
9.945628674974984484e-01
-8.178497392074036282e-03
-5.054246728708325365e-02
2.603193723808551185e-01
-4.393593784406439329e-01
1.036325630769230122e+00
9.289597823260774545e-01
-1.073677708880493298e-01
3.107844829044279500e-01
5.253028844088497573e-01
1.350952742516427385e+00
-1.068994939174195413e-01
-1.029516307161660177e-01
-4.972943299672818313e-02
2.103878315260335752e-01
-5.250551660921178726e-02
-3.758177076559256896e-02
-8.893139082574932908e-02
-9.351935536460746767e-02
6.528605439639569852e-01
-1.618491157686545445e-02
-2.771482921269353278e-02
-7.253931389871350055e-02
-9.640400536804114018e-02
-6.050651291959349004e-02
-5.106179545633556666e-02
-1.184726935187824931e-01
-6.690359655358260604e-02
-3.578217939149962862e-02
-6.257162973950895768e-02
-1.130842105951569282e-01
-6.949203084188014523e-02
-9.491128360756255489e-02
1.808535904123030891e-01
-9.948618694879719782e-02
-8.394202578932870307e-02
-4.736263235845230429e-02
-7.835538102737431287e-02
-6.375656030113811823e-02
-4.263278262206394997e-02
-3.217504996454248478e-02
-1.042679403983390145e-02
6.754954923096740949e-01
-7.220866129958003476e-02
-1.774020020593230010e-02
-2.547648333094962303e-02
-5.388258822284187205e-02
-2.843957762270540868e-02
-7.371766675757630838e-02
-5.921479251896862722e-02
-2.834702830702127280e-02
-1.052098181488636680e-01
-1.164105892774251055e-01
-1.169692839856734112e-01
-7.025389562683878597e-02
-5.650388683212955593e-02
3.496980394328665434e-03
-8.230796608104111456e-02
-3.217098925400629916e-02
-7.127561019748626658e-02
-4.993238909103367429e-02
-7.911987381181263823e-02
6.517767978254386252e-01
-1.249319502255143849e-01
-6.817105205999493545e-02
7.097332264012721215e-01
-5.788296462849781832e-02
6.378384473222299400e-01
-7.212547310030495429e-02
-5.950757799142439297e-02
-3.499256927669323891e-02
-2.140582860502676654e-02
-4.429538017958942198e-02
-2.852238912921514075e-02
-5.492518127503416558e-02
-7.275020339884392950e-02
-8.127779903361574687e-02
-1.032450344387301072e-01
-5.035389145134716582e-02
-1.104828756750220187e-01
-6.223429683473503948e-02
-3.234263260266621864e-02
7.088893938155010899e-01
-3.174162816480176341e-02
1.021235981396765968e+00
-1.143281542124613692e-01
-5.799129612580966597e-02
-9.375277599745304724e-02
-4.184394807313963904e-02
-4.239786832424465718e-02
-6.447812342406149255e-02
-4.077813396447182992e-02
-1.027790065470060021e-01
-6.231714392278176612e-02
-8.748945618039719041e-02
-3.172288143652168130e-02
-5.758156184205243805e-02
-9.610686602220465391e-02
-3.155109475108002631e-02
-1.049981458445459481e-01
-3.970889414593919281e-02
-9.039476568164614423e-02
-4.880469677342494372e-02
-3.207908122495029685e-02
-1.016110751774426252e-01
-6.508435177338828259e-02
-5.462151846169714664e-02
-1.185573003697765471e-01
-6.672116364566081648e-02
-4.774775616812521051e-02
-1.354612602457590242e-01
-8.800315419506066217e-02
2.761541704429694433e-03
-8.147114337141501961e-02
-1.101586114488701251e-01
-5.680751903927906687e-02
-6.164691526715140868e-02
-1.322907154308295419e-01
-4.200386577251492837e-02
-9.416670265150103858e-02
-1.172946004592448632e-01
-5.639314002695402367e-02
-5.185729499457650271e-02
-6.313907185087999641e-02
-3.484003054366226898e-02
-6.767497114392476143e-02
-9.055597171754301011e-02
-4.595380730447435474e-02
-5.141162603233932760e-02
-4.502132262238540961e-02
-8.070782436788012659e-02
-3.607304592103877799e-02
-1.193714856314355977e-01
-1.005836338102176208e-01
-1.211922378860091493e-01
-6.023683214082100473e-02
3.122645256780520739e-03
-3.415751378628834045e-02
-8.731260263230374019e-02
-8.848309754249940318e-02
-1.144126636793878632e-01
-1.248988894550838724e-01
-4.850674282250364705e-02
-6.403487924896981986e-02
-8.288607816776968895e-02
-6.748234951849096941e-02
-9.338007464449400719e-02
-6.434490116454233410e-02
-4.579234562797048630e-02
-7.467876888231236854e-02
-4.425631320751544778e-02
-6.560107304824049079e-02
-3.845967781583130990e-02
-2.667954964449588059e-02
-1.411984890229535938e-01
7.396586694457840325e-03
-9.867410995911997384e-02
-8.371250755144304945e-02
-7.713998495791457577e-02
-8.573683081243373139e-02
-1.057667938257422641e-01
-3.659403252522630545e-02
-1.550422047505792440e-02
-6.329535364808532016e-02
-3.533615466516208670e-02
-1.864235939311045462e-02
-6.960224219621680142e-02
4.553712891307851000e-03
-5.022623869117717743e-02
-9.935772924482344504e-02
-4.745613128297915262e-02
-1.121530883594701877e-01
-6.649047181593470413e-02
-1.087149139160573236e-01
-5.771933421493584404e-02
-6.783336255554417958e-03
-1.044306534066616055e-01
-6.142161290568378534e-02
-2.147713852762834011e-02
-1.114557689598071055e-01
-1.214263311795069494e-01
-6.012486539768258781e-02
-7.772541723988926621e-02
-3.644549083707353254e-02
-1.061919401376328620e-01
-5.990499539376150512e-02
-8.009165684657988671e-02
-4.105751739153695040e-02
-9.903744418463654442e-02
-1.281623257828974904e-01
-6.318384193643265812e-02
-1.151427745590836854e-01
-1.116268533560684367e-01
-3.667048643829697030e-02
-8.357981818978613142e-02
-6.815080580600978155e-02
-1.027294800369448063e-01
-6.374868236046039860e-02
-3.958231107816259642e-02
-1.009737402053487026e-01
-8.724126587559542789e-02
-4.316115790560145354e-02
-7.318536549583812278e-02
-1.021706178577821283e-01
-3.787470188880298627e-02
-8.897086261902201199e-02
-8.873897536060258717e-02
9.970257073471925358e-01
-1.275143113217878932e-01
-4.358256409416223082e-02
-1.307410115935815909e-01
-1.199899865741567706e-01
-7.276870759856141069e-02
-1.135890429245602351e-01
-8.064125114319378729e-02
-6.776773017345075201e-02
-1.003748656939724426e-01
-8.528205337323802038e-02
-1.424777624484523664e-01
-1.209988802062288149e-01
-1.733635605624871123e-01
-6.434540675931957332e-02
-1.702398155828914739e-01
-9.053546513096498438e-02
-1.271385385249013400e-01
-1.177278508242520089e-01
-4.254757336984221761e-02
-4.473386038357162614e-02
-7.302088132179168634e-02
-1.331731709638176997e-01
-1.114539913633756374e-01
-1.932523358060180690e-02
-1.213876427761620136e-01
-7.204728830983413157e-02
-5.388433268196350656e-02
-8.497579177385380933e-02
-1.612741947545311416e-01
-1.075887353704196719e-01
-6.554307827489809501e-02
-6.757885964144690061e-02
-6.005434335291999493e-02
-1.395159159850292152e-01
-1.530997793111380512e-01
-7.873637460650260989e-02
-1.161109962798040907e-01
-1.130554881387771660e-01
-7.934973609232534586e-02
-4.329201290207793096e-02
-8.279429279175069822e-02
-1.308644860532350573e-01
-5.632049449953688280e-02
-4.498281687023308884e-02
-7.420294932671177290e-02
-6.471602054440113438e-02
-1.244476919945357307e-01
-7.769231935189736815e-02
-5.800648467353688997e-02
-6.096479215054190909e-02
-1.254019409085681547e-01
-4.578851054114196906e-02
-1.271239232666019348e-01
-1.345874318979042583e-01
-5.399864458882947665e-02
-3.268698926761664375e-02
-7.030855693417388530e-02
-8.471135020017277195e-02
-8.421088479825297735e-02
-7.277152274817903777e-02
-7.819394613781706360e-02
-1.003170335775574878e-01
-6.429096130805093956e-02
-7.029163299686604083e-02
-1.141474178696481184e-01
-1.912223890314085351e-01
-5.862015762541575173e-04
-1.428146436972343725e-01
-1.182610921394174064e-01
-1.330958098704972670e-01
-3.441749149778390582e-02
-8.177865270401007969e-02
-1.107102240316212988e-01
-1.412692999172612263e-01
-6.124458492789538328e-02
-3.113742151421916571e-02
-7.361351169288782303e-02
-8.759375085664600213e-02
-1.341991968303217486e-01
-1.133481567086983555e-01
-1.798317343676323621e-01
-2.176514124633625522e-02
-1.066800063620284428e-01
-7.853906087601172925e-02
-7.198007069333019203e-02
-7.120579912550870083e-02
6.560295802654921848e-01
-1.381206220635163018e-01
-6.792091757572206456e-02
-6.033306368426560873e-02
-1.050780574340398066e-01
-8.599452823149482394e-02
-7.997816152498037068e-02
-6.596444630612718907e-02
-4.530303705714506385e-02
-9.127241177686984397e-02
-1.171607901460641199e-01
-9.246820822822085506e-02
-1.090449502937198972e-01
-1.304152173365480671e-01
-6.030535264189954003e-02
-1.162989313882223791e-01
-7.930896355151778598e-02
-4.150850694279403091e-02
-1.031942840927639465e-01
-1.348859332201874650e-01
-1.014524667282625664e-01
-1.031148793290542209e-01
-8.325981512192234812e-02
-1.141908426947105398e-01
2.799243697073643955e-01
-9.881741916356413802e-02
-1.127672808082066519e-01
6.634299885049733669e-01
-8.192920640456788361e-02
-1.941448933786902448e-02
-6.412594295811353817e-02
-6.441824376631993809e-02
-1.281200312155860443e-01
-1.313368008587452451e-01
-8.140334657418307751e-02
-7.523149397564352081e-02
-1.487995971534456785e-01
-1.364056909797647654e-01
-1.289733504675695808e-01
-8.140465718100993453e-02
-1.061511565962789810e-01
-1.246799419934137704e-01
-1.539980296368097523e-01
-1.564445220761065680e-01
-1.452582491894639782e-01
-7.917207862308107968e-02
-8.369598074401750354e-02
-6.368490858927404463e-02
-1.355426083215575672e-01
-8.143122528614331335e-02
-1.014309541632555656e-01
-9.558921911321181797e-02
-7.080972125967471831e-02
-1.357298502196464807e-01
-1.133458317959865208e-01
-5.485400721312400085e-02
6.683317255386673761e-01
-1.731392411783186647e-01
-8.926228164673022381e-02
-5.952531539129870403e-02
-6.161185691898764943e-02
-1.634337445169501690e-01
-1.276330233314387497e-01
-7.210098499292762197e-02
-1.360260520912419946e-01
-2.995416075050900268e-02
-1.422116242627247396e-01
-1.233857897946013527e-01
-1.106801835120565375e-01
-9.442858594069890310e-02
-1.562445466845571174e-01
-5.657507894807917853e-02
-1.244253272014295281e-01
-1.616616050235320512e-01
-9.372302455457334758e-02
-7.968227190924569159e-02
-9.917843170919846130e-02
6.173135876063416960e-01
1.015546854820168488e+00
-1.738730912038664311e-01
-8.108376145729766227e-02
-8.385642199110114603e-02
-1.751881427039267691e-01
-6.329212610142392892e-02
-4.157060502263779100e-02
-1.372082846315399174e-01
-1.266509649743545463e-01
1.065407311527777123e+00
-1.506175813991732226e-01
-4.155027549081435900e-02
-9.670044498193601512e-02
-6.158976057132991427e-02
-4.098740100197667546e-02
-7.257348589295159469e-02
-7.698424588399394031e-02
-9.841505898857173806e-02
-1.464354450977877198e-01
1.000151401802553686e+00
-1.296541218365730164e-01
-1.770111554505514051e-01
-4.864490772432548439e-03
2.972604421735547051e-02
9.925102256884863472e-01
9.205830956329850295e-03
9.986980490473750249e-01
-8.546497307711355129e-02
3.402943232479049319e-03
8.982356175244673308e-03
-1.058323561588631612e-01
-9.336909351563950354e-02
-1.287962306632652876e-01
1.038084906478974112e+00
-9.653214888967254215e-02
8.249057715737910523e-03
-7.133684391408681713e-02
-1.250734113184467089e-01
-7.208317729954452635e-02
9.918319099192165478e-01
3.310422950753955651e-01
-1.429785311067145737e-01
6.100838029882915681e-01
6.127828534500601165e-01
-1.415270012541913480e-01
-2.180895153649209661e-01
6.356813479729571670e-01
-3.634589913041167547e-02
-1.463938665166115427e-01
7.909306461123641885e-01
1.032531799023260310e+00
-1.994714595416069713e-01
6.493497649569403007e-01
-1.349005944951818248e-01
-1.063129568169936950e-01
-2.151993607154788213e-01
-1.699359531098145748e-01
-1.524774925900224398e-01
6.378936356802626939e-01
-2.297722166977405889e-01
-3.095068772294525331e-02
6.239453892972076643e-01
-1.075321268378514605e-01
-8.342850116427652507e-02
7.559310155993850255e-01
-1.322239638350994062e-01
6.387684461644350664e-01
-1.906876011291959438e-01
-1.262829767970259920e-01
6.141986867212581025e-01
-1.542111921305235611e-01
-1.127778934984876302e-01
-1.130547543161854185e-01
6.371427909026352587e-01
-1.453117263695371530e-01
6.813779715246484070e-01
-9.989203806651428263e-02
-8.079205749729335972e-02
6.462369034900670162e-01
-6.858070622869905097e-02
-2.246450301259731441e-01
5.865010984931281479e-01
-7.897646671567243315e-02
-1.321667363957136077e-01
-1.968077065431478867e-01
-2.009536647539849341e-01
-1.205982508973360567e-01
-9.340182597392934771e-02
-1.356521163620846293e-01
6.453277209340457787e-01
6.022579597527693007e-01
-5.585186236990186820e-02
-7.400793959616212836e-02
6.744428229730334845e-01
6.498141846641640740e-01
-1.260670610774655420e-01
6.726649682787479989e-01
2.390405343779778147e-01
