-8.256495000000002449e+01 6.155059280640756691e-01 0.000000000000000000e+00 2.928840639298088799e+00
-8.167618800000003887e+01 6.088803771536945852e-01 0.000000000000000000e+00 2.672310434821628444e+00
-8.197111200000004771e+01 6.110789792279206489e-01 0.000000000000000000e+00 2.720688469512334784e+00
-8.239640800000007914e+01 6.142494796543359614e-01 0.000000000000000000e+00 3.151970505158621982e+00
-8.188484400000005792e+01 6.104358677695811419e-01 0.000000000000000000e+00 2.785366031341212079e+00
-8.218601400000004276e+01 6.126810325804973312e-01 0.000000000000000000e+00 3.021457620441705849e+00
-8.351264200000002802e+01 6.225707908657718281e-01 0.000000000000000000e+00 3.006635969647100559e+00
-8.408977800000005232e+01 6.268732294828751606e-01 0.000000000000000000e+00 3.389317385926171156e+00
-8.239360200000001555e+01 6.142285614604269250e-01 0.000000000000000000e+00 2.594222312303346545e+00
-8.170872000000005642e+01 6.091228969983960573e-01 0.000000000000000000e+00 2.815926475451997923e+00
-8.233543600000005824e+01 6.137949450431487985e-01 0.000000000000000000e+00 2.432035129727007305e+00
-8.131367600000007201e+01 6.061779194522807224e-01 0.000000000000000000e+00 2.229406299150271664e+00
-8.223151400000001843e+01 6.130202263876382007e-01 0.000000000000000000e+00 2.707313392993658141e+00
-8.397982200000004127e+01 6.260535285101715974e-01 0.000000000000000000e+00 3.045087164584152628e+00
-8.323042200000003277e+01 6.204668946844231758e-01 0.000000000000000000e+00 2.582276894900187081e+00
-8.292054200000005437e+01 6.181567984875687705e-01 0.000000000000000000e+00 3.054089218900793323e+00
-8.243228200000004335e+01 6.145169134705418257e-01 0.000000000000000000e+00 3.223764526089448967e+00
-8.281971000000005745e+01 6.174051151917082647e-01 0.000000000000000000e+00 2.649039146463288752e+00
-8.358399800000005087e+01 6.231027362130766578e-01 0.000000000000000000e+00 3.297399630439755924e+00
-8.308691000000004578e+01 6.193970401426555084e-01 0.000000000000000000e+00 3.275662435263740235e+00
-8.107150800000005120e+01 6.043726032789235036e-01 0.000000000000000000e+00 2.697643380437110494e+00
-8.314034400000006997e+01 6.197953804039915138e-01 0.000000000000000000e+00 3.044930475009307802e+00
-8.308122400000003438e+01 6.193546520989762216e-01 0.000000000000000000e+00 2.379239947950444023e+00
-8.316986200000005169e+01 6.200154314545229806e-01 0.000000000000000000e+00 2.967797443562508963e+00
-8.247052800000004424e+01 6.148020300935730376e-01 0.000000000000000000e+00 2.859083450299017670e+00
-8.270201800000003800e+01 6.165277438169817215e-01 0.000000000000000000e+00 2.878855054412984948e+00
-8.426999400000001117e+01 6.282167053322758044e-01 0.000000000000000000e+00 2.613552997177318815e+00
-8.314929600000006360e+01 6.198621158536953279e-01 0.000000000000000000e+00 3.309132129072606343e+00
-8.403496000000004074e+01 6.264645717659550472e-01 0.000000000000000000e+00 3.379745963079102467e+00
-8.391652400000008072e+01 6.255816540133715131e-01 0.000000000000000000e+00 2.501637694828301672e+00
-8.290335600000005911e+01 6.180286801409857755e-01 0.000000000000000000e+00 2.302133799055022578e+00
-8.351067600000001789e+01 6.225561347113797162e-01 0.000000000000000000e+00 2.537309857338171604e+00
-8.334573000000003162e+01 6.213264937946172406e-01 0.000000000000000000e+00 2.502806389179390134e+00
-8.388828000000006568e+01 6.253711003894396603e-01 0.000000000000000000e+00 2.879351922733567992e+00
-8.432854800000001205e+01 6.286532142154260816e-01 0.000000000000000000e+00 3.104346779756710362e+00
-8.331880800000000420e+01 6.211257954281147464e-01 0.000000000000000000e+00 2.534446946611406126e+00
-8.245071800000005169e+01 6.146543503283101728e-01 0.000000000000000000e+00 2.823640246220605388e+00
-8.291792400000007035e+01 6.181372817977425216e-01 0.000000000000000000e+00 2.495644466031234465e+00
-8.320969800000004568e+01 6.203124012237817286e-01 0.000000000000000000e+00 2.669436986528519906e+00
-8.330565400000007514e+01 6.210277348712112122e-01 0.000000000000000000e+00 2.454815836472043600e+00
-8.276781400000001554e+01 6.170182404265344145e-01 0.000000000000000000e+00 2.889480974434716742e+00
-8.243922800000008522e+01 6.145686945734960549e-01 0.000000000000000000e+00 2.506894420668686951e+00
-8.346534200000003523e+01 6.222181784025241358e-01 0.000000000000000000e+00 2.668641075327526480e+00
-8.448402600000000007e+01 6.298122730010674575e-01 0.000000000000000000e+00 3.145888910642753000e+00
-8.410445200000006594e+01 6.269826213493805422e-01 0.000000000000000000e+00 2.790146261344184087e+00
-8.393613800000004233e+01 6.257278726360803178e-01 0.000000000000000000e+00 2.731629298051944765e+00
-8.385026800000005665e+01 6.250877281917022188e-01 0.000000000000000000e+00 2.898717670402385149e+00
-8.468571800000003691e+01 6.313158483274392552e-01 0.000000000000000000e+00 2.530277094275277250e+00
-8.486674400000005392e+01 6.326653625720883856e-01 0.000000000000000000e+00 2.221830820293039022e+00
-8.422507200000002570e+01 6.278818204047068585e-01 0.000000000000000000e+00 2.680931847120521461e+00
-8.364743400000007512e+01 6.235756394735121333e-01 0.000000000000000000e+00 3.399023707847458997e+00
-8.518960400000007382e+01 6.350722221890902075e-01 0.000000000000000000e+00 2.785728835227538891e+00
-8.621119400000004873e+01 6.426879804624370252e-01 0.000000000000000000e+00 2.614084323982861502e+00
-8.537878800000004276e+01 6.364825527651379877e-01 0.000000000000000000e+00 2.978663575433137645e+00
-8.613861200000005169e+01 6.421468955193619932e-01 0.000000000000000000e+00 2.342563137502995385e+00
-8.277147800000004452e+01 6.170455548465206830e-01 0.000000000000000000e+00 2.381118694540636849e+00
-8.636887000000001535e+01 6.438634249181462987e-01 0.000000000000000000e+00 3.067178385813913444e+00
-8.527982000000004348e+01 6.357447652331569277e-01 0.000000000000000000e+00 2.902325465045314967e+00
-8.614489799999999775e+01 6.421937564484097027e-01 0.000000000000000000e+00 2.594748238540707685e+00
-8.716136400000009132e+01 6.497713162807069454e-01 0.000000000000000000e+00 3.563315572411443810e+00
-8.567370000000005348e+01 6.386810653816566985e-01 0.000000000000000000e+00 2.737884487532427524e+00
-8.490018600000003346e+01 6.329146662929324707e-01 0.000000000000000000e+00 2.551050881935964743e+00
-8.630577200000003302e+01 6.433930413831355777e-01 0.000000000000000000e+00 2.314929002558144600e+00
-8.439986600000000294e+01 6.291848762799906458e-01 0.000000000000000000e+00 2.602291280531699780e+00
-8.600662200000000723e+01 6.411629352862945330e-01 0.000000000000000000e+00 2.553910218697532208e+00
-8.600780400000003567e+01 6.411717468704714040e-01 0.000000000000000000e+00 2.757899987635885175e+00
-8.669296000000005620e+01 6.462794539501545144e-01 0.000000000000000000e+00 2.919753577536186029e+00
-8.690167400000004250e+01 6.478353769449599620e-01 0.000000000000000000e+00 2.958570682979511535e+00
-8.585108000000005291e+01 6.400033993928807563e-01 0.000000000000000000e+00 2.639355774625789852e+00
-8.589507800000005489e+01 6.403313960769816404e-01 0.000000000000000000e+00 3.325295859779497931e+00
-8.705612000000004969e+01 6.489867423677668778e-01 0.000000000000000000e+00 3.046628204120321648e+00
-8.598709000000005176e+01 6.410173279579194361e-01 0.000000000000000000e+00 2.565812315482726369e+00
-8.544087200000008409e+01 6.369453771238756667e-01 0.000000000000000000e+00 2.234377017194201454e+00
-8.741797000000003948e+01 6.516842649856572356e-01 0.000000000000000000e+00 2.882420260034012749e+00
-8.666618400000004385e+01 6.460798439857585729e-01 0.000000000000000000e+00 3.096740669850652772e+00
-8.635689000000003546e+01 6.437741163069474748e-01 0.000000000000000000e+00 2.618882268229804300e+00
-8.634365000000005352e+01 6.436754146364740414e-01 0.000000000000000000e+00 3.006385926875178694e+00
-8.616086000000005640e+01 6.423127501088405911e-01 0.000000000000000000e+00 2.713065493220731206e+00
-8.676247000000003595e+01 6.467976377201407612e-01 0.000000000000000000e+00 2.485268021539908556e+00
-8.453029400000011151e+01 6.301571921014815780e-01 0.000000000000000000e+00 2.826001414635030073e+00
-8.613952600000001780e+01 6.421537092147403536e-01 0.000000000000000000e+00 2.582232984293972855e+00
-8.678789200000002779e+01 6.469871538732206995e-01 0.000000000000000000e+00 2.788346724149772360e+00
-8.543616000000002941e+01 6.369102500641115050e-01 0.000000000000000000e+00 2.845840158490418492e+00
-8.681871200000001920e+01 6.472169110850027884e-01 0.000000000000000000e+00 2.903024592055114539e+00
-8.578325200000004713e+01 6.394977546115451217e-01 0.000000000000000000e+00 2.694138797444361355e+00
-8.573590800000000911e+01 6.391448141367033209e-01 0.000000000000000000e+00 2.392730421133601570e+00
-8.645455400000004431e+01 6.445021827680602611e-01 0.000000000000000000e+00 2.804268578738672080e+00
-8.704799000000006970e+01 6.489261347710185701e-01 0.000000000000000000e+00 2.041910533833893204e+00
-8.752929800000003979e+01 6.525141939562375537e-01 0.000000000000000000e+00 3.317985751699486396e+00
-8.614850000000004115e+01 6.422206086702412220e-01 0.000000000000000000e+00 2.659564018876975577e+00
-8.711236800000003200e+01 6.494060604614826371e-01 0.000000000000000000e+00 2.451699171277014866e+00
-8.845316600000005280e+01 6.594014533895529162e-01 0.000000000000000000e+00 2.509021334104980294e+00
-8.647909400000001767e+01 6.446851237796478173e-01 0.000000000000000000e+00 2.526014523092202424e+00
-8.922409400000009327e+01 6.651485743423374286e-01 0.000000000000000000e+00 2.791798305130456903e+00
-8.874339000000004773e+01 6.615650178617225041e-01 0.000000000000000000e+00 2.439593398043570893e+00
-8.972690200000005234e+01 6.688969119199416058e-01 0.000000000000000000e+00 3.037563125302580769e+00
-8.749049000000005094e+01 6.522248877305775183e-01 0.000000000000000000e+00 2.622849398877472815e+00
-9.025376399999998966e+01 6.728245674719847136e-01 0.000000000000000000e+00 2.220541788175655729e+00
-8.872973000000006039e+01 6.614631851714908306e-01 0.000000000000000000e+00 2.101937365764251719e+00
-9.008205000000005214e+01 6.715444724082614281e-01 0.000000000000000000e+00 2.901520832201101019e+00
