5.404999999999999805e-01
-1.068000000000000060e-01
-4.803000000000000047e-01
3.004000000000000004e-01
-7.862999999999999989e-01
-2.069000000000000006e-01
-8.140000000000000013e-02
5.838999999999999746e-01
-1.710000000000000062e-02
3.500000000000000333e-02
-5.907000000000000028e-01
4.072000000000000064e-01
3.541000000000000258e-01
5.680000000000000326e-02
1.590000000000000024e-01
6.293999999999999595e-01
-9.961999999999999744e-01
-6.981000000000000538e-01
2.541999999999999815e-01
-1.552999999999999936e-01
5.099999999999999672e-02
-6.573999999999999844e-01
-2.817000000000000060e-01
-5.543000000000000149e-01
8.699999999999999400e-02
9.194999999999999840e-01
-4.929000000000000048e-01
-9.788999999999999924e-01
-8.991999999999999993e-01
2.149000000000000077e-01
4.229999999999999732e-02
-7.877999999999999448e-01
6.755999999999999783e-01
-4.203000000000000069e-01
3.729999999999999982e-02
-9.903999999999999471e-01
4.818000000000000060e-01
-9.854000000000000536e-01
-4.173000000000000043e-01
-1.678000000000000047e-01
5.500000000000000444e-01
9.251000000000000334e-01
2.572999999999999732e-01
-7.860000000000000320e-01
8.020000000000000462e-01
-6.181999999999999718e-01
3.309000000000000274e-01
8.515000000000000346e-01
-8.255000000000000115e-01
7.109999999999999654e-01
6.069999999999999701e-02
4.421999999999999820e-01
-9.537999999999999812e-01
6.332999999999999741e-01
2.959999999999999853e-01
-3.956999999999999962e-01
9.779999999999999805e-01
7.682999999999999829e-01
-3.870000000000000107e-01
-8.092000000000000304e-01
-8.338999999999999746e-01
7.148999999999999799e-01
-3.195000000000000062e-01
-1.669999999999999957e-02
1.872999999999999943e-01
1.945999999999999952e-01
-7.066000000000000059e-01
6.921000000000000485e-01
3.700999999999999845e-01
6.747999999999999554e-01
9.293000000000000149e-01
9.626000000000000112e-01
-7.510000000000000009e-02
2.807000000000000051e-01
5.354999999999999760e-01
-3.130000000000000143e-02
5.547999999999999599e-01
3.770000000000000018e-01
-5.766999999999999904e-01
-2.807000000000000051e-01
-1.313000000000000000e-01
-3.214000000000000190e-01
2.308999999999999941e-01
5.158000000000000362e-01
-5.059999999999999915e-02
-1.713000000000000078e-01
7.362999999999999545e-01
-8.960000000000000187e-01
-5.842000000000000526e-01
-2.635000000000000120e-01
-9.063999999999999835e-01
-2.772999999999999909e-01
-1.844999999999999973e-01
-7.175000000000000266e-01
9.730999999999999650e-01
2.117999999999999883e-01
-7.625999999999999446e-01
-3.476000000000000201e-01
2.479000000000000092e-01
9.690999999999999615e-01
5.292999999999999927e-01
5.923000000000000487e-01
-3.845999999999999974e-01
8.363000000000000433e-01
-6.675999999999999712e-01
