8.024999999999999911e-01
-5.971999999999999531e-01
-8.340999999999999526e-01
-7.809000000000000385e-01
8.753999999999999559e-01
8.975999999999999535e-01
2.434000000000000052e-01
2.299999999999999961e-03
-5.567999999999999616e-01
6.339000000000000190e-01
3.880000000000000115e-02
-1.474000000000000032e-01
9.063999999999999835e-01
-5.510000000000000314e-02
-7.662999999999999812e-01
9.372000000000000330e-01
-3.195000000000000062e-01
-3.183000000000000274e-01
-3.079000000000000070e-01
8.723999999999999533e-01
-6.068999999999999950e-01
5.483999999999999986e-01
-4.996999999999999775e-01
-9.342000000000000304e-01
-9.810999999999999721e-01
-8.259999999999999565e-01
3.350000000000000200e-02
9.849999999999999867e-01
4.904000000000000026e-01
-8.997000000000000552e-01
9.470000000000000639e-02
4.819999999999999979e-02
-7.996999999999999664e-01
-3.529999999999999805e-02
9.507999999999999785e-01
5.763000000000000345e-01
-1.562000000000000055e-01
8.516000000000000236e-01
4.948000000000000176e-01
8.551999999999999602e-01
5.190000000000000169e-01
3.733000000000000207e-01
7.738000000000000433e-01
9.977000000000000313e-01
-6.189999999999999669e-02
1.545999999999999874e-01
2.270000000000000143e-02
1.398000000000000076e-01
-6.830000000000000515e-01
8.757000000000000339e-01
5.788999999999999702e-01
8.639999999999999902e-01
1.343999999999999917e-01
1.920999999999999930e-01
4.119999999999999774e-01
7.420999999999999819e-01
1.739999999999999880e-02
1.958999999999999908e-01
-1.353000000000000036e-01
8.611999999999999655e-01
-1.584000000000000130e-01
5.659999999999999754e-02
-5.160000000000000003e-02
8.999000000000000332e-01
-7.520999999999999908e-01
4.471999999999999864e-01
3.356000000000000094e-01
-8.535000000000000364e-01
-1.953000000000000014e-01
1.529000000000000081e-01
1.786000000000000087e-01
4.562999999999999834e-01
7.931000000000000272e-01
1.101000000000000034e-01
-3.289000000000000257e-01
-5.762000000000000455e-01
9.142000000000000126e-01
-9.439999999999999780e-02
6.719999999999999585e-02
-1.224999999999999978e-01
6.675999999999999712e-01
6.794000000000000039e-01
6.442999999999999838e-01
-1.370000000000000037e-02
7.069999999999999618e-01
6.484999999999999654e-01
2.690000000000000169e-01
-6.420000000000000151e-01
-4.565000000000000169e-01
-3.432000000000000051e-01
-5.159000000000000252e-01
-3.270000000000000129e-01
9.737000000000000099e-01
-3.929000000000000270e-01
9.334999999999999964e-01
1.295000000000000040e-01
5.400000000000000355e-01
4.255999999999999783e-01
3.745999999999999885e-01
5.614999999999999991e-01
4.672999999999999932e-01
6.666999999999999593e-01
-4.249999999999999889e-01
2.311999999999999889e-01
1.691000000000000003e-01
