-2.299239600000001360e+01 8.593360741515926327e-01 1.000000000000000048e-04 1.005184744255924745e+00
-2.340573600000001164e+01 8.747845716848561270e-01 0.000000000000000000e+00 9.232674742423991887e-01
-2.327187400000001460e+01 8.697815069517123021e-01 0.000000000000000000e+00 9.624926551596970636e-01
-2.256043600000002058e+01 8.431916579458820227e-01 1.000000000000000048e-04 9.642678245585029062e-01
-2.367253600000001512e+01 8.847561668410829361e-01 0.000000000000000000e+00 8.710818541737088694e-01
-2.398280800000001278e+01 8.963525190611456583e-01 0.000000000000000000e+00 8.783627841281839155e-01
-2.395383800000001173e+01 8.952697712662585072e-01 0.000000000000000000e+00 9.309012731539237917e-01
-2.449007199999999429e+01 9.153114067872624160e-01 0.000000000000000000e+00 8.572598269633615597e-01
-2.465411000000000641e+01 9.214422933173870289e-01 1.000000000000000048e-04 7.950672756618039072e-01
-2.441129600000001076e+01 9.123671699805655511e-01 1.000000000000000048e-04 8.621800165823489959e-01
-2.351255600000000001e+01 8.787769472267902282e-01 0.000000000000000000e+00 8.366200380970171269e-01
-2.373107200000001527e+01 8.869439378083425751e-01 0.000000000000000000e+00 9.976733112476036114e-01
-2.416765400000001307e+01 9.032611003139487948e-01 0.000000000000000000e+00 8.296380234679691101e-01
-2.508731600000001549e+01 9.376332785169687600e-01 2.000000000000000096e-04 7.588049616617071891e-01
-2.417973800000000395e+01 9.037127373299448374e-01 2.000000000000000096e-04 8.600073810794366391e-01
-2.410098000000000695e+01 9.007691732695473075e-01 0.000000000000000000e+00 5.359592352205361232e-01
-2.362350200000000910e+01 8.829235311705788680e-01 0.000000000000000000e+00 8.073092064032433290e-01
-2.513222199999999873e+01 9.393116310360292154e-01 5.999999999999999474e-04 7.148373359617198330e-01
-2.504959999999999809e+01 9.362236507699206456e-01 0.000000000000000000e+00 6.556392621100433082e-01
-2.456070600000001392e+01 9.179513380176413939e-01 0.000000000000000000e+00 8.432448378313933679e-01
-2.560600799999999566e+01 9.570192853939301081e-01 4.000000000000000192e-04 6.197285609267034756e-01
-2.599237400000000164e+01 9.714596352220062903e-01 2.999999999999999737e-04 4.269510488393847836e-01
-2.610824599999999052e+01 9.757903274031989316e-01 4.000000000000000192e-04 3.994501603327994532e-01
-2.492359999999999687e+01 9.315144266706532061e-01 2.000000000000000096e-04 9.689794539732111689e-01
-2.499420000000000641e+01 9.341530871580208117e-01 1.000000000000000048e-04 6.502461383230510039e-01
-2.565258399999999384e+01 9.587600538197037503e-01 0.000000000000000000e+00 6.577485803047616875e-01
-2.633475200000001237e+01 9.842559425923161909e-01 1.600000000000000077e-03 2.684389532316824312e-01
-2.551079800000000475e+01 9.534608312154284615e-01 2.000000000000000096e-04 7.223425788419792770e-01
-2.632864999999999611e+01 9.840278815966511106e-01 1.000000000000000021e-03 2.291035236425983945e-01
-2.598444000000000642e+01 9.711631036029304553e-01 0.000000000000000000e+00 2.345342808394732803e-01
-2.636256999999999451e+01 9.852956346240093755e-01 1.199999999999999895e-03 2.411040219364651849e-01
-2.609863400000000411e+01 9.754310808790552789e-01 6.999999999999999929e-04 3.614177124501884997e-01
-2.602049399999999935e+01 9.725106144416205689e-01 2.999999999999999737e-04 3.930170905940224002e-01
-2.623530599999999779e+01 9.805391687845715909e-01 8.999999999999999754e-04 2.903613276069955118e-01
-2.641354599999999664e+01 9.872008521453130570e-01 1.899999999999999996e-03 2.140999442911047657e-01
-2.627254400000000345e+01 9.819309313798775252e-01 1.000000000000000021e-03 2.496140310741582213e-01
-2.656417599999999979e+01 9.928306174316040567e-01 3.000000000000000062e-03 1.649733551305489765e-01
-2.640976399999999558e+01 9.870595006727461707e-01 1.799999999999999951e-03 2.259263567866946487e-01
-2.627442399999999978e+01 9.820011959934220602e-01 1.199999999999999895e-03 2.422032976612409627e-01
-2.661688800000000299e+01 9.948007175960533743e-01 4.499999999999999660e-03 1.501588662286405806e-01
-2.645826600000000184e+01 9.888722529526088323e-01 2.200000000000000133e-03 2.088195761847520537e-01
-2.630311400000000432e+01 9.830734788458664886e-01 1.299999999999999940e-03 2.613080402958014026e-01
-2.653395600000000343e+01 9.917011511436688576e-01 3.599999999999999901e-03 2.126090081997386860e-01
-2.627102200000000565e+01 9.818740469427420514e-01 5.999999999999999474e-04 1.738789893732261282e-01
-2.624059000000000097e+01 9.807366571983854309e-01 8.000000000000000383e-04 2.205976535402740801e-01
-2.655842999999999776e+01 9.926158618627596297e-01 3.200000000000000153e-03 1.723976361482223996e-01
-2.648832400000000220e+01 9.899956645238452424e-01 2.599999999999999881e-03 2.083825343696124877e-01
-2.631900000000000261e+01 9.836672148303184926e-01 1.299999999999999940e-03 2.338152063212967091e-01
-2.641978200000000143e+01 9.874339213634325541e-01 1.899999999999999996e-03 2.213321049527789963e-01
-2.617019199999999657e+01 9.781055464194945426e-01 5.999999999999999474e-04 3.016732300240300146e-01
-2.646448200000000028e+01 9.891045746748392542e-01 1.699999999999999905e-03 2.099994287534314996e-01
-2.650250399999999829e+01 9.905256391089848345e-01 3.200000000000000153e-03 2.220788057051686637e-01
-2.643660400000000266e+01 9.880626401554792881e-01 2.200000000000000133e-03 2.212366601217299333e-01
-2.645830000000000126e+01 9.888735236956197605e-01 2.500000000000000052e-03 2.166940896398611149e-01
-2.654653400000000474e+01 9.921712513081180074e-01 3.500000000000000073e-03 1.905225839472560190e-01
-2.646293399999999707e+01 9.890467184930481492e-01 2.500000000000000052e-03 2.195610516416321711e-01
-2.645512999999999693e+01 9.887550455972491381e-01 2.799999999999999972e-03 2.308250820098373401e-01
-2.645251400000000430e+01 9.886572731349979604e-01 2.599999999999999881e-03 2.248160464724769381e-01
-2.630039000000000016e+01 9.829716699058155260e-01 1.000000000000000021e-03 2.383089368738387503e-01
-2.611724599999998730e+01 9.761267005531464314e-01 2.999999999999999737e-04 3.045855403626045455e-01
-2.626428599999999847e+01 9.816222903274031131e-01 1.399999999999999986e-03 2.799374825661160027e-01
-2.651072999999999880e+01 9.908330841680370593e-01 2.799999999999999972e-03 1.992885819330566799e-01
-2.646138800000000302e+01 9.889889370608462293e-01 1.799999999999999951e-03 1.958726855522592569e-01
-2.641797000000000750e+01 9.873661982359099865e-01 2.099999999999999870e-03 2.217301050713438304e-01
-2.647315800000000152e+01 9.894288383913888429e-01 2.399999999999999790e-03 2.084375841853139677e-01
-2.638697400000000570e+01 9.862077291074901053e-01 2.000000000000000042e-03 2.602443166866023616e-01
-2.621108200000000821e+01 9.796338017640906504e-01 1.500000000000000031e-03 3.097937053504275506e-01
-2.620753400000000255e+01 9.795011959934221135e-01 2.999999999999999737e-04 1.343622393292690509e-01
-2.644065999999999761e+01 9.882142323217221191e-01 2.200000000000000133e-03 2.119574599972467999e-01
-2.653414800000000184e+01 9.917083271042009818e-01 3.200000000000000153e-03 1.986617298959524047e-01
-2.645803400000000138e+01 9.888635820002990018e-01 2.599999999999999881e-03 2.200364029661971421e-01
-2.646023999999999532e+01 9.889460307968304109e-01 8.999999999999999754e-04 1.641350860256458322e-01
-2.648634000000000199e+01 9.899215129316789596e-01 1.100000000000000066e-03 1.542044228950771312e-01
-2.615200799999999859e+01 9.774259231574226048e-01 8.999999999999999754e-04 3.101893887692656060e-01
-2.617139799999999994e+01 9.781506204215876243e-01 1.199999999999999895e-03 3.567986665905693577e-01
-2.641862600000000683e+01 9.873907161010616607e-01 1.899999999999999996e-03 2.184812973619695009e-01
-2.645907000000000053e+01 9.889023022873374424e-01 2.299999999999999961e-03 2.165965711789185066e-01
-2.647784000000000049e+01 9.896038271789505680e-01 2.299999999999999961e-03 2.134467955848816378e-01
-2.628267000000000309e+01 9.823093885483631382e-01 1.600000000000000077e-03 2.684369999260401429e-01
-2.656970199999999949e+01 9.930371505456719872e-01 3.200000000000000153e-03 1.620000012345678142e-01
-2.651398799999999767e+01 9.909548512483180582e-01 3.399999999999999811e-03 2.199417366743130764e-01
-2.645611800000000002e+01 9.887919718941545755e-01 2.899999999999999800e-03 2.323435754361723449e-01
-2.657110800000000239e+01 9.930896995066528232e-01 5.100000000000000366e-03 2.298534226304869421e-01
-2.646316599999999752e+01 9.890553894453579797e-01 2.099999999999999870e-03 2.083131191259918746e-01
-2.648925000000000196e+01 9.900302735834953793e-01 2.500000000000000052e-03 2.056583798242097305e-01
-2.630640400000000056e+01 9.831964419195694527e-01 1.600000000000000077e-03 2.721227025375933528e-01
-2.620086799999999982e+01 9.792520556136941057e-01 1.500000000000000031e-03 3.889120128166928536e-01
-2.646968400000000443e+01 9.892989983555091626e-01 1.500000000000000031e-03 1.928469936860233436e-01
-2.642082999999999515e+01 9.874730901480039957e-01 8.000000000000000383e-04 2.335920667239438087e-01
-2.624076399999999865e+01 9.807431604126176650e-01 4.000000000000000192e-04 1.340668531559961740e-01
-2.634245199999999798e+01 9.845437285094931212e-01 1.100000000000000066e-03 2.027752153882650121e-01
-2.645260400000000089e+01 9.886606368664972999e-01 2.599999999999999881e-03 2.306039220670952627e-01
-2.643262200000000561e+01 9.879138137240247586e-01 1.899999999999999996e-03 2.103448921474560529e-01
-2.636253799999999714e+01 9.852944386305874103e-01 1.199999999999999895e-03 2.154277468131006179e-01
-2.635559200000000502e+01 9.850348333084170127e-01 2.000000000000000042e-03 2.711691885599141205e-01
-2.639980799999999661e+01 9.866873972193151987e-01 1.600000000000000077e-03 2.162299522697666565e-01
-2.654091000000000022e+01 9.919610554641949962e-01 4.599999999999999922e-03 2.300407120314118259e-01
-2.652109400000000150e+01 9.912204365375990589e-01 3.099999999999999891e-03 2.067071386666589072e-01
-2.643473400000000240e+01 9.879927492898790131e-01 2.000000000000000042e-03 2.190687527427920001e-01
-2.652521799999999530e+01 9.913745701898637464e-01 3.399999999999999811e-03 2.082246069643410857e-01
-2.655579399999999879e+01 9.925173419046194878e-01 3.799999999999999992e-03 1.981836031807294451e-01
-2.637776399999999910e+01 9.858635072507100361e-01 1.899999999999999996e-03 2.532733778813599512e-01
-2.617105800000000215e+01 9.781379129914785642e-01 1.399999999999999986e-03 3.592322557506735237e-01
-2.644759600000000077e+01 9.884734638959485897e-01 2.899999999999999800e-03 2.353178155756006362e-01
-2.654606600000000682e+01 9.921537599043207534e-01 3.299999999999999982e-03 1.912753857028065829e-01
-2.650346600000000308e+01 9.905615936612349737e-01 2.799999999999999972e-03 2.106755004956453181e-01
-2.649869799999999742e+01 9.903833906413513910e-01 2.299999999999999961e-03 1.964472643554168452e-01
-2.651364799999999988e+01 9.909421438182089981e-01 3.399999999999999811e-03 2.172884860216378611e-01
-2.646206600000000719e+01 9.890142771714758307e-01 2.500000000000000052e-03 2.182825396479324276e-01
-2.649178600000000117e+01 9.901250560621916996e-01 3.099999999999999891e-03 2.233190791561510680e-01
-2.648345999999999734e+01 9.898138735236955421e-01 2.700000000000000143e-03 2.180441665944271301e-01
-2.669680999999999926e+01 9.977877859171774277e-01 6.799999999999999621e-03 9.153238373781925896e-02
-2.659537400000000318e+01 9.939966362685006551e-01 3.299999999999999982e-03 1.352472652274907816e-01
-2.666640199999999794e+01 9.966512931678874754e-01 5.400000000000000286e-03 1.023692444935586643e-01
-2.661052600000000012e+01 9.945629391538346464e-01 4.700000000000000185e-03 1.629890264757574980e-01
-2.669144000000000005e+01 9.975870832710419522e-01 6.499999999999999702e-03 9.362855042424607366e-02
-2.668492399999999876e+01 9.973435491104798434e-01 6.199999999999999782e-03 9.645281163723230800e-02
-2.666320399999999680e+01 9.965317685752727028e-01 5.199999999999999761e-03 1.023383059891429248e-01
-2.675497399999999715e+01 9.999616534609058194e-01 9.900000000000000813e-03 1.025999999999986124e-02
-2.668595000000000184e+01 9.973818956495740240e-01 6.300000000000000044e-03 9.665956661490866797e-02
-2.664558799999999650e+01 9.958733741964417296e-01 4.599999999999999922e-03 1.058166847129343585e-01
-2.675600000000000023e+01 1.000000000000000000e+00 5.589999999999999830e-02 0.000000000000000000e+00
-2.675600000000000023e+01 1.000000000000000000e+00 5.380000000000000060e-02 0.000000000000000000e+00
-2.675600000000000023e+01 1.000000000000000000e+00 3.780000000000000027e-02 0.000000000000000000e+00
-2.675600000000000023e+01 1.000000000000000000e+00 5.390000000000000346e-02 0.000000000000000000e+00
-2.675600000000000023e+01 1.000000000000000000e+00 4.309999999999999942e-02 0.000000000000000000e+00
-2.675600000000000023e+01 1.000000000000000000e+00 4.979999999999999705e-02 0.000000000000000000e+00
-2.675600000000000023e+01 1.000000000000000000e+00 4.939999999999999947e-02 0.000000000000000000e+00
-2.675600000000000023e+01 1.000000000000000000e+00 4.329999999999999821e-02 0.000000000000000000e+00
-2.675600000000000023e+01 1.000000000000000000e+00 3.699999999999999817e-02 0.000000000000000000e+00
-2.675600000000000023e+01 1.000000000000000000e+00 5.949999999999999734e-02 0.000000000000000000e+00
-2.675600000000000023e+01 1.000000000000000000e+00 3.660000000000000059e-02 0.000000000000000000e+00
-2.675600000000000023e+01 1.000000000000000000e+00 7.230000000000000315e-02 0.000000000000000000e+00
-2.675600000000000023e+01 1.000000000000000000e+00 6.510000000000000508e-02 0.000000000000000000e+00
-2.675600000000000023e+01 1.000000000000000000e+00 4.750000000000000056e-02 0.000000000000000000e+00
-2.675600000000000023e+01 1.000000000000000000e+00 5.750000000000000250e-02 0.000000000000000000e+00
-2.675600000000000023e+01 1.000000000000000000e+00 5.079999999999999793e-02 0.000000000000000000e+00
-2.675600000000000023e+01 1.000000000000000000e+00 5.299999999999999850e-02 0.000000000000000000e+00
-2.675600000000000023e+01 1.000000000000000000e+00 7.349999999999999589e-02 0.000000000000000000e+00
-2.675600000000000023e+01 1.000000000000000000e+00 3.189999999999999780e-02 0.000000000000000000e+00
-2.675600000000000023e+01 1.000000000000000000e+00 5.569999999999999951e-02 0.000000000000000000e+00
-2.675600000000000023e+01 1.000000000000000000e+00 4.379999999999999866e-02 0.000000000000000000e+00
-2.675600000000000023e+01 1.000000000000000000e+00 5.009999999999999870e-02 0.000000000000000000e+00
-2.675600000000000023e+01 1.000000000000000000e+00 2.829999999999999877e-02 0.000000000000000000e+00
-2.675600000000000023e+01 1.000000000000000000e+00 5.449999999999999983e-02 0.000000000000000000e+00
-2.675600000000000023e+01 1.000000000000000000e+00 3.529999999999999805e-02 0.000000000000000000e+00
-2.675600000000000023e+01 1.000000000000000000e+00 4.590000000000000330e-02 0.000000000000000000e+00
-2.675600000000000023e+01 1.000000000000000000e+00 4.120000000000000051e-02 0.000000000000000000e+00
-2.675600000000000023e+01 1.000000000000000000e+00 4.440000000000000197e-02 0.000000000000000000e+00
-2.675600000000000023e+01 1.000000000000000000e+00 3.810000000000000192e-02 0.000000000000000000e+00
-2.675600000000000023e+01 1.000000000000000000e+00 4.839999999999999858e-02 0.000000000000000000e+00
-2.675600000000000023e+01 1.000000000000000000e+00 3.839999999999999664e-02 0.000000000000000000e+00
-2.675600000000000023e+01 1.000000000000000000e+00 5.059999999999999915e-02 0.000000000000000000e+00
-2.675600000000000023e+01 1.000000000000000000e+00 4.220000000000000140e-02 0.000000000000000000e+00
-2.675600000000000023e+01 1.000000000000000000e+00 5.099999999999999672e-02 0.000000000000000000e+00
-2.675600000000000023e+01 1.000000000000000000e+00 4.569999999999999757e-02 0.000000000000000000e+00
-2.675600000000000023e+01 1.000000000000000000e+00 4.150000000000000216e-02 0.000000000000000000e+00
-2.675600000000000023e+01 1.000000000000000000e+00 3.760000000000000148e-02 0.000000000000000000e+00
-2.675600000000000023e+01 1.000000000000000000e+00 4.929999999999999660e-02 0.000000000000000000e+00
-2.675600000000000023e+01 1.000000000000000000e+00 4.429999999999999910e-02 0.000000000000000000e+00
-2.675600000000000023e+01 1.000000000000000000e+00 5.530000000000000193e-02 0.000000000000000000e+00
-2.675600000000000023e+01 1.000000000000000000e+00 1.066000000000000003e-01 0.000000000000000000e+00
-2.675600000000000023e+01 1.000000000000000000e+00 4.839999999999999858e-02 0.000000000000000000e+00
-2.675600000000000023e+01 1.000000000000000000e+00 4.760000000000000342e-02 0.000000000000000000e+00
-2.675600000000000023e+01 1.000000000000000000e+00 6.079999999999999988e-02 0.000000000000000000e+00
-2.675600000000000023e+01 1.000000000000000000e+00 5.240000000000000213e-02 0.000000000000000000e+00
-2.675600000000000023e+01 1.000000000000000000e+00 4.780000000000000221e-02 0.000000000000000000e+00
-2.675600000000000023e+01 1.000000000000000000e+00 5.349999999999999895e-02 0.000000000000000000e+00
-2.675600000000000023e+01 1.000000000000000000e+00 5.929999999999999855e-02 0.000000000000000000e+00
-2.675600000000000023e+01 1.000000000000000000e+00 4.819999999999999979e-02 0.000000000000000000e+00
-2.675600000000000023e+01 1.000000000000000000e+00 4.979999999999999705e-02 0.000000000000000000e+00
-2.675600000000000023e+01 1.000000000000000000e+00 5.879999999999999810e-02 0.000000000000000000e+00
-2.675600000000000023e+01 1.000000000000000000e+00 4.660000000000000253e-02 0.000000000000000000e+00
-2.675600000000000023e+01 1.000000000000000000e+00 5.220000000000000334e-02 0.000000000000000000e+00
-2.675600000000000023e+01 1.000000000000000000e+00 5.530000000000000193e-02 0.000000000000000000e+00
-2.675600000000000023e+01 1.000000000000000000e+00 5.199999999999999761e-02 0.000000000000000000e+00
-2.675600000000000023e+01 1.000000000000000000e+00 5.170000000000000290e-02 0.000000000000000000e+00
-2.675600000000000023e+01 1.000000000000000000e+00 5.290000000000000258e-02 0.000000000000000000e+00
-2.675600000000000023e+01 1.000000000000000000e+00 5.419999999999999818e-02 0.000000000000000000e+00
-2.675600000000000023e+01 1.000000000000000000e+00 5.600000000000000117e-02 0.000000000000000000e+00
-2.675600000000000023e+01 1.000000000000000000e+00 4.950000000000000233e-02 0.000000000000000000e+00
-2.675600000000000023e+01 1.000000000000000000e+00 5.120000000000000245e-02 0.000000000000000000e+00
-2.675600000000000023e+01 1.000000000000000000e+00 4.959999999999999826e-02 0.000000000000000000e+00
-2.675600000000000023e+01 1.000000000000000000e+00 5.120000000000000245e-02 0.000000000000000000e+00
-2.675600000000000023e+01 1.000000000000000000e+00 5.439999999999999697e-02 0.000000000000000000e+00
-2.675600000000000023e+01 1.000000000000000000e+00 5.260000000000000092e-02 0.000000000000000000e+00
-2.675600000000000023e+01 1.000000000000000000e+00 5.759999999999999842e-02 0.000000000000000000e+00
-2.675600000000000023e+01 1.000000000000000000e+00 4.710000000000000298e-02 0.000000000000000000e+00
-2.675600000000000023e+01 1.000000000000000000e+00 3.989999999999999797e-02 0.000000000000000000e+00
-2.675600000000000023e+01 1.000000000000000000e+00 5.059999999999999915e-02 0.000000000000000000e+00
-2.675600000000000023e+01 1.000000000000000000e+00 5.040000000000000036e-02 0.000000000000000000e+00
-2.675600000000000023e+01 1.000000000000000000e+00 5.079999999999999793e-02 0.000000000000000000e+00
-2.675600000000000023e+01 1.000000000000000000e+00 6.370000000000000662e-02 0.000000000000000000e+00
-2.675600000000000023e+01 1.000000000000000000e+00 5.170000000000000290e-02 0.000000000000000000e+00
-2.675600000000000023e+01 1.000000000000000000e+00 5.040000000000000036e-02 0.000000000000000000e+00
-2.675600000000000023e+01 1.000000000000000000e+00 5.170000000000000290e-02 0.000000000000000000e+00
-2.675600000000000023e+01 1.000000000000000000e+00 5.990000000000000185e-02 0.000000000000000000e+00
-2.675600000000000023e+01 1.000000000000000000e+00 5.220000000000000334e-02 0.000000000000000000e+00
-2.675600000000000023e+01 1.000000000000000000e+00 4.680000000000000132e-02 0.000000000000000000e+00
-2.675600000000000023e+01 1.000000000000000000e+00 5.630000000000000282e-02 0.000000000000000000e+00
-2.675600000000000023e+01 1.000000000000000000e+00 5.530000000000000193e-02 0.000000000000000000e+00
-2.675600000000000023e+01 1.000000000000000000e+00 5.059999999999999915e-02 0.000000000000000000e+00
-2.675600000000000023e+01 1.000000000000000000e+00 4.590000000000000330e-02 0.000000000000000000e+00
-2.675600000000000023e+01 1.000000000000000000e+00 4.839999999999999858e-02 0.000000000000000000e+00
-2.675600000000000023e+01 1.000000000000000000e+00 5.109999999999999959e-02 0.000000000000000000e+00
-2.675600000000000023e+01 1.000000000000000000e+00 5.419999999999999818e-02 0.000000000000000000e+00
-2.675600000000000023e+01 1.000000000000000000e+00 4.100000000000000172e-02 0.000000000000000000e+00
-2.675600000000000023e+01 1.000000000000000000e+00 4.660000000000000253e-02 0.000000000000000000e+00
-2.675600000000000023e+01 1.000000000000000000e+00 4.299999999999999656e-02 0.000000000000000000e+00
-2.675600000000000023e+01 1.000000000000000000e+00 5.160000000000000003e-02 0.000000000000000000e+00
-2.675600000000000023e+01 1.000000000000000000e+00 4.939999999999999947e-02 0.000000000000000000e+00
-2.675600000000000023e+01 1.000000000000000000e+00 4.420000000000000318e-02 0.000000000000000000e+00
-2.675600000000000023e+01 1.000000000000000000e+00 3.869999999999999829e-02 0.000000000000000000e+00
-2.675600000000000023e+01 1.000000000000000000e+00 5.349999999999999895e-02 0.000000000000000000e+00
-2.675600000000000023e+01 1.000000000000000000e+00 4.510000000000000120e-02 0.000000000000000000e+00
-2.675600000000000023e+01 1.000000000000000000e+00 5.600000000000000117e-02 0.000000000000000000e+00
-2.675600000000000023e+01 1.000000000000000000e+00 4.719999999999999890e-02 0.000000000000000000e+00
-2.675600000000000023e+01 1.000000000000000000e+00 5.299999999999999850e-02 0.000000000000000000e+00
-2.675600000000000023e+01 1.000000000000000000e+00 4.800000000000000100e-02 0.000000000000000000e+00
-2.675600000000000023e+01 1.000000000000000000e+00 5.469999999999999862e-02 0.000000000000000000e+00
-2.675600000000000023e+01 1.000000000000000000e+00 4.440000000000000197e-02 0.000000000000000000e+00
-2.675600000000000023e+01 1.000000000000000000e+00 5.120000000000000245e-02 0.000000000000000000e+00
-2.675600000000000023e+01 1.000000000000000000e+00 4.469999999999999668e-02 0.000000000000000000e+00
-2.675600000000000023e+01 1.000000000000000000e+00 4.979999999999999705e-02 0.000000000000000000e+00
-2.675600000000000023e+01 1.000000000000000000e+00 4.170000000000000095e-02 0.000000000000000000e+00
-2.675600000000000023e+01 1.000000000000000000e+00 5.890000000000000097e-02 0.000000000000000000e+00
-2.675600000000000023e+01 1.000000000000000000e+00 5.120000000000000245e-02 0.000000000000000000e+00
-2.675600000000000023e+01 1.000000000000000000e+00 5.160000000000000003e-02 0.000000000000000000e+00
-2.675600000000000023e+01 1.000000000000000000e+00 4.669999999999999846e-02 0.000000000000000000e+00
-2.675600000000000023e+01 1.000000000000000000e+00 5.369999999999999774e-02 0.000000000000000000e+00
-2.675600000000000023e+01 1.000000000000000000e+00 4.789999999999999813e-02 0.000000000000000000e+00
-2.675600000000000023e+01 1.000000000000000000e+00 4.830000000000000265e-02 0.000000000000000000e+00
-2.675600000000000023e+01 1.000000000000000000e+00 5.240000000000000213e-02 0.000000000000000000e+00
-2.675600000000000023e+01 1.000000000000000000e+00 5.090000000000000080e-02 0.000000000000000000e+00
-2.675600000000000023e+01 1.000000000000000000e+00 4.370000000000000273e-02 0.000000000000000000e+00
-2.675600000000000023e+01 1.000000000000000000e+00 5.260000000000000092e-02 0.000000000000000000e+00
-2.675600000000000023e+01 1.000000000000000000e+00 5.739999999999999963e-02 0.000000000000000000e+00
-2.675600000000000023e+01 1.000000000000000000e+00 4.769999999999999934e-02 0.000000000000000000e+00
-2.675600000000000023e+01 1.000000000000000000e+00 5.439999999999999697e-02 0.000000000000000000e+00
-2.675600000000000023e+01 1.000000000000000000e+00 5.729999999999999677e-02 0.000000000000000000e+00
-2.675600000000000023e+01 1.000000000000000000e+00 4.179999999999999688e-02 0.000000000000000000e+00
-2.675600000000000023e+01 1.000000000000000000e+00 9.270000000000000462e-02 0.000000000000000000e+00
-2.675600000000000023e+01 1.000000000000000000e+00 5.489999999999999741e-02 0.000000000000000000e+00
-2.675600000000000023e+01 1.000000000000000000e+00 5.650000000000000161e-02 0.000000000000000000e+00
-2.675600000000000023e+01 1.000000000000000000e+00 5.480000000000000149e-02 0.000000000000000000e+00
-2.675600000000000023e+01 1.000000000000000000e+00 5.519999999999999907e-02 0.000000000000000000e+00
-2.675600000000000023e+01 1.000000000000000000e+00 5.360000000000000181e-02 0.000000000000000000e+00
-2.675600000000000023e+01 1.000000000000000000e+00 5.160000000000000003e-02 0.000000000000000000e+00
-2.675600000000000023e+01 1.000000000000000000e+00 5.240000000000000213e-02 0.000000000000000000e+00
-2.675600000000000023e+01 1.000000000000000000e+00 4.730000000000000177e-02 0.000000000000000000e+00
-2.675600000000000023e+01 1.000000000000000000e+00 5.419999999999999818e-02 0.000000000000000000e+00
-2.675600000000000023e+01 1.000000000000000000e+00 5.500000000000000028e-02 0.000000000000000000e+00
-2.675600000000000023e+01 1.000000000000000000e+00 5.680000000000000326e-02 0.000000000000000000e+00
-2.675600000000000023e+01 1.000000000000000000e+00 5.040000000000000036e-02 0.000000000000000000e+00
-2.675600000000000023e+01 1.000000000000000000e+00 5.469999999999999862e-02 0.000000000000000000e+00
-2.675600000000000023e+01 1.000000000000000000e+00 5.129999999999999838e-02 0.000000000000000000e+00
-2.675600000000000023e+01 1.000000000000000000e+00 5.700000000000000205e-02 0.000000000000000000e+00
-2.675600000000000023e+01 1.000000000000000000e+00 5.979999999999999899e-02 0.000000000000000000e+00
-2.675600000000000023e+01 1.000000000000000000e+00 5.410000000000000225e-02 0.000000000000000000e+00
-2.675600000000000023e+01 1.000000000000000000e+00 6.029999999999999943e-02 0.000000000000000000e+00
-2.675600000000000023e+01 1.000000000000000000e+00 5.480000000000000149e-02 0.000000000000000000e+00
-2.675600000000000023e+01 1.000000000000000000e+00 5.279999999999999971e-02 0.000000000000000000e+00
-2.675600000000000023e+01 1.000000000000000000e+00 5.390000000000000346e-02 0.000000000000000000e+00
-2.675600000000000023e+01 1.000000000000000000e+00 5.290000000000000258e-02 0.000000000000000000e+00
-2.675600000000000023e+01 1.000000000000000000e+00 5.949999999999999734e-02 0.000000000000000000e+00
-2.675600000000000023e+01 1.000000000000000000e+00 5.129999999999999838e-02 0.000000000000000000e+00
-2.675600000000000023e+01 1.000000000000000000e+00 5.059999999999999915e-02 0.000000000000000000e+00
-2.675600000000000023e+01 1.000000000000000000e+00 5.079999999999999793e-02 0.000000000000000000e+00
-2.675600000000000023e+01 1.000000000000000000e+00 5.500000000000000028e-02 0.000000000000000000e+00
-2.675600000000000023e+01 1.000000000000000000e+00 5.510000000000000314e-02 0.000000000000000000e+00
-2.675600000000000023e+01 1.000000000000000000e+00 5.550000000000000072e-02 0.000000000000000000e+00
-2.675600000000000023e+01 1.000000000000000000e+00 5.229999999999999927e-02 0.000000000000000000e+00
-2.675600000000000023e+01 1.000000000000000000e+00 5.689999999999999919e-02 0.000000000000000000e+00
-2.675600000000000023e+01 1.000000000000000000e+00 5.349999999999999895e-02 0.000000000000000000e+00
-2.675600000000000023e+01 1.000000000000000000e+00 5.279999999999999971e-02 0.000000000000000000e+00
-2.675600000000000023e+01 1.000000000000000000e+00 5.399999999999999939e-02 0.000000000000000000e+00
-2.675600000000000023e+01 1.000000000000000000e+00 5.890000000000000097e-02 0.000000000000000000e+00
-2.675600000000000023e+01 1.000000000000000000e+00 5.330000000000000016e-02 0.000000000000000000e+00
-2.675600000000000023e+01 1.000000000000000000e+00 5.340000000000000302e-02 0.000000000000000000e+00
-2.675600000000000023e+01 1.000000000000000000e+00 5.120000000000000245e-02 0.000000000000000000e+00
-2.675600000000000023e+01 1.000000000000000000e+00 4.900000000000000189e-02 0.000000000000000000e+00
-2.675600000000000023e+01 1.000000000000000000e+00 5.260000000000000092e-02 0.000000000000000000e+00
-2.675600000000000023e+01 1.000000000000000000e+00 5.650000000000000161e-02 0.000000000000000000e+00
-2.675600000000000023e+01 1.000000000000000000e+00 4.850000000000000144e-02 0.000000000000000000e+00
-2.675600000000000023e+01 1.000000000000000000e+00 5.070000000000000201e-02 0.000000000000000000e+00
-2.675600000000000023e+01 1.000000000000000000e+00 5.260000000000000092e-02 0.000000000000000000e+00
-2.675600000000000023e+01 1.000000000000000000e+00 5.290000000000000258e-02 0.000000000000000000e+00
-2.675600000000000023e+01 1.000000000000000000e+00 5.469999999999999862e-02 0.000000000000000000e+00
-2.675600000000000023e+01 1.000000000000000000e+00 5.299999999999999850e-02 0.000000000000000000e+00
-2.675600000000000023e+01 1.000000000000000000e+00 5.739999999999999963e-02 0.000000000000000000e+00
-2.675600000000000023e+01 1.000000000000000000e+00 4.939999999999999947e-02 0.000000000000000000e+00
-2.675600000000000023e+01 1.000000000000000000e+00 5.550000000000000072e-02 0.000000000000000000e+00
-2.675600000000000023e+01 1.000000000000000000e+00 5.559999999999999665e-02 0.000000000000000000e+00
-2.675600000000000023e+01 1.000000000000000000e+00 5.399999999999999939e-02 0.000000000000000000e+00
-2.675600000000000023e+01 1.000000000000000000e+00 5.220000000000000334e-02 0.000000000000000000e+00
-2.675600000000000023e+01 1.000000000000000000e+00 5.530000000000000193e-02 0.000000000000000000e+00
-2.675600000000000023e+01 1.000000000000000000e+00 5.120000000000000245e-02 0.000000000000000000e+00
-2.675600000000000023e+01 1.000000000000000000e+00 5.179999999999999882e-02 0.000000000000000000e+00
-2.675600000000000023e+01 1.000000000000000000e+00 5.589999999999999830e-02 0.000000000000000000e+00
-2.675600000000000023e+01 1.000000000000000000e+00 5.500000000000000028e-02 0.000000000000000000e+00
-2.675600000000000023e+01 1.000000000000000000e+00 5.179999999999999882e-02 0.000000000000000000e+00
-2.675600000000000023e+01 1.000000000000000000e+00 5.129999999999999838e-02 0.000000000000000000e+00
-2.675600000000000023e+01 1.000000000000000000e+00 4.870000000000000023e-02 0.000000000000000000e+00
-2.675600000000000023e+01 1.000000000000000000e+00 5.310000000000000137e-02 0.000000000000000000e+00
-2.675600000000000023e+01 1.000000000000000000e+00 5.369999999999999774e-02 0.000000000000000000e+00
-2.675600000000000023e+01 1.000000000000000000e+00 5.160000000000000003e-02 0.000000000000000000e+00
-2.675600000000000023e+01 1.000000000000000000e+00 5.630000000000000282e-02 0.000000000000000000e+00
-2.675600000000000023e+01 1.000000000000000000e+00 5.680000000000000326e-02 0.000000000000000000e+00
-2.675600000000000023e+01 1.000000000000000000e+00 5.399999999999999939e-02 0.000000000000000000e+00
-2.675600000000000023e+01 1.000000000000000000e+00 5.530000000000000193e-02 0.000000000000000000e+00
-2.675600000000000023e+01 1.000000000000000000e+00 5.179999999999999882e-02 0.000000000000000000e+00
-2.675600000000000023e+01 1.000000000000000000e+00 4.859999999999999737e-02 0.000000000000000000e+00
-2.675600000000000023e+01 1.000000000000000000e+00 5.600000000000000117e-02 0.000000000000000000e+00
-2.675600000000000023e+01 1.000000000000000000e+00 5.399999999999999939e-02 0.000000000000000000e+00
-2.675600000000000023e+01 1.000000000000000000e+00 5.090000000000000080e-02 0.000000000000000000e+00
-2.675600000000000023e+01 1.000000000000000000e+00 5.630000000000000282e-02 0.000000000000000000e+00
-2.675600000000000023e+01 1.000000000000000000e+00 5.310000000000000137e-02 0.000000000000000000e+00
-2.675600000000000023e+01 1.000000000000000000e+00 5.430000000000000104e-02 0.000000000000000000e+00
-2.675600000000000023e+01 1.000000000000000000e+00 5.290000000000000258e-02 0.000000000000000000e+00
-2.675600000000000023e+01 1.000000000000000000e+00 5.519999999999999907e-02 0.000000000000000000e+00
-2.675600000000000023e+01 1.000000000000000000e+00 5.609999999999999709e-02 0.000000000000000000e+00
-2.675600000000000023e+01 1.000000000000000000e+00 5.539999999999999786e-02 0.000000000000000000e+00
-2.675600000000000023e+01 1.000000000000000000e+00 5.399999999999999939e-02 0.000000000000000000e+00
-2.675600000000000023e+01 1.000000000000000000e+00 5.330000000000000016e-02 0.000000000000000000e+00
-2.675600000000000023e+01 1.000000000000000000e+00 5.140000000000000124e-02 0.000000000000000000e+00
-2.675600000000000023e+01 1.000000000000000000e+00 5.149999999999999717e-02 0.000000000000000000e+00
-2.675600000000000023e+01 1.000000000000000000e+00 5.269999999999999685e-02 0.000000000000000000e+00
-2.675600000000000023e+01 1.000000000000000000e+00 5.369999999999999774e-02 0.000000000000000000e+00
-2.675600000000000023e+01 1.000000000000000000e+00 5.190000000000000169e-02 0.000000000000000000e+00
-2.675600000000000023e+01 1.000000000000000000e+00 4.950000000000000233e-02 0.000000000000000000e+00
-2.675600000000000023e+01 1.000000000000000000e+00 5.120000000000000245e-02 0.000000000000000000e+00
-2.675600000000000023e+01 1.000000000000000000e+00 5.059999999999999915e-02 0.000000000000000000e+00
-2.675600000000000023e+01 1.000000000000000000e+00 5.020000000000000157e-02 0.000000000000000000e+00
-2.675600000000000023e+01 1.000000000000000000e+00 5.140000000000000124e-02 0.000000000000000000e+00
-2.675600000000000023e+01 1.000000000000000000e+00 5.340000000000000302e-02 0.000000000000000000e+00
-2.675600000000000023e+01 1.000000000000000000e+00 5.480000000000000149e-02 0.000000000000000000e+00
-2.675600000000000023e+01 1.000000000000000000e+00 5.500000000000000028e-02 0.000000000000000000e+00
-2.675600000000000023e+01 1.000000000000000000e+00 5.050000000000000322e-02 0.000000000000000000e+00
-2.675600000000000023e+01 1.000000000000000000e+00 5.559999999999999665e-02 0.000000000000000000e+00
-2.675600000000000023e+01 1.000000000000000000e+00 5.299999999999999850e-02 0.000000000000000000e+00
-2.675600000000000023e+01 1.000000000000000000e+00 5.550000000000000072e-02 0.000000000000000000e+00
-2.675600000000000023e+01 1.000000000000000000e+00 5.709999999999999798e-02 0.000000000000000000e+00
-2.675600000000000023e+01 1.000000000000000000e+00 5.269999999999999685e-02 0.000000000000000000e+00
-2.675600000000000023e+01 1.000000000000000000e+00 5.290000000000000258e-02 0.000000000000000000e+00
-2.675600000000000023e+01 1.000000000000000000e+00 5.410000000000000225e-02 0.000000000000000000e+00
-2.675600000000000023e+01 1.000000000000000000e+00 5.399999999999999939e-02 0.000000000000000000e+00
-2.675600000000000023e+01 1.000000000000000000e+00 5.380000000000000060e-02 0.000000000000000000e+00
-2.675600000000000023e+01 1.000000000000000000e+00 5.170000000000000290e-02 0.000000000000000000e+00
-2.675600000000000023e+01 1.000000000000000000e+00 5.639999999999999875e-02 0.000000000000000000e+00
-2.675600000000000023e+01 1.000000000000000000e+00 5.299999999999999850e-02 0.000000000000000000e+00
-2.675600000000000023e+01 1.000000000000000000e+00 5.580000000000000238e-02 0.000000000000000000e+00
-2.675600000000000023e+01 1.000000000000000000e+00 5.220000000000000334e-02 0.000000000000000000e+00
-2.675600000000000023e+01 1.000000000000000000e+00 5.140000000000000124e-02 0.000000000000000000e+00
-2.675600000000000023e+01 1.000000000000000000e+00 5.029999999999999749e-02 0.000000000000000000e+00
-2.675600000000000023e+01 1.000000000000000000e+00 5.390000000000000346e-02 0.000000000000000000e+00
-2.675600000000000023e+01 1.000000000000000000e+00 5.530000000000000193e-02 0.000000000000000000e+00
-2.675600000000000023e+01 1.000000000000000000e+00 4.959999999999999826e-02 0.000000000000000000e+00
-2.675600000000000023e+01 1.000000000000000000e+00 5.179999999999999882e-02 0.000000000000000000e+00
-2.675600000000000023e+01 1.000000000000000000e+00 5.000000000000000278e-02 0.000000000000000000e+00
-2.675600000000000023e+01 1.000000000000000000e+00 5.460000000000000270e-02 0.000000000000000000e+00
-2.675600000000000023e+01 1.000000000000000000e+00 5.589999999999999830e-02 0.000000000000000000e+00
-2.675600000000000023e+01 1.000000000000000000e+00 5.759999999999999842e-02 0.000000000000000000e+00
-2.675600000000000023e+01 1.000000000000000000e+00 5.330000000000000016e-02 0.000000000000000000e+00
-2.675600000000000023e+01 1.000000000000000000e+00 5.729999999999999677e-02 0.000000000000000000e+00
-2.675600000000000023e+01 1.000000000000000000e+00 5.770000000000000129e-02 0.000000000000000000e+00
-2.675600000000000023e+01 1.000000000000000000e+00 5.149999999999999717e-02 0.000000000000000000e+00
-2.675600000000000023e+01 1.000000000000000000e+00 5.639999999999999875e-02 0.000000000000000000e+00
-2.675600000000000023e+01 1.000000000000000000e+00 5.469999999999999862e-02 0.000000000000000000e+00
-2.675600000000000023e+01 1.000000000000000000e+00 5.079999999999999793e-02 0.000000000000000000e+00
-2.675600000000000023e+01 1.000000000000000000e+00 5.220000000000000334e-02 0.000000000000000000e+00
-2.675600000000000023e+01 1.000000000000000000e+00 5.260000000000000092e-02 0.000000000000000000e+00
-2.675600000000000023e+01 1.000000000000000000e+00 5.040000000000000036e-02 0.000000000000000000e+00
-2.675600000000000023e+01 1.000000000000000000e+00 5.229999999999999927e-02 0.000000000000000000e+00
-2.675600000000000023e+01 1.000000000000000000e+00 5.720000000000000084e-02 0.000000000000000000e+00
-2.675600000000000023e+01 1.000000000000000000e+00 5.090000000000000080e-02 0.000000000000000000e+00
-2.675600000000000023e+01 1.000000000000000000e+00 5.170000000000000290e-02 0.000000000000000000e+00
-2.675600000000000023e+01 1.000000000000000000e+00 5.190000000000000169e-02 0.000000000000000000e+00
-2.675600000000000023e+01 1.000000000000000000e+00 5.469999999999999862e-02 0.000000000000000000e+00
-2.675600000000000023e+01 1.000000000000000000e+00 5.489999999999999741e-02 0.000000000000000000e+00
-2.675600000000000023e+01 1.000000000000000000e+00 5.589999999999999830e-02 0.000000000000000000e+00
-2.675600000000000023e+01 1.000000000000000000e+00 5.360000000000000181e-02 0.000000000000000000e+00
-2.675600000000000023e+01 1.000000000000000000e+00 5.550000000000000072e-02 0.000000000000000000e+00
-2.675600000000000023e+01 1.000000000000000000e+00 5.170000000000000290e-02 0.000000000000000000e+00
-2.675600000000000023e+01 1.000000000000000000e+00 5.349999999999999895e-02 0.000000000000000000e+00
-2.675600000000000023e+01 1.000000000000000000e+00 5.179999999999999882e-02 0.000000000000000000e+00
-2.675600000000000023e+01 1.000000000000000000e+00 5.260000000000000092e-02 0.000000000000000000e+00
-2.675600000000000023e+01 1.000000000000000000e+00 5.410000000000000225e-02 0.000000000000000000e+00
-2.675600000000000023e+01 1.000000000000000000e+00 5.619999999999999996e-02 0.000000000000000000e+00
-2.675600000000000023e+01 1.000000000000000000e+00 5.149999999999999717e-02 0.000000000000000000e+00
-2.675600000000000023e+01 1.000000000000000000e+00 5.390000000000000346e-02 0.000000000000000000e+00
-2.675600000000000023e+01 1.000000000000000000e+00 5.920000000000000262e-02 0.000000000000000000e+00
-2.675600000000000023e+01 1.000000000000000000e+00 5.430000000000000104e-02 0.000000000000000000e+00
-2.675600000000000023e+01 1.000000000000000000e+00 5.099999999999999672e-02 0.000000000000000000e+00
-2.675600000000000023e+01 1.000000000000000000e+00 5.279999999999999971e-02 0.000000000000000000e+00
-2.675600000000000023e+01 1.000000000000000000e+00 5.369999999999999774e-02 0.000000000000000000e+00
-2.675600000000000023e+01 1.000000000000000000e+00 5.380000000000000060e-02 0.000000000000000000e+00
-2.675600000000000023e+01 1.000000000000000000e+00 5.539999999999999786e-02 0.000000000000000000e+00
-2.675600000000000023e+01 1.000000000000000000e+00 5.519999999999999907e-02 0.000000000000000000e+00
-2.675600000000000023e+01 1.000000000000000000e+00 5.360000000000000181e-02 0.000000000000000000e+00
-2.675600000000000023e+01 1.000000000000000000e+00 5.460000000000000270e-02 0.000000000000000000e+00
-2.675600000000000023e+01 1.000000000000000000e+00 5.319999999999999729e-02 0.000000000000000000e+00
-2.675600000000000023e+01 1.000000000000000000e+00 5.330000000000000016e-02 0.000000000000000000e+00
-2.675600000000000023e+01 1.000000000000000000e+00 5.290000000000000258e-02 0.000000000000000000e+00
-2.675600000000000023e+01 1.000000000000000000e+00 5.310000000000000137e-02 0.000000000000000000e+00
-2.675600000000000023e+01 1.000000000000000000e+00 5.909999999999999976e-02 0.000000000000000000e+00
-2.675600000000000023e+01 1.000000000000000000e+00 5.600000000000000117e-02 0.000000000000000000e+00
-2.675600000000000023e+01 1.000000000000000000e+00 5.269999999999999685e-02 0.000000000000000000e+00
-2.675600000000000023e+01 1.000000000000000000e+00 5.009999999999999870e-02 0.000000000000000000e+00
-2.675600000000000023e+01 1.000000000000000000e+00 5.349999999999999895e-02 0.000000000000000000e+00
-2.675600000000000023e+01 1.000000000000000000e+00 5.530000000000000193e-02 0.000000000000000000e+00
-2.675600000000000023e+01 1.000000000000000000e+00 5.449999999999999983e-02 0.000000000000000000e+00
-2.675600000000000023e+01 1.000000000000000000e+00 5.369999999999999774e-02 0.000000000000000000e+00
-2.675600000000000023e+01 1.000000000000000000e+00 5.390000000000000346e-02 0.000000000000000000e+00
-2.675600000000000023e+01 1.000000000000000000e+00 5.460000000000000270e-02 0.000000000000000000e+00
-2.675600000000000023e+01 1.000000000000000000e+00 5.140000000000000124e-02 0.000000000000000000e+00
-2.675600000000000023e+01 1.000000000000000000e+00 5.260000000000000092e-02 0.000000000000000000e+00
-2.675600000000000023e+01 1.000000000000000000e+00 5.349999999999999895e-02 0.000000000000000000e+00
-2.675600000000000023e+01 1.000000000000000000e+00 5.099999999999999672e-02 0.000000000000000000e+00
-2.675600000000000023e+01 1.000000000000000000e+00 5.369999999999999774e-02 0.000000000000000000e+00
-2.675600000000000023e+01 1.000000000000000000e+00 5.179999999999999882e-02 0.000000000000000000e+00
-2.675600000000000023e+01 1.000000000000000000e+00 4.929999999999999660e-02 0.000000000000000000e+00
-2.675600000000000023e+01 1.000000000000000000e+00 5.650000000000000161e-02 0.000000000000000000e+00
-2.675600000000000023e+01 1.000000000000000000e+00 5.619999999999999996e-02 0.000000000000000000e+00
-2.675600000000000023e+01 1.000000000000000000e+00 5.539999999999999786e-02 0.000000000000000000e+00
-2.675600000000000023e+01 1.000000000000000000e+00 5.299999999999999850e-02 0.000000000000000000e+00
-2.675600000000000023e+01 1.000000000000000000e+00 5.120000000000000245e-02 0.000000000000000000e+00
-2.675600000000000023e+01 1.000000000000000000e+00 5.530000000000000193e-02 0.000000000000000000e+00
-2.675600000000000023e+01 1.000000000000000000e+00 5.020000000000000157e-02 0.000000000000000000e+00
-2.675600000000000023e+01 1.000000000000000000e+00 5.199999999999999761e-02 0.000000000000000000e+00
-2.675600000000000023e+01 1.000000000000000000e+00 5.199999999999999761e-02 0.000000000000000000e+00
-2.675600000000000023e+01 1.000000000000000000e+00 5.220000000000000334e-02 0.000000000000000000e+00
-2.675600000000000023e+01 1.000000000000000000e+00 5.580000000000000238e-02 0.000000000000000000e+00
-2.675600000000000023e+01 1.000000000000000000e+00 5.330000000000000016e-02 0.000000000000000000e+00
-2.675600000000000023e+01 1.000000000000000000e+00 5.859999999999999931e-02 0.000000000000000000e+00
-2.675600000000000023e+01 1.000000000000000000e+00 5.140000000000000124e-02 0.000000000000000000e+00
-2.675600000000000023e+01 1.000000000000000000e+00 5.380000000000000060e-02 0.000000000000000000e+00
-2.675600000000000023e+01 1.000000000000000000e+00 5.480000000000000149e-02 0.000000000000000000e+00
-2.675600000000000023e+01 1.000000000000000000e+00 5.410000000000000225e-02 0.000000000000000000e+00
-2.675600000000000023e+01 1.000000000000000000e+00 5.090000000000000080e-02 0.000000000000000000e+00
-2.675600000000000023e+01 1.000000000000000000e+00 5.539999999999999786e-02 0.000000000000000000e+00
-2.675600000000000023e+01 1.000000000000000000e+00 5.390000000000000346e-02 0.000000000000000000e+00
-2.675600000000000023e+01 1.000000000000000000e+00 5.360000000000000181e-02 0.000000000000000000e+00
-2.675600000000000023e+01 1.000000000000000000e+00 5.319999999999999729e-02 0.000000000000000000e+00
-2.675600000000000023e+01 1.000000000000000000e+00 5.269999999999999685e-02 0.000000000000000000e+00
-2.675600000000000023e+01 1.000000000000000000e+00 5.519999999999999907e-02 0.000000000000000000e+00
-2.675600000000000023e+01 1.000000000000000000e+00 5.439999999999999697e-02 0.000000000000000000e+00
-2.675600000000000023e+01 1.000000000000000000e+00 5.040000000000000036e-02 0.000000000000000000e+00
-2.675600000000000023e+01 1.000000000000000000e+00 5.290000000000000258e-02 0.000000000000000000e+00
-2.675600000000000023e+01 1.000000000000000000e+00 5.410000000000000225e-02 0.000000000000000000e+00
-2.675600000000000023e+01 1.000000000000000000e+00 5.260000000000000092e-02 0.000000000000000000e+00
-2.675600000000000023e+01 1.000000000000000000e+00 5.840000000000000052e-02 0.000000000000000000e+00
-2.675600000000000023e+01 1.000000000000000000e+00 5.559999999999999665e-02 0.000000000000000000e+00
-2.675600000000000023e+01 1.000000000000000000e+00 5.040000000000000036e-02 0.000000000000000000e+00
-2.675600000000000023e+01 1.000000000000000000e+00 5.439999999999999697e-02 0.000000000000000000e+00
-2.675600000000000023e+01 1.000000000000000000e+00 5.120000000000000245e-02 0.000000000000000000e+00
-2.675600000000000023e+01 1.000000000000000000e+00 5.530000000000000193e-02 0.000000000000000000e+00
-2.675600000000000023e+01 1.000000000000000000e+00 5.460000000000000270e-02 0.000000000000000000e+00
-2.675600000000000023e+01 1.000000000000000000e+00 5.330000000000000016e-02 0.000000000000000000e+00
-2.675600000000000023e+01 1.000000000000000000e+00 5.489999999999999741e-02 0.000000000000000000e+00
-2.675600000000000023e+01 1.000000000000000000e+00 5.639999999999999875e-02 0.000000000000000000e+00
-2.675600000000000023e+01 1.000000000000000000e+00 5.070000000000000201e-02 0.000000000000000000e+00
-2.675600000000000023e+01 1.000000000000000000e+00 5.689999999999999919e-02 0.000000000000000000e+00
-2.675600000000000023e+01 1.000000000000000000e+00 5.779999999999999721e-02 0.000000000000000000e+00
-2.675600000000000023e+01 1.000000000000000000e+00 5.390000000000000346e-02 0.000000000000000000e+00
-2.675600000000000023e+01 1.000000000000000000e+00 5.539999999999999786e-02 0.000000000000000000e+00
-2.675600000000000023e+01 1.000000000000000000e+00 5.399999999999999939e-02 0.000000000000000000e+00
-2.675600000000000023e+01 1.000000000000000000e+00 5.550000000000000072e-02 0.000000000000000000e+00
-2.675600000000000023e+01 1.000000000000000000e+00 5.330000000000000016e-02 0.000000000000000000e+00
-2.675600000000000023e+01 1.000000000000000000e+00 5.240000000000000213e-02 0.000000000000000000e+00
-2.675600000000000023e+01 1.000000000000000000e+00 5.630000000000000282e-02 0.000000000000000000e+00
-2.675600000000000023e+01 1.000000000000000000e+00 5.600000000000000117e-02 0.000000000000000000e+00
-2.675600000000000023e+01 1.000000000000000000e+00 5.779999999999999721e-02 0.000000000000000000e+00
-2.675600000000000023e+01 1.000000000000000000e+00 5.639999999999999875e-02 0.000000000000000000e+00
-2.675600000000000023e+01 1.000000000000000000e+00 5.550000000000000072e-02 0.000000000000000000e+00
-2.675600000000000023e+01 1.000000000000000000e+00 5.469999999999999862e-02 0.000000000000000000e+00
-2.675600000000000023e+01 1.000000000000000000e+00 5.469999999999999862e-02 0.000000000000000000e+00
-2.675600000000000023e+01 1.000000000000000000e+00 5.410000000000000225e-02 0.000000000000000000e+00
-2.675600000000000023e+01 1.000000000000000000e+00 4.760000000000000342e-02 0.000000000000000000e+00
-2.675600000000000023e+01 1.000000000000000000e+00 5.210000000000000048e-02 0.000000000000000000e+00
-2.675600000000000023e+01 1.000000000000000000e+00 5.639999999999999875e-02 0.000000000000000000e+00
-2.675600000000000023e+01 1.000000000000000000e+00 5.580000000000000238e-02 0.000000000000000000e+00
-2.675600000000000023e+01 1.000000000000000000e+00 4.950000000000000233e-02 0.000000000000000000e+00
-2.675600000000000023e+01 1.000000000000000000e+00 5.340000000000000302e-02 0.000000000000000000e+00
-2.675600000000000023e+01 1.000000000000000000e+00 5.689999999999999919e-02 0.000000000000000000e+00
-2.675600000000000023e+01 1.000000000000000000e+00 5.059999999999999915e-02 0.000000000000000000e+00
-2.675600000000000023e+01 1.000000000000000000e+00 5.689999999999999919e-02 0.000000000000000000e+00
-2.675600000000000023e+01 1.000000000000000000e+00 5.290000000000000258e-02 0.000000000000000000e+00
-2.675600000000000023e+01 1.000000000000000000e+00 5.299999999999999850e-02 0.000000000000000000e+00
-2.675600000000000023e+01 1.000000000000000000e+00 5.469999999999999862e-02 0.000000000000000000e+00
-2.675600000000000023e+01 1.000000000000000000e+00 5.659999999999999754e-02 0.000000000000000000e+00
-2.675600000000000023e+01 1.000000000000000000e+00 5.589999999999999830e-02 0.000000000000000000e+00
-2.675600000000000023e+01 1.000000000000000000e+00 5.480000000000000149e-02 0.000000000000000000e+00
-2.675600000000000023e+01 1.000000000000000000e+00 5.530000000000000193e-02 0.000000000000000000e+00
-2.675600000000000023e+01 1.000000000000000000e+00 5.070000000000000201e-02 0.000000000000000000e+00
-2.675600000000000023e+01 1.000000000000000000e+00 5.580000000000000238e-02 0.000000000000000000e+00
-2.675600000000000023e+01 1.000000000000000000e+00 5.260000000000000092e-02 0.000000000000000000e+00
-2.675600000000000023e+01 1.000000000000000000e+00 5.319999999999999729e-02 0.000000000000000000e+00
-2.675600000000000023e+01 1.000000000000000000e+00 5.310000000000000137e-02 0.000000000000000000e+00
-2.675600000000000023e+01 1.000000000000000000e+00 5.249999999999999806e-02 0.000000000000000000e+00
-2.675600000000000023e+01 1.000000000000000000e+00 5.070000000000000201e-02 0.000000000000000000e+00
-2.675600000000000023e+01 1.000000000000000000e+00 5.619999999999999996e-02 0.000000000000000000e+00
-2.675600000000000023e+01 1.000000000000000000e+00 5.310000000000000137e-02 0.000000000000000000e+00
-2.675600000000000023e+01 1.000000000000000000e+00 5.319999999999999729e-02 0.000000000000000000e+00
-2.675600000000000023e+01 1.000000000000000000e+00 5.439999999999999697e-02 0.000000000000000000e+00
-2.675600000000000023e+01 1.000000000000000000e+00 4.789999999999999813e-02 0.000000000000000000e+00
-2.675600000000000023e+01 1.000000000000000000e+00 5.449999999999999983e-02 0.000000000000000000e+00
-2.675600000000000023e+01 1.000000000000000000e+00 5.519999999999999907e-02 0.000000000000000000e+00
-2.675600000000000023e+01 1.000000000000000000e+00 5.319999999999999729e-02 0.000000000000000000e+00
-2.675600000000000023e+01 1.000000000000000000e+00 5.090000000000000080e-02 0.000000000000000000e+00
-2.675600000000000023e+01 1.000000000000000000e+00 5.550000000000000072e-02 0.000000000000000000e+00
-2.675600000000000023e+01 1.000000000000000000e+00 5.269999999999999685e-02 0.000000000000000000e+00
-2.675600000000000023e+01 1.000000000000000000e+00 5.079999999999999793e-02 0.000000000000000000e+00
-2.675600000000000023e+01 1.000000000000000000e+00 5.609999999999999709e-02 0.000000000000000000e+00
-2.675600000000000023e+01 1.000000000000000000e+00 5.340000000000000302e-02 0.000000000000000000e+00
-2.675600000000000023e+01 1.000000000000000000e+00 5.050000000000000322e-02 0.000000000000000000e+00
-2.675600000000000023e+01 1.000000000000000000e+00 5.519999999999999907e-02 0.000000000000000000e+00
-2.675600000000000023e+01 1.000000000000000000e+00 5.349999999999999895e-02 0.000000000000000000e+00
-2.675600000000000023e+01 1.000000000000000000e+00 5.249999999999999806e-02 0.000000000000000000e+00
-2.675600000000000023e+01 1.000000000000000000e+00 5.240000000000000213e-02 0.000000000000000000e+00
-2.675600000000000023e+01 1.000000000000000000e+00 5.539999999999999786e-02 0.000000000000000000e+00
-2.675600000000000023e+01 1.000000000000000000e+00 5.229999999999999927e-02 0.000000000000000000e+00
-2.675600000000000023e+01 1.000000000000000000e+00 5.410000000000000225e-02 0.000000000000000000e+00
-2.675600000000000023e+01 1.000000000000000000e+00 4.889999999999999902e-02 0.000000000000000000e+00
-2.675600000000000023e+01 1.000000000000000000e+00 5.190000000000000169e-02 0.000000000000000000e+00
-2.675600000000000023e+01 1.000000000000000000e+00 5.190000000000000169e-02 0.000000000000000000e+00
-2.675600000000000023e+01 1.000000000000000000e+00 5.340000000000000302e-02 0.000000000000000000e+00
-2.675600000000000023e+01 1.000000000000000000e+00 5.489999999999999741e-02 0.000000000000000000e+00
-2.675600000000000023e+01 1.000000000000000000e+00 5.770000000000000129e-02 0.000000000000000000e+00
-2.675600000000000023e+01 1.000000000000000000e+00 5.559999999999999665e-02 0.000000000000000000e+00
-2.675600000000000023e+01 1.000000000000000000e+00 5.489999999999999741e-02 0.000000000000000000e+00
-2.675600000000000023e+01 1.000000000000000000e+00 5.469999999999999862e-02 0.000000000000000000e+00
-2.675600000000000023e+01 1.000000000000000000e+00 5.199999999999999761e-02 0.000000000000000000e+00
-2.675600000000000023e+01 1.000000000000000000e+00 5.439999999999999697e-02 0.000000000000000000e+00
-2.675600000000000023e+01 1.000000000000000000e+00 5.630000000000000282e-02 0.000000000000000000e+00
-2.675600000000000023e+01 1.000000000000000000e+00 5.070000000000000201e-02 0.000000000000000000e+00
-2.675600000000000023e+01 1.000000000000000000e+00 5.410000000000000225e-02 0.000000000000000000e+00
-2.675600000000000023e+01 1.000000000000000000e+00 4.839999999999999858e-02 0.000000000000000000e+00
-2.675600000000000023e+01 1.000000000000000000e+00 5.229999999999999927e-02 0.000000000000000000e+00
-2.675600000000000023e+01 1.000000000000000000e+00 5.299999999999999850e-02 0.000000000000000000e+00
-2.675600000000000023e+01 1.000000000000000000e+00 5.070000000000000201e-02 0.000000000000000000e+00
-2.675600000000000023e+01 1.000000000000000000e+00 4.989999999999999991e-02 0.000000000000000000e+00
-2.675600000000000023e+01 1.000000000000000000e+00 4.819999999999999979e-02 0.000000000000000000e+00
-2.675600000000000023e+01 1.000000000000000000e+00 5.290000000000000258e-02 0.000000000000000000e+00
-2.675600000000000023e+01 1.000000000000000000e+00 5.680000000000000326e-02 0.000000000000000000e+00
-2.675600000000000023e+01 1.000000000000000000e+00 5.360000000000000181e-02 0.000000000000000000e+00
-2.675600000000000023e+01 1.000000000000000000e+00 4.979999999999999705e-02 0.000000000000000000e+00
-2.675600000000000023e+01 1.000000000000000000e+00 5.500000000000000028e-02 0.000000000000000000e+00
-2.675600000000000023e+01 1.000000000000000000e+00 5.550000000000000072e-02 0.000000000000000000e+00
-2.675600000000000023e+01 1.000000000000000000e+00 5.349999999999999895e-02 0.000000000000000000e+00
-2.675600000000000023e+01 1.000000000000000000e+00 5.220000000000000334e-02 0.000000000000000000e+00
-2.675600000000000023e+01 1.000000000000000000e+00 5.050000000000000322e-02 0.000000000000000000e+00
-2.675600000000000023e+01 1.000000000000000000e+00 5.319999999999999729e-02 0.000000000000000000e+00
-2.675600000000000023e+01 1.000000000000000000e+00 5.129999999999999838e-02 0.000000000000000000e+00
-2.675600000000000023e+01 1.000000000000000000e+00 5.220000000000000334e-02 0.000000000000000000e+00
-2.675600000000000023e+01 1.000000000000000000e+00 5.059999999999999915e-02 0.000000000000000000e+00
-2.675600000000000023e+01 1.000000000000000000e+00 5.439999999999999697e-02 0.000000000000000000e+00
-2.675600000000000023e+01 1.000000000000000000e+00 5.170000000000000290e-02 0.000000000000000000e+00
-2.675600000000000023e+01 1.000000000000000000e+00 5.460000000000000270e-02 0.000000000000000000e+00
-2.675600000000000023e+01 1.000000000000000000e+00 4.850000000000000144e-02 0.000000000000000000e+00
-2.675600000000000023e+01 1.000000000000000000e+00 5.439999999999999697e-02 0.000000000000000000e+00
-2.675600000000000023e+01 1.000000000000000000e+00 5.539999999999999786e-02 0.000000000000000000e+00
-2.675600000000000023e+01 1.000000000000000000e+00 4.950000000000000233e-02 0.000000000000000000e+00
-2.675600000000000023e+01 1.000000000000000000e+00 5.569999999999999951e-02 0.000000000000000000e+00
-2.675600000000000023e+01 1.000000000000000000e+00 5.160000000000000003e-02 0.000000000000000000e+00
-2.675600000000000023e+01 1.000000000000000000e+00 5.129999999999999838e-02 0.000000000000000000e+00
-2.675600000000000023e+01 1.000000000000000000e+00 4.789999999999999813e-02 0.000000000000000000e+00
-2.675600000000000023e+01 1.000000000000000000e+00 4.959999999999999826e-02 0.000000000000000000e+00
-2.675600000000000023e+01 1.000000000000000000e+00 5.279999999999999971e-02 0.000000000000000000e+00
-2.675600000000000023e+01 1.000000000000000000e+00 5.319999999999999729e-02 0.000000000000000000e+00
-2.675600000000000023e+01 1.000000000000000000e+00 5.559999999999999665e-02 0.000000000000000000e+00
-2.675600000000000023e+01 1.000000000000000000e+00 5.249999999999999806e-02 0.000000000000000000e+00
-2.675600000000000023e+01 1.000000000000000000e+00 5.029999999999999749e-02 0.000000000000000000e+00
-2.675600000000000023e+01 1.000000000000000000e+00 5.449999999999999983e-02 0.000000000000000000e+00
-2.675600000000000023e+01 1.000000000000000000e+00 5.460000000000000270e-02 0.000000000000000000e+00
-2.675600000000000023e+01 1.000000000000000000e+00 5.000000000000000278e-02 0.000000000000000000e+00
-2.675600000000000023e+01 1.000000000000000000e+00 5.550000000000000072e-02 0.000000000000000000e+00
-2.675600000000000023e+01 1.000000000000000000e+00 5.790000000000000008e-02 0.000000000000000000e+00
-2.675600000000000023e+01 1.000000000000000000e+00 5.489999999999999741e-02 0.000000000000000000e+00
-2.675600000000000023e+01 1.000000000000000000e+00 5.510000000000000314e-02 0.000000000000000000e+00
-2.675600000000000023e+01 1.000000000000000000e+00 4.929999999999999660e-02 0.000000000000000000e+00
-2.675600000000000023e+01 1.000000000000000000e+00 5.000000000000000278e-02 0.000000000000000000e+00
-2.675600000000000023e+01 1.000000000000000000e+00 5.059999999999999915e-02 0.000000000000000000e+00
-2.675600000000000023e+01 1.000000000000000000e+00 5.519999999999999907e-02 0.000000000000000000e+00
-2.675600000000000023e+01 1.000000000000000000e+00 5.500000000000000028e-02 0.000000000000000000e+00
-2.675600000000000023e+01 1.000000000000000000e+00 4.859999999999999737e-02 0.000000000000000000e+00
-2.675600000000000023e+01 1.000000000000000000e+00 4.859999999999999737e-02 0.000000000000000000e+00
-2.675600000000000023e+01 1.000000000000000000e+00 5.390000000000000346e-02 0.000000000000000000e+00
-2.675600000000000023e+01 1.000000000000000000e+00 5.410000000000000225e-02 0.000000000000000000e+00
-2.675600000000000023e+01 1.000000000000000000e+00 5.600000000000000117e-02 0.000000000000000000e+00
-2.675600000000000023e+01 1.000000000000000000e+00 5.050000000000000322e-02 0.000000000000000000e+00
-2.675600000000000023e+01 1.000000000000000000e+00 5.260000000000000092e-02 0.000000000000000000e+00
-2.675600000000000023e+01 1.000000000000000000e+00 5.229999999999999927e-02 0.000000000000000000e+00
-2.675600000000000023e+01 1.000000000000000000e+00 5.439999999999999697e-02 0.000000000000000000e+00
-2.675600000000000023e+01 1.000000000000000000e+00 5.759999999999999842e-02 0.000000000000000000e+00
-2.675600000000000023e+01 1.000000000000000000e+00 5.120000000000000245e-02 0.000000000000000000e+00
-2.675600000000000023e+01 1.000000000000000000e+00 5.149999999999999717e-02 0.000000000000000000e+00
-2.675600000000000023e+01 1.000000000000000000e+00 5.090000000000000080e-02 0.000000000000000000e+00
-2.675600000000000023e+01 1.000000000000000000e+00 5.580000000000000238e-02 0.000000000000000000e+00
-2.675600000000000023e+01 1.000000000000000000e+00 5.369999999999999774e-02 0.000000000000000000e+00
-2.675600000000000023e+01 1.000000000000000000e+00 5.380000000000000060e-02 0.000000000000000000e+00
-2.675600000000000023e+01 1.000000000000000000e+00 5.419999999999999818e-02 0.000000000000000000e+00
-2.675600000000000023e+01 1.000000000000000000e+00 5.399999999999999939e-02 0.000000000000000000e+00
-2.675600000000000023e+01 1.000000000000000000e+00 5.279999999999999971e-02 0.000000000000000000e+00
-2.675600000000000023e+01 1.000000000000000000e+00 5.210000000000000048e-02 0.000000000000000000e+00
-2.675600000000000023e+01 1.000000000000000000e+00 5.319999999999999729e-02 0.000000000000000000e+00
-2.675600000000000023e+01 1.000000000000000000e+00 5.369999999999999774e-02 0.000000000000000000e+00
-2.675600000000000023e+01 1.000000000000000000e+00 5.149999999999999717e-02 0.000000000000000000e+00
-2.675600000000000023e+01 1.000000000000000000e+00 5.550000000000000072e-02 0.000000000000000000e+00
-2.675600000000000023e+01 1.000000000000000000e+00 5.099999999999999672e-02 0.000000000000000000e+00
-2.675600000000000023e+01 1.000000000000000000e+00 5.340000000000000302e-02 0.000000000000000000e+00
-2.675600000000000023e+01 1.000000000000000000e+00 5.380000000000000060e-02 0.000000000000000000e+00
-2.675600000000000023e+01 1.000000000000000000e+00 5.929999999999999855e-02 0.000000000000000000e+00
-2.675600000000000023e+01 1.000000000000000000e+00 5.029999999999999749e-02 0.000000000000000000e+00
-2.675600000000000023e+01 1.000000000000000000e+00 5.269999999999999685e-02 0.000000000000000000e+00
-2.675600000000000023e+01 1.000000000000000000e+00 5.129999999999999838e-02 0.000000000000000000e+00
-2.675600000000000023e+01 1.000000000000000000e+00 5.469999999999999862e-02 0.000000000000000000e+00
-2.675600000000000023e+01 1.000000000000000000e+00 5.439999999999999697e-02 0.000000000000000000e+00
-2.675600000000000023e+01 1.000000000000000000e+00 5.319999999999999729e-02 0.000000000000000000e+00
-2.675600000000000023e+01 1.000000000000000000e+00 5.419999999999999818e-02 0.000000000000000000e+00
-2.675600000000000023e+01 1.000000000000000000e+00 5.029999999999999749e-02 0.000000000000000000e+00
-2.675600000000000023e+01 1.000000000000000000e+00 5.419999999999999818e-02 0.000000000000000000e+00
-2.675600000000000023e+01 1.000000000000000000e+00 5.510000000000000314e-02 0.000000000000000000e+00
-2.675600000000000023e+01 1.000000000000000000e+00 5.090000000000000080e-02 0.000000000000000000e+00
-2.675600000000000023e+01 1.000000000000000000e+00 5.559999999999999665e-02 0.000000000000000000e+00
-2.675600000000000023e+01 1.000000000000000000e+00 5.510000000000000314e-02 0.000000000000000000e+00
-2.675600000000000023e+01 1.000000000000000000e+00 5.149999999999999717e-02 0.000000000000000000e+00
-2.675600000000000023e+01 1.000000000000000000e+00 5.269999999999999685e-02 0.000000000000000000e+00
-2.675600000000000023e+01 1.000000000000000000e+00 5.319999999999999729e-02 0.000000000000000000e+00
-2.675600000000000023e+01 1.000000000000000000e+00 5.580000000000000238e-02 0.000000000000000000e+00
-2.675600000000000023e+01 1.000000000000000000e+00 5.199999999999999761e-02 0.000000000000000000e+00
-2.675600000000000023e+01 1.000000000000000000e+00 5.809999999999999887e-02 0.000000000000000000e+00
-2.675600000000000023e+01 1.000000000000000000e+00 5.360000000000000181e-02 0.000000000000000000e+00
-2.675600000000000023e+01 1.000000000000000000e+00 5.369999999999999774e-02 0.000000000000000000e+00
-2.675600000000000023e+01 1.000000000000000000e+00 5.240000000000000213e-02 0.000000000000000000e+00
-2.675600000000000023e+01 1.000000000000000000e+00 5.279999999999999971e-02 0.000000000000000000e+00
-2.675600000000000023e+01 1.000000000000000000e+00 5.419999999999999818e-02 0.000000000000000000e+00
-2.675600000000000023e+01 1.000000000000000000e+00 5.190000000000000169e-02 0.000000000000000000e+00
-2.675600000000000023e+01 1.000000000000000000e+00 5.850000000000000339e-02 0.000000000000000000e+00
-2.675600000000000023e+01 1.000000000000000000e+00 5.199999999999999761e-02 0.000000000000000000e+00
-2.675600000000000023e+01 1.000000000000000000e+00 5.650000000000000161e-02 0.000000000000000000e+00
-2.675600000000000023e+01 1.000000000000000000e+00 5.569999999999999951e-02 0.000000000000000000e+00
-2.675600000000000023e+01 1.000000000000000000e+00 5.360000000000000181e-02 0.000000000000000000e+00
-2.675600000000000023e+01 1.000000000000000000e+00 5.129999999999999838e-02 0.000000000000000000e+00
-2.675600000000000023e+01 1.000000000000000000e+00 5.859999999999999931e-02 0.000000000000000000e+00
-2.675600000000000023e+01 1.000000000000000000e+00 5.589999999999999830e-02 0.000000000000000000e+00
-2.675600000000000023e+01 1.000000000000000000e+00 5.630000000000000282e-02 0.000000000000000000e+00
-2.675600000000000023e+01 1.000000000000000000e+00 5.480000000000000149e-02 0.000000000000000000e+00
-2.675600000000000023e+01 1.000000000000000000e+00 5.299999999999999850e-02 0.000000000000000000e+00
-2.675600000000000023e+01 1.000000000000000000e+00 5.619999999999999996e-02 0.000000000000000000e+00
-2.675600000000000023e+01 1.000000000000000000e+00 5.079999999999999793e-02 0.000000000000000000e+00
-2.675600000000000023e+01 1.000000000000000000e+00 5.059999999999999915e-02 0.000000000000000000e+00
-2.675600000000000023e+01 1.000000000000000000e+00 5.269999999999999685e-02 0.000000000000000000e+00
-2.675600000000000023e+01 1.000000000000000000e+00 4.859999999999999737e-02 0.000000000000000000e+00
-2.675600000000000023e+01 1.000000000000000000e+00 5.510000000000000314e-02 0.000000000000000000e+00
-2.675600000000000023e+01 1.000000000000000000e+00 5.569999999999999951e-02 0.000000000000000000e+00
-2.675600000000000023e+01 1.000000000000000000e+00 5.369999999999999774e-02 0.000000000000000000e+00
-2.675600000000000023e+01 1.000000000000000000e+00 5.319999999999999729e-02 0.000000000000000000e+00
-2.675600000000000023e+01 1.000000000000000000e+00 5.240000000000000213e-02 0.000000000000000000e+00
-2.675600000000000023e+01 1.000000000000000000e+00 4.989999999999999991e-02 0.000000000000000000e+00
-2.675600000000000023e+01 1.000000000000000000e+00 5.419999999999999818e-02 0.000000000000000000e+00
-2.675600000000000023e+01 1.000000000000000000e+00 5.199999999999999761e-02 0.000000000000000000e+00
-2.675600000000000023e+01 1.000000000000000000e+00 5.539999999999999786e-02 0.000000000000000000e+00
-2.675600000000000023e+01 1.000000000000000000e+00 5.190000000000000169e-02 0.000000000000000000e+00
-2.675600000000000023e+01 1.000000000000000000e+00 5.559999999999999665e-02 0.000000000000000000e+00
-2.675600000000000023e+01 1.000000000000000000e+00 5.319999999999999729e-02 0.000000000000000000e+00
-2.675600000000000023e+01 1.000000000000000000e+00 5.229999999999999927e-02 0.000000000000000000e+00
-2.675600000000000023e+01 1.000000000000000000e+00 4.900000000000000189e-02 0.000000000000000000e+00
-2.675600000000000023e+01 1.000000000000000000e+00 5.240000000000000213e-02 0.000000000000000000e+00
-2.675600000000000023e+01 1.000000000000000000e+00 5.630000000000000282e-02 0.000000000000000000e+00
-2.675600000000000023e+01 1.000000000000000000e+00 5.469999999999999862e-02 0.000000000000000000e+00
-2.675600000000000023e+01 1.000000000000000000e+00 5.299999999999999850e-02 0.000000000000000000e+00
-2.675600000000000023e+01 1.000000000000000000e+00 5.340000000000000302e-02 0.000000000000000000e+00
-2.675600000000000023e+01 1.000000000000000000e+00 5.909999999999999976e-02 0.000000000000000000e+00
-2.675600000000000023e+01 1.000000000000000000e+00 5.290000000000000258e-02 0.000000000000000000e+00
-2.675600000000000023e+01 1.000000000000000000e+00 5.149999999999999717e-02 0.000000000000000000e+00
-2.675600000000000023e+01 1.000000000000000000e+00 5.519999999999999907e-02 0.000000000000000000e+00
-2.675600000000000023e+01 1.000000000000000000e+00 5.240000000000000213e-02 0.000000000000000000e+00
-2.675600000000000023e+01 1.000000000000000000e+00 5.279999999999999971e-02 0.000000000000000000e+00
-2.675600000000000023e+01 1.000000000000000000e+00 5.319999999999999729e-02 0.000000000000000000e+00
-2.675600000000000023e+01 1.000000000000000000e+00 5.349999999999999895e-02 0.000000000000000000e+00
-2.675600000000000023e+01 1.000000000000000000e+00 5.480000000000000149e-02 0.000000000000000000e+00
-2.675600000000000023e+01 1.000000000000000000e+00 5.090000000000000080e-02 0.000000000000000000e+00
-2.675600000000000023e+01 1.000000000000000000e+00 5.299999999999999850e-02 0.000000000000000000e+00
-2.675600000000000023e+01 1.000000000000000000e+00 5.160000000000000003e-02 0.000000000000000000e+00
-2.675600000000000023e+01 1.000000000000000000e+00 5.279999999999999971e-02 0.000000000000000000e+00
-2.675600000000000023e+01 1.000000000000000000e+00 5.380000000000000060e-02 0.000000000000000000e+00
-2.675600000000000023e+01 1.000000000000000000e+00 5.310000000000000137e-02 0.000000000000000000e+00
-2.675600000000000023e+01 1.000000000000000000e+00 5.700000000000000205e-02 0.000000000000000000e+00
-2.675600000000000023e+01 1.000000000000000000e+00 5.550000000000000072e-02 0.000000000000000000e+00
-2.675600000000000023e+01 1.000000000000000000e+00 5.480000000000000149e-02 0.000000000000000000e+00
-2.675600000000000023e+01 1.000000000000000000e+00 5.340000000000000302e-02 0.000000000000000000e+00
-2.675600000000000023e+01 1.000000000000000000e+00 5.380000000000000060e-02 0.000000000000000000e+00
-2.675600000000000023e+01 1.000000000000000000e+00 5.079999999999999793e-02 0.000000000000000000e+00
-2.675600000000000023e+01 1.000000000000000000e+00 5.279999999999999971e-02 0.000000000000000000e+00
-2.675600000000000023e+01 1.000000000000000000e+00 5.369999999999999774e-02 0.000000000000000000e+00
-2.675600000000000023e+01 1.000000000000000000e+00 5.659999999999999754e-02 0.000000000000000000e+00
-2.675600000000000023e+01 1.000000000000000000e+00 5.890000000000000097e-02 0.000000000000000000e+00
-2.675600000000000023e+01 1.000000000000000000e+00 5.009999999999999870e-02 0.000000000000000000e+00
-2.675600000000000023e+01 1.000000000000000000e+00 4.929999999999999660e-02 0.000000000000000000e+00
-2.675600000000000023e+01 1.000000000000000000e+00 5.330000000000000016e-02 0.000000000000000000e+00
-2.675600000000000023e+01 1.000000000000000000e+00 5.210000000000000048e-02 0.000000000000000000e+00
-2.675600000000000023e+01 1.000000000000000000e+00 5.149999999999999717e-02 0.000000000000000000e+00
-2.675600000000000023e+01 1.000000000000000000e+00 5.419999999999999818e-02 0.000000000000000000e+00
-2.675600000000000023e+01 1.000000000000000000e+00 5.430000000000000104e-02 0.000000000000000000e+00
-2.675600000000000023e+01 1.000000000000000000e+00 5.369999999999999774e-02 0.000000000000000000e+00
-2.675600000000000023e+01 1.000000000000000000e+00 5.319999999999999729e-02 0.000000000000000000e+00
-2.675600000000000023e+01 1.000000000000000000e+00 5.469999999999999862e-02 0.000000000000000000e+00
-2.675600000000000023e+01 1.000000000000000000e+00 5.600000000000000117e-02 0.000000000000000000e+00
-2.675600000000000023e+01 1.000000000000000000e+00 4.939999999999999947e-02 0.000000000000000000e+00
-2.675600000000000023e+01 1.000000000000000000e+00 5.170000000000000290e-02 0.000000000000000000e+00
-2.675600000000000023e+01 1.000000000000000000e+00 5.360000000000000181e-02 0.000000000000000000e+00
-2.675600000000000023e+01 1.000000000000000000e+00 5.530000000000000193e-02 0.000000000000000000e+00
-2.675600000000000023e+01 1.000000000000000000e+00 5.419999999999999818e-02 0.000000000000000000e+00
-2.675600000000000023e+01 1.000000000000000000e+00 5.460000000000000270e-02 0.000000000000000000e+00
-2.675600000000000023e+01 1.000000000000000000e+00 5.510000000000000314e-02 0.000000000000000000e+00
-2.675600000000000023e+01 1.000000000000000000e+00 5.290000000000000258e-02 0.000000000000000000e+00
-2.675600000000000023e+01 1.000000000000000000e+00 5.149999999999999717e-02 0.000000000000000000e+00
-2.675600000000000023e+01 1.000000000000000000e+00 5.269999999999999685e-02 0.000000000000000000e+00
-2.675600000000000023e+01 1.000000000000000000e+00 5.210000000000000048e-02 0.000000000000000000e+00
-2.675600000000000023e+01 1.000000000000000000e+00 5.260000000000000092e-02 0.000000000000000000e+00
-2.675600000000000023e+01 1.000000000000000000e+00 5.369999999999999774e-02 0.000000000000000000e+00
-2.675600000000000023e+01 1.000000000000000000e+00 5.680000000000000326e-02 0.000000000000000000e+00
-2.675600000000000023e+01 1.000000000000000000e+00 5.380000000000000060e-02 0.000000000000000000e+00
-2.675600000000000023e+01 1.000000000000000000e+00 5.099999999999999672e-02 0.000000000000000000e+00
-2.675600000000000023e+01 1.000000000000000000e+00 5.410000000000000225e-02 0.000000000000000000e+00
-2.675600000000000023e+01 1.000000000000000000e+00 5.680000000000000326e-02 0.000000000000000000e+00
-2.675600000000000023e+01 1.000000000000000000e+00 5.229999999999999927e-02 0.000000000000000000e+00
-2.675600000000000023e+01 1.000000000000000000e+00 5.739999999999999963e-02 0.000000000000000000e+00
-2.675600000000000023e+01 1.000000000000000000e+00 5.439999999999999697e-02 0.000000000000000000e+00
-2.675600000000000023e+01 1.000000000000000000e+00 5.779999999999999721e-02 0.000000000000000000e+00
-2.675600000000000023e+01 1.000000000000000000e+00 5.700000000000000205e-02 0.000000000000000000e+00
-2.675600000000000023e+01 1.000000000000000000e+00 5.179999999999999882e-02 0.000000000000000000e+00
-2.675600000000000023e+01 1.000000000000000000e+00 5.220000000000000334e-02 0.000000000000000000e+00
-2.675600000000000023e+01 1.000000000000000000e+00 5.340000000000000302e-02 0.000000000000000000e+00
-2.675600000000000023e+01 1.000000000000000000e+00 5.050000000000000322e-02 0.000000000000000000e+00
-2.675600000000000023e+01 1.000000000000000000e+00 5.639999999999999875e-02 0.000000000000000000e+00
-2.675600000000000023e+01 1.000000000000000000e+00 5.709999999999999798e-02 0.000000000000000000e+00
-2.675600000000000023e+01 1.000000000000000000e+00 4.939999999999999947e-02 0.000000000000000000e+00
-2.675600000000000023e+01 1.000000000000000000e+00 5.670000000000000040e-02 0.000000000000000000e+00
-2.675600000000000023e+01 1.000000000000000000e+00 5.530000000000000193e-02 0.000000000000000000e+00
-2.675600000000000023e+01 1.000000000000000000e+00 5.809999999999999887e-02 0.000000000000000000e+00
-2.675600000000000023e+01 1.000000000000000000e+00 5.279999999999999971e-02 0.000000000000000000e+00
