-1.739475799999997108e+01 6.499166062634962326e-01 0.000000000000000000e+00 1.385728849333355939e+00
-1.807441399999997245e+01 6.753104473819885323e-01 0.000000000000000000e+00 9.592298448002721800e-01
-1.842282999999997273e+01 6.883282395402872123e-01 0.000000000000000000e+00 1.481032127240726970e+00
-1.862971399999997146e+01 6.960580019876990709e-01 0.000000000000000000e+00 1.389542483022830455e+00
-1.774431199999996522e+01 6.629769172713196879e-01 0.000000000000000000e+00 1.311005153221655783e+00
-1.882503399999996319e+01 7.033557011873878828e-01 0.000000000000000000e+00 1.142470577940012610e+00
-1.973642799999996100e+01 7.374079194159434136e-01 0.000000000000000000e+00 1.372703753607338317e+00
-2.029784999999996487e+01 7.583842089924738294e-01 0.000000000000000000e+00 1.351410315301399878e+00
-2.091293799999995429e+01 7.813656097980150594e-01 0.000000000000000000e+00 1.248799637209648150e+00
-2.125439199999996731e+01 7.941232822459505236e-01 0.000000000000000000e+00 1.215937175716282237e+00
-2.142082199999996917e+01 8.003415705820362547e-01 0.000000000000000000e+00 1.155782546355760498e+00
-2.213895399999995917e+01 8.271729822227852358e-01 0.000000000000000000e+00 1.091937648663922733e+00
-2.271580999999996564e+01 8.487259290256519151e-01 0.000000000000000000e+00 8.353517492347125595e-01
-2.331778999999997026e+01 8.712175784431662739e-01 0.000000000000000000e+00 9.382119621703804979e-01
-2.203824599999996892e+01 8.234102508537384235e-01 0.000000000000000000e+00 8.995547764546769631e-01
-2.363821399999996942e+01 8.831895115189454248e-01 0.000000000000000000e+00 8.154797035320542342e-01
-2.160594599999996746e+01 8.072583188241171381e-01 0.000000000000000000e+00 1.008192524445343352e+00
-2.341576999999996289e+01 8.748783841342654410e-01 0.000000000000000000e+00 8.887615077605278691e-01
-2.375815799999996969e+01 8.876709534235508459e-01 0.000000000000000000e+00 9.178716762030286747e-01
-2.346578599999997294e+01 8.767471211974015022e-01 0.000000000000000000e+00 9.068437043087658189e-01
-2.348805599999997540e+01 8.775791904231698970e-01 0.000000000000000000e+00 8.598919020998911922e-01
-2.472995399999997090e+01 9.239799586020328581e-01 0.000000000000000000e+00 5.897135937988120524e-01
-2.466367999999999228e+01 9.215037773775804908e-01 0.000000000000000000e+00 6.122948236847270964e-01
-2.270584399999995995e+01 8.483535715086329976e-01 0.000000000000000000e+00 1.015374024764104544e+00
-2.503059799999998347e+01 9.352128557871211001e-01 0.000000000000000000e+00 4.830742549065669134e-01
-2.530791199999998398e+01 9.455740791941588119e-01 0.000000000000000000e+00 4.762538151240383599e-01
-2.491349199999999087e+01 9.308374494668326671e-01 0.000000000000000000e+00 4.676294850508131984e-01
-2.535339199999999593e+01 9.472733386637571806e-01 0.000000000000000000e+00 3.593794066375415319e-01
-2.464539599999998387e+01 9.208206362135052947e-01 0.000000000000000000e+00 6.048770045975540022e-01
-2.500655999999999324e+01 9.343147291571699542e-01 0.000000000000000000e+00 3.494632467199961234e-01
-2.570477999999999241e+01 9.604021730195851925e-01 0.000000000000000000e+00 3.037698444280443333e-01
-2.527178199999998753e+01 9.442241617659141717e-01 0.000000000000000000e+00 4.929527156581522962e-01
-2.532514799999999155e+01 9.462180641593743724e-01 0.000000000000000000e+00 4.523337461153515981e-01
-2.583440199999999365e+01 9.652452119590799740e-01 0.000000000000000000e+00 2.926605638833583156e-01
-2.578993599999999020e+01 9.635838383536458052e-01 0.000000000000000000e+00 2.978628182383441514e-01
-2.612545599999999979e+01 9.761198000343737080e-01 0.000000000000000000e+00 1.844621339259780446e-01
-2.593850800000000589e+01 9.691349020721402585e-01 0.000000000000000000e+00 2.403319479134615189e-01
-2.618377799999999667e+01 9.782988723911433260e-01 0.000000000000000000e+00 1.685548986370484503e-01
-2.618686600000000197e+01 9.784142486717529730e-01 0.000000000000000000e+00 1.735491571383582787e-01
-2.609158200000000249e+01 9.748541730494758584e-01 0.000000000000000000e+00 1.740885554172730831e-01
-2.599583999999999762e+01 9.712769852715898988e-01 0.000000000000000000e+00 1.187455645104658203e-01
-2.606034599999999557e+01 9.736871090918599592e-01 0.000000000000000000e+00 2.317541624265253286e-01
-2.600420999999999694e+01 9.715897117834749741e-01 0.000000000000000000e+00 2.943104639524721233e-01
-2.630788800000000194e+01 9.829359676587732242e-01 0.000000000000000000e+00 3.088000000000015385e-02
-2.630788800000000194e+01 9.829359676587732242e-01 0.000000000000000000e+00 3.088000000000015385e-02
-2.631169399999999925e+01 9.830781704191355885e-01 0.000000000000000000e+00 4.393721374319461276e-02
-2.630788800000000194e+01 9.829359676587732242e-01 0.000000000000000000e+00 3.088000000000015385e-02
-2.633213399999999993e+01 9.838418657480402230e-01 0.000000000000000000e+00 8.908059251956310098e-02
-2.616404599999999547e+01 9.775616299141400845e-01 0.000000000000000000e+00 1.940960479824989926e-01
-2.627344800000000191e+01 9.816491933374681400e-01 0.000000000000000000e+00 1.709246939621681671e-01
-2.623050399999999627e+01 9.800446858910648595e-01 0.000000000000000000e+00 1.673907555223515253e-01
-2.601848199999999878e+01 9.721229534534421290e-01 0.000000000000000000e+00 2.443137824994576213e-01
-2.614865800000000462e+01 9.769866913759220894e-01 0.000000000000000000e+00 2.030231957589131164e-01
-2.634185600000000349e+01 9.842051067454773428e-01 0.000000000000000000e+00 1.008536576761932119e-01
-2.632950400000000357e+01 9.837436016230394209e-01 0.000000000000000000e+00 8.419738463751738622e-02
-2.655255800000000121e+01 9.920775203066737324e-01 0.000000000000000000e+00 1.247094183542797885e-01
-2.640880600000000200e+01 9.867065452127063985e-01 0.000000000000000000e+00 1.687153228537846550e-01
-2.633948600000000084e+01 9.841165569446208572e-01 0.000000000000000000e+00 9.711885982307157106e-02
-2.641287999999999769e+01 9.868587611994946718e-01 0.000000000000000000e+00 1.480302235042131320e-01
-2.637492200000000153e+01 9.854405445999566693e-01 0.000000000000000000e+00 1.515525468628167449e-01
-2.638733600000000479e+01 9.859043662150752674e-01 0.000000000000000000e+00 1.805732462929322268e-01
-2.639525399999999777e+01 9.862002047480625810e-01 0.000000000000000000e+00 1.550836824740023656e-01
-2.643247200000000063e+01 9.875907728865740420e-01 0.000000000000000000e+00 1.628246463859427673e-01
-2.646997400000000056e+01 9.889919520560740418e-01 0.000000000000000000e+00 1.540202102834488662e-01
-2.642316400000000343e+01 9.872430000821982299e-01 0.000000000000000000e+00 1.603786211602181155e-01
-2.647635400000000416e+01 9.892303266254680594e-01 0.000000000000000000e+00 1.558045936356821093e-01
-2.641069400000000300e+01 9.867770861511101499e-01 0.000000000000000000e+00 1.606385552044777287e-01
-2.653022400000000047e+01 9.912430598626543743e-01 0.000000000000000000e+00 1.377853381829213519e-01
-2.651478400000000235e+01 9.906661784596071385e-01 0.000000000000000000e+00 1.447735219945528451e-01
-2.641904200000000458e+01 9.870889906817215120e-01 0.000000000000000000e+00 1.639526866834066232e-01
-2.634615000000000151e+01 9.843655425450035246e-01 0.000000000000000000e+00 1.895474064526592728e-01
-2.641309000000000040e+01 9.868666073843808118e-01 0.000000000000000000e+00 1.598822252772214014e-01
-2.656024400000000085e+01 9.923646906735015261e-01 1.000000000000000082e-05 1.214268656476409081e-01
-2.651011799999999852e+01 9.904918437039970103e-01 0.000000000000000000e+00 1.456730782723202611e-01
-2.661360000000000170e+01 9.943582194391098472e-01 0.000000000000000000e+00 0.000000000000000000e+00
-2.652785399999999782e+01 9.911545100617978887e-01 0.000000000000000000e+00 1.383737519776197522e-01
-2.651004400000000416e+01 9.904890788578945005e-01 0.000000000000000000e+00 1.483947413373057078e-01
-2.637036600000000064e+01 9.852703197507154398e-01 0.000000000000000000e+00 1.262421692500959036e-01
-2.651858999999999966e+01 9.908083812199696139e-01 0.000000000000000000e+00 1.441991422521743949e-01
-2.661360000000000170e+01 9.943582194391098472e-01 0.000000000000000000e+00 0.000000000000000000e+00
-2.661360000000000170e+01 9.943582194391098472e-01 0.000000000000000000e+00 0.000000000000000000e+00
-2.660800000000000765e+01 9.941489878421498894e-01 0.000000000000000000e+00 3.750529659564492968e-02
-2.661654600000000315e+01 9.944682902042250028e-01 1.000000000000000082e-05 1.804696129882287295e-02
-2.661431800000000081e+01 9.943850459188628976e-01 0.000000000000000000e+00 7.179999999999964189e-03
-2.661718999999999724e+01 9.944923518378752103e-01 0.000000000000000000e+00 1.572728119343490619e-02
-2.662035799999999952e+01 9.946107171412985615e-01 4.000000000000000327e-05 3.044985671127815180e-02
-2.661662000000000106e+01 9.944710550503276236e-01 2.000000000000000164e-05 2.124649941457971633e-02
-2.661654600000000315e+01 9.944682902042250028e-01 1.000000000000000082e-05 1.804696129882287295e-02
-2.662035799999999952e+01 9.946107171412985615e-01 4.000000000000000327e-05 3.044985671127815180e-02
-2.661654600000000315e+01 9.944682902042250028e-01 1.000000000000000082e-05 1.804696129882287295e-02
-2.661431800000000081e+01 9.943850459188628976e-01 0.000000000000000000e+00 7.179999999999964189e-03
-2.663602800000000315e+01 9.951961919849353633e-01 1.200000000000000030e-04 5.067642665166723764e-02
-2.663516200000000467e+01 9.951638358129769601e-01 1.000000000000000048e-04 4.798097009137146374e-02
-2.662100200000000427e+01 9.946347787749491021e-01 3.000000000000000076e-05 2.904976565909751438e-02
-2.662323000000000306e+01 9.947180230603110962e-01 4.000000000000000327e-05 3.298400438780198923e-02
-2.662833000000000183e+01 9.949085732646854030e-01 5.000000000000000240e-05 3.811997408501765355e-02
-2.664493999999999829e+01 9.955291691263832288e-01 1.600000000000000131e-04 5.668884058141104854e-02
-2.662394800000000217e+01 9.947448495400641466e-01 4.000000000000000327e-05 3.354889836966598593e-02
-2.639577799999999641e+01 9.862197828474923433e-01 1.000000000000000082e-05 1.991353752926126319e-01
-2.652852799999999789e+01 9.911796925790035129e-01 3.000000000000000076e-05 1.622052161225832068e-01
-2.662308200000000369e+01 9.947124933681057435e-01 2.000000000000000164e-05 2.895631115241633149e-02
-2.664011400000000052e+01 9.953488563251459142e-01 9.000000000000000567e-05 4.795874704557874513e-02
-2.663523600000000258e+01 9.951666006590795810e-01 1.100000000000000039e-04 4.924542027622274415e-02
-2.663516200000000467e+01 9.951638358129769601e-01 1.000000000000000048e-04 4.798097009137146374e-02
-2.663501400000000174e+01 9.951583061207714964e-01 8.000000000000000654e-05 4.534605218191369025e-02
-2.662840399999999974e+01 9.949113381107880238e-01 6.000000000000000152e-05 3.971261387783602687e-02
-2.662617600000000095e+01 9.948280938254261407e-01 5.000000000000000240e-05 3.682830795280528369e-02
-2.663229000000000113e+01 9.950565298939644254e-01 1.000000000000000048e-04 4.701757569507829249e-02
-2.663602800000000315e+01 9.951961919849353633e-01 1.200000000000000030e-04 5.067642665166723764e-02
-2.665219400000000149e+01 9.958001987700171309e-01 1.700000000000000122e-04 5.786274567779967765e-02
-2.671370600000000195e+01 9.980984584114838132e-01 4.200000000000000174e-04 4.708265206264965891e-02
-2.670083400000000040e+01 9.976175246407568142e-01 3.299999999999999982e-04 5.130136001505161691e-02
-2.674084000000000216e+01 9.991122602243261985e-01 6.999999999999999929e-04 3.647684196856966488e-02
-2.672737600000000313e+01 9.986092076847776777e-01 5.299999999999999807e-04 3.972779379729016180e-02
-2.674249200000000215e+01 9.991739835454294116e-01 7.200000000000000453e-04 3.563658793992498242e-02
-2.676460000000000150e+01 1.000000000000000000e+00 1.360000000000000098e-03 0.000000000000000000e+00
-2.675430400000000120e+01 9.996153127638746083e-01 8.700000000000000051e-04 2.676941538397883957e-02
-2.676460000000000150e+01 1.000000000000000000e+00 2.639999999999999986e-03 0.000000000000000000e+00
-2.676460000000000150e+01 1.000000000000000000e+00 1.469999999999999953e-03 0.000000000000000000e+00
-2.676460000000000150e+01 1.000000000000000000e+00 1.299999999999999940e-03 0.000000000000000000e+00
-2.675430400000000120e+01 9.996153127638746083e-01 8.700000000000000051e-04 2.676941538397883957e-02
-2.676460000000000150e+01 1.000000000000000000e+00 2.269999999999999882e-03 0.000000000000000000e+00
-2.676460000000000150e+01 1.000000000000000000e+00 1.670000000000000043e-03 0.000000000000000000e+00
-2.676460000000000150e+01 1.000000000000000000e+00 1.240000000000000000e-03 0.000000000000000000e+00
-2.676460000000000150e+01 1.000000000000000000e+00 1.490000000000000005e-03 0.000000000000000000e+00
-2.676460000000000150e+01 1.000000000000000000e+00 1.000000000000000021e-03 0.000000000000000000e+00
-2.674955200000000133e+01 9.994377648087399146e-01 8.099999999999999561e-04 3.122675775677014390e-02
-2.676460000000000150e+01 1.000000000000000000e+00 1.770000000000000089e-03 0.000000000000000000e+00
-2.676460000000000150e+01 1.000000000000000000e+00 1.330000000000000019e-03 0.000000000000000000e+00
-2.675667999999999935e+01 9.997040867414419552e-01 8.999999999999999754e-04 2.387969849055893157e-02
-2.674249200000000215e+01 9.991739835454294116e-01 7.200000000000000453e-04 3.563658793992498242e-02
-2.676460000000000150e+01 1.000000000000000000e+00 1.569999999999999998e-03 0.000000000000000000e+00
-2.676460000000000150e+01 1.000000000000000000e+00 1.059999999999999961e-03 0.000000000000000000e+00
-2.676380800000000093e+01 9.999704086741442177e-01 9.899999999999999946e-04 7.920000000000025978e-03
-2.676460000000000150e+01 1.000000000000000000e+00 1.750000000000000036e-03 0.000000000000000000e+00
-2.676460000000000150e+01 1.000000000000000000e+00 1.340000000000000045e-03 0.000000000000000000e+00
-2.676460000000000150e+01 1.000000000000000000e+00 1.139999999999999954e-03 0.000000000000000000e+00
-2.676460000000000150e+01 1.000000000000000000e+00 1.190000000000000085e-03 0.000000000000000000e+00
-2.668323799999999935e+01 9.969600890728798070e-01 2.900000000000000017e-04 6.045889626327731470e-02
-2.676460000000000150e+01 1.000000000000000000e+00 1.979999999999999989e-03 0.000000000000000000e+00
-2.675905600000000106e+01 9.997928607190094130e-01 9.300000000000000541e-04 2.030944607811846492e-02
-2.676460000000000150e+01 1.000000000000000000e+00 1.760000000000000063e-03 0.000000000000000000e+00
-2.676460000000000150e+01 1.000000000000000000e+00 1.229999999999999974e-03 0.000000000000000000e+00
-2.676460000000000150e+01 1.000000000000000000e+00 1.399999999999999986e-03 0.000000000000000000e+00
-2.676460000000000150e+01 1.000000000000000000e+00 1.219999999999999947e-03 0.000000000000000000e+00
-2.676460000000000150e+01 1.000000000000000000e+00 1.440000000000000091e-03 0.000000000000000000e+00
-2.676460000000000150e+01 1.000000000000000000e+00 1.299999999999999940e-03 0.000000000000000000e+00
-2.676460000000000150e+01 1.000000000000000000e+00 1.069999999999999988e-03 0.000000000000000000e+00
-2.676460000000000150e+01 1.000000000000000000e+00 1.280000000000000105e-03 0.000000000000000000e+00
-2.676460000000000150e+01 1.000000000000000000e+00 2.850000000000000103e-03 0.000000000000000000e+00
-2.676460000000000150e+01 1.000000000000000000e+00 1.010000000000000047e-03 0.000000000000000000e+00
-2.672975200000000129e+01 9.986979816623450246e-01 5.599999999999999509e-04 3.951190200433290362e-02
-2.676460000000000150e+01 1.000000000000000000e+00 1.510000000000000057e-03 0.000000000000000000e+00
-2.676460000000000150e+01 1.000000000000000000e+00 1.379999999999999933e-03 0.000000000000000000e+00
-2.676460000000000150e+01 1.000000000000000000e+00 1.250000000000000026e-03 0.000000000000000000e+00
-2.676460000000000150e+01 1.000000000000000000e+00 1.000000000000000021e-03 0.000000000000000000e+00
-2.676460000000000150e+01 1.000000000000000000e+00 1.270000000000000078e-03 0.000000000000000000e+00
-2.676460000000000150e+01 1.000000000000000000e+00 1.399999999999999986e-03 0.000000000000000000e+00
-2.671386000000000038e+01 9.981042122804001382e-01 4.499999999999999877e-04 5.053492041962846792e-02
-2.676460000000000150e+01 1.000000000000000000e+00 2.409999999999999816e-03 0.000000000000000000e+00
-2.669732400000000183e+01 9.974863812648050443e-01 3.499999999999999964e-04 5.674143929557416005e-02
-2.676460000000000150e+01 1.000000000000000000e+00 1.299999999999999940e-03 0.000000000000000000e+00
-2.676460000000000150e+01 1.000000000000000000e+00 1.539999999999999919e-03 0.000000000000000000e+00
-2.676460000000000150e+01 1.000000000000000000e+00 1.039999999999999909e-03 0.000000000000000000e+00
-2.676460000000000150e+01 1.000000000000000000e+00 1.360000000000000098e-03 0.000000000000000000e+00
-2.675984800000000163e+01 9.998224520448651953e-01 9.399999999999999719e-04 1.890371392081465277e-02
-2.676460000000000150e+01 1.000000000000000000e+00 1.360000000000000098e-03 0.000000000000000000e+00
-2.676460000000000150e+01 1.000000000000000000e+00 1.410000000000000012e-03 0.000000000000000000e+00
-2.676460000000000150e+01 1.000000000000000000e+00 1.330000000000000019e-03 0.000000000000000000e+00
-2.676460000000000150e+01 1.000000000000000000e+00 1.860000000000000108e-03 0.000000000000000000e+00
-2.674004800000000159e+01 9.990826688984704163e-01 6.899999999999999667e-04 3.681399733796923007e-02
-2.676460000000000150e+01 1.000000000000000000e+00 1.229999999999999974e-03 0.000000000000000000e+00
-2.676460000000000150e+01 1.000000000000000000e+00 1.770000000000000089e-03 0.000000000000000000e+00
-2.676460000000000150e+01 1.000000000000000000e+00 5.020000000000000157e-03 0.000000000000000000e+00
-2.676460000000000150e+01 1.000000000000000000e+00 1.750000000000000036e-03 0.000000000000000000e+00
-2.676460000000000150e+01 1.000000000000000000e+00 1.170000000000000033e-03 0.000000000000000000e+00
-2.676460000000000150e+01 1.000000000000000000e+00 1.399999999999999986e-03 0.000000000000000000e+00
-2.676460000000000150e+01 1.000000000000000000e+00 1.539999999999999919e-03 0.000000000000000000e+00
-2.676460000000000150e+01 1.000000000000000000e+00 1.330000000000000019e-03 0.000000000000000000e+00
-2.676460000000000150e+01 1.000000000000000000e+00 1.750000000000000036e-03 0.000000000000000000e+00
-2.676460000000000150e+01 1.000000000000000000e+00 1.389999999999999960e-03 0.000000000000000000e+00
-2.676460000000000150e+01 1.000000000000000000e+00 1.240000000000000000e-03 0.000000000000000000e+00
-2.676460000000000150e+01 1.000000000000000000e+00 1.000000000000000021e-03 0.000000000000000000e+00
-2.676460000000000150e+01 1.000000000000000000e+00 3.459999999999999968e-03 0.000000000000000000e+00
-2.676460000000000150e+01 1.000000000000000000e+00 1.319999999999999993e-03 0.000000000000000000e+00
-2.676460000000000150e+01 1.000000000000000000e+00 1.420000000000000038e-03 0.000000000000000000e+00
-2.676460000000000150e+01 1.000000000000000000e+00 1.190000000000000085e-03 0.000000000000000000e+00
-2.676460000000000150e+01 1.000000000000000000e+00 1.580000000000000024e-03 0.000000000000000000e+00
-2.676460000000000150e+01 1.000000000000000000e+00 1.289999999999999914e-03 0.000000000000000000e+00
-2.676460000000000150e+01 1.000000000000000000e+00 1.459999999999999926e-03 0.000000000000000000e+00
-2.674796800000000374e+01 9.993785821570283501e-01 7.900000000000000121e-04 3.242132631463438830e-02
-2.676460000000000150e+01 1.000000000000000000e+00 2.050000000000000173e-03 0.000000000000000000e+00
-2.676460000000000150e+01 1.000000000000000000e+00 1.889999999999999970e-03 0.000000000000000000e+00
-2.676460000000000150e+01 1.000000000000000000e+00 1.539999999999999919e-03 0.000000000000000000e+00
-2.676460000000000150e+01 1.000000000000000000e+00 1.240000000000000000e-03 0.000000000000000000e+00
-2.676460000000000150e+01 1.000000000000000000e+00 1.910000000000000022e-03 0.000000000000000000e+00
-2.676460000000000150e+01 1.000000000000000000e+00 1.559999999999999972e-03 0.000000000000000000e+00
-2.676460000000000150e+01 1.000000000000000000e+00 1.350000000000000071e-03 0.000000000000000000e+00
-2.676460000000000150e+01 1.000000000000000000e+00 1.000000000000000021e-03 0.000000000000000000e+00
-2.676460000000000150e+01 1.000000000000000000e+00 4.109999999999999938e-03 0.000000000000000000e+00
-2.676460000000000150e+01 1.000000000000000000e+00 1.490000000000000005e-03 0.000000000000000000e+00
-2.676460000000000150e+01 1.000000000000000000e+00 5.749999999999999903e-03 0.000000000000000000e+00
-2.676460000000000150e+01 1.000000000000000000e+00 1.350000000000000071e-03 0.000000000000000000e+00
-2.676460000000000150e+01 1.000000000000000000e+00 1.750000000000000036e-03 0.000000000000000000e+00
-2.676460000000000150e+01 1.000000000000000000e+00 1.350000000000000071e-03 0.000000000000000000e+00
-2.674724399999999847e+01 9.993515315005641053e-01 7.799999999999999859e-04 3.285169097626492590e-02
-2.676460000000000150e+01 1.000000000000000000e+00 1.860000000000000108e-03 0.000000000000000000e+00
-2.674480000000000146e+01 9.992602168536051099e-01 7.500000000000000156e-04 3.446737587922824725e-02
-2.674407599999999974e+01 9.992331661971409762e-01 7.399999999999999894e-04 3.480599948284787692e-02
-2.676460000000000150e+01 1.000000000000000000e+00 1.330000000000000019e-03 0.000000000000000000e+00
-2.676460000000000150e+01 1.000000000000000000e+00 1.369999999999999907e-03 0.000000000000000000e+00
-2.674717599999999962e+01 9.993489908311724568e-01 7.799999999999999859e-04 3.297358943154361094e-02
-2.676460000000000150e+01 1.000000000000000000e+00 1.500000000000000031e-03 0.000000000000000000e+00
-2.676460000000000150e+01 1.000000000000000000e+00 1.020000000000000073e-03 0.000000000000000000e+00
-2.676222399999999979e+01 9.999112260224325421e-01 9.700000000000000505e-04 1.357857135342303151e-02
-2.675192799999999949e+01 9.995265387863072615e-01 8.400000000000000348e-04 2.918147357485573190e-02
-2.676460000000000150e+01 1.000000000000000000e+00 1.180000000000000059e-03 0.000000000000000000e+00
-2.676460000000000150e+01 1.000000000000000000e+00 1.039999999999999909e-03 0.000000000000000000e+00
-2.676460000000000150e+01 1.000000000000000000e+00 1.590000000000000050e-03 0.000000000000000000e+00
-2.675192799999999949e+01 9.995265387863072615e-01 8.400000000000000348e-04 2.918147357485573190e-02
-2.672824200000000516e+01 9.986415638567363029e-01 5.500000000000000331e-04 4.102312031038114759e-02
-2.676460000000000150e+01 1.000000000000000000e+00 1.809999999999999977e-03 0.000000000000000000e+00
-2.676460000000000150e+01 1.000000000000000000e+00 1.610000000000000103e-03 0.000000000000000000e+00
-2.676460000000000150e+01 1.000000000000000000e+00 1.010000000000000047e-03 0.000000000000000000e+00
-2.676460000000000150e+01 1.000000000000000000e+00 1.170000000000000033e-03 0.000000000000000000e+00
-2.676460000000000150e+01 1.000000000000000000e+00 1.979999999999999989e-03 0.000000000000000000e+00
-2.676460000000000150e+01 1.000000000000000000e+00 1.260000000000000052e-03 0.000000000000000000e+00
-2.676460000000000150e+01 1.000000000000000000e+00 2.360000000000000119e-03 0.000000000000000000e+00
-2.676460000000000150e+01 1.000000000000000000e+00 1.209999999999999921e-03 0.000000000000000000e+00
-2.676460000000000150e+01 1.000000000000000000e+00 1.719999999999999958e-03 0.000000000000000000e+00
-2.676460000000000150e+01 1.000000000000000000e+00 1.850000000000000082e-03 0.000000000000000000e+00
-2.676460000000000150e+01 1.000000000000000000e+00 2.200000000000000133e-03 0.000000000000000000e+00
-2.676460000000000150e+01 1.000000000000000000e+00 1.899999999999999996e-03 0.000000000000000000e+00
-2.676460000000000150e+01 1.000000000000000000e+00 1.510000000000000057e-03 0.000000000000000000e+00
-2.676460000000000150e+01 1.000000000000000000e+00 1.549999999999999946e-03 0.000000000000000000e+00
-2.676460000000000150e+01 1.000000000000000000e+00 1.479999999999999979e-03 0.000000000000000000e+00
-2.676460000000000150e+01 1.000000000000000000e+00 1.760000000000000063e-03 0.000000000000000000e+00
-2.676460000000000150e+01 1.000000000000000000e+00 1.500000000000000031e-03 0.000000000000000000e+00
-2.676460000000000150e+01 1.000000000000000000e+00 2.279999999999999909e-03 0.000000000000000000e+00
-2.676460000000000150e+01 1.000000000000000000e+00 2.700000000000000143e-03 0.000000000000000000e+00
-2.676460000000000150e+01 1.000000000000000000e+00 1.330000000000000019e-03 0.000000000000000000e+00
-2.676460000000000150e+01 1.000000000000000000e+00 1.569999999999999998e-03 0.000000000000000000e+00
-2.676460000000000150e+01 1.000000000000000000e+00 1.330000000000000019e-03 0.000000000000000000e+00
-2.676460000000000150e+01 1.000000000000000000e+00 1.629999999999999939e-03 0.000000000000000000e+00
-2.676460000000000150e+01 1.000000000000000000e+00 1.479999999999999979e-03 0.000000000000000000e+00
-2.676460000000000150e+01 1.000000000000000000e+00 1.860000000000000108e-03 0.000000000000000000e+00
-2.676460000000000150e+01 1.000000000000000000e+00 1.369999999999999907e-03 0.000000000000000000e+00
-2.676460000000000150e+01 1.000000000000000000e+00 1.289999999999999914e-03 0.000000000000000000e+00
-2.676460000000000150e+01 1.000000000000000000e+00 1.209999999999999921e-03 0.000000000000000000e+00
-2.676460000000000150e+01 1.000000000000000000e+00 1.699999999999999905e-03 0.000000000000000000e+00
-2.676460000000000150e+01 1.000000000000000000e+00 1.469999999999999953e-03 0.000000000000000000e+00
-2.676460000000000150e+01 1.000000000000000000e+00 1.699999999999999905e-03 0.000000000000000000e+00
-2.676460000000000150e+01 1.000000000000000000e+00 1.379999999999999933e-03 0.000000000000000000e+00
-2.676460000000000150e+01 1.000000000000000000e+00 1.949999999999999910e-03 0.000000000000000000e+00
-2.676460000000000150e+01 1.000000000000000000e+00 1.490000000000000005e-03 0.000000000000000000e+00
-2.676460000000000150e+01 1.000000000000000000e+00 1.490000000000000005e-03 0.000000000000000000e+00
-2.676460000000000150e+01 1.000000000000000000e+00 1.389999999999999960e-03 0.000000000000000000e+00
-2.676460000000000150e+01 1.000000000000000000e+00 1.969999999999999963e-03 0.000000000000000000e+00
-2.676460000000000150e+01 1.000000000000000000e+00 1.500000000000000031e-03 0.000000000000000000e+00
-2.676460000000000150e+01 1.000000000000000000e+00 1.580000000000000024e-03 0.000000000000000000e+00
-2.676460000000000150e+01 1.000000000000000000e+00 1.490000000000000005e-03 0.000000000000000000e+00
-2.676460000000000150e+01 1.000000000000000000e+00 1.389999999999999960e-03 0.000000000000000000e+00
-2.676460000000000150e+01 1.000000000000000000e+00 1.319999999999999993e-03 0.000000000000000000e+00
-2.676460000000000150e+01 1.000000000000000000e+00 1.830000000000000029e-03 0.000000000000000000e+00
-2.676460000000000150e+01 1.000000000000000000e+00 1.389999999999999960e-03 0.000000000000000000e+00
-2.676460000000000150e+01 1.000000000000000000e+00 1.729999999999999984e-03 0.000000000000000000e+00
-2.676460000000000150e+01 1.000000000000000000e+00 1.500000000000000031e-03 0.000000000000000000e+00
-2.676460000000000150e+01 1.000000000000000000e+00 1.430000000000000064e-03 0.000000000000000000e+00
-2.676460000000000150e+01 1.000000000000000000e+00 1.590000000000000050e-03 0.000000000000000000e+00
-2.676460000000000150e+01 1.000000000000000000e+00 1.139999999999999954e-03 0.000000000000000000e+00
-2.676460000000000150e+01 1.000000000000000000e+00 1.420000000000000038e-03 0.000000000000000000e+00
-2.676460000000000150e+01 1.000000000000000000e+00 1.520000000000000084e-03 0.000000000000000000e+00
-2.676460000000000150e+01 1.000000000000000000e+00 1.360000000000000098e-03 0.000000000000000000e+00
-2.676460000000000150e+01 1.000000000000000000e+00 1.569999999999999998e-03 0.000000000000000000e+00
-2.676460000000000150e+01 1.000000000000000000e+00 1.510000000000000057e-03 0.000000000000000000e+00
-2.676460000000000150e+01 1.000000000000000000e+00 1.529999999999999893e-03 0.000000000000000000e+00
-2.676460000000000150e+01 1.000000000000000000e+00 1.350000000000000071e-03 0.000000000000000000e+00
-2.676460000000000150e+01 1.000000000000000000e+00 1.649999999999999991e-03 0.000000000000000000e+00
-2.676460000000000150e+01 1.000000000000000000e+00 1.399999999999999986e-03 0.000000000000000000e+00
-2.676460000000000150e+01 1.000000000000000000e+00 1.520000000000000084e-03 0.000000000000000000e+00
-2.676460000000000150e+01 1.000000000000000000e+00 1.219999999999999947e-03 0.000000000000000000e+00
-2.676460000000000150e+01 1.000000000000000000e+00 1.529999999999999893e-03 0.000000000000000000e+00
-2.676460000000000150e+01 1.000000000000000000e+00 1.459999999999999926e-03 0.000000000000000000e+00
-2.676460000000000150e+01 1.000000000000000000e+00 1.309999999999999967e-03 0.000000000000000000e+00
-2.676460000000000150e+01 1.000000000000000000e+00 1.440000000000000091e-03 0.000000000000000000e+00
-2.676460000000000150e+01 1.000000000000000000e+00 1.469999999999999953e-03 0.000000000000000000e+00
-2.676460000000000150e+01 1.000000000000000000e+00 1.199999999999999895e-03 0.000000000000000000e+00
-2.676460000000000150e+01 1.000000000000000000e+00 1.969999999999999963e-03 0.000000000000000000e+00
-2.676460000000000150e+01 1.000000000000000000e+00 1.360000000000000098e-03 0.000000000000000000e+00
-2.676460000000000150e+01 1.000000000000000000e+00 1.449999999999999900e-03 0.000000000000000000e+00
-2.676460000000000150e+01 1.000000000000000000e+00 1.340000000000000045e-03 0.000000000000000000e+00
-2.676460000000000150e+01 1.000000000000000000e+00 1.389999999999999960e-03 0.000000000000000000e+00
-2.676460000000000150e+01 1.000000000000000000e+00 1.350000000000000071e-03 0.000000000000000000e+00
-2.676460000000000150e+01 1.000000000000000000e+00 1.399999999999999986e-03 0.000000000000000000e+00
-2.676460000000000150e+01 1.000000000000000000e+00 1.309999999999999967e-03 0.000000000000000000e+00
-2.676460000000000150e+01 1.000000000000000000e+00 1.360000000000000098e-03 0.000000000000000000e+00
-2.676460000000000150e+01 1.000000000000000000e+00 1.250000000000000026e-03 0.000000000000000000e+00
-2.676460000000000150e+01 1.000000000000000000e+00 1.389999999999999960e-03 0.000000000000000000e+00
-2.676460000000000150e+01 1.000000000000000000e+00 1.549999999999999946e-03 0.000000000000000000e+00
-2.676460000000000150e+01 1.000000000000000000e+00 1.330000000000000019e-03 0.000000000000000000e+00
-2.676460000000000150e+01 1.000000000000000000e+00 1.260000000000000052e-03 0.000000000000000000e+00
-2.676460000000000150e+01 1.000000000000000000e+00 1.830000000000000029e-03 0.000000000000000000e+00
-2.676460000000000150e+01 1.000000000000000000e+00 1.399999999999999986e-03 0.000000000000000000e+00
-2.676460000000000150e+01 1.000000000000000000e+00 1.250000000000000026e-03 0.000000000000000000e+00
-2.676460000000000150e+01 1.000000000000000000e+00 1.430000000000000064e-03 0.000000000000000000e+00
-2.676460000000000150e+01 1.000000000000000000e+00 1.520000000000000084e-03 0.000000000000000000e+00
-2.676460000000000150e+01 1.000000000000000000e+00 1.199999999999999895e-03 0.000000000000000000e+00
-2.676460000000000150e+01 1.000000000000000000e+00 1.430000000000000064e-03 0.000000000000000000e+00
-2.676460000000000150e+01 1.000000000000000000e+00 1.280000000000000105e-03 0.000000000000000000e+00
-2.676460000000000150e+01 1.000000000000000000e+00 1.559999999999999972e-03 0.000000000000000000e+00
-2.676460000000000150e+01 1.000000000000000000e+00 1.270000000000000078e-03 0.000000000000000000e+00
-2.676460000000000150e+01 1.000000000000000000e+00 1.670000000000000043e-03 0.000000000000000000e+00
-2.676460000000000150e+01 1.000000000000000000e+00 1.270000000000000078e-03 0.000000000000000000e+00
-2.676460000000000150e+01 1.000000000000000000e+00 1.539999999999999919e-03 0.000000000000000000e+00
-2.676460000000000150e+01 1.000000000000000000e+00 1.449999999999999900e-03 0.000000000000000000e+00
-2.676460000000000150e+01 1.000000000000000000e+00 1.440000000000000091e-03 0.000000000000000000e+00
-2.676460000000000150e+01 1.000000000000000000e+00 1.389999999999999960e-03 0.000000000000000000e+00
-2.676460000000000150e+01 1.000000000000000000e+00 1.319999999999999993e-03 0.000000000000000000e+00
-2.676460000000000150e+01 1.000000000000000000e+00 1.709999999999999932e-03 0.000000000000000000e+00
-2.676460000000000150e+01 1.000000000000000000e+00 1.539999999999999919e-03 0.000000000000000000e+00
-2.676460000000000150e+01 1.000000000000000000e+00 1.389999999999999960e-03 0.000000000000000000e+00
-2.676460000000000150e+01 1.000000000000000000e+00 1.610000000000000103e-03 0.000000000000000000e+00
-2.676460000000000150e+01 1.000000000000000000e+00 1.670000000000000043e-03 0.000000000000000000e+00
-2.676460000000000150e+01 1.000000000000000000e+00 1.399999999999999986e-03 0.000000000000000000e+00
-2.676460000000000150e+01 1.000000000000000000e+00 1.270000000000000078e-03 0.000000000000000000e+00
-2.676460000000000150e+01 1.000000000000000000e+00 1.639999999999999965e-03 0.000000000000000000e+00
-2.676460000000000150e+01 1.000000000000000000e+00 1.529999999999999893e-03 0.000000000000000000e+00
-2.676460000000000150e+01 1.000000000000000000e+00 1.590000000000000050e-03 0.000000000000000000e+00
-2.676460000000000150e+01 1.000000000000000000e+00 1.539999999999999919e-03 0.000000000000000000e+00
-2.676460000000000150e+01 1.000000000000000000e+00 1.440000000000000091e-03 0.000000000000000000e+00
-2.676460000000000150e+01 1.000000000000000000e+00 1.500000000000000031e-03 0.000000000000000000e+00
-2.676460000000000150e+01 1.000000000000000000e+00 1.490000000000000005e-03 0.000000000000000000e+00
-2.676460000000000150e+01 1.000000000000000000e+00 1.449999999999999900e-03 0.000000000000000000e+00
-2.676460000000000150e+01 1.000000000000000000e+00 1.379999999999999933e-03 0.000000000000000000e+00
-2.676460000000000150e+01 1.000000000000000000e+00 1.520000000000000084e-03 0.000000000000000000e+00
-2.676460000000000150e+01 1.000000000000000000e+00 1.449999999999999900e-03 0.000000000000000000e+00
-2.676460000000000150e+01 1.000000000000000000e+00 1.580000000000000024e-03 0.000000000000000000e+00
-2.676460000000000150e+01 1.000000000000000000e+00 1.389999999999999960e-03 0.000000000000000000e+00
-2.676460000000000150e+01 1.000000000000000000e+00 1.440000000000000091e-03 0.000000000000000000e+00
-2.676460000000000150e+01 1.000000000000000000e+00 1.260000000000000052e-03 0.000000000000000000e+00
-2.676460000000000150e+01 1.000000000000000000e+00 1.199999999999999895e-03 0.000000000000000000e+00
-2.676460000000000150e+01 1.000000000000000000e+00 1.430000000000000064e-03 0.000000000000000000e+00
-2.676460000000000150e+01 1.000000000000000000e+00 1.270000000000000078e-03 0.000000000000000000e+00
-2.676460000000000150e+01 1.000000000000000000e+00 1.360000000000000098e-03 0.000000000000000000e+00
-2.676460000000000150e+01 1.000000000000000000e+00 1.590000000000000050e-03 0.000000000000000000e+00
-2.676460000000000150e+01 1.000000000000000000e+00 1.190000000000000085e-03 0.000000000000000000e+00
-2.676460000000000150e+01 1.000000000000000000e+00 1.549999999999999946e-03 0.000000000000000000e+00
-2.676460000000000150e+01 1.000000000000000000e+00 1.719999999999999958e-03 0.000000000000000000e+00
-2.676460000000000150e+01 1.000000000000000000e+00 1.820000000000000003e-03 0.000000000000000000e+00
-2.676460000000000150e+01 1.000000000000000000e+00 1.319999999999999993e-03 0.000000000000000000e+00
-2.676460000000000150e+01 1.000000000000000000e+00 1.440000000000000091e-03 0.000000000000000000e+00
-2.676460000000000150e+01 1.000000000000000000e+00 1.580000000000000024e-03 0.000000000000000000e+00
-2.676460000000000150e+01 1.000000000000000000e+00 1.639999999999999965e-03 0.000000000000000000e+00
-2.676460000000000150e+01 1.000000000000000000e+00 1.660000000000000017e-03 0.000000000000000000e+00
-2.676460000000000150e+01 1.000000000000000000e+00 1.379999999999999933e-03 0.000000000000000000e+00
-2.676460000000000150e+01 1.000000000000000000e+00 1.490000000000000005e-03 0.000000000000000000e+00
-2.676460000000000150e+01 1.000000000000000000e+00 1.309999999999999967e-03 0.000000000000000000e+00
-2.676460000000000150e+01 1.000000000000000000e+00 1.299999999999999940e-03 0.000000000000000000e+00
-2.676460000000000150e+01 1.000000000000000000e+00 1.490000000000000005e-03 0.000000000000000000e+00
-2.676460000000000150e+01 1.000000000000000000e+00 1.440000000000000091e-03 0.000000000000000000e+00
-2.676460000000000150e+01 1.000000000000000000e+00 1.660000000000000017e-03 0.000000000000000000e+00
-2.676460000000000150e+01 1.000000000000000000e+00 1.449999999999999900e-03 0.000000000000000000e+00
-2.676460000000000150e+01 1.000000000000000000e+00 1.360000000000000098e-03 0.000000000000000000e+00
-2.676460000000000150e+01 1.000000000000000000e+00 1.350000000000000071e-03 0.000000000000000000e+00
-2.676460000000000150e+01 1.000000000000000000e+00 1.459999999999999926e-03 0.000000000000000000e+00
-2.676460000000000150e+01 1.000000000000000000e+00 1.469999999999999953e-03 0.000000000000000000e+00
-2.676460000000000150e+01 1.000000000000000000e+00 1.719999999999999958e-03 0.000000000000000000e+00
-2.676460000000000150e+01 1.000000000000000000e+00 1.389999999999999960e-03 0.000000000000000000e+00
-2.676460000000000150e+01 1.000000000000000000e+00 1.490000000000000005e-03 0.000000000000000000e+00
-2.676460000000000150e+01 1.000000000000000000e+00 1.399999999999999986e-03 0.000000000000000000e+00
-2.676460000000000150e+01 1.000000000000000000e+00 1.410000000000000012e-03 0.000000000000000000e+00
-2.676460000000000150e+01 1.000000000000000000e+00 1.420000000000000038e-03 0.000000000000000000e+00
-2.676460000000000150e+01 1.000000000000000000e+00 1.809999999999999977e-03 0.000000000000000000e+00
-2.676460000000000150e+01 1.000000000000000000e+00 1.340000000000000045e-03 0.000000000000000000e+00
-2.676460000000000150e+01 1.000000000000000000e+00 1.520000000000000084e-03 0.000000000000000000e+00
-2.676460000000000150e+01 1.000000000000000000e+00 1.520000000000000084e-03 0.000000000000000000e+00
-2.676460000000000150e+01 1.000000000000000000e+00 1.209999999999999921e-03 0.000000000000000000e+00
-2.676460000000000150e+01 1.000000000000000000e+00 1.399999999999999986e-03 0.000000000000000000e+00
-2.676460000000000150e+01 1.000000000000000000e+00 1.289999999999999914e-03 0.000000000000000000e+00
-2.676460000000000150e+01 1.000000000000000000e+00 1.440000000000000091e-03 0.000000000000000000e+00
-2.676460000000000150e+01 1.000000000000000000e+00 1.379999999999999933e-03 0.000000000000000000e+00
-2.676460000000000150e+01 1.000000000000000000e+00 1.529999999999999893e-03 0.000000000000000000e+00
-2.676460000000000150e+01 1.000000000000000000e+00 1.500000000000000031e-03 0.000000000000000000e+00
-2.676460000000000150e+01 1.000000000000000000e+00 1.309999999999999967e-03 0.000000000000000000e+00
-2.676460000000000150e+01 1.000000000000000000e+00 1.379999999999999933e-03 0.000000000000000000e+00
-2.676460000000000150e+01 1.000000000000000000e+00 1.529999999999999893e-03 0.000000000000000000e+00
-2.676460000000000150e+01 1.000000000000000000e+00 1.559999999999999972e-03 0.000000000000000000e+00
-2.676460000000000150e+01 1.000000000000000000e+00 1.389999999999999960e-03 0.000000000000000000e+00
-2.676460000000000150e+01 1.000000000000000000e+00 1.379999999999999933e-03 0.000000000000000000e+00
-2.676460000000000150e+01 1.000000000000000000e+00 1.440000000000000091e-03 0.000000000000000000e+00
-2.676460000000000150e+01 1.000000000000000000e+00 1.539999999999999919e-03 0.000000000000000000e+00
-2.676460000000000150e+01 1.000000000000000000e+00 1.420000000000000038e-03 0.000000000000000000e+00
-2.676460000000000150e+01 1.000000000000000000e+00 1.430000000000000064e-03 0.000000000000000000e+00
-2.676460000000000150e+01 1.000000000000000000e+00 1.260000000000000052e-03 0.000000000000000000e+00
-2.676460000000000150e+01 1.000000000000000000e+00 1.440000000000000091e-03 0.000000000000000000e+00
-2.676460000000000150e+01 1.000000000000000000e+00 1.410000000000000012e-03 0.000000000000000000e+00
-2.676460000000000150e+01 1.000000000000000000e+00 1.399999999999999986e-03 0.000000000000000000e+00
-2.676460000000000150e+01 1.000000000000000000e+00 1.360000000000000098e-03 0.000000000000000000e+00
-2.676460000000000150e+01 1.000000000000000000e+00 1.529999999999999893e-03 0.000000000000000000e+00
-2.676460000000000150e+01 1.000000000000000000e+00 1.539999999999999919e-03 0.000000000000000000e+00
-2.676460000000000150e+01 1.000000000000000000e+00 1.649999999999999991e-03 0.000000000000000000e+00
-2.676460000000000150e+01 1.000000000000000000e+00 1.479999999999999979e-03 0.000000000000000000e+00
-2.676460000000000150e+01 1.000000000000000000e+00 1.350000000000000071e-03 0.000000000000000000e+00
-2.676460000000000150e+01 1.000000000000000000e+00 1.369999999999999907e-03 0.000000000000000000e+00
-2.676460000000000150e+01 1.000000000000000000e+00 1.330000000000000019e-03 0.000000000000000000e+00
-2.676460000000000150e+01 1.000000000000000000e+00 1.350000000000000071e-03 0.000000000000000000e+00
-2.676460000000000150e+01 1.000000000000000000e+00 1.149999999999999981e-03 0.000000000000000000e+00
-2.676460000000000150e+01 1.000000000000000000e+00 1.389999999999999960e-03 0.000000000000000000e+00
-2.676460000000000150e+01 1.000000000000000000e+00 1.490000000000000005e-03 0.000000000000000000e+00
-2.676460000000000150e+01 1.000000000000000000e+00 1.479999999999999979e-03 0.000000000000000000e+00
-2.676460000000000150e+01 1.000000000000000000e+00 1.369999999999999907e-03 0.000000000000000000e+00
-2.676460000000000150e+01 1.000000000000000000e+00 1.549999999999999946e-03 0.000000000000000000e+00
-2.676460000000000150e+01 1.000000000000000000e+00 1.280000000000000105e-03 0.000000000000000000e+00
-2.676460000000000150e+01 1.000000000000000000e+00 1.440000000000000091e-03 0.000000000000000000e+00
-2.676460000000000150e+01 1.000000000000000000e+00 1.500000000000000031e-03 0.000000000000000000e+00
-2.676460000000000150e+01 1.000000000000000000e+00 1.350000000000000071e-03 0.000000000000000000e+00
-2.676460000000000150e+01 1.000000000000000000e+00 1.389999999999999960e-03 0.000000000000000000e+00
-2.676460000000000150e+01 1.000000000000000000e+00 1.420000000000000038e-03 0.000000000000000000e+00
-2.676460000000000150e+01 1.000000000000000000e+00 1.459999999999999926e-03 0.000000000000000000e+00
-2.676460000000000150e+01 1.000000000000000000e+00 1.529999999999999893e-03 0.000000000000000000e+00
-2.676460000000000150e+01 1.000000000000000000e+00 1.469999999999999953e-03 0.000000000000000000e+00
-2.676460000000000150e+01 1.000000000000000000e+00 1.760000000000000063e-03 0.000000000000000000e+00
-2.676460000000000150e+01 1.000000000000000000e+00 1.330000000000000019e-03 0.000000000000000000e+00
-2.676460000000000150e+01 1.000000000000000000e+00 1.440000000000000091e-03 0.000000000000000000e+00
-2.676460000000000150e+01 1.000000000000000000e+00 1.389999999999999960e-03 0.000000000000000000e+00
-2.676460000000000150e+01 1.000000000000000000e+00 1.219999999999999947e-03 0.000000000000000000e+00
-2.676460000000000150e+01 1.000000000000000000e+00 1.430000000000000064e-03 0.000000000000000000e+00
-2.676460000000000150e+01 1.000000000000000000e+00 1.289999999999999914e-03 0.000000000000000000e+00
-2.676460000000000150e+01 1.000000000000000000e+00 1.459999999999999926e-03 0.000000000000000000e+00
-2.676460000000000150e+01 1.000000000000000000e+00 1.299999999999999940e-03 0.000000000000000000e+00
-2.676460000000000150e+01 1.000000000000000000e+00 1.449999999999999900e-03 0.000000000000000000e+00
-2.676460000000000150e+01 1.000000000000000000e+00 1.270000000000000078e-03 0.000000000000000000e+00
-2.676460000000000150e+01 1.000000000000000000e+00 1.520000000000000084e-03 0.000000000000000000e+00
-2.676460000000000150e+01 1.000000000000000000e+00 1.449999999999999900e-03 0.000000000000000000e+00
-2.676460000000000150e+01 1.000000000000000000e+00 1.369999999999999907e-03 0.000000000000000000e+00
-2.676460000000000150e+01 1.000000000000000000e+00 1.280000000000000105e-03 0.000000000000000000e+00
-2.676460000000000150e+01 1.000000000000000000e+00 1.619999999999999912e-03 0.000000000000000000e+00
-2.676460000000000150e+01 1.000000000000000000e+00 1.569999999999999998e-03 0.000000000000000000e+00
-2.676460000000000150e+01 1.000000000000000000e+00 1.319999999999999993e-03 0.000000000000000000e+00
-2.676460000000000150e+01 1.000000000000000000e+00 1.379999999999999933e-03 0.000000000000000000e+00
-2.676460000000000150e+01 1.000000000000000000e+00 1.469999999999999953e-03 0.000000000000000000e+00
-2.676460000000000150e+01 1.000000000000000000e+00 1.379999999999999933e-03 0.000000000000000000e+00
-2.676460000000000150e+01 1.000000000000000000e+00 1.500000000000000031e-03 0.000000000000000000e+00
-2.676460000000000150e+01 1.000000000000000000e+00 1.430000000000000064e-03 0.000000000000000000e+00
-2.676460000000000150e+01 1.000000000000000000e+00 1.389999999999999960e-03 0.000000000000000000e+00
-2.676460000000000150e+01 1.000000000000000000e+00 1.619999999999999912e-03 0.000000000000000000e+00
-2.676460000000000150e+01 1.000000000000000000e+00 1.410000000000000012e-03 0.000000000000000000e+00
-2.676460000000000150e+01 1.000000000000000000e+00 1.280000000000000105e-03 0.000000000000000000e+00
-2.676460000000000150e+01 1.000000000000000000e+00 1.490000000000000005e-03 0.000000000000000000e+00
-2.676460000000000150e+01 1.000000000000000000e+00 1.360000000000000098e-03 0.000000000000000000e+00
-2.676460000000000150e+01 1.000000000000000000e+00 1.610000000000000103e-03 0.000000000000000000e+00
-2.676460000000000150e+01 1.000000000000000000e+00 1.350000000000000071e-03 0.000000000000000000e+00
-2.676460000000000150e+01 1.000000000000000000e+00 1.490000000000000005e-03 0.000000000000000000e+00
-2.676460000000000150e+01 1.000000000000000000e+00 1.369999999999999907e-03 0.000000000000000000e+00
-2.676460000000000150e+01 1.000000000000000000e+00 1.410000000000000012e-03 0.000000000000000000e+00
-2.676460000000000150e+01 1.000000000000000000e+00 1.639999999999999965e-03 0.000000000000000000e+00
-2.676460000000000150e+01 1.000000000000000000e+00 1.319999999999999993e-03 0.000000000000000000e+00
-2.676460000000000150e+01 1.000000000000000000e+00 1.369999999999999907e-03 0.000000000000000000e+00
-2.676460000000000150e+01 1.000000000000000000e+00 1.580000000000000024e-03 0.000000000000000000e+00
-2.676460000000000150e+01 1.000000000000000000e+00 1.580000000000000024e-03 0.000000000000000000e+00
-2.676460000000000150e+01 1.000000000000000000e+00 1.469999999999999953e-03 0.000000000000000000e+00
-2.676460000000000150e+01 1.000000000000000000e+00 1.389999999999999960e-03 0.000000000000000000e+00
-2.676460000000000150e+01 1.000000000000000000e+00 1.420000000000000038e-03 0.000000000000000000e+00
-2.676460000000000150e+01 1.000000000000000000e+00 1.590000000000000050e-03 0.000000000000000000e+00
-2.676460000000000150e+01 1.000000000000000000e+00 1.420000000000000038e-03 0.000000000000000000e+00
-2.676460000000000150e+01 1.000000000000000000e+00 1.459999999999999926e-03 0.000000000000000000e+00
-2.676460000000000150e+01 1.000000000000000000e+00 1.449999999999999900e-03 0.000000000000000000e+00
-2.676460000000000150e+01 1.000000000000000000e+00 1.240000000000000000e-03 0.000000000000000000e+00
-2.676460000000000150e+01 1.000000000000000000e+00 1.399999999999999986e-03 0.000000000000000000e+00
-2.676460000000000150e+01 1.000000000000000000e+00 1.330000000000000019e-03 0.000000000000000000e+00
-2.676460000000000150e+01 1.000000000000000000e+00 1.559999999999999972e-03 0.000000000000000000e+00
-2.676460000000000150e+01 1.000000000000000000e+00 1.309999999999999967e-03 0.000000000000000000e+00
-2.676460000000000150e+01 1.000000000000000000e+00 1.529999999999999893e-03 0.000000000000000000e+00
-2.676460000000000150e+01 1.000000000000000000e+00 1.449999999999999900e-03 0.000000000000000000e+00
-2.676460000000000150e+01 1.000000000000000000e+00 1.490000000000000005e-03 0.000000000000000000e+00
-2.676460000000000150e+01 1.000000000000000000e+00 1.330000000000000019e-03 0.000000000000000000e+00
-2.676460000000000150e+01 1.000000000000000000e+00 1.610000000000000103e-03 0.000000000000000000e+00
-2.676460000000000150e+01 1.000000000000000000e+00 1.420000000000000038e-03 0.000000000000000000e+00
-2.676460000000000150e+01 1.000000000000000000e+00 1.490000000000000005e-03 0.000000000000000000e+00
-2.676460000000000150e+01 1.000000000000000000e+00 1.440000000000000091e-03 0.000000000000000000e+00
-2.676460000000000150e+01 1.000000000000000000e+00 1.410000000000000012e-03 0.000000000000000000e+00
-2.676460000000000150e+01 1.000000000000000000e+00 1.420000000000000038e-03 0.000000000000000000e+00
-2.676460000000000150e+01 1.000000000000000000e+00 1.430000000000000064e-03 0.000000000000000000e+00
-2.676460000000000150e+01 1.000000000000000000e+00 1.649999999999999991e-03 0.000000000000000000e+00
-2.676460000000000150e+01 1.000000000000000000e+00 1.690000000000000096e-03 0.000000000000000000e+00
-2.676460000000000150e+01 1.000000000000000000e+00 1.350000000000000071e-03 0.000000000000000000e+00
-2.676460000000000150e+01 1.000000000000000000e+00 1.479999999999999979e-03 0.000000000000000000e+00
-2.676460000000000150e+01 1.000000000000000000e+00 1.420000000000000038e-03 0.000000000000000000e+00
-2.676460000000000150e+01 1.000000000000000000e+00 1.449999999999999900e-03 0.000000000000000000e+00
-2.676460000000000150e+01 1.000000000000000000e+00 1.389999999999999960e-03 0.000000000000000000e+00
-2.676460000000000150e+01 1.000000000000000000e+00 1.559999999999999972e-03 0.000000000000000000e+00
-2.676460000000000150e+01 1.000000000000000000e+00 1.410000000000000012e-03 0.000000000000000000e+00
-2.676460000000000150e+01 1.000000000000000000e+00 1.750000000000000036e-03 0.000000000000000000e+00
-2.676460000000000150e+01 1.000000000000000000e+00 1.490000000000000005e-03 0.000000000000000000e+00
-2.676460000000000150e+01 1.000000000000000000e+00 1.500000000000000031e-03 0.000000000000000000e+00
-2.676460000000000150e+01 1.000000000000000000e+00 1.430000000000000064e-03 0.000000000000000000e+00
-2.676460000000000150e+01 1.000000000000000000e+00 1.520000000000000084e-03 0.000000000000000000e+00
-2.676460000000000150e+01 1.000000000000000000e+00 1.639999999999999965e-03 0.000000000000000000e+00
-2.676460000000000150e+01 1.000000000000000000e+00 1.469999999999999953e-03 0.000000000000000000e+00
-2.676460000000000150e+01 1.000000000000000000e+00 1.410000000000000012e-03 0.000000000000000000e+00
-2.676460000000000150e+01 1.000000000000000000e+00 1.449999999999999900e-03 0.000000000000000000e+00
-2.676460000000000150e+01 1.000000000000000000e+00 1.420000000000000038e-03 0.000000000000000000e+00
-2.676460000000000150e+01 1.000000000000000000e+00 1.309999999999999967e-03 0.000000000000000000e+00
-2.676460000000000150e+01 1.000000000000000000e+00 1.340000000000000045e-03 0.000000000000000000e+00
-2.676460000000000150e+01 1.000000000000000000e+00 1.369999999999999907e-03 0.000000000000000000e+00
-2.676460000000000150e+01 1.000000000000000000e+00 1.479999999999999979e-03 0.000000000000000000e+00
-2.676460000000000150e+01 1.000000000000000000e+00 1.440000000000000091e-03 0.000000000000000000e+00
-2.676460000000000150e+01 1.000000000000000000e+00 1.549999999999999946e-03 0.000000000000000000e+00
-2.676460000000000150e+01 1.000000000000000000e+00 1.330000000000000019e-03 0.000000000000000000e+00
-2.676460000000000150e+01 1.000000000000000000e+00 1.280000000000000105e-03 0.000000000000000000e+00
-2.676460000000000150e+01 1.000000000000000000e+00 1.379999999999999933e-03 0.000000000000000000e+00
-2.676460000000000150e+01 1.000000000000000000e+00 1.399999999999999986e-03 0.000000000000000000e+00
-2.676460000000000150e+01 1.000000000000000000e+00 1.350000000000000071e-03 0.000000000000000000e+00
-2.676460000000000150e+01 1.000000000000000000e+00 1.449999999999999900e-03 0.000000000000000000e+00
-2.676460000000000150e+01 1.000000000000000000e+00 1.309999999999999967e-03 0.000000000000000000e+00
-2.676460000000000150e+01 1.000000000000000000e+00 1.420000000000000038e-03 0.000000000000000000e+00
-2.676460000000000150e+01 1.000000000000000000e+00 1.250000000000000026e-03 0.000000000000000000e+00
-2.676460000000000150e+01 1.000000000000000000e+00 1.340000000000000045e-03 0.000000000000000000e+00
-2.676460000000000150e+01 1.000000000000000000e+00 1.369999999999999907e-03 0.000000000000000000e+00
-2.676460000000000150e+01 1.000000000000000000e+00 1.330000000000000019e-03 0.000000000000000000e+00
-2.676460000000000150e+01 1.000000000000000000e+00 1.319999999999999993e-03 0.000000000000000000e+00
-2.676460000000000150e+01 1.000000000000000000e+00 1.280000000000000105e-03 0.000000000000000000e+00
-2.676460000000000150e+01 1.000000000000000000e+00 1.469999999999999953e-03 0.000000000000000000e+00
-2.676460000000000150e+01 1.000000000000000000e+00 1.559999999999999972e-03 0.000000000000000000e+00
-2.676460000000000150e+01 1.000000000000000000e+00 1.520000000000000084e-03 0.000000000000000000e+00
-2.676460000000000150e+01 1.000000000000000000e+00 1.420000000000000038e-03 0.000000000000000000e+00
-2.676460000000000150e+01 1.000000000000000000e+00 1.479999999999999979e-03 0.000000000000000000e+00
-2.676460000000000150e+01 1.000000000000000000e+00 1.430000000000000064e-03 0.000000000000000000e+00
-2.676460000000000150e+01 1.000000000000000000e+00 1.459999999999999926e-03 0.000000000000000000e+00
-2.676460000000000150e+01 1.000000000000000000e+00 1.420000000000000038e-03 0.000000000000000000e+00
-2.676460000000000150e+01 1.000000000000000000e+00 1.340000000000000045e-03 0.000000000000000000e+00
-2.676460000000000150e+01 1.000000000000000000e+00 1.490000000000000005e-03 0.000000000000000000e+00
-2.676460000000000150e+01 1.000000000000000000e+00 1.610000000000000103e-03 0.000000000000000000e+00
-2.676460000000000150e+01 1.000000000000000000e+00 1.610000000000000103e-03 0.000000000000000000e+00
-2.676460000000000150e+01 1.000000000000000000e+00 1.440000000000000091e-03 0.000000000000000000e+00
-2.676460000000000150e+01 1.000000000000000000e+00 1.490000000000000005e-03 0.000000000000000000e+00
-2.676460000000000150e+01 1.000000000000000000e+00 1.529999999999999893e-03 0.000000000000000000e+00
-2.676460000000000150e+01 1.000000000000000000e+00 1.569999999999999998e-03 0.000000000000000000e+00
-2.676460000000000150e+01 1.000000000000000000e+00 1.309999999999999967e-03 0.000000000000000000e+00
-2.676460000000000150e+01 1.000000000000000000e+00 1.369999999999999907e-03 0.000000000000000000e+00
-2.676460000000000150e+01 1.000000000000000000e+00 1.459999999999999926e-03 0.000000000000000000e+00
-2.676460000000000150e+01 1.000000000000000000e+00 1.529999999999999893e-03 0.000000000000000000e+00
-2.676460000000000150e+01 1.000000000000000000e+00 1.440000000000000091e-03 0.000000000000000000e+00
-2.676460000000000150e+01 1.000000000000000000e+00 1.469999999999999953e-03 0.000000000000000000e+00
-2.676460000000000150e+01 1.000000000000000000e+00 1.500000000000000031e-03 0.000000000000000000e+00
-2.676460000000000150e+01 1.000000000000000000e+00 1.170000000000000033e-03 0.000000000000000000e+00
-2.676460000000000150e+01 1.000000000000000000e+00 1.369999999999999907e-03 0.000000000000000000e+00
-2.676460000000000150e+01 1.000000000000000000e+00 1.529999999999999893e-03 0.000000000000000000e+00
-2.676460000000000150e+01 1.000000000000000000e+00 1.539999999999999919e-03 0.000000000000000000e+00
-2.676460000000000150e+01 1.000000000000000000e+00 1.440000000000000091e-03 0.000000000000000000e+00
-2.676460000000000150e+01 1.000000000000000000e+00 1.330000000000000019e-03 0.000000000000000000e+00
-2.676460000000000150e+01 1.000000000000000000e+00 1.440000000000000091e-03 0.000000000000000000e+00
-2.676460000000000150e+01 1.000000000000000000e+00 1.510000000000000057e-03 0.000000000000000000e+00
-2.676460000000000150e+01 1.000000000000000000e+00 1.299999999999999940e-03 0.000000000000000000e+00
-2.676460000000000150e+01 1.000000000000000000e+00 1.440000000000000091e-03 0.000000000000000000e+00
-2.676460000000000150e+01 1.000000000000000000e+00 1.420000000000000038e-03 0.000000000000000000e+00
-2.676460000000000150e+01 1.000000000000000000e+00 1.629999999999999939e-03 0.000000000000000000e+00
-2.676460000000000150e+01 1.000000000000000000e+00 1.309999999999999967e-03 0.000000000000000000e+00
-2.676460000000000150e+01 1.000000000000000000e+00 1.250000000000000026e-03 0.000000000000000000e+00
-2.676460000000000150e+01 1.000000000000000000e+00 1.510000000000000057e-03 0.000000000000000000e+00
-2.676460000000000150e+01 1.000000000000000000e+00 1.449999999999999900e-03 0.000000000000000000e+00
-2.676460000000000150e+01 1.000000000000000000e+00 1.549999999999999946e-03 0.000000000000000000e+00
-2.676460000000000150e+01 1.000000000000000000e+00 1.549999999999999946e-03 0.000000000000000000e+00
-2.676460000000000150e+01 1.000000000000000000e+00 1.440000000000000091e-03 0.000000000000000000e+00
-2.676460000000000150e+01 1.000000000000000000e+00 1.529999999999999893e-03 0.000000000000000000e+00
-2.676460000000000150e+01 1.000000000000000000e+00 1.350000000000000071e-03 0.000000000000000000e+00
-2.676460000000000150e+01 1.000000000000000000e+00 1.569999999999999998e-03 0.000000000000000000e+00
-2.676460000000000150e+01 1.000000000000000000e+00 1.549999999999999946e-03 0.000000000000000000e+00
-2.676460000000000150e+01 1.000000000000000000e+00 1.590000000000000050e-03 0.000000000000000000e+00
-2.676460000000000150e+01 1.000000000000000000e+00 1.539999999999999919e-03 0.000000000000000000e+00
-2.676460000000000150e+01 1.000000000000000000e+00 1.410000000000000012e-03 0.000000000000000000e+00
-2.676460000000000150e+01 1.000000000000000000e+00 1.529999999999999893e-03 0.000000000000000000e+00
-2.676460000000000150e+01 1.000000000000000000e+00 1.539999999999999919e-03 0.000000000000000000e+00
-2.676460000000000150e+01 1.000000000000000000e+00 1.469999999999999953e-03 0.000000000000000000e+00
-2.676460000000000150e+01 1.000000000000000000e+00 1.459999999999999926e-03 0.000000000000000000e+00
-2.676460000000000150e+01 1.000000000000000000e+00 1.559999999999999972e-03 0.000000000000000000e+00
-2.676460000000000150e+01 1.000000000000000000e+00 1.270000000000000078e-03 0.000000000000000000e+00
-2.676460000000000150e+01 1.000000000000000000e+00 1.549999999999999946e-03 0.000000000000000000e+00
-2.676460000000000150e+01 1.000000000000000000e+00 1.510000000000000057e-03 0.000000000000000000e+00
-2.676460000000000150e+01 1.000000000000000000e+00 1.360000000000000098e-03 0.000000000000000000e+00
-2.676460000000000150e+01 1.000000000000000000e+00 1.420000000000000038e-03 0.000000000000000000e+00
-2.676460000000000150e+01 1.000000000000000000e+00 1.289999999999999914e-03 0.000000000000000000e+00
-2.676460000000000150e+01 1.000000000000000000e+00 1.420000000000000038e-03 0.000000000000000000e+00
-2.676460000000000150e+01 1.000000000000000000e+00 1.520000000000000084e-03 0.000000000000000000e+00
-2.676460000000000150e+01 1.000000000000000000e+00 1.410000000000000012e-03 0.000000000000000000e+00
-2.676460000000000150e+01 1.000000000000000000e+00 1.500000000000000031e-03 0.000000000000000000e+00
-2.676460000000000150e+01 1.000000000000000000e+00 1.680000000000000070e-03 0.000000000000000000e+00
-2.676460000000000150e+01 1.000000000000000000e+00 1.610000000000000103e-03 0.000000000000000000e+00
-2.676460000000000150e+01 1.000000000000000000e+00 1.270000000000000078e-03 0.000000000000000000e+00
-2.676460000000000150e+01 1.000000000000000000e+00 1.420000000000000038e-03 0.000000000000000000e+00
-2.676460000000000150e+01 1.000000000000000000e+00 1.379999999999999933e-03 0.000000000000000000e+00
-2.676460000000000150e+01 1.000000000000000000e+00 1.240000000000000000e-03 0.000000000000000000e+00
-2.676460000000000150e+01 1.000000000000000000e+00 1.520000000000000084e-03 0.000000000000000000e+00
-2.676460000000000150e+01 1.000000000000000000e+00 1.319999999999999993e-03 0.000000000000000000e+00
-2.676460000000000150e+01 1.000000000000000000e+00 1.449999999999999900e-03 0.000000000000000000e+00
-2.676460000000000150e+01 1.000000000000000000e+00 1.340000000000000045e-03 0.000000000000000000e+00
-2.676460000000000150e+01 1.000000000000000000e+00 1.420000000000000038e-03 0.000000000000000000e+00
-2.676460000000000150e+01 1.000000000000000000e+00 1.379999999999999933e-03 0.000000000000000000e+00
-2.676460000000000150e+01 1.000000000000000000e+00 1.420000000000000038e-03 0.000000000000000000e+00
-2.676460000000000150e+01 1.000000000000000000e+00 1.399999999999999986e-03 0.000000000000000000e+00
-2.676460000000000150e+01 1.000000000000000000e+00 1.379999999999999933e-03 0.000000000000000000e+00
-2.676460000000000150e+01 1.000000000000000000e+00 1.309999999999999967e-03 0.000000000000000000e+00
-2.676460000000000150e+01 1.000000000000000000e+00 1.600000000000000077e-03 0.000000000000000000e+00
-2.676460000000000150e+01 1.000000000000000000e+00 1.500000000000000031e-03 0.000000000000000000e+00
-2.676460000000000150e+01 1.000000000000000000e+00 1.549999999999999946e-03 0.000000000000000000e+00
-2.676460000000000150e+01 1.000000000000000000e+00 1.520000000000000084e-03 0.000000000000000000e+00
-2.676460000000000150e+01 1.000000000000000000e+00 1.330000000000000019e-03 0.000000000000000000e+00
-2.676460000000000150e+01 1.000000000000000000e+00 1.469999999999999953e-03 0.000000000000000000e+00
-2.676460000000000150e+01 1.000000000000000000e+00 1.600000000000000077e-03 0.000000000000000000e+00
-2.676460000000000150e+01 1.000000000000000000e+00 1.410000000000000012e-03 0.000000000000000000e+00
-2.676460000000000150e+01 1.000000000000000000e+00 1.379999999999999933e-03 0.000000000000000000e+00
-2.676460000000000150e+01 1.000000000000000000e+00 1.399999999999999986e-03 0.000000000000000000e+00
-2.676460000000000150e+01 1.000000000000000000e+00 1.360000000000000098e-03 0.000000000000000000e+00
-2.676460000000000150e+01 1.000000000000000000e+00 1.319999999999999993e-03 0.000000000000000000e+00
-2.676460000000000150e+01 1.000000000000000000e+00 1.379999999999999933e-03 0.000000000000000000e+00
-2.676460000000000150e+01 1.000000000000000000e+00 1.369999999999999907e-03 0.000000000000000000e+00
-2.676460000000000150e+01 1.000000000000000000e+00 1.399999999999999986e-03 0.000000000000000000e+00
-2.676460000000000150e+01 1.000000000000000000e+00 1.569999999999999998e-03 0.000000000000000000e+00
-2.676460000000000150e+01 1.000000000000000000e+00 1.369999999999999907e-03 0.000000000000000000e+00
-2.676460000000000150e+01 1.000000000000000000e+00 1.369999999999999907e-03 0.000000000000000000e+00
-2.676460000000000150e+01 1.000000000000000000e+00 1.420000000000000038e-03 0.000000000000000000e+00
-2.676460000000000150e+01 1.000000000000000000e+00 1.539999999999999919e-03 0.000000000000000000e+00
-2.676460000000000150e+01 1.000000000000000000e+00 1.340000000000000045e-03 0.000000000000000000e+00
-2.676460000000000150e+01 1.000000000000000000e+00 1.449999999999999900e-03 0.000000000000000000e+00
-2.676460000000000150e+01 1.000000000000000000e+00 1.330000000000000019e-03 0.000000000000000000e+00
-2.676460000000000150e+01 1.000000000000000000e+00 1.449999999999999900e-03 0.000000000000000000e+00
-2.676460000000000150e+01 1.000000000000000000e+00 1.500000000000000031e-03 0.000000000000000000e+00
-2.676460000000000150e+01 1.000000000000000000e+00 1.229999999999999974e-03 0.000000000000000000e+00
-2.676460000000000150e+01 1.000000000000000000e+00 1.479999999999999979e-03 0.000000000000000000e+00
-2.676460000000000150e+01 1.000000000000000000e+00 1.440000000000000091e-03 0.000000000000000000e+00
-2.676460000000000150e+01 1.000000000000000000e+00 1.319999999999999993e-03 0.000000000000000000e+00
-2.676460000000000150e+01 1.000000000000000000e+00 1.340000000000000045e-03 0.000000000000000000e+00
-2.676460000000000150e+01 1.000000000000000000e+00 1.250000000000000026e-03 0.000000000000000000e+00
-2.676460000000000150e+01 1.000000000000000000e+00 1.369999999999999907e-03 0.000000000000000000e+00
-2.676460000000000150e+01 1.000000000000000000e+00 1.449999999999999900e-03 0.000000000000000000e+00
-2.676460000000000150e+01 1.000000000000000000e+00 1.420000000000000038e-03 0.000000000000000000e+00
-2.676460000000000150e+01 1.000000000000000000e+00 1.520000000000000084e-03 0.000000000000000000e+00
-2.676460000000000150e+01 1.000000000000000000e+00 1.559999999999999972e-03 0.000000000000000000e+00
-2.676460000000000150e+01 1.000000000000000000e+00 1.430000000000000064e-03 0.000000000000000000e+00
-2.676460000000000150e+01 1.000000000000000000e+00 1.399999999999999986e-03 0.000000000000000000e+00
-2.676460000000000150e+01 1.000000000000000000e+00 1.389999999999999960e-03 0.000000000000000000e+00
-2.676460000000000150e+01 1.000000000000000000e+00 1.529999999999999893e-03 0.000000000000000000e+00
-2.676460000000000150e+01 1.000000000000000000e+00 1.500000000000000031e-03 0.000000000000000000e+00
-2.676460000000000150e+01 1.000000000000000000e+00 1.619999999999999912e-03 0.000000000000000000e+00
-2.676460000000000150e+01 1.000000000000000000e+00 1.270000000000000078e-03 0.000000000000000000e+00
-2.676460000000000150e+01 1.000000000000000000e+00 1.529999999999999893e-03 0.000000000000000000e+00
-2.676460000000000150e+01 1.000000000000000000e+00 1.520000000000000084e-03 0.000000000000000000e+00
-2.676460000000000150e+01 1.000000000000000000e+00 1.490000000000000005e-03 0.000000000000000000e+00
-2.676460000000000150e+01 1.000000000000000000e+00 1.559999999999999972e-03 0.000000000000000000e+00
-2.676460000000000150e+01 1.000000000000000000e+00 1.569999999999999998e-03 0.000000000000000000e+00
-2.676460000000000150e+01 1.000000000000000000e+00 1.399999999999999986e-03 0.000000000000000000e+00
-2.676460000000000150e+01 1.000000000000000000e+00 1.490000000000000005e-03 0.000000000000000000e+00
-2.676460000000000150e+01 1.000000000000000000e+00 1.309999999999999967e-03 0.000000000000000000e+00
-2.676460000000000150e+01 1.000000000000000000e+00 1.690000000000000096e-03 0.000000000000000000e+00
-2.676460000000000150e+01 1.000000000000000000e+00 1.490000000000000005e-03 0.000000000000000000e+00
-2.676460000000000150e+01 1.000000000000000000e+00 1.119999999999999902e-03 0.000000000000000000e+00
-2.676460000000000150e+01 1.000000000000000000e+00 1.299999999999999940e-03 0.000000000000000000e+00
-2.676460000000000150e+01 1.000000000000000000e+00 1.500000000000000031e-03 0.000000000000000000e+00
-2.676460000000000150e+01 1.000000000000000000e+00 1.250000000000000026e-03 0.000000000000000000e+00
-2.676460000000000150e+01 1.000000000000000000e+00 1.580000000000000024e-03 0.000000000000000000e+00
-2.676460000000000150e+01 1.000000000000000000e+00 1.629999999999999939e-03 0.000000000000000000e+00
-2.676460000000000150e+01 1.000000000000000000e+00 1.500000000000000031e-03 0.000000000000000000e+00
-2.676460000000000150e+01 1.000000000000000000e+00 1.559999999999999972e-03 0.000000000000000000e+00
-2.676460000000000150e+01 1.000000000000000000e+00 1.500000000000000031e-03 0.000000000000000000e+00
-2.676460000000000150e+01 1.000000000000000000e+00 1.510000000000000057e-03 0.000000000000000000e+00
-2.676460000000000150e+01 1.000000000000000000e+00 1.319999999999999993e-03 0.000000000000000000e+00
-2.676460000000000150e+01 1.000000000000000000e+00 1.289999999999999914e-03 0.000000000000000000e+00
-2.676460000000000150e+01 1.000000000000000000e+00 1.360000000000000098e-03 0.000000000000000000e+00
-2.676460000000000150e+01 1.000000000000000000e+00 1.369999999999999907e-03 0.000000000000000000e+00
-2.676460000000000150e+01 1.000000000000000000e+00 1.260000000000000052e-03 0.000000000000000000e+00
-2.676460000000000150e+01 1.000000000000000000e+00 1.619999999999999912e-03 0.000000000000000000e+00
-2.676460000000000150e+01 1.000000000000000000e+00 1.369999999999999907e-03 0.000000000000000000e+00
-2.676460000000000150e+01 1.000000000000000000e+00 1.389999999999999960e-03 0.000000000000000000e+00
-2.676460000000000150e+01 1.000000000000000000e+00 1.410000000000000012e-03 0.000000000000000000e+00
-2.676460000000000150e+01 1.000000000000000000e+00 1.569999999999999998e-03 0.000000000000000000e+00
-2.676460000000000150e+01 1.000000000000000000e+00 1.420000000000000038e-03 0.000000000000000000e+00
-2.676460000000000150e+01 1.000000000000000000e+00 1.600000000000000077e-03 0.000000000000000000e+00
-2.676460000000000150e+01 1.000000000000000000e+00 1.539999999999999919e-03 0.000000000000000000e+00
-2.676460000000000150e+01 1.000000000000000000e+00 1.379999999999999933e-03 0.000000000000000000e+00
-2.676460000000000150e+01 1.000000000000000000e+00 1.399999999999999986e-03 0.000000000000000000e+00
-2.676460000000000150e+01 1.000000000000000000e+00 1.420000000000000038e-03 0.000000000000000000e+00
-2.676460000000000150e+01 1.000000000000000000e+00 1.389999999999999960e-03 0.000000000000000000e+00
-2.676460000000000150e+01 1.000000000000000000e+00 1.459999999999999926e-03 0.000000000000000000e+00
-2.676460000000000150e+01 1.000000000000000000e+00 1.399999999999999986e-03 0.000000000000000000e+00
-2.676460000000000150e+01 1.000000000000000000e+00 1.410000000000000012e-03 0.000000000000000000e+00
-2.676460000000000150e+01 1.000000000000000000e+00 1.539999999999999919e-03 0.000000000000000000e+00
-2.676460000000000150e+01 1.000000000000000000e+00 1.250000000000000026e-03 0.000000000000000000e+00
-2.676460000000000150e+01 1.000000000000000000e+00 1.500000000000000031e-03 0.000000000000000000e+00
-2.676460000000000150e+01 1.000000000000000000e+00 1.430000000000000064e-03 0.000000000000000000e+00
-2.676460000000000150e+01 1.000000000000000000e+00 1.369999999999999907e-03 0.000000000000000000e+00
-2.676460000000000150e+01 1.000000000000000000e+00 1.500000000000000031e-03 0.000000000000000000e+00
-2.676460000000000150e+01 1.000000000000000000e+00 1.379999999999999933e-03 0.000000000000000000e+00
-2.676460000000000150e+01 1.000000000000000000e+00 1.260000000000000052e-03 0.000000000000000000e+00
-2.676460000000000150e+01 1.000000000000000000e+00 1.479999999999999979e-03 0.000000000000000000e+00
-2.676460000000000150e+01 1.000000000000000000e+00 1.500000000000000031e-03 0.000000000000000000e+00
-2.676460000000000150e+01 1.000000000000000000e+00 1.350000000000000071e-03 0.000000000000000000e+00
-2.676460000000000150e+01 1.000000000000000000e+00 1.250000000000000026e-03 0.000000000000000000e+00
-2.676460000000000150e+01 1.000000000000000000e+00 1.369999999999999907e-03 0.000000000000000000e+00
-2.676460000000000150e+01 1.000000000000000000e+00 1.379999999999999933e-03 0.000000000000000000e+00
-2.676460000000000150e+01 1.000000000000000000e+00 1.299999999999999940e-03 0.000000000000000000e+00
-2.676460000000000150e+01 1.000000000000000000e+00 1.469999999999999953e-03 0.000000000000000000e+00
-2.676460000000000150e+01 1.000000000000000000e+00 1.360000000000000098e-03 0.000000000000000000e+00
-2.676460000000000150e+01 1.000000000000000000e+00 1.559999999999999972e-03 0.000000000000000000e+00
-2.676460000000000150e+01 1.000000000000000000e+00 1.490000000000000005e-03 0.000000000000000000e+00
-2.676460000000000150e+01 1.000000000000000000e+00 1.610000000000000103e-03 0.000000000000000000e+00
-2.676460000000000150e+01 1.000000000000000000e+00 1.170000000000000033e-03 0.000000000000000000e+00
-2.676460000000000150e+01 1.000000000000000000e+00 1.500000000000000031e-03 0.000000000000000000e+00
-2.676460000000000150e+01 1.000000000000000000e+00 1.529999999999999893e-03 0.000000000000000000e+00
-2.676460000000000150e+01 1.000000000000000000e+00 1.510000000000000057e-03 0.000000000000000000e+00
-2.676460000000000150e+01 1.000000000000000000e+00 1.629999999999999939e-03 0.000000000000000000e+00
-2.676460000000000150e+01 1.000000000000000000e+00 1.479999999999999979e-03 0.000000000000000000e+00
-2.676460000000000150e+01 1.000000000000000000e+00 1.479999999999999979e-03 0.000000000000000000e+00
-2.676460000000000150e+01 1.000000000000000000e+00 1.299999999999999940e-03 0.000000000000000000e+00
-2.676460000000000150e+01 1.000000000000000000e+00 1.410000000000000012e-03 0.000000000000000000e+00
-2.676460000000000150e+01 1.000000000000000000e+00 1.549999999999999946e-03 0.000000000000000000e+00
-2.676460000000000150e+01 1.000000000000000000e+00 1.420000000000000038e-03 0.000000000000000000e+00
-2.676460000000000150e+01 1.000000000000000000e+00 1.500000000000000031e-03 0.000000000000000000e+00
-2.676460000000000150e+01 1.000000000000000000e+00 1.270000000000000078e-03 0.000000000000000000e+00
-2.676460000000000150e+01 1.000000000000000000e+00 1.430000000000000064e-03 0.000000000000000000e+00
-2.676460000000000150e+01 1.000000000000000000e+00 1.299999999999999940e-03 0.000000000000000000e+00
-2.676460000000000150e+01 1.000000000000000000e+00 1.449999999999999900e-03 0.000000000000000000e+00
-2.676460000000000150e+01 1.000000000000000000e+00 1.219999999999999947e-03 0.000000000000000000e+00
-2.676460000000000150e+01 1.000000000000000000e+00 1.330000000000000019e-03 0.000000000000000000e+00
-2.676460000000000150e+01 1.000000000000000000e+00 1.440000000000000091e-03 0.000000000000000000e+00
-2.676460000000000150e+01 1.000000000000000000e+00 1.510000000000000057e-03 0.000000000000000000e+00
-2.676460000000000150e+01 1.000000000000000000e+00 1.500000000000000031e-03 0.000000000000000000e+00
-2.676460000000000150e+01 1.000000000000000000e+00 1.459999999999999926e-03 0.000000000000000000e+00
-2.676460000000000150e+01 1.000000000000000000e+00 1.529999999999999893e-03 0.000000000000000000e+00
-2.676460000000000150e+01 1.000000000000000000e+00 1.199999999999999895e-03 0.000000000000000000e+00
-2.676460000000000150e+01 1.000000000000000000e+00 1.520000000000000084e-03 0.000000000000000000e+00
-2.676460000000000150e+01 1.000000000000000000e+00 1.430000000000000064e-03 0.000000000000000000e+00
-2.676460000000000150e+01 1.000000000000000000e+00 1.459999999999999926e-03 0.000000000000000000e+00
-2.676460000000000150e+01 1.000000000000000000e+00 1.399999999999999986e-03 0.000000000000000000e+00
-2.676460000000000150e+01 1.000000000000000000e+00 1.459999999999999926e-03 0.000000000000000000e+00
-2.676460000000000150e+01 1.000000000000000000e+00 1.469999999999999953e-03 0.000000000000000000e+00
-2.676460000000000150e+01 1.000000000000000000e+00 1.420000000000000038e-03 0.000000000000000000e+00
-2.676460000000000150e+01 1.000000000000000000e+00 1.360000000000000098e-03 0.000000000000000000e+00
-2.676460000000000150e+01 1.000000000000000000e+00 1.479999999999999979e-03 0.000000000000000000e+00
-2.676460000000000150e+01 1.000000000000000000e+00 1.449999999999999900e-03 0.000000000000000000e+00
-2.676460000000000150e+01 1.000000000000000000e+00 1.619999999999999912e-03 0.000000000000000000e+00
-2.676460000000000150e+01 1.000000000000000000e+00 1.529999999999999893e-03 0.000000000000000000e+00
-2.676460000000000150e+01 1.000000000000000000e+00 1.449999999999999900e-03 0.000000000000000000e+00
-2.676460000000000150e+01 1.000000000000000000e+00 1.430000000000000064e-03 0.000000000000000000e+00
-2.676460000000000150e+01 1.000000000000000000e+00 1.500000000000000031e-03 0.000000000000000000e+00
-2.676460000000000150e+01 1.000000000000000000e+00 1.379999999999999933e-03 0.000000000000000000e+00
-2.676460000000000150e+01 1.000000000000000000e+00 1.399999999999999986e-03 0.000000000000000000e+00
-2.676460000000000150e+01 1.000000000000000000e+00 1.430000000000000064e-03 0.000000000000000000e+00
-2.676460000000000150e+01 1.000000000000000000e+00 1.440000000000000091e-03 0.000000000000000000e+00
-2.676460000000000150e+01 1.000000000000000000e+00 1.580000000000000024e-03 0.000000000000000000e+00
-2.676460000000000150e+01 1.000000000000000000e+00 1.510000000000000057e-03 0.000000000000000000e+00
-2.676460000000000150e+01 1.000000000000000000e+00 1.420000000000000038e-03 0.000000000000000000e+00
-2.676460000000000150e+01 1.000000000000000000e+00 1.389999999999999960e-03 0.000000000000000000e+00
-2.676460000000000150e+01 1.000000000000000000e+00 1.299999999999999940e-03 0.000000000000000000e+00
-2.676460000000000150e+01 1.000000000000000000e+00 1.469999999999999953e-03 0.000000000000000000e+00
-2.676460000000000150e+01 1.000000000000000000e+00 1.369999999999999907e-03 0.000000000000000000e+00
-2.676460000000000150e+01 1.000000000000000000e+00 1.350000000000000071e-03 0.000000000000000000e+00
-2.676460000000000150e+01 1.000000000000000000e+00 1.389999999999999960e-03 0.000000000000000000e+00
-2.676460000000000150e+01 1.000000000000000000e+00 1.629999999999999939e-03 0.000000000000000000e+00
-2.676460000000000150e+01 1.000000000000000000e+00 1.299999999999999940e-03 0.000000000000000000e+00
-2.676460000000000150e+01 1.000000000000000000e+00 1.399999999999999986e-03 0.000000000000000000e+00
-2.676460000000000150e+01 1.000000000000000000e+00 1.449999999999999900e-03 0.000000000000000000e+00
-2.676460000000000150e+01 1.000000000000000000e+00 1.549999999999999946e-03 0.000000000000000000e+00
-2.676460000000000150e+01 1.000000000000000000e+00 1.440000000000000091e-03 0.000000000000000000e+00
-2.676460000000000150e+01 1.000000000000000000e+00 1.379999999999999933e-03 0.000000000000000000e+00
-2.676460000000000150e+01 1.000000000000000000e+00 1.250000000000000026e-03 0.000000000000000000e+00
-2.676460000000000150e+01 1.000000000000000000e+00 1.680000000000000070e-03 0.000000000000000000e+00
-2.676460000000000150e+01 1.000000000000000000e+00 1.420000000000000038e-03 0.000000000000000000e+00
-2.676460000000000150e+01 1.000000000000000000e+00 1.459999999999999926e-03 0.000000000000000000e+00
-2.676460000000000150e+01 1.000000000000000000e+00 1.430000000000000064e-03 0.000000000000000000e+00
-2.676460000000000150e+01 1.000000000000000000e+00 1.469999999999999953e-03 0.000000000000000000e+00
-2.676460000000000150e+01 1.000000000000000000e+00 1.340000000000000045e-03 0.000000000000000000e+00
-2.676460000000000150e+01 1.000000000000000000e+00 1.440000000000000091e-03 0.000000000000000000e+00
-2.676460000000000150e+01 1.000000000000000000e+00 1.410000000000000012e-03 0.000000000000000000e+00
-2.676460000000000150e+01 1.000000000000000000e+00 1.479999999999999979e-03 0.000000000000000000e+00
-2.676460000000000150e+01 1.000000000000000000e+00 1.549999999999999946e-03 0.000000000000000000e+00
-2.676460000000000150e+01 1.000000000000000000e+00 1.289999999999999914e-03 0.000000000000000000e+00
-2.676460000000000150e+01 1.000000000000000000e+00 1.369999999999999907e-03 0.000000000000000000e+00
-2.676460000000000150e+01 1.000000000000000000e+00 1.440000000000000091e-03 0.000000000000000000e+00
-2.676460000000000150e+01 1.000000000000000000e+00 1.420000000000000038e-03 0.000000000000000000e+00
-2.676460000000000150e+01 1.000000000000000000e+00 1.399999999999999986e-03 0.000000000000000000e+00
-2.676460000000000150e+01 1.000000000000000000e+00 1.449999999999999900e-03 0.000000000000000000e+00
-2.676460000000000150e+01 1.000000000000000000e+00 1.469999999999999953e-03 0.000000000000000000e+00
-2.676460000000000150e+01 1.000000000000000000e+00 1.399999999999999986e-03 0.000000000000000000e+00
-2.676460000000000150e+01 1.000000000000000000e+00 1.420000000000000038e-03 0.000000000000000000e+00
-2.676460000000000150e+01 1.000000000000000000e+00 1.350000000000000071e-03 0.000000000000000000e+00
-2.676460000000000150e+01 1.000000000000000000e+00 1.289999999999999914e-03 0.000000000000000000e+00
-2.676460000000000150e+01 1.000000000000000000e+00 1.420000000000000038e-03 0.000000000000000000e+00
-2.676460000000000150e+01 1.000000000000000000e+00 1.539999999999999919e-03 0.000000000000000000e+00
-2.676460000000000150e+01 1.000000000000000000e+00 1.420000000000000038e-03 0.000000000000000000e+00
-2.676460000000000150e+01 1.000000000000000000e+00 1.309999999999999967e-03 0.000000000000000000e+00
-2.676460000000000150e+01 1.000000000000000000e+00 1.229999999999999974e-03 0.000000000000000000e+00
-2.676460000000000150e+01 1.000000000000000000e+00 1.289999999999999914e-03 0.000000000000000000e+00
