-1.059399203218840624e+00
1.579894480846315119e+00
-4.035917786427352105e-01
-7.024912871516476587e-01
3.250912205834146085e-01
-8.462129025471638866e-02
-6.532912515508613183e-01
-1.486871552877028213e-01
-9.831097858827856362e-01
-4.730941606389245657e-01
2.592461559552335371e-01
3.025406231734862894e-01
2.627839311476700135e-01
3.010173680721419109e-01
-8.435667543422223358e-02
1.077473475543277714e-01
6.855446635161823732e-01
7.189060361960056822e-01
7.429699395545250051e-02
1.909084046851484417e-01
4.710435661165114640e-02
1.371613671130646021e-02
-1.655460580334328635e-01
-8.801377643757094527e-01
-1.913190615559954566e-01
5.806048442630784567e-02
-6.318442663762041667e-01
2.957506089921702053e-01
-2.488880978783109543e-01
-2.115278319318341371e-01
1.896710703757786831e-01
6.412043408135742473e-01
5.504887007440839586e-01
2.156847254769670152e-01
-1.036989142296762534e+00
-9.579698241429022154e-01
-6.417786563756923135e-01
6.692470411077902082e-01
2.116495555301537435e-01
1.034237496615099117e+00
1.313561241851557870e+00
1.093056952055031728e+00
-1.109086877814447342e-01
4.634922916611879384e-01
-5.065176145484816955e-02
6.383718401443341239e-01
3.961419801208161950e-01
-1.557172576765368799e-01
9.166930305961414893e-01
1.860989464069003008e+00
1.801811757235531442e+00
1.286749332799797418e+00
1.145258590507445051e+00
1.305061705099834546e+00
-9.277191347132970334e-01
-5.827674391779298357e-01
1.671115803433482760e-01
1.001211532514978186e+00
-4.195338114884953895e-01
6.022882292701547957e-01
-2.835025044289351537e-01
-1.262713010197899777e-01
-7.335559540943398238e-01
3.394916671875150005e-01
6.530262777452255918e-02
3.677691386640086213e-01
4.893487570802811382e-01
1.763631770416270284e+00
3.652850133124248555e-01
2.183104763925632422e-02
-2.630321594718776912e-01
-3.048946202697171426e-01
1.417253497419104502e-01
-5.426930326407519711e-01
6.422981957684309462e-01
-1.951868408397468835e-01
-2.630036608503445450e-01
-1.126251013881220064e+00
-3.711718958160596937e-01
1.463494033517178661e-01
-5.868602470102353141e-01
5.031513817076367634e-02
-4.287907193171601183e-01
-5.634053857104783791e-01
5.662419729555876607e-02
9.144143421799527660e-01
-6.872760579929089175e-01
1.501212169634498217e-01
1.970439911611298611e-01
-2.747148464542422119e-01
-1.395883499036296681e-02
-4.642421696998003111e-02
5.185821142827156116e-01
-2.606056967982521844e-01
2.376494285550327379e-01
2.714628739152772363e-01
-2.576803771602186877e-01
-1.860932609266509052e-01
1.456542050184312653e-01
5.493724173779831466e-01
8.685808576513849577e-02
-1.161658042753267672e+00
-1.035697001124133765e+00
6.000154233423345973e-01
-5.007645420462251140e-01
-6.757717271390144553e-01
-5.681822489394791065e-01
4.960453971366250991e-01
-1.095966457062080499e-02
5.110042094477422747e-01
7.826203904485071194e-02
2.429009660208903687e-01
-5.871608899043213592e-01
9.936072867758770355e-02
-7.571887542134830840e-01
5.214403505318533361e-01
1.006003461738670834e+00
-7.535972472410479295e-01
1.947528087610987946e-01
4.973445160364303175e-01
