-8.337081000000006270e+01 6.361260703096749403e-01 0.000000000000000000e+00 2.988646672734072585e+00
-8.227785599999999988e+01 6.277867422756869820e-01 0.000000000000000000e+00 2.481634993318849958e+00
-8.261628199999999822e+01 6.303689602182812601e-01 0.000000000000000000e+00 2.444918185092078033e+00
-8.250665000000005023e+01 6.295324591294690908e-01 0.000000000000000000e+00 2.774700461311093935e+00
-8.231464600000003884e+01 6.280674529719932897e-01 0.000000000000000000e+00 3.304480065504582509e+00
-8.157059800000004657e+01 6.223903061341279352e-01 0.000000000000000000e+00 2.359343669648639175e+00
-8.114161000000004265e+01 6.191170927558483639e-01 0.000000000000000000e+00 2.713729580533518426e+00
-8.168396800000006408e+01 6.232553284673765237e-01 0.000000000000000000e+00 2.505479852622038539e+00
-8.195214800000002242e+01 6.253015637088911172e-01 0.000000000000000000e+00 2.119620212526172054e+00
-8.334263800000002220e+01 6.359111156552486044e-01 0.000000000000000000e+00 3.159393030787061907e+00
-8.185663000000005241e+01 6.245727535895722049e-01 0.000000000000000000e+00 2.518804161409804898e+00
-8.254092800000006491e+01 6.297940030611891560e-01 0.000000000000000000e+00 2.538351489303340536e+00
-8.329375400000000695e+01 6.355381267539649270e-01 0.000000000000000000e+00 2.788338659178018375e+00
-8.280771400000004689e+01 6.318296019691717058e-01 0.000000000000000000e+00 3.381127485280792211e+00
-8.208598400000002471e+01 6.263227432889619806e-01 0.000000000000000000e+00 2.851683083767630134e+00
-8.281475800000001186e+01 6.318833482628594123e-01 0.000000000000000000e+00 3.001973970545771753e+00
-8.364065400000008310e+01 6.381850020067120210e-01 0.000000000000000000e+00 2.609296332847248490e+00
-8.356251600000008750e+01 6.375888027028806526e-01 0.000000000000000000e+00 3.038664803698552408e+00
-8.187460200000006694e+01 6.247098814132746591e-01 0.000000000000000000e+00 2.516922633660864328e+00
-8.343709200000003534e+01 6.366318073679120282e-01 0.000000000000000000e+00 2.985147212033455677e+00
-8.265902200000000732e+01 6.306950698991761195e-01 0.000000000000000000e+00 2.723037802279363540e+00
-8.357764000000004501e+01 6.377042000546316869e-01 0.000000000000000000e+00 2.978127997602018073e+00
-8.188264200000001836e+01 6.247712272680799872e-01 0.000000000000000000e+00 2.822636154384117635e+00
-8.135275600000005625e+01 6.207281539323155073e-01 0.000000000000000000e+00 2.788227536992712086e+00
-8.363804400000005046e+01 6.381650874941442453e-01 0.000000000000000000e+00 3.217511257758395971e+00
-8.293191000000005886e+01 6.327772275641274646e-01 0.000000000000000000e+00 3.031934017082065669e+00
-8.251481600000003880e+01 6.295947663745364853e-01 0.000000000000000000e+00 2.729791452526523443e+00
-8.319136200000001224e+01 6.347568674548033085e-01 0.000000000000000000e+00 3.289165808547384273e+00
-8.367675200000002178e+01 6.384604326866586410e-01 0.000000000000000000e+00 2.607151972667074435e+00
-8.315825200000003292e+01 6.345042354582094424e-01 0.000000000000000000e+00 2.624234328447445641e+00
-8.334333400000005554e+01 6.359164261919335592e-01 0.000000000000000000e+00 2.927310051880809283e+00
-8.397520600000007107e+01 6.407376610137941464e-01 0.000000000000000000e+00 2.608053171431544914e+00
-8.335099800000006098e+01 6.359749031361164873e-01 0.000000000000000000e+00 2.842652150809347411e+00
-8.303286800000005030e+01 6.335475453264991508e-01 0.000000000000000000e+00 2.746175856739215604e+00
-8.331622000000007233e+01 6.357095441636748667e-01 0.000000000000000000e+00 2.749027907600735343e+00
-8.391379200000005767e+01 6.402690671920235888e-01 0.000000000000000000e+00 2.905747191506077076e+00
-8.398804200000002140e+01 6.408356007392024267e-01 0.000000000000000000e+00 2.644862101737647464e+00
-8.345477600000005225e+01 6.367667377281588381e-01 0.000000000000000000e+00 2.180355685797594312e+00
-8.478478000000004045e+01 6.469147765683253004e-01 0.000000000000000000e+00 3.328183189584723145e+00
-8.555286800000004632e+01 6.527753505640921938e-01 0.000000000000000000e+00 2.737365181178293305e+00
-8.487168200000002116e+01 6.475778459059272629e-01 0.000000000000000000e+00 2.691636751588336374e+00
-8.528553400000004103e+01 6.507355703714784445e-01 0.000000000000000000e+00 2.923028737257354237e+00
-8.312326000000001613e+01 6.342372436483387776e-01 0.000000000000000000e+00 2.534795139890425375e+00
-8.487830400000005682e+01 6.476283723052463914e-01 0.000000000000000000e+00 2.433777297395382622e+00
-8.467085800000005236e+01 6.460455424301202454e-01 0.000000000000000000e+00 3.150768306660866269e+00
-8.462714800000006221e+01 6.457120315702253865e-01 0.000000000000000000e+00 2.716699124940137100e+00
-8.305040800000001866e+01 6.336813769550176945e-01 0.000000000000000000e+00 2.817570856616842256e+00
-8.462362400000003504e+01 6.456851431632183447e-01 0.000000000000000000e+00 2.743039218414788039e+00
-8.575568200000003571e+01 6.543228379019719876e-01 0.000000000000000000e+00 3.087695630063810537e+00
-8.506550800000003676e+01 6.490567540717931960e-01 0.000000000000000000e+00 2.832535744340335171e+00
-8.519615200000006894e+01 6.500535784318967059e-01 0.000000000000000000e+00 2.462134928421578994e+00
-8.546916600000002973e+01 6.521366974871091182e-01 0.000000000000000000e+00 2.939332073520833699e+00
-8.503541000000005567e+01 6.488271038805072388e-01 0.000000000000000000e+00 2.974421007252309845e+00
-8.557511400000005608e+01 6.529450893558841340e-01 0.000000000000000000e+00 2.873226759502144567e+00
-8.617489200000004246e+01 6.575214443438972545e-01 0.000000000000000000e+00 2.157110263483126289e+00
-8.525932200000004002e+01 6.505355706766816626e-01 0.000000000000000000e+00 2.783982082534790514e+00
-8.621476200000007850e+01 6.578256556910494490e-01 0.000000000000000000e+00 2.269820949231836860e+00
-8.700123200000003010e+01 6.638264858439101301e-01 0.000000000000000000e+00 2.707654948955279473e+00
-8.633200200000004543e+01 6.587202064394838130e-01 0.000000000000000000e+00 2.712960354306042099e+00
-8.591106400000002452e+01 6.555084152168241252e-01 0.000000000000000000e+00 2.630540867513866843e+00
-8.515310600000003660e+01 6.497251339460800024e-01 0.000000000000000000e+00 2.343806623087383301e+00
-8.605142600000003483e+01 6.565793887083952729e-01 0.000000000000000000e+00 2.214865379524945777e+00
-8.587780400000006864e+01 6.552546387080140367e-01 0.000000000000000000e+00 3.150303107812794323e+00
-8.527495600000007414e+01 6.506548593699694738e-01 0.000000000000000000e+00 3.264030485916750379e+00
-8.634722200000007319e+01 6.588363362790539135e-01 0.000000000000000000e+00 2.559493112521786351e+00
-8.763470399999999927e+01 6.686599287960799387e-01 0.000000000000000000e+00 3.131399836389050950e+00
-8.550622000000001321e+01 6.524194225249161372e-01 0.000000000000000000e+00 2.763185436477912926e+00
-8.665920800000006352e+01 6.612168148682823210e-01 0.000000000000000000e+00 2.402137711074378235e+00
-8.663564200000006110e+01 6.610370043689850483e-01 0.000000000000000000e+00 2.446346628114022703e+00
-8.740978200000000697e+01 6.669437556176475157e-01 0.000000000000000000e+00 2.614513513060461314e+00
-8.711136000000003321e+01 6.646667714531186988e-01 0.000000000000000000e+00 2.831767166426025994e+00
-8.741647400000003643e+01 6.669948161226675332e-01 0.000000000000000000e+00 2.749051590897883202e+00
-8.770947000000002447e+01 6.692303994652840649e-01 0.000000000000000000e+00 3.091496937316021043e+00
-8.713703600000006588e+01 6.648626814242619698e-01 0.000000000000000000e+00 2.686232692129753907e+00
-8.834195200000009152e+01 6.740562886368255402e-01 0.000000000000000000e+00 2.417817481831601611e+00
-8.782927000000000817e+01 6.701444832222139825e-01 0.000000000000000000e+00 2.823528046861610630e+00
-8.768542200000004527e+01 6.690469112667312146e-01 0.000000000000000000e+00 2.874835684565030025e+00
-8.835243000000005509e+01 6.741362366301901776e-01 0.000000000000000000e+00 2.426508336222559681e+00
-8.883943400000011081e+01 6.778521168134956643e-01 0.000000000000000000e+00 2.363105539486443085e+00
-8.762649000000006083e+01 6.685972553071035662e-01 0.000000000000000000e+00 2.681797421431372008e+00
-8.877147000000005050e+01 6.773335459582698892e-01 0.000000000000000000e+00 2.777786638602029345e+00
-8.839561400000005165e+01 6.744657340672457480e-01 0.000000000000000000e+00 2.569079814552166052e+00
-8.846507000000003984e+01 6.749956890039846558e-01 0.000000000000000000e+00 2.450562986294778867e+00
-8.942711400000008837e+01 6.823361630762052599e-01 0.000000000000000000e+00 2.891070608902627015e+00
-8.862552600000003622e+01 6.762199813520811675e-01 0.000000000000000000e+00 3.105793276326800800e+00
-8.875957600000005243e+01 6.772427937695810751e-01 0.000000000000000000e+00 2.808026552621299299e+00
-8.795772600000000807e+01 6.711246129641188496e-01 0.000000000000000000e+00 2.657128579691645509e+00
-8.829366800000005355e+01 6.736878777844078625e-01 0.000000000000000000e+00 3.161309703938888660e+00
-8.864381400000004874e+01 6.763595202815197993e-01 0.000000000000000000e+00 2.783796505429303902e+00
-8.833584400000006553e+01 6.740096840993685667e-01 0.000000000000000000e+00 2.385995764274395192e+00
-8.656376000000007309e+01 6.604885388546642977e-01 0.000000000000000000e+00 2.314030273498311363e+00
-8.703933000000004938e+01 6.641171766867443038e-01 0.000000000000000000e+00 2.141261136632458317e+00
-8.830041200000003698e+01 6.737393350536625691e-01 0.000000000000000000e+00 2.190282451195771696e+00
-8.842791400000004387e+01 6.747121856978703924e-01 0.000000000000000000e+00 2.970846721905145316e+00
-8.865115000000007228e+01 6.764154945589894163e-01 0.000000000000000000e+00 2.029519734475687454e+00
-8.903610200000005648e+01 6.793527096708233959e-01 0.000000000000000000e+00 2.388776230793508315e+00
-8.740933000000005393e+01 6.669403068208353824e-01 0.000000000000000000e+00 2.682946563562027098e+00
-8.736656000000007793e+01 6.666139682374975228e-01 0.000000000000000000e+00 2.110631164731383347e+00
-8.812942000000005294e+01 6.724346521674775534e-01 0.000000000000000000e+00 3.110337884857493851e+00
-8.900405400000003908e+01 6.791081808207223292e-01 0.000000000000000000e+00 2.997547876077674811e+00
-8.687377200000003086e+01 6.628539556631228846e-01 0.000000000000000000e+00 3.261826358212109422e+00
-8.898014000000003421e+01 6.789257150530827456e-01 0.000000000000000000e+00 2.441122669609376405e+00
-8.826888800000004665e+01 6.734988043662381019e-01 0.000000000000000000e+00 2.639522305315601169e+00
-8.890958399999998107e+01 6.783873670267555056e-01 0.000000000000000000e+00 3.076426448572887384e+00
-8.921049200000005897e+01 6.806833195737534981e-01 0.000000000000000000e+00 2.499934053177880422e+00
-8.746444799999999020e+01 6.673608616498371005e-01 0.000000000000000000e+00 2.378084860583694393e+00
-8.831304800000006594e+01 6.738357487627827380e-01 0.000000000000000000e+00 2.728240545412430773e+00
-8.777377600000005486e+01 6.697210594825893093e-01 0.000000000000000000e+00 2.480625977739971066e+00
-8.798107200000006856e+01 6.713027448454990109e-01 0.000000000000000000e+00 2.891341741523957065e+00
-8.924531199999999842e+01 6.809489990096153633e-01 0.000000000000000000e+00 2.423482103443953761e+00
-8.866148400000005836e+01 6.764943438206263426e-01 0.000000000000000000e+00 2.793582454961855088e+00
-8.752533400000007191e+01 6.678254267886060136e-01 0.000000000000000000e+00 2.579177832519815805e+00
-8.904193400000002612e+01 6.793972083058016365e-01 0.000000000000000000e+00 2.467144328698729350e+00
-8.867885200000003465e+01 6.766268630751366420e-01 0.000000000000000000e+00 2.574460840072474443e+00
-8.854300000000006321e+01 6.755903012508759353e-01 0.000000000000000000e+00 2.290535659110454425e+00
-8.862315200000007565e+01 6.762018675387346800e-01 0.000000000000000000e+00 2.311352316416088737e+00
-8.852195000000006075e+01 6.754296880364905054e-01 0.000000000000000000e+00 2.476199722754546251e+00
-8.885352000000003159e+01 6.779595941407080550e-01 0.000000000000000000e+00 2.834466033550858022e+00
-8.874012000000006140e+01 6.770943429050165774e-01 0.000000000000000000e+00 2.644888361891421624e+00
-8.914479000000004305e+01 6.801820079627532989e-01 0.000000000000000000e+00 2.699563841969419009e+00
-8.703776600000004748e+01 6.641052432393667049e-01 0.000000000000000000e+00 2.138012040115960133e+00
-8.759643800000004887e+01 6.683679560995637869e-01 0.000000000000000000e+00 3.598464601498585935e+00
-8.998664600000003588e+01 6.866054378064433417e-01 0.000000000000000000e+00 3.090920114304823496e+00
-8.836715800000007448e+01 6.742486124696900340e-01 0.000000000000000000e+00 2.261983279648658751e+00
-8.760339400000005128e+01 6.684210309460846267e-01 0.000000000000000000e+00 2.312698396745038742e+00
-8.886559800000001985e+01 6.780517502643824690e-01 0.000000000000000000e+00 2.274492777021556833e+00
-8.840601000000008014e+01 6.745450563939324740e-01 0.000000000000000000e+00 2.490206990930023956e+00
-8.878180600000001732e+01 6.774124104800695045e-01 0.000000000000000000e+00 2.453093430374280626e+00
-8.658205600000002278e+01 6.606281388247539077e-01 0.000000000000000000e+00 2.348319813210106854e+00
-9.007256600000009428e+01 6.872610144040683933e-01 0.000000000000000000e+00 2.631676325935408123e+00
-8.899454000000007170e+01 6.790355882258691800e-01 0.000000000000000000e+00 2.442037650170136853e+00
-9.054269000000003587e+01 6.908480988126070033e-01 0.000000000000000000e+00 2.867737377826256928e+00
-9.051668200000007403e+01 6.906496556544249321e-01 0.000000000000000000e+00 2.818992637052025518e+00
-9.047928400000004956e+01 6.903643058686012024e-01 0.000000000000000000e+00 2.888412709840419534e+00
-9.035936600000006536e+01 6.894493217620609737e-01 0.000000000000000000e+00 2.398824579176352945e+00
-8.885996200000005274e+01 6.780087471253671838e-01 0.000000000000000000e+00 2.790543073997307388e+00
-8.925189000000007411e+01 6.809991896853512250e-01 0.000000000000000000e+00 2.574135052907298160e+00
-8.857289000000004364e+01 6.758183643852216926e-01 0.000000000000000000e+00 3.299385455036905945e+00
-9.010549800000003984e+01 6.875122882461649487e-01 0.000000000000000000e+00 2.334108044290196471e+00
-9.000593800000004308e+01 6.867526373376512394e-01 0.000000000000000000e+00 3.026747433670057497e+00
-8.768408200000003205e+01 6.690366869575967712e-01 0.000000000000000000e+00 2.917506540076629129e+00
-9.001071400000004985e+01 6.867890786066254138e-01 0.000000000000000000e+00 2.664579689447883482e+00
-8.879274599999999396e+01 6.774958835710611638e-01 0.000000000000000000e+00 2.535930893468606229e+00
-8.917907600000002333e+01 6.804436129351245643e-01 0.000000000000000000e+00 2.527320938521039562e+00
-8.916826600000005953e+01 6.803611317547207937e-01 0.000000000000000000e+00 2.444897404892173665e+00
-9.012532800000006716e+01 6.876635927611896015e-01 0.000000000000000000e+00 1.970313253158419542e+00
-9.054886200000002816e+01 6.908951916752761324e-01 0.000000000000000000e+00 2.684712728336670740e+00
-9.039677000000007467e+01 6.897347173283733257e-01 0.000000000000000000e+00 2.372979405577074097e+00
-9.033698400000007211e+01 6.892785452791928558e-01 0.000000000000000000e+00 2.689906247426372410e+00
-9.010448600000002273e+01 6.875045666037440384e-01 0.000000000000000000e+00 2.256117523311659934e+00
-8.926065800000009176e+01 6.810660902394478633e-01 0.000000000000000000e+00 2.946659064613120105e+00
-8.988331800000001692e+01 6.858170367510503240e-01 0.000000000000000000e+00 2.818773242745177043e+00
-8.996149400000008711e+01 6.864135259979771142e-01 0.000000000000000000e+00 2.999934807568426010e+00
-9.047640000000006921e+01 6.903423007137182710e-01 0.000000000000000000e+00 3.058273964249121235e+00
-8.961993400000007171e+01 6.838073953801387939e-01 0.000000000000000000e+00 3.096061346853254292e+00
-8.881629800000004593e+01 6.776755872492186139e-01 0.000000000000000000e+00 2.553821614914408844e+00
-8.873004000000008773e+01 6.770174316840664730e-01 0.000000000000000000e+00 3.289997939024867701e+00
-8.990652000000005728e+01 6.859940699007025522e-01 0.000000000000000000e+00 2.508088802577804088e+00
-9.048737800000007780e+01 6.904260637478050189e-01 0.000000000000000000e+00 3.182635015380693932e+00
-8.953343800000004649e+01 6.831474238556025647e-01 0.000000000000000000e+00 3.045363986298923020e+00
-8.927359400000007383e+01 6.811647929730006990e-01 0.000000000000000000e+00 2.593974381228288717e+00
-8.926728200000003710e+01 6.811166318989291257e-01 0.000000000000000000e+00 2.201637742859582580e+00
-9.002690600000006782e+01 6.869126248853585359e-01 0.000000000000000000e+00 2.553932430302237933e+00
-8.921034000000005904e+01 6.806821598013741426e-01 0.000000000000000000e+00 2.542504294842573564e+00
-8.882588400000005890e+01 6.777487292099360072e-01 0.000000000000000000e+00 2.950810928867390270e+00
-8.948005000000006248e+01 6.827400690674976236e-01 0.000000000000000000e+00 2.231390406305792773e+00
-8.939410200000004636e+01 6.820842788275924828e-01 0.000000000000000000e+00 3.183458849944331703e+00
-8.977634800000001292e+01 6.850008469390402865e-01 0.000000000000000000e+00 2.699818445466437122e+00
-9.009039400000010289e+01 6.873970434960430254e-01 0.000000000000000000e+00 3.563603060058822880e+00
-8.963474600000003534e+01 6.839204121464794728e-01 0.000000000000000000e+00 2.433147173593835699e+00
-8.947408800000008000e+01 6.826945785219317164e-01 0.000000000000000000e+00 2.627560381310066973e+00
-8.854841600000008839e+01 6.756316257719741092e-01 0.000000000000000000e+00 2.275631128561210748e+00
-8.911215600000008408e+01 6.799330078849267212e-01 0.000000000000000000e+00 2.812804087886734639e+00
-8.874940800000005936e+01 6.771652111014636599e-01 0.000000000000000000e+00 2.752750239808115396e+00
-8.951718400000002873e+01 6.830234045118199759e-01 0.000000000000000000e+00 2.584955384517000798e+00
-8.881714600000005078e+01 6.776820575582827022e-01 0.000000000000000000e+00 2.406314001501512756e+00
-8.930197000000006824e+01 6.813813041640410795e-01 0.000000000000000000e+00 2.887412122008777171e+00
-8.845776200000004508e+01 6.749399283687956830e-01 0.000000000000000000e+00 2.453612795133006674e+00
-8.982955600000001084e+01 6.854068283124854499e-01 0.000000000000000000e+00 2.657294490217712468e+00
-9.067782400000000109e+01 6.918791822383911772e-01 0.000000000000000000e+00 2.292144097798990643e+00
-8.974580400000002101e+01 6.847677937314303742e-01 0.000000000000000000e+00 2.972238007786949243e+00
-9.024898600000001636e+01 6.886071133723281612e-01 0.000000000000000000e+00 2.542889350541023497e+00
-9.066846000000006711e+01 6.918077341557548054e-01 0.000000000000000000e+00 2.989898223125072363e+00
-9.050053800000003434e+01 6.905264756196010101e-01 0.000000000000000000e+00 2.688345390071594121e+00
-9.075845400000008567e+01 6.924943957051803434e-01 0.000000000000000000e+00 3.123561342843948818e+00
-8.999213600000001634e+01 6.866473269535680046e-01 0.000000000000000000e+00 2.346492634366311503e+00
-8.998234000000002197e+01 6.865725826757476113e-01 0.000000000000000000e+00 3.243662531177005537e+00
-9.011228799999999239e+01 6.875640964991659443e-01 0.000000000000000000e+00 2.383880232114580888e+00
-9.019438800000006040e+01 6.881905261856768874e-01 0.000000000000000000e+00 2.493758441287148298e+00
-8.987828400000002205e+01 6.857786269210638386e-01 0.000000000000000000e+00 2.584640375379994914e+00
-8.977920600000003049e+01 6.850226537118059289e-01 0.000000000000000000e+00 2.681243164171833282e+00
-9.101265800000007289e+01 6.944339929284409907e-01 0.000000000000000000e+00 3.025903976564672693e+00
-8.984937200000008772e+01 6.855580260063701692e-01 0.000000000000000000e+00 2.628123345201271110e+00
-9.035886000000004969e+01 6.894454609408504631e-01 0.000000000000000000e+00 2.719155916192680600e+00
-9.103600600000004306e+01 6.946121400699833970e-01 0.000000000000000000e+00 3.003214377821795456e+00
-8.913683600000003082e+01 6.801213182949517044e-01 0.000000000000000000e+00 2.606799450137343932e+00
-8.990842600000004836e+01 6.860086128359337287e-01 0.000000000000000000e+00 2.480838364104384741e+00
-9.110262800000009520e+01 6.951204713559119286e-01 0.000000000000000000e+00 2.504136160337753658e+00
-8.971404800000006219e+01 6.845254928651112181e-01 0.000000000000000000e+00 2.449546228539795312e+00
-9.056042200000004527e+01 6.909833954167630132e-01 0.000000000000000000e+00 3.079154236874243722e+00
-8.959270600000006368e+01 6.835996435225953904e-01 0.000000000000000000e+00 2.811735259525796948e+00
-9.098524000000004719e+01 6.942247913554232541e-01 0.000000000000000000e+00 3.221487910574832636e+00
-9.033052400000008220e+01 6.892292549530679713e-01 0.000000000000000000e+00 2.580376124142456096e+00
-9.052024000000005799e+01 6.906768034842007964e-01 0.000000000000000000e+00 2.894056267454368836e+00
-9.050521399999999517e+01 6.905621538804304071e-01 0.000000000000000000e+00 2.973991625083137968e+00
-9.030800400000003947e+01 6.890574255189602093e-01 0.000000000000000000e+00 2.816994349234695161e+00
-9.100742000000002463e+01 6.943940265618396834e-01 0.000000000000000000e+00 2.629472189691998807e+00
-8.969560600000006900e+01 6.843847789031305417e-01 0.000000000000000000e+00 2.993378016060508351e+00
-9.026467200000001867e+01 6.887267988298507726e-01 0.000000000000000000e+00 3.247441209149882102e+00
-9.002098600000003614e+01 6.868674548032127625e-01 0.000000000000000000e+00 2.195536865893850553e+00
-9.078024800000007133e+01 6.926606857001597062e-01 0.000000000000000000e+00 2.824521896451027470e+00
-8.991480800000002205e+01 6.860573080157058579e-01 0.000000000000000000e+00 2.515763022823505057e+00
-9.046176000000005502e+01 6.902305963213855033e-01 0.000000000000000000e+00 2.589498065945474714e+00
-9.103226400000005469e+01 6.945835883052219328e-01 0.000000000000000000e+00 3.064160876368384301e+00
-9.090552400000004241e+01 6.936165517830740201e-01 0.000000000000000000e+00 2.784435529438596735e+00
-9.151344200000005458e+01 6.982550156340372460e-01 0.000000000000000000e+00 2.909328516271739495e+00
-9.029072000000005005e+01 6.889255471912910656e-01 0.000000000000000000e+00 2.701413876719621410e+00
-8.977429000000006454e+01 6.849851442314299765e-01 0.000000000000000000e+00 2.808655607423435896e+00
-9.104394000000004894e+01 6.946726771361561026e-01 0.000000000000000000e+00 3.113406933981752278e+00
-9.072496400000002836e+01 6.922388642776374779e-01 0.000000000000000000e+00 2.692741588517043372e+00
-9.048387600000008035e+01 6.903993432025898880e-01 0.000000000000000000e+00 2.345040399950068633e+00
-9.063307400000006453e+01 6.915377360937955409e-01 0.000000000000000000e+00 2.924047562610445183e+00
-9.013537600000002215e+01 6.877402598195334615e-01 0.000000000000000000e+00 2.563035367838672585e+00
-9.018169800000003988e+01 6.880937004521588962e-01 0.000000000000000000e+00 2.347397307140765665e+00
-9.072069800000002715e+01 6.922063143501995253e-01 0.000000000000000000e+00 2.279805863344817940e+00
-9.145136200000007420e+01 6.977813401780256219e-01 0.000000000000000000e+00 2.903958558389641453e+00
-9.062368000000006418e+01 6.914660591087153918e-01 0.000000000000000000e+00 3.136168863728192591e+00
-8.967404000000000508e+01 6.842202285667197126e-01 0.000000000000000000e+00 2.372677438479724010e+00
-8.953994000000004405e+01 6.831970346451481380e-01 0.000000000000000000e+00 2.336219599907058520e+00
-9.070377000000003420e+01 6.920771523315242257e-01 0.000000000000000000e+00 2.488087020040282038e+00
-9.033020400000005168e+01 6.892268133270057495e-01 0.000000000000000000e+00 2.798406886030302854e+00
-9.001353800000011063e+01 6.868106259566222338e-01 0.000000000000000000e+00 2.084587390744874202e+00
-9.058184400000006065e+01 6.911468470214455762e-01 0.000000000000000000e+00 2.596461954599144306e+00
-8.989821800000002838e+01 6.859307249645584248e-01 0.000000000000000000e+00 2.840267895331087811e+00
-9.060623400000005745e+01 6.913329447078522261e-01 0.000000000000000000e+00 2.765959103542329434e+00
-9.078236200000006306e+01 6.926768156923310826e-01 0.000000000000000000e+00 2.819293450665548928e+00
-9.124726400000004389e+01 6.962240558155721182e-01 0.000000000000000000e+00 2.709120722074178200e+00
-9.120953800000008016e+01 6.959362033630352995e-01 0.000000000000000000e+00 2.966642520118960569e+00
-9.083878400000004660e+01 6.931073201475355106e-01 0.000000000000000000e+00 2.373893219400390997e+00
-9.018753800000007459e+01 6.881382601277891142e-01 0.000000000000000000e+00 2.664578596234517427e+00
-9.000197400000001835e+01 6.867223916948090867e-01 0.000000000000000000e+00 2.044554261892362224e+00
-9.065354200000005847e+01 6.916939086007808379e-01 0.000000000000000000e+00 3.142051828272651282e+00
-9.031339800000006335e+01 6.890985821782665832e-01 0.000000000000000000e+00 2.643736456019178949e+00
-9.032804400000004819e+01 6.892103323510878621e-01 0.000000000000000000e+00 2.797289258337813944e+00
-8.957801600000003361e+01 6.834875576261902896e-01 0.000000000000000000e+00 2.276126664860479210e+00
-9.036617400000007194e+01 6.895012673565282801e-01 0.000000000000000000e+00 2.660094981467444608e+00
-9.043079000000004442e+01 6.899942926990805248e-01 0.000000000000000000e+00 2.522951442439803849e+00
-8.911764800000004527e+01 6.799749122922140732e-01 0.000000000000000000e+00 3.061628069451370227e+00
-8.991297400000001971e+01 6.860433144463384814e-01 0.000000000000000000e+00 2.629090733115450718e+00
-9.148287200000004304e+01 6.980217640443097116e-01 0.000000000000000000e+00 2.951084711450617348e+00
-9.055366200000005961e+01 6.909318160662051289e-01 0.000000000000000000e+00 2.616653232576207078e+00
-9.031324200000008773e+01 6.890973918855616276e-01 0.000000000000000000e+00 2.654557797912979300e+00
-9.071796200000004262e+01 6.921854384473702382e-01 0.000000000000000000e+00 2.760221431857387220e+00
-9.053129600000005439e+01 6.907611616646399666e-01 0.000000000000000000e+00 2.901055082256604134e+00
-8.999294400000005112e+01 6.866534920593745372e-01 0.000000000000000000e+00 2.609005593929525357e+00
-9.073538800000005722e+01 6.923184002466046261e-01 0.000000000000000000e+00 2.405300602784095521e+00
-9.052108800000004862e+01 6.906832737932647737e-01 0.000000000000000000e+00 2.434324158642291014e+00
-9.053384200000004967e+01 6.907805878519950316e-01 0.000000000000000000e+00 2.743598698943495950e+00
-9.079276800000000947e+01 6.927562143198316980e-01 0.000000000000000000e+00 3.129422764176399419e+00
-9.088758200000006582e+01 6.934796528618151212e-01 0.000000000000000000e+00 2.699326331684491542e+00
-9.047645200000003740e+01 6.903426974779530712e-01 0.000000000000000000e+00 2.890655406807433270e+00
-8.992715600000005338e+01 6.861515242613702714e-01 0.000000000000000000e+00 2.332779635356789782e+00
-9.031434600000005730e+01 6.891058154954750048e-01 0.000000000000000000e+00 2.689555396077518257e+00
-9.094631200000004867e+01 6.939277675449910809e-01 0.000000000000000000e+00 2.418752981540928548e+00
-9.139093600000008166e+01 6.973202848767213746e-01 0.000000000000000000e+00 2.643414183467580614e+00
-9.005965400000002319e+01 6.871624947924694915e-01 0.000000000000000000e+00 2.903079963039602251e+00
-9.031159200000004716e+01 6.890848022511795179e-01 0.000000000000000000e+00 2.950091468113893445e+00
-9.038964200000003757e+01 6.896803301078437975e-01 0.000000000000000000e+00 3.233832833681725472e+00
-9.150109600000006083e+01 6.981608146485359656e-01 0.000000000000000000e+00 2.705729145511931222e+00
-9.002840000000004750e+01 6.869240242270349128e-01 0.000000000000000000e+00 3.080045945872702085e+00
-9.090123400000010179e+01 6.935838187336819116e-01 0.000000000000000000e+00 2.493658669757463642e+00
-9.089225200000001337e+01 6.935152853421557850e-01 0.000000000000000000e+00 2.830716072824233098e+00
-9.008793200000006607e+01 6.873782582355288939e-01 0.000000000000000000e+00 2.079601110395835839e+00
-9.049391000000002805e+01 6.904759034397934814e-01 0.000000000000000000e+00 2.303956302260802502e+00
-8.918823600000001761e+01 6.805135044811468914e-01 0.000000000000000000e+00 2.744988175924194085e+00
-9.032969200000006538e+01 6.892229067253068386e-01 0.000000000000000000e+00 2.811135179803218698e+00
-9.029718800000003398e+01 6.889748985580673724e-01 0.000000000000000000e+00 2.251279715771104861e+00
-9.103230200000005823e+01 6.945838782483167995e-01 0.000000000000000000e+00 2.929478862537936656e+00
-9.079868000000004713e+01 6.928013233613258270e-01 0.000000000000000000e+00 2.818214879506299564e+00
-9.195788600000008728e+01 7.016461595511076510e-01 0.000000000000000000e+00 2.811576803831335347e+00
-9.019377000000005751e+01 6.881858107953447989e-01 0.000000000000000000e+00 2.411507354479158760e+00
-9.143189200000006167e+01 6.976327824923207466e-01 0.000000000000000000e+00 2.859774758584029186e+00
-8.987912800000007962e+01 6.857850667098026598e-01 0.000000000000000000e+00 1.911142645257337458e+00
-9.083950600000000009e+01 6.931128290663374214e-01 0.000000000000000000e+00 2.803585536085077656e+00
-9.100419800000003079e+01 6.943694424394287745e-01 0.000000000000000000e+00 3.131528151499251678e+00
-9.023721000000007564e+01 6.885172615332501023e-01 0.000000000000000000e+00 2.690947233378663928e+00
-9.022575400000009438e+01 6.884298513202337100e-01 0.000000000000000000e+00 2.925212945625764949e+00
-9.002901200000003712e+01 6.869286938368782680e-01 0.000000000000000000e+00 2.637555705430405517e+00
-9.039413200000002746e+01 6.897145891735250167e-01 0.000000000000000000e+00 2.302405604197136579e+00
-9.078844200000006026e+01 6.927232065875075229e-01 0.000000000000000000e+00 2.609068775441893084e+00
-8.997665400000003899e+01 6.865291980326601040e-01 0.000000000000000000e+00 2.141499844436419497e+00
-9.091095600000006982e+01 6.936579983854752607e-01 0.000000000000000000e+00 2.751342450158548392e+00
-9.004725800000004199e+01 6.870679123028962110e-01 0.000000000000000000e+00 2.987115179566392165e+00
-9.052838400000004526e+01 6.907389428674765020e-01 0.000000000000000000e+00 2.677069576480441082e+00
-9.057700400000004493e+01 6.911099174272589130e-01 0.000000000000000000e+00 2.789094759624644482e+00
-9.099648600000004706e+01 6.943105992513367575e-01 0.000000000000000000e+00 3.133146556555010953e+00
-9.120019200000008652e+01 6.958648926218644615e-01 0.000000000000000000e+00 2.454686399426882826e+00
-9.095326000000008548e+01 6.939807813508607204e-01 0.000000000000000000e+00 2.566527315776371498e+00
-9.147942400000003715e+01 6.979954555234925140e-01 0.000000000000000000e+00 3.168309852370867041e+00
-9.156160200000005034e+01 6.986224803563556573e-01 0.000000000000000000e+00 3.011149716796834408e+00
