-1.716724105991528582e+00
-9.342052846006786426e-01
-6.652880054927662323e-01
-5.883945293559952328e-01
-2.207437873722544741e-01
1.503435832950698048e+00
1.004708022192264183e+00
-1.283033212915267951e+00
7.687264108655333938e-01
-5.146921754124760273e-01
-4.851079397689683770e-01
-1.287589390692080449e-01
-2.208138698565670355e-01
5.228084980191669562e-01
-3.860374861557775983e-01
3.879901101828723275e-01
8.328883533240186710e-01
-6.333811567121917785e-02
6.951473149091567938e-02
-7.472461308074398456e-01
-1.384747193799439058e-01
2.965986240937145690e-01
-3.277905468086057539e-01
9.991588324320292702e-02
1.091333896372718559e-03
-2.945056405011632905e-01
-4.274642976950377982e-01
-8.011130026387145442e-01
3.879204717928148027e-01
2.322320934964595962e-02
-2.905209173926999178e-01
-1.153861746205769867e-01
-4.361247989935306268e-01
-4.288400720107010122e-01
-1.811391675205332175e-01
4.489607698805892499e-01
-2.620598974972222495e-01
-3.449479850885872056e-01
-9.446051349925978224e-02
-4.388385393555377378e-01
-2.216555635631846100e-01
4.949022332055641460e-02
-1.089187469945918640e-01
3.393445110430913791e-01
-4.202234545419789580e-01
1.868100047067527136e-01
-4.486904637724938860e-01
2.988418634424901965e-01
-1.829033567557974693e-01
2.269740867965807096e-01
-3.760990871224032667e-03
3.273872144322532984e-02
-8.551730334454747673e-02
-4.876430995595902596e-02
4.848175099281594735e-01
-6.049436985444159864e-01
-1.636141598983636702e-01
1.239962857913930044e-01
-4.307536039738840139e-01
6.878655261568621115e-02
-9.915596381450773877e-02
-6.118355833243457331e-01
-5.596881779949839375e-01
-5.546160968289909343e-01
-3.173122039547163209e-01
-1.376029768181341595e-01
-5.895120939759944667e-01
-4.359914342621979411e-01
9.367587777275309113e-01
2.185717721167125260e-01
-3.626645234731293854e-01
-5.671813920320135649e-01
2.401826125719602398e-03
2.831684892339970672e-01
2.780633438531847634e-01
9.684702637232320277e-02
-2.375138865178436642e-01
3.556827450013167469e-01
-1.760528954518498224e-01
2.026051468989583937e-01
-3.367315753051070559e-01
-6.362091612735937263e-02
-2.579050211404607662e-01
2.548414195745373756e-01
-1.833185809263999932e-01
-4.027038984081789119e-02
-1.871362863918797637e-02
3.215667768630935952e-01
7.214124228578985831e-02
2.304202097520119397e-01
-1.948886696213573411e-01
4.832927033712798304e-01
4.941181252344163943e-01
2.339603236397174713e-01
-2.733586861218137987e-01
8.398319989016408971e-02
-6.032665637974615747e-01
4.014104194473667730e-01
1.100546360570138493e-01
4.145904290219661892e-01
5.130000516727111215e-01
-4.518993576182603333e-01
6.975735423809937830e-01
-4.290959548357077824e-01
-2.338814393370234890e-01
-1.787193081110249882e-01
9.562699320690788707e-02
-3.469413814241930627e-01
8.223515709594450551e-02
2.148627624455139162e-01
-3.102438119656333870e-01
2.344973276748079927e-01
6.450846292216916300e-02
-6.467619973695155622e-01
-9.338284041001108926e-02
-6.071377981763365073e-01
1.352479386531716399e-01
-5.152344438924036929e-01
2.608650437511726983e-01
4.022301345908361331e-02
-2.661259856369420640e-01
-4.993299624784930391e-01
-6.321377339803706530e-01
-3.753945076778755774e-02
-2.032538611387120220e-01
-1.139283304839077693e-01
-1.296503429238075600e-01
4.649511383225228833e-01
-4.569146452899925381e-01
2.016495133829376563e-01
-3.756758521659662731e-01
-2.124047526853928836e-01
1.056218023421323822e-02
-5.555399389684921863e-01
2.977297043218188333e-01
-5.754005714587350218e-01
-3.451458473758057810e-01
3.562738934468049901e-01
-2.351830484654686415e-01
3.046344650648372676e-01
-1.645926365879596953e-01
3.142208789056746832e-02
1.277658628659899265e-01
8.863963797829030322e-02
1.520476442165570874e-01
1.325308514697815312e-02
-4.685357267838763939e-01
2.679244975644866356e-02
-7.470634682532263648e-02
2.698765650842385178e-01
3.199535238745939564e-02
1.832143181354712810e-02
-3.154769678308169123e-01
4.154069672655981704e-01
-6.242749241534347737e-01
-3.065892701338999715e-01
-5.928378703177081960e-02
4.762571442779525710e-02
3.318031200994384644e-01
2.998187161908674736e-02
-1.381138551857551133e-01
7.089208331462855395e-02
-1.558503819736871410e-01
3.928875865755915853e-01
-3.022931209743189851e-01
-3.057764617956718611e-01
2.859137542981964319e-01
-4.533862022005986647e-01
1.753249386293916634e-01
9.732382468522881025e-01
-2.651226776077813541e-01
-2.689817779594915192e-01
-1.500693912981674594e-01
-5.112307837620325701e-01
2.845688520384672682e-01
4.626048692959571773e-01
-1.022184129833307864e+00
-3.838749846108525654e-01
-2.240979920045026164e-01
-2.075542850629098213e-01
-5.062518478288616924e-02
-5.994246700526387750e-01
1.748619956038961754e-01
-7.249991810658569236e-01
-2.513382534485070208e-02
5.171169350717894769e-02
-1.655532718630508549e-01
2.449217658564320499e-01
-1.772538380875897379e-01
-4.683750227794419296e-01
5.694154402536474313e-01
-6.080583816471306635e-01
2.688579609129585490e-01
1.988000219079331388e-01
-3.421078933894248220e-01
-4.088343689797705460e-01
-3.767743782514680895e-01
1.013101740504731563e+00
-5.764920411904469466e-01
3.602550004429034836e-01
-1.119380800531119879e+00
6.522215260848751583e-01
-6.461610636426874388e-01
-1.713229217913531333e+00
-9.834934309886034232e-01
-5.592735960267116724e-01
1.389791964136090907e-01
-4.639832492353674342e-01
1.190978243060755171e-01
5.154839546050383747e-01
-5.607799111931602853e-01
3.124988312411671187e-01
-2.253029589653326170e-01
2.610189079258334321e-01
6.293931350360087995e-01
7.125128758534869655e-02
9.078282604858498028e-02
4.018275757105698176e-01
1.363587133499453152e-01
-1.078476051673202124e-01
8.118502429922609398e-01
-1.278151070171504422e+00
-1.196030210174836794e+00
-5.520959810658238043e-01
-8.446817064918525908e-01
1.393640183959422851e-01
1.008291925070144757e+00
-6.231574648815573214e-01
2.305835603961844393e-01
-3.718080781889204767e-01
-9.575726136636342201e-01
-1.629969808120848296e-01
-7.581505731694646588e-01
-6.059918049417734043e-01
1.090995258672895624e-01
-4.367299633903645173e-01
-5.694091164924418580e-01
-2.598424022463645677e-01
-1.001931391418528494e-01
1.796148795705682311e+00
