-2.687988614966137391e+00
-3.149425081395825998e+00
1.714978553307561215e+00
8.954459267873955408e-01
2.157359194110654688e+00
1.014800968779006274e+00
7.498227675762231259e-01
1.621490651938400918e+00
1.360293820702181744e+00
-3.489317852058838376e+00
-9.655347566693079919e-01
-5.222047529206746974e-01
1.300703767066031080e+00
1.245623851803295157e+00
-8.736809527747420034e-01
1.486552536907029820e+00
2.816310373419566915e+00
1.628923103859384103e+00
2.969352792221481074e+00
-1.923358610049104578e-01
-6.913805119437268498e-01
2.346078035344001389e+00
1.280225975530472127e+00
1.536322951850993324e+00
7.867377806396493867e-01
-2.050640603501010961e+00
-2.606751891087091710e+00
-1.785836481173354917e+00
-2.425446343049576292e+00
1.230404972364317562e+00
2.649431854961731947e+00
-8.819014605527718542e-01
3.309177630984008189e-01
4.326630209596257770e-01
-3.966662737089310387e+00
8.988690730586348376e-01
-3.408787591113471294e-01
-3.700421741768690431e+00
-7.744189223382534626e-02
-1.242034828908131106e+00
-3.169622083989664940e+00
-5.472520790943764812e-02
3.500300789598235873e+00
9.228113971750843136e-01
9.564015946611040819e-01
-2.209174264292097511e-01
4.872200020559192546e-01
1.760561078125311707e-01
3.796361856526346834e+00
3.939772197642584795e-01
9.383767213998250867e-01
-2.663786680462918444e+00
-1.974664195092381280e-01
2.090003023400639481e-01
6.363285669917634335e-02
1.724436091276277061e+00
-1.522474111113709394e-01
1.839538987870340092e+00
3.629747725919224788e+00
4.809824376604244556e+00
4.940127155202633791e-02
-3.264294829380350038e-02
1.331314643024897659e+00
8.111534320511158691e-02
2.443245916019198827e-01
2.937338138975409407e-01
3.249346296195290140e+00
2.119133623461090521e-01
1.921722186987566416e-02
2.305856966159255617e+00
-3.454672183417401232e+00
6.329671497413913439e-02
-5.916166036539962647e-01
-4.796963135715765603e+00
4.674064756821924016e-01
3.042987739048915508e+00
-6.892822005250838491e-02
2.693171661623784185e+00
2.966973139387724778e+00
3.052487477272757932e+00
1.597192561942814448e+00
-1.486415740325405688e+00
2.004094674619528060e+00
7.688333404128840920e-01
1.937521329972538675e+00
1.619343918440434571e+00
-1.502812442320533126e+00
-1.439875026475504693e+00
8.494834505560183713e-03
-1.583129313916461944e+00
