-1.547999999999999932e-01
-1.496000000000000107e-01
6.320000000000000617e-02
-8.393000000000000460e-01
-8.491999999999999549e-01
-5.993000000000000549e-01
9.848999999999999977e-01
-1.272999999999999965e-01
7.184000000000000385e-01
7.513999999999999568e-01
8.659999999999999920e-01
-7.965999999999999748e-01
-9.961999999999999744e-01
4.489000000000000212e-01
-7.176000000000000156e-01
-9.840000000000000135e-02
8.619999999999999885e-02
8.560999999999999721e-01
4.608999999999999764e-01
-8.111000000000000432e-01
-9.059999999999999998e-02
-7.858000000000000540e-01
4.284999999999999920e-01
-1.620000000000000051e-01
2.782999999999999918e-01
6.840000000000000246e-02
-6.868999999999999551e-01
3.366999999999999993e-01
-8.068999999999999506e-01
5.852000000000000535e-01
3.507000000000000117e-01
-8.394000000000000350e-01
-2.788999999999999813e-01
5.082999999999999741e-01
-4.474000000000000199e-01
2.380000000000000171e-02
9.498999999999999666e-01
-2.038000000000000089e-01
-4.151000000000000245e-01
8.140000000000000013e-02
4.188999999999999946e-01
1.247000000000000053e-01
-1.135000000000000037e-01
-2.657999999999999807e-01
-2.270000000000000073e-01
8.051000000000000378e-01
3.150999999999999912e-01
8.269999999999999574e-02
5.011999999999999789e-01
7.016000000000000014e-01
-4.390999999999999903e-01
-2.144000000000000072e-01
6.018999999999999906e-01
-1.983000000000000040e-01
8.464000000000000412e-01
-3.714000000000000079e-01
3.174000000000000155e-01
9.983999999999999542e-01
8.947000000000000508e-01
-8.978000000000000425e-01
7.663999999999999702e-01
2.393000000000000127e-01
9.274999999999999911e-01
5.636999999999999789e-01
-5.573000000000000176e-01
-5.574999999999999956e-01
-2.424000000000000044e-01
-9.616999999999999993e-01
-3.432000000000000051e-01
9.510999999999999455e-01
-6.891000000000000458e-01
-7.280000000000000360e-02
-5.419999999999999818e-02
2.561999999999999833e-01
-7.362999999999999545e-01
-4.459000000000000186e-01
2.440000000000000155e-02
-1.564000000000000112e-01
-1.411999999999999922e-01
-2.021000000000000019e-01
-1.353000000000000036e-01
7.923999999999999932e-01
-7.829000000000000403e-01
3.529999999999999805e-01
-1.549000000000000099e-01
-6.169999999999999790e-02
-5.955000000000000293e-01
5.473000000000000087e-01
-2.928999999999999937e-01
-9.620999999999999552e-01
9.329999999999999405e-02
8.446000000000000174e-01
-8.867000000000000437e-01
-4.598999999999999755e-01
9.592000000000000526e-01
7.724999999999999645e-01
-3.790999999999999925e-01
-9.030000000000000526e-02
-2.793999999999999817e-01
6.898999999999999577e-01
5.914000000000000368e-01
6.836999999999999744e-01
7.711999999999999966e-01
6.792000000000000259e-01
6.227000000000000313e-01
-7.709000000000000297e-01
4.741000000000000214e-01
9.938000000000000167e-01
4.022999999999999909e-01
-8.638000000000000123e-01
-2.635000000000000120e-01
1.529999999999999936e-02
-1.754000000000000004e-01
2.551999999999999824e-01
-1.761000000000000065e-01
5.770000000000000129e-02
-2.326999999999999902e-01
-4.692999999999999949e-01
-4.220999999999999752e-01
-7.543999999999999595e-01
-9.542000000000000481e-01
-5.170000000000000290e-02
-1.074999999999999983e-01
-2.851000000000000201e-01
6.959999999999999520e-01
-9.413000000000000256e-01
6.339999999999999802e-02
-9.219000000000000528e-01
-5.884000000000000341e-01
4.948000000000000176e-01
-5.209000000000000297e-01
8.118999999999999551e-01
9.321000000000000396e-01
-6.169999999999999790e-02
-2.888000000000000012e-01
4.334999999999999964e-01
6.280000000000000027e-01
-6.815999999999999837e-01
7.942000000000000171e-01
-7.282999999999999474e-01
-3.185999999999999943e-01
-5.562000000000000277e-01
9.700999999999999623e-01
8.568000000000000060e-01
-3.330000000000000321e-02
7.583999999999999631e-01
6.104000000000000536e-01
5.259000000000000341e-01
2.782999999999999918e-01
-3.862999999999999767e-01
-6.885000000000000009e-01
8.370999999999999552e-01
6.552999999999999936e-01
5.064999999999999503e-01
2.555000000000000049e-01
9.387999999999999678e-01
5.149999999999999717e-02
-9.387999999999999678e-01
6.979999999999999538e-01
2.346000000000000030e-01
-2.962000000000000188e-01
-8.801999999999999824e-01
-7.280999999999999694e-01
9.341000000000000414e-01
-6.511000000000000121e-01
-6.744999999999999885e-01
-5.770999999999999464e-01
4.245999999999999774e-01
-8.463000000000000522e-01
-9.468999999999999639e-01
4.536000000000000032e-01
-7.785999999999999588e-01
-7.810000000000000275e-02
9.545000000000000151e-01
8.228999999999999648e-01
8.299999999999999600e-01
-5.184999999999999609e-01
3.054000000000000048e-01
6.712000000000000188e-01
9.402000000000000357e-01
9.212000000000000188e-01
1.097000000000000058e-01
6.978999999999999648e-01
-5.207000000000000517e-01
-3.769000000000000128e-01
-2.366000000000000048e-01
5.744000000000000217e-01
1.170999999999999958e-01
-2.836000000000000187e-01
-4.631000000000000116e-01
-5.539999999999999786e-02
-9.510999999999999455e-01
-6.263999999999999568e-01
-1.111999999999999933e-01
-4.426999999999999824e-01
6.387000000000000455e-01
2.800000000000000058e-02
-6.944000000000000172e-01
2.763999999999999790e-01
6.558000000000000496e-01
-7.823999999999999844e-01
-6.027000000000000135e-01
-2.854999999999999760e-01
9.607999999999999874e-01
8.447999999999999954e-01
-4.131000000000000227e-01
-9.717999999999999972e-01
3.851999999999999869e-01
-7.751000000000000112e-01
-2.011000000000000010e-01
6.197000000000000286e-01
-2.391999999999999960e-01
-2.456000000000000127e-01
7.866999999999999549e-01
8.497999999999999998e-01
-5.587999999999999634e-01
-8.754999999999999449e-01
3.704000000000000070e-01
-9.647000000000000020e-01
5.656999999999999806e-01
9.326999999999999735e-01
-4.924000000000000044e-01
-5.576999999999999735e-01
-7.579000000000000181e-01
-2.185999999999999888e-01
7.649000000000000243e-01
2.431000000000000105e-01
-1.708999999999999964e-01
5.786999999999999922e-01
-5.815000000000000169e-01
3.482000000000000095e-01
1.358999999999999930e-01
-8.961000000000000076e-01
5.440000000000000391e-01
-4.326999999999999735e-01
-8.037999999999999590e-01
-4.344000000000000083e-01
-6.987999999999999767e-01
-3.111999999999999766e-01
-3.630999999999999783e-01
