-2.249006528738655558e-02
5.830837702229537678e-01
-5.778603416629450873e-01
-1.493129349146253004e-01
9.859100034573283766e-01
-2.301596904675268576e-02
3.417782820293992913e-02
-6.866847217025193184e-02
5.696263818065112616e-01
9.611417917208797679e-02
2.042494806372653904e-01
-1.181902711987135174e-01
8.596057846177301842e-01
-9.384734310972593641e-02
-4.909761707448229845e-02
2.996886414056165390e-02
-1.112431750790354897e-02
1.233571257820231110e-01
4.271615988518938020e-03
-2.675211612095982662e-03
6.945197428544231943e-01
-1.042804112143561612e-01
6.500466740963573020e-01
-1.469708991228349179e-02
-2.757209976751880467e-02
-5.856314692285242290e-02
1.133537492012162279e-01
9.782768085505377798e-03
9.459079203354145982e-01
1.806093734927723647e-03
3.987228614613909025e-03
4.550404307651580854e-02
-3.244603140106387673e-02
1.614499008642763522e-01
6.628964739145819240e-02
1.010357525895888342e+00
2.681763544611326031e-02
-8.509069306008313488e-03
9.142345146151638346e-02
-1.773075752967093188e-01
8.962172102002761986e-02
1.160677856222732257e-01
-3.269955761196873499e-03
-1.065710743409002959e-01
1.423573865190714063e-02
-2.190866986212515813e-02
-1.207670630326530270e-01
-5.530972093649920429e-02
3.855528145855114525e-02
-1.164296953444882710e-01
1.404720225449986731e-02
-2.228752248315660905e-02
6.815047283431053225e-03
2.805722150223605160e-02
9.866340170846625568e-02
1.751756909629933190e-01
-1.036735867904734765e-01
-4.082835389120258174e-02
1.210020581520101779e-01
-1.051301173512549439e-02
7.698509349388515596e-03
-1.832810972007368200e-01
5.403391983046437197e-01
-5.158748005241553525e-02
1.451748536512919088e-02
-1.716410501356776391e-02
-1.415698887844658860e-01
1.407800563460753496e-01
-1.046582334671312536e-01
7.547868860859376083e-02
-1.212861227212549547e-01
3.849545379025354208e-02
-1.166813878487935885e-01
-6.096665144644211609e-02
-6.634892918305888843e-02
9.734827983465219048e-02
-1.819581246532308016e-01
9.664203813982641389e-02
-2.781575968016353900e-02
-7.218301164415545645e-02
9.733980270613550381e-03
1.228250921052531780e-01
-1.189205324250416917e-01
-2.544336010052967306e-02
-5.099533743102951933e-02
1.559648272146646822e-02
-1.594708824907049155e-02
-1.085565480624883089e-01
9.926928453431521637e-02
8.634150377580678687e-03
6.760415364441148267e-02
5.948425018669133840e-02
9.212238953024315391e-02
-4.376597200372566582e-02
-5.994881745894754810e-02
-4.968353125076820087e-02
6.681039032766025731e-02
-6.374139624460721520e-02
9.155945712981994333e-02
-3.330834647534786780e-02
-1.031189604279253991e-01
-1.428967678137589570e-01
-1.740081153151535887e-01
6.201889959857558310e-01
-4.441181417533753006e-02
-2.381285381491677136e-02
-5.482613438169163175e-03
2.460321189842803180e-01
-8.065181037271640374e-02
-7.591923410695749531e-03
1.407543725341766500e-03
4.867635052383852412e-01
9.770453656549448612e-04
5.598562508394373111e-03
-4.055054321629220082e-02
-5.779942747897275079e-02
7.072548199977574113e-02
2.706576678699669780e-01
-8.060742335349543874e-02
-1.880703825013487485e-01
-7.537213872481560162e-03
-5.359807297400039083e-02
-1.577308199492867824e-01
-1.296548580447866583e-01
-7.971009640029595722e-02
-6.277103763464478292e-03
-9.053784307764374539e-02
-1.508018413449455641e-01
-9.555164755185879821e-02
-1.376420113292736551e-02
1.610505942423499370e-01
1.424262141805602566e-01
-2.167160912114408922e-02
-9.877397832040051007e-02
9.243334710983751312e-02
-3.672988813000210850e-01
1.229016184215322854e-01
-4.646186121900854754e-02
-2.083818730243439110e-02
4.260700626086599829e-02
2.888010654851798018e-02
5.069197592851685391e-02
-2.112549372552096349e-01
-1.988880341564415455e-02
-1.226061586679699222e-01
1.335391944020834498e-01
-1.279474215025990236e-01
-1.889198053361962060e-01
7.863747754726578554e-02
-5.158561236133822614e-02
-5.711492567129506509e-02
-9.627133700648964065e-02
-6.733275384946908748e-02
-4.221393526320346701e-02
-6.786804979069746557e-02
-1.808659124123959960e-01
-1.083021289124403569e-01
-1.659527796194212035e-01
1.981604597713279847e-01
4.848714541204611483e-02
-5.049879038053266267e-02
-9.583543243121300792e-03
-1.862913798290882425e-02
-1.764173761553748943e-01
-1.091941669239158280e-01
-1.548743941595389917e-01
-2.494664455339549447e-01
4.715938252301934280e-02
-4.765491375479164599e-02
-7.209152683639860615e-02
-1.071630505990111976e-01
-3.574431656725615691e-02
-1.433805337155004966e-01
-1.245625189049714976e-01
-1.671085813993936353e-01
-8.641344968578090757e-02
3.897907294523690613e-02
-1.151464459206471072e-03
-3.976802051829464446e-02
-9.314988866069104367e-02
-8.722836002941700140e-02
-7.406083742841312878e-02
-6.676384126261444840e-02
-5.636243787487465323e-02
-1.664600983230775377e-01
6.849369494276613679e-02
-8.728834817017458447e-02
-4.185396362565906025e-02
6.056394791060309979e-02
-4.113612758150845400e-02
-8.060554893631852180e-02
-6.997874939082435186e-02
2.968057222318339766e-02
4.466178386115486620e-02
6.210774905531706025e-02
-4.197654420521007568e-02
-8.699710788899085723e-02
-1.044207022074520042e-01
8.700459669381119254e-02
2.266093592731488471e-01
-7.736759739963959548e-02
9.631054638134829704e-03
-1.221179475649995516e-01
-1.333667677691097730e-01
-1.659151742314291314e-02
-5.713117676016611635e-02
-7.725648850222871511e-02
-6.167927660034174669e-02
8.760750070076792767e-03
-1.141153799000973468e-01
-7.770492994152219945e-02
-2.899829588083671292e-02
-8.568864286670813124e-02
-8.288079062273678854e-02
1.011617847372409118e-01
5.597984480120092414e-03
-1.089212226627170738e-01
-1.619917698032241060e-01
1.842126168730966185e-02
-3.422598782794012556e-02
1.199318700497873334e-02
-3.899628209063289719e-02
2.572930846892132473e-01
-1.053115531081231238e-01
-1.635475955152798089e-01
-9.859190010825592820e-02
-1.231405953978753909e-01
-2.015924465678694266e-01
-1.371479769045052532e-01
-1.342166371518305756e-01
-1.854421806339650869e-01
-4.388632938915321829e-02
1.450888689056788194e-01
4.349240994714088926e-02
-3.443640074858739242e-02
-2.273358915061314198e-02
-3.307465877319692993e-02
3.271148437889642713e-03
-9.986593756457814997e-02
2.042972071880429230e-01
-6.337182772407985720e-02
-8.528931891219629358e-02
-1.321085211936909587e-01
1.118307872178090773e-01
1.566053438989513658e-01
-7.207473128178676358e-02
5.156337699976695083e-03
-1.320668501454905219e-01
-2.972954041605992831e-02
-1.152976412748870777e-01
-5.262005221575900143e-03
3.252600342196707017e-02
-1.020103376459861599e-01
4.127476941754805451e-02
-3.531912788324501062e-02
-3.983462230412647409e-02
-9.501345998572832685e-02
-2.935505927354873507e-02
-1.226701594293079789e-01
-5.151666982351244678e-02
-1.293620823581712043e-01
7.438983751922072230e-02
-1.469905457877961064e-01
-9.400590515798741553e-02
-5.926026180093919848e-02
-3.030519874468225010e-03
-9.244734494261214186e-02
-1.408074125942031796e-01
-7.009950646939890062e-02
-1.419477111227939736e-01
4.073602749299690823e-03
-1.524149891110992416e-01
-2.945225659273697366e-03
-1.262183268279611081e-01
-1.265629572086242605e-01
-8.482548810226057945e-02
-6.535425806846784091e-02
-1.721003244074093552e-01
-7.266056305238627333e-02
-3.653484180373483756e-04
-5.029659300956389884e-02
-1.495500615237486952e-02
2.377799691918775632e-02
8.305304498276296077e-02
-1.530367405602199304e-01
-2.527408657824049554e-01
1.438173051126775959e-01
-5.794148402784698310e-02
-3.553735222825597090e-02
-8.264902242785031328e-02
-7.866456712442147781e-02
-1.001394362032827917e-01
-1.429941607990536379e-01
-4.472612574505523131e-02
1.143476830383289566e-01
-9.976884349647097139e-02
1.877079893040871639e-01
-2.820875870437693500e-01
-1.507638196684599752e-01
-1.423472123720645466e-01
1.111138191615014537e-02
-1.674580960554054865e-02
-9.757912693712475147e-03
5.820914343642437372e-02
-6.520176775998755281e-02
-3.353289018436750313e-02
-3.966989629963711683e-02
1.597634281212338414e-01
-1.402496978514247983e-01
8.436739861873344959e-02
-5.708269571354174926e-02
-4.836853356246126334e-02
-8.624628178873848527e-02
-3.516296863532800826e-02
-1.043951483528772484e-01
5.665652534045858418e-02
-5.315875235107761498e-02
-7.169245864122535117e-02
5.753658162391148689e-01
-9.984699732464144550e-02
-1.375288433578177594e-01
-1.140111015502335984e-01
-8.165746397213982655e-02
-4.134852411622958607e-02
-8.929168687311674069e-02
-5.267224133470574388e-02
-4.194730186215997296e-03
-8.715454936452175783e-02
-1.136993120402585988e-01
1.612539892391594287e-02
-2.634245586958747568e-02
-7.631896724538653198e-02
-5.826934692754642819e-02
-1.659763605629543115e-01
-2.118045495219550434e-02
2.388821201630738321e-03
-4.212079783942696692e-02
-3.011669117072524049e-02
5.765393416015271444e-02
-4.344476231256797633e-02
1.244404449197499263e-01
-1.810927827132647605e-01
3.493240465330590266e-02
-1.478606870278532937e-02
3.457646580635233280e-02
-1.907906491787459968e-01
7.822194330086142122e-02
-9.010020485248144972e-02
-8.999155909563333333e-02
-9.973786574335390120e-02
-1.954213237505443013e-01
2.287910678227345063e-02
-4.080977356890603397e-03
-8.551585543220413532e-02
-3.316628879905288846e-02
-7.502632890616826866e-02
1.816477860516721166e-01
6.887046112760501770e-02
-3.019722140512049596e-02
-7.155872648236930034e-02
-7.011808389008931941e-02
-1.628196233047925490e-01
3.529484058017921463e-03
-1.899398119399090257e-01
-1.521502676831701373e-01
1.434358182264587334e-01
3.775246394101246933e-02
-4.106064974499904624e-02
1.607563007803375354e-01
3.092120701668577346e-02
-1.530269608748343058e-01
2.576885193104018479e-02
-5.407279857735766693e-02
-2.056002654869996116e-01
2.512530306045819284e-01
-1.718564459683490919e-01
7.050936461411022593e-02
-3.674809570741352505e-02
1.372477338561290533e-02
1.390537861547354481e+00
9.748006866211377242e-01
-1.496816519685572888e-01
-1.957955217568849715e-01
-4.132655225144590827e-01
9.908746143885487356e-01
-7.953699682967725615e-02
-2.786695600684805339e-03
-1.137109748257827402e-01
-1.218700696909355979e-01
1.120355621321579731e+00
9.936702753742098215e-01
1.194472450109146600e+00
-8.206175167430128370e-02
1.051904695710746740e+00
-2.317188069310736342e-01
9.912110393145393550e-01
1.394849385126547325e+00
5.885374545523266443e-01
-4.322526279855042342e-01
-2.101071010572709286e-01
2.979766635520567641e-01
-1.541276379168743937e-01
7.126072824678045814e-01
5.841035230091093933e-01
-1.940015866947932266e-01
-4.045335694225411505e-01
6.367189375121414807e-01
7.673257066811579596e-01
1.139914861887513453e+00
-6.367242075730493722e-01
8.084763503554350805e-01
-3.125508252024692402e-01
-2.842943943507239002e-01
-3.865028608418546452e-01
5.668959403212942005e-01
-2.930410335582488424e-01
-5.070022990799134543e-01
-5.579372503792350280e-01
-4.468507788986452178e-01
-5.099699028076982721e-01
-4.034238244552688091e-01
-3.073505808456940547e-01
6.414088736128258361e-01
-3.478538251285196448e-01
-3.947152509115413321e-02
-7.483981206358147897e-01
-3.289673730384167216e-01
-1.191742233488651687e-01
-3.219612767346384796e-01
-3.827819951709175994e-01
-4.297944754158882219e-01
5.085415169922964385e-01
5.520847438167689747e-01
-2.188096143824765638e-01
-2.235642169904309140e-01
-2.513800056345815159e-01
-9.197946815274146148e-01
-6.668085633806136725e-01
7.516775968132013430e-01
5.024995782065420080e-01
5.074852681201268423e-01
9.349148263261025660e-01
1.027125541611966675e+00
-3.017357009802589807e-01
-2.618998451117970916e-01
-1.317908325626995780e-01
-3.700851462260775215e-01
5.602410680451542779e-01
6.316221120557015123e-01
9.908984992079322707e-01
-5.308159512182260009e-01
1.174407574668923093e+00
4.470176180522014153e-01
3.443236150374505145e-01
-1.555743015952303354e-01
1.166151560840562817e+00
1.061481889479582996e+00
2.870981978490034225e-01
-3.278540882225214892e-01
6.549864057163046205e-01
2.074893342054752177e-01
-2.677135029736932847e-01
-2.738862415968518760e-01
-3.361248603630267451e-01
-3.393454538188132585e-01
1.026559690385931534e+00
-3.056246080106165830e-01
-7.442754882428459506e-02
7.689650387260191788e-01
1.128743853869134117e+00
-1.103011052124873298e-01
-1.951628994783911331e-01
-2.256227313856769834e-01
1.221703909279932665e+00
-1.368544168622892743e-01
-2.151789178398496316e-01
1.174924080976285756e+00
1.093517739198434757e+00
1.311419010495072035e+00
3.572503306611314877e-01
