-7.980466200000005017e+01 6.390825137058377958e-01 0.000000000000000000e+00 2.160710110676533180e+00
-8.015725400000005152e+01 6.419061003989632308e-01 0.000000000000000000e+00 2.805003293302591239e+00
-7.943410400000003335e+01 6.361150537582745956e-01 0.000000000000000000e+00 2.632279931919065508e+00
-7.847131600000001583e+01 6.284049656533237105e-01 0.000000000000000000e+00 3.083989760254981061e+00
-8.033778600000007941e+01 6.433518159934276115e-01 0.000000000000000000e+00 2.862597722597113759e+00
-7.891577800000004572e+01 6.319642551119614149e-01 0.000000000000000000e+00 2.480617545447874939e+00
-7.959544800000006148e+01 6.374071102184770687e-01 0.000000000000000000e+00 2.134354796766650519e+00
-7.946966400000002295e+01 6.363998212595437520e-01 0.000000000000000000e+00 2.852212416031747022e+00
-8.016131000000001450e+01 6.419385811915711004e-01 0.000000000000000000e+00 2.697392601750771668e+00
-8.024722400000003120e+01 6.426265878030461565e-01 0.000000000000000000e+00 2.511796493281372999e+00
-7.932996200000012266e+01 6.352810757741025327e-01 0.000000000000000000e+00 2.592524913443309487e+00
-8.058013400000004367e+01 6.452925593679381677e-01 0.000000000000000000e+00 3.027546604975217992e+00
-8.076715200000005268e+01 6.467902154014697480e-01 0.000000000000000000e+00 2.610361931655911683e+00
-8.088064200000002302e+01 6.476990529638725347e-01 0.000000000000000000e+00 2.748768129790051251e+00
-8.050586600000006854e+01 6.446978149139376280e-01 0.000000000000000000e+00 2.865103543256297680e+00
-8.079378400000003069e+01 6.470034867201929218e-01 0.000000000000000000e+00 2.690446959627655676e+00
-7.984071400000004815e+01 6.393712211849086335e-01 0.000000000000000000e+00 2.243049052770659912e+00
-8.003545000000001153e+01 6.409306836181809519e-01 0.000000000000000000e+00 2.789168119618276265e+00
-7.974583600000005390e+01 6.386114300998292359e-01 0.000000000000000000e+00 3.150186284102815204e+00
-8.082471000000002448e+01 6.472511447557456332e-01 0.000000000000000000e+00 3.170924517432183176e+00
-7.927185599999998544e+01 6.348157579892658164e-01 0.000000000000000000e+00 2.243779248595609843e+00
-8.044031200000002002e+01 6.441728529123004199e-01 0.000000000000000000e+00 2.648834898488484857e+00
-8.054929400000003170e+01 6.450455900276922394e-01 0.000000000000000000e+00 2.981116363798818725e+00
-8.085296600000003764e+01 6.474774212044482891e-01 0.000000000000000000e+00 2.903949937244828750e+00
-8.019629600000001801e+01 6.422187520520719062e-01 0.000000000000000000e+00 2.211011037161163539e+00
-8.001509600000002820e+01 6.407676870568528305e-01 0.000000000000000000e+00 2.218974660200089488e+00
-8.104910600000002319e+01 6.490481269890082672e-01 0.000000000000000000e+00 2.368642213872195423e+00
-7.956318600000005858e+01 6.371487533814143012e-01 0.000000000000000000e+00 2.639930411732839488e+00
-8.074290000000004852e+01 6.465960033249572581e-01 0.000000000000000000e+00 2.307234327855833822e+00
-8.063143600000003630e+01 6.457033901426882938e-01 0.000000000000000000e+00 2.957020709133851177e+00
-7.951826200000000711e+01 6.367889981725550763e-01 0.000000000000000000e+00 3.217050829965517167e+00
-8.088216400000004569e+01 6.477112412691856669e-01 0.000000000000000000e+00 2.544867640999441072e+00
-7.966359199999999419e+01 6.379528131601664986e-01 0.000000000000000000e+00 2.287759340829256693e+00
-8.164798800000008328e+01 6.538440249275675464e-01 0.000000000000000000e+00 2.701474147937707126e+00
-8.071947200000001033e+01 6.464083899104536846e-01 0.000000000000000000e+00 2.402122811605676755e+00
-8.053192400000004625e+01 6.449064895918923401e-01 0.000000000000000000e+00 2.117346940415020473e+00
-8.096651400000001786e+01 6.483867232357789501e-01 0.000000000000000000e+00 2.587516781774301222e+00
-8.061947200000004443e+01 6.456075814141961633e-01 0.000000000000000000e+00 2.277358965599841412e+00
-8.006381800000002613e+01 6.411578569723995757e-01 0.000000000000000000e+00 2.242958529110399724e+00
-8.139969600000003425e+01 6.518556814960386747e-01 0.000000000000000000e+00 2.774759975930213951e+00
-8.205100400000006289e+01 6.570714112968457643e-01 0.000000000000000000e+00 2.759378985027997278e+00
-8.065167800000003240e+01 6.458654897985007803e-01 0.000000000000000000e+00 3.345285626541846025e+00
-8.094961200000003032e+01 6.482513705837416040e-01 0.000000000000000000e+00 2.370591181062929209e+00
-8.127472600000007219e+01 6.508549111182655444e-01 0.000000000000000000e+00 2.166683022158315097e+00
-8.132455800000001034e+01 6.512539700081202421e-01 0.000000000000000000e+00 2.537293376060004935e+00
-8.022498400000002050e+01 6.424484879934783121e-01 0.000000000000000000e+00 2.377882235223162333e+00
-8.091238600000004055e+01 6.479532616129247691e-01 0.000000000000000000e+00 2.767672153944756630e+00
-8.029606200000003469e+01 6.430176866564486504e-01 0.000000000000000000e+00 2.847580920207056998e+00
-8.113483400000001211e+01 6.497346440966801362e-01 0.000000000000000000e+00 2.375812310386882675e+00
-8.165188000000004820e+01 6.538751923942416333e-01 0.000000000000000000e+00 2.574171892732366462e+00
-8.143618800000002977e+01 6.521479125324930459e-01 0.000000000000000000e+00 2.606690871594973924e+00
-8.174622600000002137e+01 6.546307231781207658e-01 0.000000000000000000e+00 2.792114512232294121e+00
-8.115659200000004603e+01 6.499088840092961394e-01 0.000000000000000000e+00 2.466178618535407985e+00
-8.137758600000006481e+01 6.516786227375163110e-01 0.000000000000000000e+00 2.604139738256700198e+00
-8.220402200000002324e+01 6.582967924416492922e-01 0.000000000000000000e+00 3.021805754193470861e+00
-8.281479800000002456e+01 6.631879385427529305e-01 0.000000000000000000e+00 2.934590099987637757e+00
-8.218369400000007374e+01 6.581340040905303557e-01 0.000000000000000000e+00 2.272907879046201174e+00
-8.249426400000000115e+01 6.606210750373576746e-01 0.000000000000000000e+00 2.709541563055129387e+00
-8.106485000000006380e+01 6.491742062786594047e-01 0.000000000000000000e+00 2.619959367928434535e+00
-8.227238400000001661e+01 6.588442411458609316e-01 0.000000000000000000e+00 3.015822247619438734e+00
-8.108340200000002085e+01 6.493227722708848626e-01 0.000000000000000000e+00 3.266709222171172211e+00
-8.277984000000000719e+01 6.629079919086310335e-01 0.000000000000000000e+00 3.213792021958489897e+00
-8.109197200000001260e+01 6.493914015590140920e-01 0.000000000000000000e+00 2.470512612250519879e+00
-8.144898400000008110e+01 6.522503839876745424e-01 0.000000000000000000e+00 2.484604283868596220e+00
-8.093663800000007313e+01 6.481474736894374811e-01 0.000000000000000000e+00 2.500029728258801320e+00
-8.121535400000007598e+01 6.503794550978674316e-01 0.000000000000000000e+00 2.387962505476079134e+00
-8.157539600000004043e+01 6.532627020239637483e-01 0.000000000000000000e+00 2.349681297792524326e+00
-8.007591000000000747e+01 6.412546907357669079e-01 0.000000000000000000e+00 2.034731939136310785e+00
-8.081830000000006464e+01 6.471998129311358205e-01 0.000000000000000000e+00 2.183495234802229845e+00
-8.171916000000008751e+01 6.544139763505242291e-01 0.000000000000000000e+00 3.020254851511840144e+00
-8.264866000000006352e+01 6.618574913232404544e-01 0.000000000000000000e+00 3.094652004130135303e+00
-8.057803400000004501e+01 6.452757423895167932e-01 0.000000000000000000e+00 2.136703703750289840e+00
-8.200908800000007659e+01 6.567357444075544448e-01 0.000000000000000000e+00 2.484068251363135804e+00
-8.124186600000004432e+01 6.505917654463949651e-01 0.000000000000000000e+00 2.905204682238586855e+00
-8.190308800000003941e+01 6.558868874015209016e-01 0.000000000000000000e+00 2.530825770826349519e+00
-8.153113200000004213e+01 6.529082321511801013e-01 0.000000000000000000e+00 2.750933752396950815e+00
-8.108495400000006725e+01 6.493352008187471824e-01 0.000000000000000000e+00 2.655248246395021550e+00
-8.208825000000003058e+01 6.573696804293617246e-01 0.000000000000000000e+00 2.258035689901442211e+00
-8.025707400000003133e+01 6.427054674399276246e-01 0.000000000000000000e+00 2.687954482787868304e+00
-8.160708200000001966e+01 6.535164462040877753e-01 0.000000000000000000e+00 2.365823924917730192e+00
-8.114094200000002388e+01 6.497835574796315683e-01 0.000000000000000000e+00 2.472357912910529532e+00
-8.093209400000006326e+01 6.481110849513673777e-01 0.000000000000000000e+00 2.464113509528816248e+00
-8.210243000000005509e+01 6.574832350741313114e-01 0.000000000000000000e+00 2.516981642480902170e+00
-8.109804600000002495e+01 6.494400426670768889e-01 0.000000000000000000e+00 2.695423321391092752e+00
-8.188062200000005930e+01 6.557069777647517306e-01 0.000000000000000000e+00 2.249171758831066903e+00
-8.137741800000004844e+01 6.516772773792424145e-01 0.000000000000000000e+00 2.626684442040300382e+00
-8.269023200000002305e+01 6.621904034313044196e-01 0.000000000000000000e+00 2.618405984173492129e+00
-8.133469400000005578e+01 6.513351399573013012e-01 0.000000000000000000e+00 2.620718536901780027e+00
-8.215094000000001984e+01 6.578717072756656847e-01 0.000000000000000000e+00 2.729651256002116888e+00
-8.101022400000000800e+01 6.487367566294931498e-01 0.000000000000000000e+00 2.516580775781763979e+00
-8.062249600000002658e+01 6.456317978631228582e-01 0.000000000000000000e+00 2.329862513389356238e+00
-8.173301600000006317e+01 6.545249363757654759e-01 0.000000000000000000e+00 2.599202712205293420e+00
-8.270318800000003989e+01 6.622941561800796961e-01 0.000000000000000000e+00 2.359527765939274602e+00
-8.138086800000004928e+01 6.517049052723633551e-01 0.000000000000000000e+00 2.255441912347944999e+00
-8.076345799999999997e+01 6.467606335356175240e-01 0.000000000000000000e+00 2.683334727392071795e+00
-8.129271600000002707e+01 6.509989765667419936e-01 0.000000000000000000e+00 2.306306159458356930e+00
-8.146827600000004566e+01 6.524048759627724126e-01 0.000000000000000000e+00 2.409102892130745577e+00
-8.169846000000005404e+01 6.542482089917985855e-01 0.000000000000000000e+00 2.585145972941206516e+00
-8.171632200000004786e+01 6.543912494054000550e-01 0.000000000000000000e+00 2.203624481546873071e+00
-8.246368999999999971e+01 6.603762358477118788e-01 0.000000000000000000e+00 2.770623766164645119e+00
-8.158386800000006644e+01 6.533305465197668527e-01 0.000000000000000000e+00 2.503248552366554414e+00
-8.255215000000002590e+01 6.610846310435016804e-01 0.000000000000000000e+00 2.671369685132790828e+00
-8.202804400000005103e+01 6.568875456661048551e-01 0.000000000000000000e+00 2.595884745317814879e+00
-8.181224600000008707e+01 6.551594169473506923e-01 0.000000000000000000e+00 2.722624073340150108e+00
-8.028261200000005715e+01 6.429099779137020798e-01 0.000000000000000000e+00 2.458827688939375644e+00
-8.142199400000004061e+01 6.520342457745342823e-01 0.000000000000000000e+00 2.709054135198922353e+00
-8.071778600000006065e+01 6.463948882792072137e-01 0.000000000000000000e+00 2.585508610535953267e+00
-8.177155800000009833e+01 6.548335839863934638e-01 0.000000000000000000e+00 2.762424835164814407e+00
-8.073179999999999268e+01 6.465071135818721837e-01 0.000000000000000000e+00 2.485716717568597023e+00
-8.108065400000005241e+01 6.493007660534079184e-01 0.000000000000000000e+00 2.823779062787735938e+00
-8.218035400000005097e+01 6.581072570867552152e-01 0.000000000000000000e+00 2.478774111459211671e+00
-8.121842800000001716e+01 6.504040719510418844e-01 0.000000000000000000e+00 2.660501655288705969e+00
-8.169631200000006288e+01 6.542310076252989548e-01 0.000000000000000000e+00 2.231385023949715052e+00
-8.118823400000005108e+01 6.501622758336821351e-01 0.000000000000000000e+00 3.240667447158801728e+00
-8.162291800000006958e+01 6.536432622375555335e-01 0.000000000000000000e+00 2.361207868284468603e+00
-8.193595199999998613e+01 6.561500651057305955e-01 0.000000000000000000e+00 2.611317524514080279e+00
-8.165817600000002585e+01 6.539256112971658652e-01 0.000000000000000000e+00 2.626839928185018547e+00
-8.226567800000006514e+01 6.587905389281023538e-01 0.000000000000000000e+00 2.825840262543178660e+00
-8.281952000000005398e+01 6.632257527199464375e-01 0.000000000000000000e+00 2.722194683068287269e+00
-8.321012800000004006e+01 6.663537747710090997e-01 0.000000000000000000e+00 2.482414654155843614e+00
-8.254661400000001947e+01 6.610402982851488751e-01 0.000000000000000000e+00 2.661062786129107849e+00
-8.319254600000003563e+01 6.662129766211970505e-01 0.000000000000000000e+00 2.651575850240720289e+00
-8.235035600000004763e+01 6.594686475465634246e-01 0.000000000000000000e+00 2.909804341449642617e+00
-8.268974200000008068e+01 6.621864794696732393e-01 0.000000000000000000e+00 2.466281352263202553e+00
-8.302353400000002637e+01 6.648595141655017082e-01 0.000000000000000000e+00 2.630398608815128547e+00
-8.171845800000004090e+01 6.544083546748801217e-01 0.000000000000000000e+00 2.968016226002502922e+00
-8.328328400000003739e+01 6.669396142345315193e-01 0.000000000000000000e+00 2.788687995800755548e+00
-8.298585600000006934e+01 6.645577855402819978e-01 0.000000000000000000e+00 2.542674663520500644e+00
-8.314400800000005631e+01 6.658242801932835464e-01 0.000000000000000000e+00 2.854365160350409880e+00
-8.197252600000004463e+01 6.564429528051524132e-01 0.000000000000000000e+00 2.512727740022540512e+00
-8.170668400000008091e+01 6.543140674825309588e-01 0.000000000000000000e+00 2.641808873133265845e+00
-8.317045200000004002e+01 6.660360459920338094e-01 0.000000000000000000e+00 2.861974422747451730e+00
-8.163332200000009209e+01 6.537265783535064489e-01 0.000000000000000000e+00 2.630211441036939490e+00
-8.188311000000008733e+01 6.557269018801388238e-01 0.000000000000000000e+00 2.981460995718357765e+00
-8.267602400000002660e+01 6.620766245601561462e-01 0.000000000000000000e+00 2.697809907610244640e+00
-8.238770800000007455e+01 6.597677655360858484e-01 0.000000000000000000e+00 3.065164779451160726e+00
-8.323427800000007437e+01 6.665471700228556839e-01 0.000000000000000000e+00 2.812145940994262183e+00
-8.254150600000005511e+01 6.609993929871602614e-01 0.000000000000000000e+00 2.756201229617579074e+00
-8.371829800000004695e+01 6.704232433064425400e-01 0.000000000000000000e+00 3.018156961933001536e+00
-8.387679400000010332e+01 6.716924927406717760e-01 0.000000000000000000e+00 2.567578432381040887e+00
-8.363225000000005593e+01 6.697341636115826669e-01 0.000000000000000000e+00 2.361867570655291626e+00
-8.327160400000003904e+01 6.668460798021685898e-01 0.000000000000000000e+00 2.445090454046370265e+00
-8.409135400000002392e+01 6.734107074502418966e-01 0.000000000000000000e+00 2.731896910200608986e+00
-8.393777000000004307e+01 6.721807937293494684e-01 0.000000000000000000e+00 2.341591324637191995e+00
-8.183386600000004307e+01 6.553325517442413206e-01 0.000000000000000000e+00 2.819506194469254989e+00
-8.305329400000005080e+01 6.650978347739882057e-01 0.000000000000000000e+00 2.606544664967144875e+00
-8.180154400000007797e+01 6.550737144220811770e-01 0.000000000000000000e+00 2.347127606087186180e+00
-8.302092800000004047e+01 6.648386450960893646e-01 0.000000000000000000e+00 2.664462798172352098e+00
-8.114791400000005694e+01 6.498393898479909447e-01 0.000000000000000000e+00 2.216666914241043340e+00
-8.394366400000005513e+01 6.722279933821190268e-01 0.000000000000000000e+00 2.651037638036636057e+00
-8.280020400000000791e+01 6.630710685508089952e-01 0.000000000000000000e+00 2.765792900794426412e+00
-8.385638600000004317e+01 6.715290637427550058e-01 0.000000000000000000e+00 3.019461251196773777e+00
-8.341930400000002521e+01 6.680288739511412999e-01 0.000000000000000000e+00 2.976010329551966649e+00
-8.272751400000007038e+01 6.624889608548796271e-01 0.000000000000000000e+00 2.474325335207252952e+00
-8.285926400000003866e+01 6.635440260486991093e-01 0.000000000000000000e+00 2.783736667401998321e+00
-8.220829800000004184e+01 6.583310350129494282e-01 0.000000000000000000e+00 2.326244071458530183e+00
-8.250965799999997330e+01 6.607443514972713983e-01 0.000000000000000000e+00 2.400875213698857813e+00
-8.220408400000005145e+01 6.582972889429171692e-01 0.000000000000000000e+00 2.325230739705787641e+00
-8.286799200000002941e+01 6.636139206142523950e-01 0.000000000000000000e+00 2.831589448629852956e+00
-8.366817200000004107e+01 6.700218300396083571e-01 0.000000000000000000e+00 2.997039212898711114e+00
-8.266004600000003677e+01 6.619486713786241205e-01 0.000000000000000000e+00 2.213329133594956311e+00
-8.286618600000002743e+01 6.635994580128099507e-01 0.000000000000000000e+00 2.360625548537522711e+00
-8.293276600000002929e+01 6.641326363096183849e-01 0.000000000000000000e+00 2.408855804340527484e+00
-8.301779000000001929e+01 6.648135157254765337e-01 0.000000000000000000e+00 2.709057429935155081e+00
-8.340548600000005308e+01 6.679182182331285800e-01 0.000000000000000000e+00 2.928764842459749218e+00
-8.339414600000006317e+01 6.678274065496530021e-01 0.000000000000000000e+00 3.334238930421057567e+00
-8.336905800000008071e+01 6.676264997141120316e-01 0.000000000000000000e+00 2.997227654140310449e+00
-8.283244200000001456e+01 6.633292331938326347e-01 0.000000000000000000e+00 2.266510871347268363e+00
-8.246669200000003741e+01 6.604002761187698356e-01 0.000000000000000000e+00 2.624506330863660697e+00
-8.344590200000001801e+01 6.682418729949758385e-01 0.000000000000000000e+00 2.617286152571094426e+00
-8.300571800000001588e+01 6.647168421238083269e-01 0.000000000000000000e+00 2.501751662876039450e+00
-8.249754200000002413e+01 6.606473255398652711e-01 0.000000000000000000e+00 2.285648254405005186e+00
-8.326209800000000882e+01 6.667699549465140318e-01 0.000000000000000000e+00 2.779815899070158469e+00
-8.168992200000008097e+01 6.541798359623882675e-01 0.000000000000000000e+00 2.140775884626407333e+00
-8.324534800000003543e+01 6.666358195233911266e-01 0.000000000000000000e+00 2.880127986721240152e+00
-8.316411400000006893e+01 6.659852907495412699e-01 0.000000000000000000e+00 2.007388419934938106e+00
-8.360560400000005643e+01 6.695207801796698721e-01 0.000000000000000000e+00 2.306327839360680088e+00
-8.256423200000001827e+01 6.611813847260195054e-01 0.000000000000000000e+00 2.945930667129033065e+00
-8.279299400000007836e+01 6.630133302582292831e-01 0.000000000000000000e+00 2.062350397577453087e+00
-8.256232200000003729e+01 6.611660892837410985e-01 0.000000000000000000e+00 2.447920016831441004e+00
-8.386220600000002889e+01 6.715756707972371231e-01 0.000000000000000000e+00 2.621887751791434074e+00
-8.306141400000002761e+01 6.651628604238841724e-01 0.000000000000000000e+00 2.903471955116057046e+00
-8.393188400000002503e+01 6.721336581412595823e-01 0.000000000000000000e+00 2.473223773148043314e+00
-8.310122200000004966e+01 6.654816462700746671e-01 0.000000000000000000e+00 2.888216359294602853e+00
-8.297296600000004219e+01 6.644545613251141569e-01 0.000000000000000000e+00 2.829306681543424240e+00
-8.277324800000006633e+01 6.628552026125581476e-01 0.000000000000000000e+00 2.445749510389752857e+00
-8.281813000000002489e+01 6.632146214818482877e-01 0.000000000000000000e+00 2.531878533696658273e+00
-8.317541000000001361e+01 6.660757500772781503e-01 0.000000000000000000e+00 2.408943516682293673e+00
-8.268825000000008174e+01 6.621745314069090727e-01 0.000000000000000000e+00 2.532367016401369408e+00
-8.376141600000003962e+01 6.707685359138589876e-01 0.000000000000000000e+00 2.616054803225419612e+00
-8.257819200000004400e+01 6.612931775920972699e-01 0.000000000000000000e+00 2.466417886376592872e+00
-8.274794400000003236e+01 6.626525660306648025e-01 0.000000000000000000e+00 2.370117653488488241e+00
-8.246125000000002103e+01 6.603566961204032637e-01 0.000000000000000000e+00 2.745136455974309442e+00
-8.281246400000004826e+01 6.631692476724504459e-01 0.000000000000000000e+00 2.214001846628120163e+00
-8.399989600000007783e+01 6.726783040157349181e-01 0.000000000000000000e+00 2.831874369963570448e+00
-8.257222600000007162e+01 6.612454013572107714e-01 0.000000000000000000e+00 2.511826048254716781e+00
-8.260288400000004572e+01 6.614909132259932933e-01 0.000000000000000000e+00 3.155231649781330638e+00
-8.230627200000006383e+01 6.591156191290732380e-01 0.000000000000000000e+00 2.381352218446273650e+00
-8.265767600000006610e+01 6.619296922172630548e-01 0.000000000000000000e+00 2.460391818969597022e+00
-8.280396200000004114e+01 6.631011629340985980e-01 0.000000000000000000e+00 3.026100279496983347e+00
-8.257627600000007817e+01 6.612778341013092476e-01 0.000000000000000000e+00 2.464959102786104417e+00
-8.285815400000005582e+01 6.635351370743907129e-01 0.000000000000000000e+00 2.276715351510157692e+00
-8.346191800000005401e+01 6.683701304837368351e-01 0.000000000000000000e+00 2.813644683201681040e+00
-8.335081600000003732e+01 6.674804162282242936e-01 0.000000000000000000e+00 2.373868458854330399e+00
-8.295270200000003058e+01 6.642922854914323771e-01 0.000000000000000000e+00 2.468337471073812850e+00
-8.289880600000005018e+01 6.638606817442894714e-01 0.000000000000000000e+00 2.604703100233820567e+00
-8.301364400000005617e+01 6.647803142052219894e-01 0.000000000000000000e+00 2.906580890669317352e+00
-8.367602200000003165e+01 6.700846935065644105e-01 0.000000000000000000e+00 2.864279327117648322e+00
-8.305468200000004231e+01 6.651089499959161877e-01 0.000000000000000000e+00 2.607582987217910819e+00
-8.250875600000006216e+01 6.607371282046359262e-01 0.000000000000000000e+00 2.478200807213315038e+00
-8.393300600000003442e+01 6.721426432125876538e-01 0.000000000000000000e+00 2.602558581873776866e+00
-8.280063400000004492e+01 6.630745120273431326e-01 0.000000000000000000e+00 2.732501012530240470e+00
-8.300146600000003616e+01 6.646827917465475410e-01 0.000000000000000000e+00 2.306445874536330543e+00
-8.217778600000004019e+01 6.580866923245711764e-01 0.000000000000000000e+00 2.443569740806645019e+00
-8.250629800000005787e+01 6.607174443317977985e-01 0.000000000000000000e+00 2.437322378878472584e+00
-8.314157000000004416e+01 6.658047564821447661e-01 0.000000000000000000e+00 2.437245168880701751e+00
-8.282305600000000823e+01 6.632540693083738281e-01 0.000000000000000000e+00 2.617873079325768515e+00
-8.326780800000008753e+01 6.668156811116510152e-01 0.000000000000000000e+00 2.646573543575072129e+00
-8.329476800000004744e+01 6.670315790822417545e-01 0.000000000000000000e+00 2.911244144704591807e+00
-8.265797000000004857e+01 6.619320465942418741e-01 0.000000000000000000e+00 2.385935071614395664e+00
-8.279392200000006596e+01 6.630207617610744952e-01 0.000000000000000000e+00 2.279386307784875498e+00
-8.327635000000002208e+01 6.668840861734007808e-01 0.000000000000000000e+00 2.246508413161197648e+00
-8.312955800000003137e+01 6.657085633655741574e-01 0.000000000000000000e+00 3.224671554903857373e+00
-8.349108800000006170e+01 6.686037263220953042e-01 0.000000000000000000e+00 2.084192100787702007e+00
-8.343031400000003828e+01 6.681170429665793664e-01 0.000000000000000000e+00 2.756224061826965777e+00
-8.394046600000005753e+01 6.722023835264087088e-01 0.000000000000000000e+00 3.091641421712499227e+00
-8.306696400000006975e+01 6.652073052954268206e-01 0.000000000000000000e+00 2.280806173154349636e+00
-8.326950200000008806e+01 6.668292468075776025e-01 0.000000000000000000e+00 2.333253257759313026e+00
-8.315009400000005257e+01 6.658730173983657963e-01 0.000000000000000000e+00 2.175293811517948761e+00
-8.334832200000002445e+01 6.674604440643274739e-01 0.000000000000000000e+00 2.405569405181957610e+00
-8.322928600000004451e+01 6.665071936627222637e-01 0.000000000000000000e+00 2.779263952302784446e+00
-8.340894600000004289e+01 6.679459262070990277e-01 0.000000000000000000e+00 2.538828296174946431e+00
-8.299933400000001882e+01 6.646657185094072551e-01 0.000000000000000000e+00 2.236725981430009558e+00
-8.318780800000004660e+01 6.661750343146444209e-01 0.000000000000000000e+00 2.097809646720775856e+00
-8.382314200000003268e+01 6.712628429662589324e-01 0.000000000000000000e+00 2.593575313053547493e+00
-8.425696000000004915e+01 6.747368943685548848e-01 0.000000000000000000e+00 2.430538403836739914e+00
-8.283165200000001960e+01 6.633229068067122425e-01 0.000000000000000000e+00 2.945939666332751727e+00
-8.358239600000005964e+01 6.693349285438583429e-01 0.000000000000000000e+00 2.617988794102152905e+00
-8.218410200000006682e+01 6.581372713891950887e-01 0.000000000000000000e+00 2.503565816343488404e+00
-8.349570400000003190e+01 6.686406916422822366e-01 0.000000000000000000e+00 2.172179285805111881e+00
-8.305943600000004778e+01 6.651470204318283841e-01 0.000000000000000000e+00 2.564750037853729570e+00
-8.270645000000004643e+01 6.623202785532277259e-01 0.000000000000000000e+00 2.240740851039038972e+00
-8.257690600000005077e+01 6.612828791948355267e-01 0.000000000000000000e+00 2.465374584517298295e+00
-8.327433400000003871e+01 6.668679418741163545e-01 0.000000000000000000e+00 2.233436981051238668e+00
-8.298120800000002362e+01 6.645205639613755988e-01 0.000000000000000000e+00 2.402031995837328626e+00
-8.301925200000007976e+01 6.648252235456924009e-01 0.000000000000000000e+00 2.733878682716945452e+00
-8.304799400000004539e+01 6.650553919236864564e-01 0.000000000000000000e+00 2.399685462630383626e+00
-8.399974400000003527e+01 6.726770867868202552e-01 0.000000000000000000e+00 2.520901050563332912e+00
-8.318390600000003587e+01 6.661437867671203827e-01 0.000000000000000000e+00 2.778568070933681522e+00
-8.336780600000005848e+01 6.676164735917387016e-01 0.000000000000000000e+00 2.973333939183932184e+00
-8.276592200000006017e+01 6.627965353821222427e-01 0.000000000000000000e+00 2.092277834824277427e+00
-8.371258400000003519e+01 6.703774851089663311e-01 0.000000000000000000e+00 2.683962927934976150e+00
-8.393889400000007583e+01 6.721897948168477077e-01 0.000000000000000000e+00 2.933384344522706133e+00
-8.297490000000001942e+01 6.644700489614315808e-01 0.000000000000000000e+00 2.871934313069479217e+00
-8.343698400000010906e+01 6.681704568932803623e-01 0.000000000000000000e+00 2.201195026523529386e+00
-8.335363600000007978e+01 6.675029990278190661e-01 0.000000000000000000e+00 2.671340042096679301e+00
-8.214725200000005145e+01 6.578421734583239644e-01 0.000000000000000000e+00 2.698765354618458012e+00
-8.336407800000004897e+01 6.675866194509980645e-01 0.000000000000000000e+00 2.899955393999685604e+00
-8.245453000000003385e+01 6.603028817894548430e-01 0.000000000000000000e+00 1.815765224305714076e+00
-8.378439800000006699e+01 6.709525777224690790e-01 0.000000000000000000e+00 3.003527159049419026e+00
-8.372094400000005976e+01 6.704444326992535785e-01 0.000000000000000000e+00 2.750801105732104013e+00
-8.348878200000004313e+01 6.685852596781713952e-01 0.000000000000000000e+00 2.594217165133780423e+00
-8.304725400000009472e+01 6.650494659408145992e-01 0.000000000000000000e+00 2.325991244128321256e+00
-8.293031800000001397e+01 6.641130325176298754e-01 0.000000000000000000e+00 2.353456978826653057e+00
-8.374058000000002266e+01 6.706016794555784699e-01 0.000000000000000000e+00 2.461741029877395626e+00
-8.319009799999999188e+01 6.661933728292083190e-01 0.000000000000000000e+00 2.412764362779546090e+00
-8.385712200000003236e+01 6.715349576932874154e-01 0.000000000000000000e+00 2.458319927711984487e+00
-8.264021000000006723e+01 6.617898230053066433e-01 0.000000000000000000e+00 2.324310328969334094e+00
-8.326769000000003018e+01 6.668147361576249876e-01 0.000000000000000000e+00 3.025335434161295911e+00
-8.330376400000002945e+01 6.671036198145650076e-01 0.000000000000000000e+00 2.384891965429821958e+00
-8.315513000000007082e+01 6.659133461142374699e-01 0.000000000000000000e+00 1.763332933350472587e+00
-8.334103600000005940e+01 6.674020971572904859e-01 0.000000000000000000e+00 2.936769045700022396e+00
-8.290238200000005975e+01 6.638893186561156678e-01 0.000000000000000000e+00 2.441306289027339815e+00
-8.342164400000004321e+01 6.680476128699538441e-01 0.000000000000000000e+00 2.383992975479448884e+00
-8.364885600000000920e+01 6.698671458704709147e-01 0.000000000000000000e+00 2.476796822238454432e+00
-8.283811800000003700e+01 6.633746870840803167e-01 0.000000000000000000e+00 2.786577704262873656e+00
-8.317878200000005506e+01 6.661027533397723133e-01 0.000000000000000000e+00 2.700094595439054057e+00
-8.370921600000005469e+01 6.703505138788125040e-01 0.000000000000000000e+00 2.424451885018903852e+00
-8.333342800000006889e+01 6.673411716468952148e-01 0.000000000000000000e+00 2.026665846295686801e+00
-8.367965600000005111e+01 6.701137948873185923e-01 0.000000000000000000e+00 2.842992856246864264e+00
-8.393279400000004387e+01 6.721409454985757259e-01 0.000000000000000000e+00 2.235193676457762013e+00
-8.375041600000008657e+01 6.706804469792709833e-01 0.000000000000000000e+00 2.362959739959761940e+00
-8.334011399999999981e+01 6.673947137029544452e-01 0.000000000000000000e+00 3.087536780201159736e+00
-8.294463800000005449e+01 6.642277082942943389e-01 0.000000000000000000e+00 2.144054476862361280e+00
-8.296927600000005043e+01 6.644250114916022687e-01 0.000000000000000000e+00 2.422531361739224565e+00
-8.288112600000006580e+01 6.637190988021511862e-01 0.000000000000000000e+00 2.399457456126616872e+00
-8.269107000000003893e+01 6.621971142065031790e-01 0.000000000000000000e+00 2.555284996400260411e+00
-8.405516600000002825e+01 6.731209108716161849e-01 0.000000000000000000e+00 2.992563880594428571e+00
-8.324911800000003836e+01 6.666660100037000714e-01 0.000000000000000000e+00 2.900051562633905178e+00
-8.295374600000006637e+01 6.643006459321335599e-01 0.000000000000000000e+00 2.310158050101439819e+00
-8.391282400000004316e+01 6.719810240418729874e-01 0.000000000000000000e+00 2.508265641092838116e+00
-8.338449600000004125e+01 6.677501285297640088e-01 0.000000000000000000e+00 2.611172354137915708e+00
-8.332754400000006001e+01 6.672940520749753857e-01 0.000000000000000000e+00 2.403512928199938337e+00
-8.378846200000005240e+01 6.709851225797569541e-01 0.000000000000000000e+00 2.494340636210400142e+00
-8.355007600000000423e+01 6.690761072378673679e-01 0.000000000000000000e+00 2.357515822461337063e+00
-8.394509200000003091e+01 6.722394289274453705e-01 0.000000000000000000e+00 2.066437573894754909e+00
-8.363901600000005487e+01 6.697883463144395089e-01 0.000000000000000000e+00 2.472826591506288363e+00
-8.338938600000005863e+01 6.677892880652310792e-01 0.000000000000000000e+00 2.954724159578345777e+00
-8.392872600000008276e+01 6.721083686089482923e-01 0.000000000000000000e+00 2.522389264755448668e+00
-8.273644200000002513e+01 6.625604570374251656e-01 0.000000000000000000e+00 2.448195973256779734e+00
