-6.468388800000003869e+01 6.731047745109672853e-01 0.000000000000000000e+00 2.250158985237364018e+00
-6.547790000000004795e+01 6.813673153807896510e-01 0.000000000000000000e+00 2.463081715529091387e+00
-6.425718200000004288e+01 6.686644439310789334e-01 0.000000000000000000e+00 2.109040690172676591e+00
-6.533856400000006204e+01 6.799173758400302026e-01 0.000000000000000000e+00 2.200855199506763782e+00
-6.493474200000002838e+01 6.757151776627563500e-01 0.000000000000000000e+00 2.105058589610495634e+00
-6.421990400000005650e+01 6.682765266218378963e-01 0.000000000000000000e+00 2.014863642674038946e+00
-6.359089800000007386e+01 6.617310489938382778e-01 0.000000000000000000e+00 2.449629458270014215e+00
-6.469782400000006817e+01 6.732497934396007855e-01 0.000000000000000000e+00 2.280520431172222473e+00
-6.440808600000003992e+01 6.702347608373973031e-01 0.000000000000000000e+00 2.202976142001148219e+00
-6.478278000000000247e+01 6.741338511391519184e-01 0.000000000000000000e+00 1.691581135559810489e+00
-6.478131800000005569e+01 6.741186374714098761e-01 0.000000000000000000e+00 2.158307848983980648e+00
-6.369244000000004036e+01 6.627877016955646683e-01 0.000000000000000000e+00 1.902061460944971305e+00
-6.341766800000004878e+01 6.599284062694468211e-01 0.000000000000000000e+00 2.167418891746352827e+00
-6.371849600000003733e+01 6.630588421379056685e-01 0.000000000000000000e+00 2.270190184082168550e+00
-6.452653600000004985e+01 6.714673592943859459e-01 0.000000000000000000e+00 2.481110644735170734e+00
-6.473567000000004157e+01 6.736436213940385498e-01 0.000000000000000000e+00 2.063931317934663223e+00
-6.466716200000003312e+01 6.729307226596241698e-01 0.000000000000000000e+00 2.186446485901983205e+00
-6.449707200000000284e+01 6.711607549808632500e-01 0.000000000000000000e+00 1.868627283235616998e+00
-6.376248600000001687e+01 6.635166049586984638e-01 0.000000000000000000e+00 2.143632357717746739e+00
-6.407701600000005726e+01 6.667896247364669682e-01 0.000000000000000000e+00 2.220322587478830823e+00
-6.440005600000003483e+01 6.701512001315329536e-01 0.000000000000000000e+00 2.373812482459983553e+00
-6.485326400000003844e+01 6.748673122589698981e-01 0.000000000000000000e+00 1.894899734429078553e+00
-6.380177000000005449e+01 6.639253968353079349e-01 0.000000000000000000e+00 2.213180818106908809e+00
-6.504011800000002097e+01 6.768117272195619538e-01 0.000000000000000000e+00 2.241751674602211253e+00
-6.454311400000003118e+01 6.716398710480367962e-01 0.000000000000000000e+00 2.467364351823723378e+00
-6.508296800000002236e+01 6.772576271256992575e-01 0.000000000000000000e+00 2.122252979088140368e+00
-6.512283800000001577e+01 6.776725169566838458e-01 0.000000000000000000e+00 1.665263921375330858e+00
-6.459227200000003677e+01 6.721514124152689895e-01 0.000000000000000000e+00 1.986251103887152425e+00
-6.467522600000005184e+01 6.730146371717151688e-01 0.000000000000000000e+00 2.438463433825706073e+00
-6.498254200000003777e+01 6.762125875930565799e-01 0.000000000000000000e+00 2.244822593839910230e+00
-6.409194600000004982e+01 6.669449872941944912e-01 0.000000000000000000e+00 1.909285518246513380e+00
-6.408375600000005079e+01 6.668597616178523202e-01 0.000000000000000000e+00 2.347562180126353315e+00
-6.498537600000000225e+01 6.762420783826476045e-01 0.000000000000000000e+00 2.099120827659796795e+00
-6.471225000000002581e+01 6.733999113403222880e-01 0.000000000000000000e+00 2.247614090563816003e+00
-6.488614400000005844e+01 6.752094636921974757e-01 0.000000000000000000e+00 1.891519315810665791e+00
-6.372639800000002452e+01 6.631410708673873833e-01 0.000000000000000000e+00 1.693162200012602092e+00
-6.522335400000004313e+01 6.787184930352208045e-01 0.000000000000000000e+00 2.341357247212553450e+00
-6.331196600000002661e+01 6.588284643352919634e-01 0.000000000000000000e+00 1.944943340776878360e+00
-6.472265800000003821e+01 6.735082176699157541e-01 0.000000000000000000e+00 2.446665820046918238e+00
-6.362064599999999359e+01 6.620406086299581716e-01 0.000000000000000000e+00 2.365490717809825671e+00
-6.501732000000002643e+01 6.765744897385790324e-01 0.000000000000000000e+00 2.422685618744770508e+00
-6.380352400000001012e+01 6.639436490741723595e-01 0.000000000000000000e+00 2.027485347360521661e+00
-6.439278600000002939e+01 6.700755480354391169e-01 0.000000000000000000e+00 2.214118388931824999e+00
-6.497511400000001913e+01 6.761352913386156072e-01 0.000000000000000000e+00 2.200269481062937960e+00
-6.473557200000003320e+01 6.736426015996206385e-01 0.000000000000000000e+00 2.107732835123698134e+00
-6.483615800000004015e+01 6.746893061027415817e-01 0.000000000000000000e+00 2.049811912001151981e+00
-6.377281000000004241e+01 6.636240371787911485e-01 0.000000000000000000e+00 1.856680861569152796e+00
-6.432317400000006558e+01 6.693511610047270244e-01 0.000000000000000000e+00 2.089684465602838159e+00
-6.437521400000005656e+01 6.698926926526939107e-01 0.000000000000000000e+00 1.900298245439436817e+00
-6.448347400000004370e+01 6.710192533023653372e-01 0.000000000000000000e+00 1.994625031500124157e+00
-6.493758200000004877e+01 6.757447308887408743e-01 0.000000000000000000e+00 1.791964313113045382e+00
-6.437476200000000404e+01 6.698879891110930407e-01 0.000000000000000000e+00 2.004826546555520839e+00
-6.428600000000001558e+01 6.689643259262960662e-01 0.000000000000000000e+00 2.019350802569574554e+00
-6.422267600000004961e+01 6.683053722353690107e-01 0.000000000000000000e+00 2.096485130991557089e+00
-6.509146200000003546e+01 6.773460162459498113e-01 0.000000000000000000e+00 2.360306709515917589e+00
-6.275259200000004967e+01 6.530075818593146231e-01 0.000000000000000000e+00 2.406300655273924338e+00
-6.502119800000001248e+01 6.766148444605392109e-01 0.000000000000000000e+00 2.451686004166574229e+00
-6.413587200000003463e+01 6.674020841267961357e-01 0.000000000000000000e+00 2.159098879283024353e+00
-6.439874799999999766e+01 6.701375889978750111e-01 0.000000000000000000e+00 1.810648277815312346e+00
-6.360156000000006316e+01 6.618419984640653286e-01 0.000000000000000000e+00 2.389169262663607629e+00
-6.397987800000006331e+01 6.657788003471469818e-01 0.000000000000000000e+00 2.048705068597471701e+00
-6.482529600000000869e+01 6.745762754194165600e-01 0.000000000000000000e+00 1.832715880481668336e+00
-6.452953200000001743e+01 6.714985358665860327e-01 0.000000000000000000e+00 2.063387180032684398e+00
-6.488809400000005212e+01 6.752297555198979451e-01 0.000000000000000000e+00 2.130824227961726436e+00
-6.420033400000001222e+01 6.680728799202479973e-01 0.000000000000000000e+00 2.263987439922150458e+00
-6.487527200000003802e+01 6.750963289482176943e-01 0.000000000000000000e+00 2.295510809731010404e+00
-6.409511800000005621e+01 6.669779953339207701e-01 0.000000000000000000e+00 2.084214121126481523e+00
-6.380295200000003319e+01 6.639376968047138172e-01 0.000000000000000000e+00 2.252472818319609438e+00
-6.422698000000001173e+01 6.683501599412265959e-01 0.000000000000000000e+00 1.747241025737491738e+00
-6.383532200000001211e+01 6.642745411445424297e-01 0.000000000000000000e+00 1.972060663089513666e+00
-6.343238000000004462e+01 6.600815003048980945e-01 0.000000000000000000e+00 2.291722957589645393e+00
-6.475809600000002320e+01 6.738769878186599005e-01 0.000000000000000000e+00 1.834089019237858054e+00
-6.458090800000007903e+01 6.720331578870699651e-01 0.000000000000000000e+00 2.079216509085218600e+00
-6.341449800000005155e+01 6.598954190418515608e-01 0.000000000000000000e+00 2.196560670913976665e+00
-6.363293200000001804e+01 6.621684575505372150e-01 0.000000000000000000e+00 1.749277434255629649e+00
-6.568897600000008197e+01 6.835637860596192050e-01 0.000000000000000000e+00 2.366566885353660332e+00
-6.514571800000008750e+01 6.779106077350374182e-01 0.000000000000000000e+00 2.109460483103141382e+00
-6.497853400000001045e+01 6.761708800825826371e-01 0.000000000000000000e+00 2.060066830740001187e+00
-6.427729800000003024e+01 6.688737723444243555e-01 0.000000000000000000e+00 1.837277852110166254e+00
-6.472141400000003841e+01 6.734952725244494065e-01 0.000000000000000000e+00 1.783197538246416247e+00
-6.509960399999998515e+01 6.774307424311480919e-01 0.000000000000000000e+00 2.397695121347443337e+00
-6.453106800000000476e+01 6.715145195831746516e-01 0.000000000000000000e+00 2.168429145759155130e+00
-6.503202200000004041e+01 6.767274797133756570e-01 0.000000000000000000e+00 2.172503381200888040e+00
-6.411073600000004546e+01 6.671405172647036919e-01 0.000000000000000000e+00 1.454438109945076496e+00
-6.390592399999999884e+01 6.650092301800872852e-01 0.000000000000000000e+00 2.000512961647889831e+00
-6.488540000000000418e+01 6.752017215794742233e-01 0.000000000000000000e+00 2.193046890755075751e+00
-6.537394400000003714e+01 6.802855424369760318e-01 0.000000000000000000e+00 1.904571730449730715e+00
-6.494424800000004439e+01 6.758140977212802047e-01 0.000000000000000000e+00 2.486145150628972900e+00
-6.487665000000005477e+01 6.751106685064596213e-01 0.000000000000000000e+00 1.963634226338623501e+00
-6.520746600000003923e+01 6.785531614667561495e-01 0.000000000000000000e+00 2.267646091257619290e+00
-6.435012400000003652e+01 6.696316044696135616e-01 0.000000000000000000e+00 2.097357779968874070e+00
-6.506945400000003588e+01 6.771169995567019040e-01 0.000000000000000000e+00 2.236065602994001811e+00
-6.536856400000003475e+01 6.802295578046534397e-01 0.000000000000000000e+00 2.355802906022540277e+00
-6.537264200000005587e+01 6.802719937397115890e-01 0.000000000000000000e+00 2.175325005471666184e+00
-6.520243600000006268e+01 6.785008189573544790e-01 0.000000000000000000e+00 2.071182299431604701e+00
-6.557082800000003431e+01 6.823343302344073713e-01 0.000000000000000000e+00 2.307732996831008077e+00
-6.515458600000000899e+01 6.780028887237793400e-01 0.000000000000000000e+00 2.179637248524523230e+00
-6.536096800000001394e+01 6.801505133312105711e-01 0.000000000000000000e+00 2.000107462106913925e+00
-6.491225000000001444e+01 6.754811244378123858e-01 0.000000000000000000e+00 1.905863708520246114e+00
-6.490137199999999496e+01 6.753679272574397707e-01 0.000000000000000000e+00 2.245650689805121836e+00
-6.546874000000001104e+01 6.812719958209241256e-01 0.000000000000000000e+00 2.343960150400741238e+00
-6.588496400000003916e+01 6.856032500223734338e-01 0.000000000000000000e+00 2.264780724932160982e+00
-6.563762600000005420e+01 6.830294345968382919e-01 0.000000000000000000e+00 2.115100751361051135e+00
-6.556051000000003626e+01 6.822269604507078533e-01 0.000000000000000000e+00 2.171266472556623750e+00
-6.459050000000007685e+01 6.721329728672256199e-01 0.000000000000000000e+00 2.040211316743855363e+00
-6.482534199999999203e+01 6.745767540984287658e-01 0.000000000000000000e+00 1.901210700345196125e+00
-6.465605800000001580e+01 6.728151737084513417e-01 0.000000000000000000e+00 2.138011855150395046e+00
-6.492564000000004398e+01 6.756204616546896968e-01 0.000000000000000000e+00 2.154185510520710167e+00
-6.546305400000007069e+01 6.812128269325631313e-01 0.000000000000000000e+00 2.358040427486476798e+00
-6.473667000000004634e+01 6.736540274595260724e-01 0.000000000000000000e+00 1.840933988770401264e+00
-6.494189800000002322e+01 6.757896434673844599e-01 0.000000000000000000e+00 1.886173512481785774e+00
-6.569657800000004499e+01 6.836428929694544632e-01 0.000000000000000000e+00 1.614586438437991323e+00
-6.523387200000004782e+01 6.788279440320178493e-01 0.000000000000000000e+00 2.077771669535233734e+00
-6.379605400000003357e+01 6.638659157649814402e-01 0.000000000000000000e+00 2.049603259732738714e+00
-6.468147800000001268e+01 6.730796958931423157e-01 0.000000000000000000e+00 1.948657224060930115e+00
-6.465360200000003488e+01 6.727896164116142774e-01 0.000000000000000000e+00 1.970401865075992465e+00
-6.487906400000004226e+01 6.751357887485461839e-01 0.000000000000000000e+00 2.235643116724485679e+00
-6.485128200000002607e+01 6.748466874371735758e-01 0.000000000000000000e+00 2.296086480280142172e+00
-6.532917800000002728e+01 6.798197045093646862e-01 0.000000000000000000e+00 2.156719336136403431e+00
-6.454305200000001719e+01 6.716392258719764419e-01 0.000000000000000000e+00 2.276098053420334999e+00
-6.506555400000002010e+01 6.770764159013007433e-01 0.000000000000000000e+00 1.867485151695194023e+00
-6.446089000000003466e+01 6.707842427193966284e-01 0.000000000000000000e+00 2.142872003205328113e+00
-6.489722200000004193e+01 6.753247420856672845e-01 0.000000000000000000e+00 2.329074855113770770e+00
-6.424312600000001794e+01 6.685181762745870948e-01 0.000000000000000000e+00 1.982964072099230979e+00
-6.460806200000003230e+01 6.723157241893157332e-01 0.000000000000000000e+00 2.483957874151978107e+00
-6.498147000000005846e+01 6.762014322908542763e-01 0.000000000000000000e+00 2.133405138256537104e+00
-6.548336600000004637e+01 6.814241949347440430e-01 0.000000000000000000e+00 2.087810867059107345e+00
-6.465953600000003121e+01 6.728513660042167999e-01 0.000000000000000000e+00 2.479188004879701257e+00
-6.466269000000002620e+01 6.728841867347641337e-01 0.000000000000000000e+00 2.230965485496076983e+00
-6.483046200000005399e+01 6.746300331537251616e-01 0.000000000000000000e+00 2.302299024132445471e+00
-6.513760400000001027e+01 6.778261729196715102e-01 0.000000000000000000e+00 2.110050203429752802e+00
-6.446941000000005317e+01 6.708729023973498684e-01 0.000000000000000000e+00 2.046948161941764432e+00
-6.472673600000005933e+01 6.735506536049737925e-01 0.000000000000000000e+00 2.162908152620149682e+00
-6.456213200000004804e+01 6.718377736014772283e-01 0.000000000000000000e+00 2.123568486901615149e+00
-6.446912400000000787e+01 6.708699262626199866e-01 0.000000000000000000e+00 1.896158081203445089e+00
-6.498497000000004675e+01 6.762378535200601615e-01 0.000000000000000000e+00 1.732425855308507456e+00
-6.446364400000004480e+01 6.708129010237491308e-01 0.000000000000000000e+00 2.539183595763398138e+00
-6.528887800000001107e+01 6.794003400702202100e-01 0.000000000000000000e+00 2.430223370353873591e+00
-6.551101400000003139e+01 6.817119018333408498e-01 0.000000000000000000e+00 2.327269633643856750e+00
-6.470827800000003549e+01 6.733585784482062353e-01 0.000000000000000000e+00 1.967387015049620880e+00
-6.506516400000006684e+01 6.770723575357611157e-01 0.000000000000000000e+00 2.176093347927181565e+00
-6.521018200000006004e+01 6.785814243406201873e-01 0.000000000000000000e+00 2.318315824798491409e+00
-6.436899400000001492e+01 6.698279669253616175e-01 0.000000000000000000e+00 2.161932929645800083e+00
-6.546797800000000223e+01 6.812640663990225942e-01 0.000000000000000000e+00 2.215304313344609533e+00
-6.469144800000003670e+01 6.731834443660523748e-01 0.000000000000000000e+00 2.082865738190843974e+00
-6.496841200000004335e+01 6.760655498877189418e-01 0.000000000000000000e+00 2.371464371673580818e+00
-6.502099600000005353e+01 6.766127424353112207e-01 0.000000000000000000e+00 2.450233511853533663e+00
-6.550907800000003078e+01 6.816917556905571773e-01 0.000000000000000000e+00 1.970707251375054980e+00
-6.535546600000003536e+01 6.800932591588988441e-01 0.000000000000000000e+00 2.154832094807416887e+00
-6.449023400000002937e+01 6.710895983050603197e-01 0.000000000000000000e+00 2.093650360872082228e+00
-6.517437200000004793e+01 6.782087831355144703e-01 0.000000000000000000e+00 2.184224324702528808e+00
-6.468035200000001339e+01 6.730679786634033990e-01 0.000000000000000000e+00 2.137183168342494444e+00
-6.420944000000007179e+01 6.681676375525773537e-01 0.000000000000000000e+00 2.492454830973761748e+00
-6.444123400000003699e+01 6.705797010961752624e-01 0.000000000000000000e+00 2.122860480350591050e+00
-6.523894600000002697e+01 6.788807444083009290e-01 0.000000000000000000e+00 1.998745858672281495e+00
-6.507870600000002526e+01 6.772132764745917299e-01 0.000000000000000000e+00 2.042125202080846247e+00
-6.469252400000004855e+01 6.731946412925170486e-01 0.000000000000000000e+00 2.062506708020680257e+00
-6.536713800000003971e+01 6.802147187552683993e-01 0.000000000000000000e+00 2.197379628942830010e+00
-6.543034600000005696e+01 6.808724653425994866e-01 0.000000000000000000e+00 2.344949095242105042e+00
-6.519285800000004372e+01 6.784011496621155102e-01 0.000000000000000000e+00 2.066419040158920861e+00
-6.465652400000003297e+01 6.728200229349686756e-01 0.000000000000000000e+00 2.054669062547518354e+00
-6.493487000000006049e+01 6.757165096391390957e-01 0.000000000000000000e+00 1.795023696391236934e+00
-6.486722200000004079e+01 6.750125601210437143e-01 0.000000000000000000e+00 2.363940116299586780e+00
-6.456864000000001624e+01 6.719054962756693117e-01 0.000000000000000000e+00 2.311257897047982457e+00
-6.475705200000000161e+01 6.738661238862908576e-01 0.000000000000000000e+00 2.288087063155993750e+00
-6.494783800000000440e+01 6.758514554963797050e-01 0.000000000000000000e+00 1.746869350418142286e+00
-6.525902200000001585e+01 6.790896565790268680e-01 0.000000000000000000e+00 2.330033616594534340e+00
-6.467090600000001643e+01 6.729696829688089910e-01 0.000000000000000000e+00 2.079203174383800867e+00
-6.448066800000006538e+01 6.709900538826076843e-01 0.000000000000000000e+00 2.186024832858663114e+00
-6.428552400000000944e+01 6.689593726391239725e-01 0.000000000000000000e+00 2.223183471534693645e+00
-6.445398800000005224e+01 6.707124200554024362e-01 0.000000000000000000e+00 2.431008011541257119e+00
-6.434897200000004602e+01 6.696196166821721807e-01 0.000000000000000000e+00 2.001170493449907273e+00
-6.494268000000002417e+01 6.757977810105956218e-01 0.000000000000000000e+00 2.229595141760408072e+00
-6.446677400000001512e+01 6.708454720087245748e-01 0.000000000000000000e+00 1.609969775148877957e+00
-6.462953800000005344e+01 6.725392048517244703e-01 0.000000000000000000e+00 2.021546471071845374e+00
-6.488875200000002508e+01 6.752366027109883984e-01 0.000000000000000000e+00 2.547819107975614283e+00
-6.429566400000004478e+01 6.690648901431670570e-01 0.000000000000000000e+00 2.138963313115147091e+00
-6.556199200000006044e+01 6.822423822397605253e-01 0.000000000000000000e+00 2.240915274753202624e+00
-6.519896400000008896e+01 6.784646890979822986e-01 0.000000000000000000e+00 2.237539759932047900e+00
-6.570434600000001524e+01 6.837237272861607096e-01 0.000000000000000000e+00 2.581650302016721632e+00
-6.489604200000005108e+01 6.753124629283921987e-01 0.000000000000000000e+00 2.026953860890222003e+00
-6.474490200000005302e+01 6.737396901906188562e-01 0.000000000000000000e+00 2.129664382245723075e+00
-6.455546400000004326e+01 6.717683859568068794e-01 0.000000000000000000e+00 1.996763904321189997e+00
-6.422089800000003379e+01 6.682868702509321412e-01 0.000000000000000000e+00 2.036633165522218292e+00
-6.483361600000003477e+01 6.746628538842723843e-01 0.000000000000000000e+00 2.241650864367868312e+00
-6.478267200000007620e+01 6.741327272840801355e-01 0.000000000000000000e+00 1.740778071135276939e+00
-6.505280400000002317e+01 6.769437385663357176e-01 0.000000000000000000e+00 1.962088617729133233e+00
-6.440878400000005399e+01 6.702420242711076837e-01 0.000000000000000000e+00 1.863546428901277974e+00
-6.479018600000001982e+01 6.742109184601522420e-01 0.000000000000000000e+00 2.109765487710744125e+00
-6.546518600000000276e+01 6.812350126641816273e-01 0.000000000000000000e+00 2.334494683324142006e+00
-6.453482200000000546e+01 6.715535839530145656e-01 0.000000000000000000e+00 2.219218737566821087e+00
-6.421156800000005660e+01 6.681897816599344786e-01 0.000000000000000000e+00 1.941554846195140849e+00
-6.526946800000001758e+01 6.791983583391087986e-01 0.000000000000000000e+00 2.239322002952020441e+00
-6.463700200000003804e+01 6.726168757245226670e-01 0.000000000000000000e+00 1.878362078561473414e+00
-6.374556800000001999e+01 6.633405551427817848e-01 0.000000000000000000e+00 1.791532646876478951e+00
-6.509304200000003959e+01 6.773624578294199505e-01 0.000000000000000000e+00 2.429180773125213300e+00
-6.475613799999999287e+01 6.738566127424352459e-01 0.000000000000000000e+00 2.023131822563894566e+00
-6.413345600000002378e+01 6.673769430725783325e-01 0.000000000000000000e+00 1.964087002759317580e+00
-6.473172000000000992e+01 6.736025174353628131e-01 0.000000000000000000e+00 1.964293026135676135e+00
-6.481530800000004433e+01 6.744723396373282220e-01 0.000000000000000000e+00 2.247487870134119436e+00
-6.463180600000001164e+01 6.725628058082495642e-01 0.000000000000000000e+00 1.776892671384572742e+00
-6.578395800000004101e+01 6.845521749717479176e-01 0.000000000000000000e+00 2.311202236328115056e+00
-6.501759200000002181e+01 6.765773201883915622e-01 0.000000000000000000e+00 2.094624920194303463e+00
-6.492273800000003803e+01 6.755902632526450402e-01 0.000000000000000000e+00 2.364266731383596110e+00
-6.417609200000005387e+01 6.678206160807016456e-01 0.000000000000000000e+00 2.134861558574416396e+00
-6.441444000000004166e+01 6.703008809775045096e-01 0.000000000000000000e+00 2.027691157723757964e+00
-6.459300200000001269e+01 6.721590088430745569e-01 0.000000000000000000e+00 1.799495476654778603e+00
-6.500156200000004958e+01 6.764105109586280307e-01 0.000000000000000000e+00 2.333364678005050319e+00
-6.446626200000004303e+01 6.708401441031952572e-01 0.000000000000000000e+00 1.769355030739744095e+00
-6.508283600000001456e+01 6.772562535250548077e-01 0.000000000000000000e+00 2.381998080447707888e+00
-6.422372600000002762e+01 6.683162986041306652e-01 0.000000000000000000e+00 1.885751129322588149e+00
-6.554583200000004695e+01 6.820742202214831185e-01 0.000000000000000000e+00 2.683686235663720776e+00
-6.591009000000003937e+01 6.858647128238111179e-01 0.000000000000000000e+00 2.377245173398074840e+00
-6.489752800000003674e+01 6.753279263417063527e-01 0.000000000000000000e+00 2.270354505940080259e+00
-6.421287000000002365e+01 6.682033303571988103e-01 0.000000000000000000e+00 2.115623504985820080e+00
-6.497925800000005836e+01 6.761784140739960369e-01 0.000000000000000000e+00 1.865308876806988314e+00
-6.403960000000003561e+01 6.664002713901882036e-01 0.000000000000000000e+00 1.702431945568729121e+00
-6.497471200000003932e+01 6.761311081002898682e-01 0.000000000000000000e+00 2.044064366600044202e+00
-6.484891000000004624e+01 6.748220042498376259e-01 0.000000000000000000e+00 1.812948180659771591e+00
-6.588813000000003228e+01 6.856361956257065460e-01 0.000000000000000000e+00 2.245864004693017613e+00
-6.547932600000004300e+01 6.813821544301746913e-01 0.000000000000000000e+00 1.733153192656713859e+00
-6.586171000000003062e+01 6.853612673755281604e-01 0.000000000000000000e+00 2.245239034472541917e+00
-6.619567000000003532e+01 6.888364770057173736e-01 0.000000000000000000e+00 2.464289741651350951e+00
-6.484584600000003718e+01 6.747901200651839071e-01 0.000000000000000000e+00 1.790886838346191334e+00
-6.488310200000005068e+01 6.751778084409845171e-01 0.000000000000000000e+00 2.150213707677175456e+00
-6.518214800000001219e+01 6.782897007007445689e-01 0.000000000000000000e+00 2.508649916696511273e+00
-6.520129600000002768e+01 6.784889560426984323e-01 0.000000000000000000e+00 2.272773329671185838e+00
-6.548633200000003285e+01 6.814550593249796284e-01 0.000000000000000000e+00 2.026856616341688788e+00
-6.530621800000004384e+01 6.795807812457729247e-01 0.000000000000000000e+00 2.004771245187668249e+00
-6.551749600000003682e+01 6.817793539498305799e-01 0.000000000000000000e+00 1.821405948346141335e+00
-6.509639200000002290e+01 6.773973181488027739e-01 0.000000000000000000e+00 2.058047622603775828e+00
-6.415715200000006746e+01 6.676235252003694942e-01 0.000000000000000000e+00 2.285729207981160194e+00
-6.457915800000004936e+01 6.720149472724666895e-01 0.000000000000000000e+00 2.049989234422582296e+00
-6.380271400000000170e+01 6.639352201611274928e-01 0.000000000000000000e+00 1.921237228108676476e+00
-6.394557800000002601e+01 6.654218723009269754e-01 0.000000000000000000e+00 2.009002896337113597e+00
-6.543982200000002081e+01 6.809710732191581739e-01 0.000000000000000000e+00 1.866127104247746971e+00
-6.483515800000002116e+01 6.746789000372538370e-01 0.000000000000000000e+00 1.806535703918223712e+00
-6.546520600000002332e+01 6.812352207854915909e-01 0.000000000000000000e+00 2.041013807990547768e+00
-6.540052600000001348e+01 6.805621564697631465e-01 0.000000000000000000e+00 2.078754031568337268e+00
-6.539209000000005290e+01 6.804743709013114650e-01 0.000000000000000000e+00 2.288714918746527882e+00
-6.627346800000000826e+01 6.896460480885098221e-01 0.000000000000000000e+00 3.003561154809874623e+00
-6.546403400000004069e+01 6.812230248767405794e-01 0.000000000000000000e+00 2.079285358595275746e+00
-6.521846200000004501e+01 6.786675865628561954e-01 0.000000000000000000e+00 2.155735464495783571e+00
-6.559949800000006803e+01 6.826326721319329049e-01 0.000000000000000000e+00 1.912715147836613339e+00
-6.553851200000005406e+01 6.819980478221150388e-01 0.000000000000000000e+00 2.231580526876714821e+00
-6.532756000000004803e+01 6.798028674954061934e-01 0.000000000000000000e+00 2.534849062986040735e+00
-6.505751399999999762e+01 6.769927511347814120e-01 0.000000000000000000e+00 1.658620209876299878e+00
-6.516871600000000342e+01 6.781499264291169782e-01 0.000000000000000000e+00 2.224031536034677625e+00
-6.573786400000003027e+01 6.840725177891692210e-01 0.000000000000000000e+00 2.254172583872589897e+00
-6.545998600000001488e+01 6.811809011236470424e-01 0.000000000000000000e+00 1.562134423335487909e+00
-6.586614200000008168e+01 6.854073870577690464e-01 0.000000000000000000e+00 1.834881898116705212e+00
-6.524499199999999632e+01 6.789436594802377156e-01 0.000000000000000000e+00 2.299395695916646165e+00
-6.503807800000004136e+01 6.767904988459677584e-01 0.000000000000000000e+00 1.852022190650701283e+00
-6.507261600000001067e+01 6.771499035357729790e-01 0.000000000000000000e+00 2.147207724338421997e+00
-6.490777800000003595e+01 6.754345885129527938e-01 0.000000000000000000e+00 2.406662657579972997e+00
-6.526592400000002669e+01 6.791614792430213932e-01 0.000000000000000000e+00 1.893228015803225972e+00
-6.643242000000003600e+01 6.913001130098714864e-01 0.000000000000000000e+00 2.109988665295803312e+00
-6.593426400000001308e+01 6.861162690509045037e-01 0.000000000000000000e+00 2.167437882489020140e+00
-6.601647400000007337e+01 6.869717516946284297e-01 0.000000000000000000e+00 2.051066465865496458e+00
-6.534684000000004289e+01 6.800034964380041735e-01 0.000000000000000000e+00 2.025634820858573715e+00
-6.586620000000002051e+01 6.854079906095666974e-01 0.000000000000000000e+00 2.158458177739495998e+00
-6.540741800000002115e+01 6.806338750731028009e-01 0.000000000000000000e+00 2.496200893413586641e+00
-6.527345000000003949e+01 6.792397952918800552e-01 0.000000000000000000e+00 2.072645866417067495e+00
-6.544813400000005288e+01 6.810575684354901460e-01 0.000000000000000000e+00 2.187263074810226193e+00
-6.544265400000004718e+01 6.810005431966188461e-01 0.000000000000000000e+00 1.823451750374392333e+00
-6.556984200000003682e+01 6.823240698538367566e-01 0.000000000000000000e+00 1.946718147159677725e+00
-6.593264200000001551e+01 6.860993904126838627e-01 0.000000000000000000e+00 2.359386881030705041e+00
-6.575959200000002625e+01 6.842986207800805243e-01 0.000000000000000000e+00 1.971147499038480300e+00
-6.589156800000004921e+01 6.856719716788526320e-01 0.000000000000000000e+00 2.345441958261111459e+00
-6.587849200000007954e+01 6.855359019665390186e-01 0.000000000000000000e+00 2.026290863167865997e+00
-6.545634800000004816e+01 6.811430438574040958e-01 0.000000000000000000e+00 2.207835043175723211e+00
-6.555492800000004650e+01 6.821688737931569380e-01 0.000000000000000000e+00 2.369593167574159498e+00
-6.577765000000003681e+01 6.844865335106530280e-01 0.000000000000000000e+00 2.475551171502473835e+00
-6.585107800000002953e+01 6.852506300872654998e-01 0.000000000000000000e+00 2.510602993913307657e+00
-6.521470400000004020e+01 6.786284805687542443e-01 0.000000000000000000e+00 2.088272595789944841e+00
-6.545678800000004571e+01 6.811476225262185213e-01 0.000000000000000000e+00 1.862991139787104178e+00
-6.483786400000003880e+01 6.747070588504631150e-01 0.000000000000000000e+00 2.015758802486552703e+00
-6.600674400000002606e+01 6.868705006774350474e-01 0.000000000000000000e+00 2.247421603235784993e+00
-6.570055000000003531e+01 6.836842258615705159e-01 0.000000000000000000e+00 1.918155132891598225e+00
-6.606731800000007127e+01 6.875008376882724148e-01 0.000000000000000000e+00 2.270117575577408786e+00
-6.625260800000002348e+01 6.894289775624418137e-01 0.000000000000000000e+00 2.301636673347243534e+00
-6.587918400000003771e+01 6.855431029638558993e-01 0.000000000000000000e+00 2.250492117258450442e+00
-6.583521200000002693e+01 6.850855274522416050e-01 0.000000000000000000e+00 2.108839861217201683e+00
-6.495655600000004881e+01 6.759421755752997862e-01 0.000000000000000000e+00 1.944729190376652372e+00
-6.558931400000004430e+01 6.825266967610085223e-01 0.000000000000000000e+00 2.162936590272445780e+00
-6.541558200000004319e+01 6.807188301917426188e-01 0.000000000000000000e+00 2.270908996498934407e+00
-6.526878200000007268e+01 6.791912197781849736e-01 0.000000000000000000e+00 2.062860444776190239e+00
-6.542377000000007570e+01 6.808040350559541043e-01 0.000000000000000000e+00 1.866137142291097506e+00
-6.623575000000003854e+01 6.892535521104544705e-01 0.000000000000000000e+00 2.130511139007337462e+00
-6.538643000000000427e+01 6.804154725706519358e-01 0.000000000000000000e+00 1.967689889826456762e+00
-6.510211800000004700e+01 6.774569032797841395e-01 0.000000000000000000e+00 2.289100569359595383e+00
-6.567643800000000454e+01 6.834333148105368183e-01 0.000000000000000000e+00 1.957854115693861585e+00
-6.594227000000002192e+01 6.861995800111970745e-01 0.000000000000000000e+00 2.022768019548729868e+00
-6.547009200000003659e+01 6.812860648214634773e-01 0.000000000000000000e+00 1.955281220192216285e+00
-6.557546600000002002e+01 6.823825935661379516e-01 0.000000000000000000e+00 2.453110083395477758e+00
-6.545682600000006346e+01 6.811480179567072080e-01 0.000000000000000000e+00 2.174975676660463542e+00
-6.610205200000004311e+01 6.878622819669132360e-01 0.000000000000000000e+00 2.443271203744370013e+00
-6.571601000000002557e+01 6.838451036340064126e-01 0.000000000000000000e+00 2.116828752252679191e+00
-6.527189400000001740e+01 6.792236034539813616e-01 0.000000000000000000e+00 2.317028626871367347e+00
-6.569829000000002850e+01 6.836607081535688302e-01 0.000000000000000000e+00 2.166968474900390351e+00
-6.592850400000003219e+01 6.860563301136969327e-01 0.000000000000000000e+00 2.529994170549437982e+00
-6.582749800000000562e+01 6.850052550630711945e-01 0.000000000000000000e+00 2.039408765481612651e+00
-6.582698600000004774e+01 6.849999271575419879e-01 0.000000000000000000e+00 1.908740418193224153e+00
-6.609213000000005422e+01 6.877590329851468454e-01 0.000000000000000000e+00 2.029729583098459411e+00
-6.620656400000005704e+01 6.889498406831379151e-01 0.000000000000000000e+00 1.998877600080867678e+00
-6.610818400000000850e+01 6.879260919604819335e-01 0.000000000000000000e+00 2.635475206367491996e+00
-6.589015800000001377e+01 6.856572991265149630e-01 0.000000000000000000e+00 2.397765262484164772e+00
-6.582090600000003633e+01 6.849366582793782188e-01 0.000000000000000000e+00 1.980736937944403975e+00
-6.534814600000004248e+01 6.800170867595307644e-01 0.000000000000000000e+00 2.018310327392843551e+00
-6.491067200000003368e+01 6.754647036664733761e-01 0.000000000000000000e+00 1.951162416243614084e+00
-6.567602800000000229e+01 6.834290483236868941e-01 0.000000000000000000e+00 1.817858945094086742e+00
-6.593160000000010257e+01 6.860885472924468376e-01 0.000000000000000000e+00 2.021227495829944321e+00
-6.604714800000004971e+01 6.872909473473902686e-01 0.000000000000000000e+00 2.274654588340521144e+00
-6.572992000000002122e+01 6.839898520049367825e-01 0.000000000000000000e+00 2.439885640804097200e+00
-6.597511200000003839e+01 6.865413360139361876e-01 0.000000000000000000e+00 2.226078810501014971e+00
-6.560395200000004934e+01 6.826790207476138850e-01 0.000000000000000000e+00 2.071666123234527035e+00
-6.555369600000003061e+01 6.821560535204762576e-01 0.000000000000000000e+00 2.241789208317609638e+00
-6.531511800000006929e+01 6.796733952286114766e-01 0.000000000000000000e+00 2.089561541189969507e+00
-6.555508800000005465e+01 6.821705387636350926e-01 0.000000000000000000e+00 2.014617340574992088e+00
-6.548576600000005499e+01 6.814491694919139197e-01 0.000000000000000000e+00 2.082055490979814127e+00
-6.530870600000005766e+01 6.796066715367058420e-01 0.000000000000000000e+00 2.104687136221861099e+00
-6.525033200000002864e+01 6.789992278699410466e-01 0.000000000000000000e+00 1.828496223172905166e+00
-6.540188800000002800e+01 6.805763295309572580e-01 0.000000000000000000e+00 2.002194020067975089e+00
-6.576843800000004592e+01 6.843906728353826852e-01 0.000000000000000000e+00 2.226181410142634043e+00
-6.488605200000003492e+01 6.752085063341723981e-01 0.000000000000000000e+00 2.090006450063992105e+00
-6.531370800000001964e+01 6.796587226762736966e-01 0.000000000000000000e+00 2.026568746322640280e+00
-6.457285600000005843e+01 6.719493682477648555e-01 0.000000000000000000e+00 1.738896380549131315e+00
-6.479217600000001198e+01 6.742316265304721945e-01 0.000000000000000000e+00 2.220183458664001908e+00
-6.475431600000001708e+01 6.738376528911173002e-01 0.000000000000000000e+00 2.009134259543828627e+00
-6.514182800000004647e+01 6.778701281402907952e-01 0.000000000000000000e+00 2.015558989365511255e+00
-6.526183600000004503e+01 6.791189392473089281e-01 0.000000000000000000e+00 2.179546498169012914e+00
-6.540338000000004115e+01 6.805918553806646898e-01 0.000000000000000000e+00 2.402461538766547555e+00
-6.554673400000007177e+01 6.820836064925530628e-01 0.000000000000000000e+00 1.960447073327196366e+00
-6.628417400000002146e+01 6.897574554256186152e-01 0.000000000000000000e+00 2.551618866864997504e+00
-6.572017600000002346e+01 6.838884553028271585e-01 0.000000000000000000e+00 2.118298101565252001e+00
-6.615929400000001692e+01 6.884579459675457258e-01 0.000000000000000000e+00 2.104653303430377598e+00
-6.592926800000005016e+01 6.860642803477295937e-01 0.000000000000000000e+00 1.985363054139830163e+00
-6.569815600000005418e+01 6.836593137407938059e-01 0.000000000000000000e+00 2.078802247134370784e+00
-6.583093600000002255e+01 6.850410311162171695e-01 0.000000000000000000e+00 2.192771354711759102e+00
-6.493293800000002136e+01 6.756964051206169053e-01 0.000000000000000000e+00 1.889201262400209691e+00
-6.496624400000004584e+01 6.760429895377422227e-01 0.000000000000000000e+00 1.972617872875505274e+00
-6.513463800000005222e+01 6.777953085294361468e-01 0.000000000000000000e+00 2.059362350795689522e+00
-6.526367000000001894e+01 6.791380239714126521e-01 0.000000000000000000e+00 2.445782662424889953e+00
-6.512947000000008302e+01 6.777415299829973039e-01 0.000000000000000000e+00 2.134628062107156055e+00
-6.529559400000005098e+01 6.794702272060343384e-01 0.000000000000000000e+00 1.934369668838201273e+00
-6.587609800000005578e+01 6.855109898457618645e-01 0.000000000000000000e+00 2.084911362889815933e+00
-6.582910200000003442e+01 6.850219463921133345e-01 0.000000000000000000e+00 2.003018926267513322e+00
-6.516664999999998997e+01 6.781284274978197635e-01 0.000000000000000000e+00 2.498061911611164199e+00
-6.557208000000004233e+01 6.823473586283976822e-01 0.000000000000000000e+00 2.339697964103982564e+00
-6.602268600000003573e+01 6.870363941734360935e-01 0.000000000000000000e+00 2.338794609550100212e+00
-6.532864200000003052e+01 6.798141268582633678e-01 0.000000000000000000e+00 1.978687488311380527e+00
-6.615839600000002463e+01 6.884486013207380406e-01 0.000000000000000000e+00 1.825705934695901700e+00
-6.561255400000005977e+01 6.827685337229369988e-01 0.000000000000000000e+00 2.132267176932155728e+00
-6.613599800000005757e+01 6.882155262659503947e-01 0.000000000000000000e+00 2.080239121549309900e+00
-6.569505000000003747e+01 6.836269925013895854e-01 0.000000000000000000e+00 1.938551081831140888e+00
-6.470883200000004365e+01 6.733643434084863877e-01 0.000000000000000000e+00 2.306987280174047417e+00
-6.539451200000004860e+01 6.804995743919219908e-01 0.000000000000000000e+00 2.246459426341365528e+00
-6.544529400000000408e+01 6.810280152095052886e-01 0.000000000000000000e+00 2.106598868961794047e+00
-6.543254600000001631e+01 6.808953586866713925e-01 0.000000000000000000e+00 1.917973750434967650e+00
-6.538403400000002819e+01 6.803905396377443182e-01 0.000000000000000000e+00 2.039183843284148701e+00
-6.579410000000005709e+01 6.846577132879217986e-01 0.000000000000000000e+00 2.011856949249231530e+00
-6.559178800000002241e+01 6.825524413670241985e-01 0.000000000000000000e+00 2.200890980245330475e+00
-6.610072800000004634e+01 6.878485043362079221e-01 0.000000000000000000e+00 2.222055415308769710e+00
-6.567596200000002682e+01 6.834283615233649467e-01 0.000000000000000000e+00 2.457516232147548774e+00
-6.550447200000000691e+01 6.816438253529217839e-01 0.000000000000000000e+00 1.931459824629436772e+00
-6.547300400000001730e+01 6.813163672841626717e-01 0.000000000000000000e+00 2.120757339278837694e+00
-6.570855800000003910e+01 6.837675576339941053e-01 0.000000000000000000e+00 2.160707052495324021e+00
-6.637767800000001728e+01 6.907304641729572481e-01 0.000000000000000000e+00 2.086030755633892397e+00
-6.550705400000005341e+01 6.816706938140107974e-01 0.000000000000000000e+00 2.157140524000898285e+00
-6.593400400000003003e+01 6.861135634738779743e-01 0.000000000000000000e+00 2.425625767429964608e+00
-6.588158400000003212e+01 6.855680775210257760e-01 0.000000000000000000e+00 2.457951993626755094e+00
-6.636961199999998939e+01 6.906465288487352305e-01 0.000000000000000000e+00 2.268854949545423327e+00
-6.618704000000006715e+01 6.887466726605609990e-01 0.000000000000000000e+00 2.112952082425501033e+00
-6.590226800000003493e+01 6.857833165795682584e-01 0.000000000000000000e+00 2.319332335000264145e+00
-6.527316200000001345e+01 6.792367983450194879e-01 0.000000000000000000e+00 2.414053228254183558e+00
-6.537547599999999193e+01 6.803014845293022805e-01 0.000000000000000000e+00 1.995710414364779695e+00
-6.541151200000003030e+01 6.806764775052085437e-01 0.000000000000000000e+00 2.085359118518410160e+00
-6.623073800000001654e+01 6.892013969102311899e-01 0.000000000000000000e+00 2.249110910612988068e+00
-6.571532200000004309e+01 6.838379442609512360e-01 0.000000000000000000e+00 2.135705507806908710e+00
-6.582709400000000244e+01 6.850010510126142149e-01 0.000000000000000000e+00 1.980235528579998405e+00
-6.608777200000001528e+01 6.877136833517522030e-01 0.000000000000000000e+00 2.106553071548040723e+00
-6.483072800000005032e+01 6.746328011671447467e-01 0.000000000000000000e+00 2.039332162326429110e+00
-6.488784800000001951e+01 6.752271956277876575e-01 0.000000000000000000e+00 1.754445690727738150e+00
-6.549532000000003507e+01 6.815485890415808878e-01 0.000000000000000000e+00 1.983800672823494482e+00
-6.541214200000003132e+01 6.806830333264656252e-01 0.000000000000000000e+00 2.293100174774646227e+00
-6.570082000000002154e+01 6.836870354992520271e-01 0.000000000000000000e+00 2.213982837614719479e+00
-6.607063000000005104e+01 6.875353025771666626e-01 0.000000000000000000e+00 2.341963535738179392e+00
-6.599291800000003150e+01 6.867266264160056810e-01 0.000000000000000000e+00 2.123613684759300124e+00
-6.560606200000000854e+01 6.827009775457919538e-01 0.000000000000000000e+00 1.777121829852240209e+00
-6.569007400000002406e+01 6.835752119195238619e-01 0.000000000000000000e+00 2.141802902900435068e+00
-6.620222600000005286e+01 6.889046991710533474e-01 0.000000000000000000e+00 2.521618917796640602e+00
-6.585275800000003699e+01 6.852681122772845690e-01 0.000000000000000000e+00 1.541988898359072380e+00
-6.542847200000004193e+01 6.808529643758758354e-01 0.000000000000000000e+00 1.868416858408165293e+00
-6.567672800000002553e+01 6.834363325695282931e-01 0.000000000000000000e+00 2.076562874690148330e+00
-6.522233400000003201e+01 6.787078788484234293e-01 0.000000000000000000e+00 1.769697902440704462e+00
-6.661000199999999438e+01 6.931480429312636415e-01 0.000000000000000000e+00 2.656178695840771820e+00
-6.575723600000003444e+01 6.842741040897921678e-01 0.000000000000000000e+00 2.587005156450019605e+00
-6.571763800000003641e+01 6.838620447086201093e-01 0.000000000000000000e+00 2.217503457220267205e+00
-6.636092200000004482e+01 6.905561001396498533e-01 0.000000000000000000e+00 2.309618781241316476e+00
-6.538759000000004562e+01 6.804275436066178351e-01 0.000000000000000000e+00 2.052330073158779022e+00
