1.105443316291586209e+00
-2.092235866116004817e-01
-1.409732269732697635e-02
8.641044737905109185e-01
4.149104299474872248e-01
1.054681258230147911e+00
1.399771800228459373e+00
2.639953880714331902e-01
-1.381160395094547244e+00
5.239715299865406184e-01
-5.620054572316577346e-01
1.177534337615203652e+00
1.130470552886044949e-01
5.849843498380852269e-01
-7.126030840632053831e-01
6.058756229172698182e-01
2.923006380772929513e-01
1.383956866098420946e+00
-2.501495611942479158e-01
8.497787385667234794e-01
-2.481140635819805151e-01
-1.626315832707942166e-01
1.020448539991406944e+00
-8.381482040426064817e-01
-1.021562648128702788e+00
1.223407982488094570e+00
-4.473752838564937911e-02
2.844560102343045016e-01
-2.516340838072887998e-01
2.248502730738533295e-01
-1.991792006076784916e-01
-6.533320854420682222e-01
-5.418937895973479080e-01
-3.293393103660129939e-01
1.449778645698082125e+00
-4.436149332007164325e-01
-5.031199161816841681e-01
-1.025872429124984775e+00
1.356990590580795963e+00
-1.151466416418860828e+00
1.031871539105501556e+00
5.639522077368364084e-01
-1.037510876039241303e+00
8.397286011200233435e-01
1.986234602482692457e+00
-2.100940024731527411e-01
5.519313591927749174e-01
-4.478304716316721668e-01
-4.971642274339051482e-01
1.086144685931430320e+00
2.358653693155913222e-01
7.102932504692548166e-02
-7.359747445619957418e-01
1.000995752649625814e+00
2.175405635649775016e-01
3.918787780972710633e-01
-8.002413226148106240e-01
4.560590005689028614e-01
2.308010741342476635e-01
1.629622326262470722e+00
4.290592067208458538e-01
1.707096017947342670e-01
4.408738281765017808e-01
1.148079087597238201e+00
7.132925150349164745e-02
-2.258635092425286262e-01
-1.762596246877600747e-01
1.397931086825059843e+00
-5.539511084579143430e-02
-1.868160293376830150e-01
-4.740190163552548408e-01
-4.888340429343511762e-01
-7.347416778372182211e-01
-1.990483408718171088e-01
-1.844096582380051752e-01
-3.973736851517835622e-01
9.949174729839755926e-01
8.343135062623983078e-01
4.187990418854519170e-01
3.765666881811459699e-01
-1.812568282480354342e-01
1.064287867712582880e+00
-3.316876939243172950e-01
-2.016838838630275466e-01
-1.009499966923587816e-01
1.002450879449520993e-01
7.765773701987756239e-02
6.043965251177287890e-01
-2.820723856771679139e-01
-1.293665548427430090e-01
-6.176095870200376536e-01
4.920470615228155209e-01
4.693970871200281447e-01
-4.215921039594713871e-01
4.114991153675036095e-01
-1.533475843910274694e-01
-8.574251720889654038e-01
-5.410969121678448346e-01
2.816132663203185782e-01
7.139674702338343337e-01
2.271646894868296906e-01
7.435039914037551156e-01
1.676048470964685677e+00
6.777100910932620792e-01
-1.621027970160825171e-01
2.010524084850933979e-01
1.011617364227799909e+00
-2.036324257027655460e-01
6.757680709754171344e-01
7.568288641813476492e-01
-2.129910571290230259e-01
-9.262389105311444881e-01
-3.910605925467109945e-01
2.613012022342564578e-01
-3.221910813612748337e-01
-3.091956781528037990e-01
-6.663152042439220990e-01
8.232142005213602953e-01
-3.009808445794932008e-01
1.412095687209754223e-02
3.103699291816554018e-01
5.828261501992010318e-01
5.219891853764201395e-01
-5.723633280566081671e-01
2.006476617272763274e+00
-7.829972806120098772e-02
7.581791006150050416e-01
-2.881748037589841327e-01
1.419403599396327764e-01
8.833298514019267689e-01
-1.645837968402197315e-01
-4.077542735202899227e-01
4.445864564258553697e-01
-4.270263858754094755e-01
-1.792335579354342456e-01
2.379009664449366346e-01
1.477085951613844698e-02
7.494407376571952106e-01
-9.993548519117181894e-02
9.501809893706480992e-01
8.706493601196082510e-01
2.210932629808605998e-01
-8.746242874267858847e-01
-5.065397435594717335e-01
-7.628630794375931279e-01
-1.187200659295288285e-01
-3.990277561347425894e-02
1.353665649487304057e+00
3.521898492239718403e-01
-5.616065632183916412e-01
-7.100076651701110464e-01
-5.429203580891668324e-01
-2.246106156440183799e-01
8.631159654308816487e-01
-2.224896148889391467e-01
-1.157585137711373835e-01
-8.727759631331474810e-02
-4.512629732432104634e-01
-4.645724961647780260e-01
-4.843925296776565026e-01
-2.196566514008574944e-01
-5.908423241156208761e-01
3.809069482142163343e-01
-9.220729180135128766e-01
-4.905130027466345632e-01
-8.416508214943139166e-01
5.120188003191387116e-01
1.524639917611839979e-01
-1.387965784263604091e-02
-2.177196447917658095e-01
-4.024164753694450258e-01
-7.789422560795610240e-01
1.126758677309741136e-01
-5.945518322636357267e-01
1.629729706060853434e-01
1.198095355824962405e-01
-3.349185284984383948e-01
-2.500507174608995187e-01
-3.461209553739204026e-01
-5.985391361190245396e-01
-9.586881685907404638e-01
-5.414967059202317051e-02
-4.733345837230068520e-01
3.103690768691787505e-01
2.190508390018703899e-01
-1.894799056699236761e-01
-3.806855641283088953e-01
5.392110942206651547e-01
9.158092946439155835e-01
-3.630512848022247052e-01
9.036051439926756634e-02
1.038646779955994637e+00
2.501726938191097815e-01
-2.530653947420309913e-01
-1.862926612675317173e-01
8.958001973822614372e-02
2.426412451614071430e-01
3.339195793096779163e-01
1.288260836675666265e+00
-7.935243647507951581e-02
-1.924874401282486436e-01
-2.202100529253963324e-01
-5.004831022617731717e-01
8.594034539357783831e-02
1.362868853221883003e-01
4.591442476306887843e-01
3.575952346816457794e-02
6.951960415554372941e-02
-4.862065587812151590e-01
2.167837797601538385e-01
1.221874395425512003e-02
8.256483210884413282e-01
6.996067898185239775e-01
3.737800331337333692e-01
-6.720397632631805451e-02
-2.602501152078947055e-01
-5.715061086500549357e-03
1.178114444178377240e-01
2.237840683136416500e-02
8.524710597651532495e-01
-8.818899123450485433e-01
-4.272350239200197186e-01
1.104254062588164859e-01
-4.893028817455947754e-01
2.265856067030532217e-01
1.075588022821820644e-01
-7.742761316021604112e-02
-1.514149591549815155e-01
3.040735188304286019e-01
6.922974615683000765e-01
3.137484077816822814e-01
-4.367414644686502534e-01
-2.620682871752737508e-01
-2.514437464804004096e-01
7.549359937979283064e-01
-3.418952279198874122e-01
-1.611501292451503892e-02
5.264375627661813661e-01
-7.098288591077299703e-01
-1.369604398924558278e-02
