4.385999999999999899e-01
-4.274000000000000021e-01
-4.723999999999999866e-01
3.377999999999999892e-01
-1.303999999999999881e-01
9.588999999999999746e-01
2.409999999999999920e-01
3.962999999999999856e-01
-1.567999999999999949e-01
-3.528000000000000025e-01
-3.847999999999999754e-01
6.650000000000000355e-02
4.117999999999999994e-01
3.850999999999999979e-01
-3.595999999999999752e-01
8.698000000000000176e-01
9.126999999999999558e-01
-3.585999999999999743e-01
2.500000000000000139e-02
-4.102999999999999980e-01
-3.941999999999999948e-01
-1.748000000000000109e-01
9.162000000000000144e-01
-9.850000000000000422e-02
-3.289000000000000257e-01
5.820999999999999508e-01
9.790999999999999703e-01
-8.447999999999999954e-01
-4.605000000000000204e-01
-7.893000000000000016e-01
-3.260000000000000120e-01
6.180999999999999828e-01
7.774999999999999689e-01
7.740000000000000213e-01
7.028999999999999693e-01
-4.242000000000000215e-01
-3.523000000000000020e-01
-4.890999999999999792e-01
-1.688000000000000056e-01
-3.841999999999999860e-01
-4.489000000000000212e-01
5.483000000000000096e-01
8.713999999999999524e-01
-6.875000000000000000e-01
-5.305999999999999606e-01
-6.773000000000000131e-01
5.845000000000000195e-01
-6.372999999999999776e-01
-5.290000000000000258e-02
-8.992999999999999883e-01
-3.538000000000000034e-01
-4.318000000000000171e-01
-1.165999999999999953e-01
9.153000000000000025e-01
-3.548000000000000043e-01
9.647999999999999909e-01
7.495000000000000551e-01
-9.817000000000000171e-01
1.328999999999999904e-01
4.426999999999999824e-01
1.638999999999999901e-01
7.764999999999999680e-01
7.570999999999999952e-01
-3.613000000000000100e-01
5.470000000000000417e-01
5.059000000000000163e-01
-8.978000000000000425e-01
1.612000000000000099e-01
5.582000000000000295e-01
9.604000000000000314e-01
7.994999999999999885e-01
-7.426000000000000378e-01
6.702000000000000179e-01
-6.121999999999999664e-01
-1.152999999999999997e-01
-1.355999999999999983e-01
9.520999999999999464e-01
1.731000000000000039e-01
-4.607999999999999874e-01
-7.348999999999999977e-01
-6.079999999999999988e-02
-8.302000000000000490e-01
-9.360000000000000264e-02
3.099999999999999978e-01
3.412999999999999923e-01
4.981999999999999762e-01
-6.263999999999999568e-01
-7.073000000000000398e-01
5.000999999999999890e-01
-4.677999999999999936e-01
-5.924000000000000377e-01
9.669999999999999707e-01
-7.131999999999999451e-01
9.768000000000000016e-01
6.270999999999999908e-01
-3.677000000000000268e-01
-7.973999999999999977e-01
-2.393000000000000127e-01
-9.195999999999999730e-01
-7.956999999999999629e-01
8.342000000000000526e-01
-9.717999999999999972e-01
-9.536999999999999922e-01
-7.567000000000000393e-01
5.360000000000000320e-01
-8.224000000000000199e-01
-8.310999999999999499e-01
9.879999999999999893e-02
-7.401999999999999691e-01
-4.849999999999999867e-01
1.750000000000000167e-02
9.882999999999999563e-01
-5.659999999999999476e-01
1.688000000000000056e-01
-1.695000000000000118e-01
7.133000000000000451e-01
-1.623999999999999888e-01
-5.916000000000000147e-01
-8.971999999999999975e-01
4.738999999999999879e-01
-5.653000000000000247e-01
-3.373999999999999777e-01
5.120999999999999996e-01
-9.194999999999999840e-01
-6.211999999999999744e-01
7.972000000000000197e-01
6.621000000000000218e-01
-7.229999999999999760e-01
-5.361000000000000210e-01
3.433999999999999830e-01
-6.764000000000000012e-01
2.947000000000000175e-01
8.839000000000000190e-01
1.390000000000000124e-01
1.988000000000000045e-01
-6.399000000000000243e-01
-2.909999999999999809e-01
-9.596999999999999975e-01
-7.455000000000000515e-01
5.404999999999999805e-01
-9.880999999999999783e-01
6.470000000000000195e-01
-4.405999999999999917e-01
6.655999999999999694e-01
-8.799000000000000155e-01
-4.027000000000000024e-01
8.853999999999999648e-01
-1.967000000000000137e-01
6.088000000000000078e-01
3.436000000000000165e-01
-3.185000000000000053e-01
3.144000000000000128e-01
-7.979999999999999594e-02
-8.264000000000000234e-01
-7.277000000000000135e-01
3.039000000000000035e-01
6.297000000000000375e-01
5.300000000000000266e-01
2.237999999999999989e-01
6.035000000000000364e-01
3.304000000000000270e-01
-3.053000000000000158e-01
1.122999999999999970e-01
3.052000000000000268e-01
-7.813999999999999835e-01
7.993000000000000105e-01
-2.006000000000000005e-01
9.654000000000000359e-01
-1.088999999999999968e-01
5.764000000000000234e-01
-3.628000000000000114e-01
-7.042000000000000481e-01
7.643999999999999684e-01
7.073000000000000398e-01
-1.630000000000000060e-01
-8.399999999999999481e-03
-1.584000000000000130e-01
5.294999999999999707e-01
6.380000000000000115e-01
-3.513000000000000012e-01
8.210000000000000631e-02
4.384000000000000119e-01
6.852000000000000313e-01
-6.422999999999999821e-01
-2.938999999999999946e-01
5.306999999999999496e-01
8.942999999999999838e-01
-2.346999999999999920e-01
6.108000000000000096e-01
7.180000000000000271e-02
-7.580999999999999961e-01
-9.919999999999999929e-01
-2.828999999999999848e-01
-3.220999999999999974e-01
8.375000000000000222e-01
7.868000000000000549e-01
8.115999999999999881e-01
-5.352999999999999980e-01
-5.271000000000000130e-01
7.925999999999999712e-01
-2.903999999999999915e-01
1.729999999999999871e-01
-1.812000000000000000e-01
-5.873000000000000442e-01
2.721000000000000085e-01
3.065999999999999837e-01
-9.786000000000000254e-01
-3.019999999999999907e-01
-1.782999999999999863e-01
5.966000000000000192e-01
-7.923999999999999932e-01
3.806999999999999829e-01
3.609999999999999876e-01
9.651999999999999469e-01
2.827000000000000068e-01
7.506000000000000449e-01
-3.175999999999999934e-01
-2.147000000000000020e-01
-1.072000000000000036e-01
8.663999999999999480e-01
6.995999999999999996e-01
8.420999999999999597e-01
3.945000000000000173e-01
9.610999999999999543e-01
-1.943999999999999895e-01
6.605999999999999650e-01
-2.730000000000000204e-01
-4.944000000000000061e-01
8.006999999999999673e-01
2.278000000000000025e-01
3.930000000000000160e-02
-5.849999999999999645e-01
9.165999999999999703e-01
-1.731000000000000039e-01
-3.244000000000000217e-01
-9.554000000000000270e-01
5.609999999999999709e-02
-7.429999999999999938e-01
-3.910000000000000142e-01
9.891999999999999682e-01
1.279000000000000137e-01
-1.826000000000000123e-01
6.661000000000000254e-01
-3.649999999999999772e-02
8.817000000000000393e-01
-9.214999999999999858e-01
-7.599000000000000199e-01
-3.471000000000000196e-01
2.174000000000000099e-01
-1.849999999999999908e-02
8.108999999999999542e-01
9.502000000000000446e-01
3.936000000000000054e-01
-3.718000000000000194e-01
6.685999999999999721e-01
-3.068000000000000171e-01
-1.802999999999999881e-01
4.619999999999999801e-02
-3.269999999999999990e-02
-3.719000000000000083e-01
-3.710999999999999854e-01
-2.998999999999999999e-01
-9.351000000000000423e-01
8.090000000000000524e-01
3.970000000000000195e-01
-5.675000000000000044e-01
3.820999999999999952e-01
-6.477000000000000535e-01
3.916999999999999926e-01
-9.639999999999999680e-01
7.306000000000000272e-01
2.883000000000000007e-01
9.720999999999999641e-01
-5.368000000000000549e-01
7.358000000000000096e-01
2.802999999999999936e-01
9.895000000000000462e-01
-4.672999999999999932e-01
9.233999999999999986e-01
1.517999999999999905e-01
-7.738000000000000433e-01
-7.276000000000000245e-01
4.252000000000000224e-01
7.292999999999999483e-01
7.812000000000000055e-01
8.982999999999999874e-01
-9.499999999999999556e-01
8.786000000000000476e-01
7.796999999999999487e-01
-2.066999999999999948e-01
6.566999999999999504e-01
2.987000000000000210e-01
7.860000000000000320e-02
7.299999999999999545e-02
9.903999999999999471e-01
9.366999999999999771e-01
1.728999999999999981e-01
-1.015999999999999959e-01
2.404000000000000026e-01
6.965000000000000080e-01
