5.241999999999999993e-01
-8.094999999999999973e-01
-7.833999999999999853e-01
-4.682000000000000051e-01
4.570000000000000173e-01
-8.733999999999999542e-01
4.087000000000000077e-01
-3.205000000000000071e-01
-5.997000000000000108e-01
1.209999999999999964e-02
-8.673999999999999488e-01
-9.717999999999999972e-01
8.163000000000000256e-01
-4.732000000000000095e-01
1.996999999999999886e-01
-2.451000000000000123e-01
-1.894000000000000128e-01
2.356000000000000039e-01
3.100999999999999868e-01
-2.755000000000000226e-01
3.292999999999999816e-01
8.849999999999999534e-02
2.331000000000000016e-01
-3.906999999999999917e-01
2.177999999999999936e-01
-1.023000000000000020e-01
-9.116999999999999549e-01
6.500000000000000222e-01
-6.892000000000000348e-01
6.187000000000000277e-01
-8.175999999999999934e-01
-5.596999999999999753e-01
7.638000000000000345e-01
-2.769999999999999893e-02
9.955000000000000515e-01
6.998999999999999666e-01
-4.719999999999999751e-01
-1.350000000000000089e-01
-5.000000000000000104e-04
6.209999999999999964e-01
1.913999999999999868e-01
6.267000000000000348e-01
2.565000000000000058e-01
7.276000000000000245e-01
9.313000000000000167e-01
9.129000000000000448e-01
-7.808000000000000496e-01
8.144000000000000128e-01
9.864000000000000545e-01
-2.656999999999999917e-01
5.963000000000000522e-01
-5.070000000000000062e-01
-1.832999999999999907e-01
-4.759999999999999787e-01
3.819000000000000172e-01
-9.952999999999999625e-01
6.435999999999999499e-01
-7.962000000000000188e-01
-3.650999999999999801e-01
-4.340000000000000108e-02
-4.799999999999999822e-01
-2.340000000000000066e-02
4.850000000000000144e-02
4.920000000000000068e-02
1.439000000000000001e-01
7.201999999999999513e-01
-7.896999999999999575e-01
-7.691999999999999948e-01
-3.521000000000000241e-01
-1.433000000000000107e-01
8.370999999999999552e-01
4.289000000000000035e-01
7.213000000000000522e-01
-3.659000000000000030e-01
-4.208000000000000074e-01
3.090000000000000038e-02
-9.589999999999999913e-02
-9.051000000000000156e-01
-2.805000000000000271e-01
9.491000000000000547e-01
-6.685999999999999721e-01
-5.707999999999999741e-01
1.938000000000000000e-01
-2.727999999999999869e-01
2.597999999999999754e-01
-2.520000000000000018e-01
-4.162000000000000144e-01
6.867999999999999661e-01
-3.290000000000000147e-01
-6.140999999999999792e-01
-1.179999999999999938e-01
6.029999999999999943e-02
9.282000000000000250e-01
-9.475999999999999979e-01
-1.562000000000000055e-01
6.115000000000000435e-01
-7.442999999999999616e-01
5.432000000000000162e-01
-9.677000000000000046e-01
4.480000000000000093e-01
-5.726999999999999869e-01
8.165999999999999925e-01
5.242999999999999883e-01
3.637000000000000233e-01
5.453000000000000069e-01
-8.256000000000000005e-01
-1.358000000000000040e-01
5.856000000000000094e-01
-4.390000000000000013e-01
8.649999999999999911e-01
6.230000000000000121e-02
5.148000000000000353e-01
-6.475999999999999535e-01
-2.612999999999999767e-01
3.578999999999999959e-01
-6.692000000000000171e-01
-6.199999999999999956e-01
5.725999999999999979e-01
2.414000000000000035e-01
8.850999999999999979e-01
-9.110000000000000320e-01
6.031999999999999584e-01
3.357999999999999874e-01
2.736999999999999988e-01
-6.372999999999999776e-01
7.179999999999999716e-01
9.180000000000000659e-02
5.957999999999999963e-01
-6.024000000000000465e-01
7.724999999999999645e-01
9.815000000000000391e-01
-2.701999999999999957e-01
-3.425000000000000266e-01
-2.821000000000000174e-01
-2.575999999999999956e-01
8.561999999999999611e-01
2.782999999999999918e-01
-3.841999999999999860e-01
-5.436999999999999611e-01
1.569999999999999868e-02
-2.046999999999999931e-01
5.185999999999999499e-01
-9.883999999999999453e-01
-6.322999999999999732e-01
-3.133000000000000229e-01
9.666000000000000147e-01
1.320000000000000062e-01
5.634000000000000119e-01
8.189999999999999503e-01
1.010000000000000064e-01
6.468000000000000416e-01
6.999999999999999556e-01
-7.549000000000000155e-01
-8.900000000000000133e-01
8.508999999999999897e-01
-3.146999999999999797e-01
4.036000000000000143e-01
5.073999999999999622e-01
6.121999999999999664e-01
-5.376999999999999558e-01
-8.275000000000000133e-01
1.598999999999999866e-01
5.426999999999999602e-01
-1.129000000000000004e-01
-5.634000000000000119e-01
7.941000000000000281e-01
6.158000000000000140e-01
-6.825999999999999845e-01
-9.760000000000000620e-02
-5.198000000000000398e-01
8.823999999999999622e-01
4.421999999999999820e-01
4.046000000000000152e-01
4.199999999999999845e-01
-1.502999999999999892e-01
-3.346000000000000085e-01
-7.689000000000000279e-01
-5.190000000000000169e-02
1.165000000000000063e-01
-1.021999999999999992e-01
-1.708999999999999964e-01
9.880999999999999783e-01
8.980000000000000204e-01
-7.664999999999999591e-01
-6.702000000000000179e-01
-6.308000000000000274e-01
5.694000000000000172e-01
1.383000000000000063e-01
9.266999999999999682e-01
-4.598999999999999755e-01
9.949000000000000066e-01
6.705999999999999739e-01
1.096000000000000030e-01
-7.584999999999999520e-01
2.333000000000000074e-01
9.029000000000000359e-01
-2.973999999999999977e-01
-5.477999999999999536e-01
7.599999999999999985e-03
-1.766999999999999960e-01
-6.652000000000000135e-01
3.947999999999999843e-01
6.257000000000000339e-01
2.290000000000000022e-02
-7.459999999999999964e-01
-9.073999999999999844e-01
-5.840999999999999526e-01
-7.550999999999999934e-01
2.464999999999999969e-01
-8.112000000000000322e-01
4.032999999999999918e-01
2.695000000000000173e-01
-7.630000000000000115e-01
3.690000000000000224e-02
8.440000000000000280e-02
8.932999999999999829e-01
-4.466999999999999860e-01
-3.633000000000000118e-01
5.251000000000000112e-01
-5.936000000000000165e-01
1.267000000000000071e-01
-5.721000000000000529e-01
-1.836000000000000132e-01
9.993999999999999551e-01
8.479999999999999760e-01
-5.878999999999999782e-01
4.903000000000000136e-01
5.122999999999999776e-01
-8.530999999999999694e-01
-8.683999999999999497e-01
5.195999999999999508e-01
3.684999999999999942e-01
-3.719999999999999696e-02
5.653000000000000247e-01
4.167000000000000148e-01
2.587999999999999745e-01
3.889000000000000234e-01
-3.323999999999999733e-01
-2.237999999999999989e-01
-1.125000000000000028e-01
6.662000000000000144e-01
-2.336999999999999911e-01
3.695999999999999841e-01
4.299999999999999656e-02
-1.438000000000000111e-01
-8.424000000000000377e-01
-5.249000000000000332e-01
-2.589999999999999941e-02
7.463999999999999524e-01
-3.673000000000000154e-01
9.442000000000000393e-01
3.417999999999999927e-01
2.091999999999999971e-01
8.572999999999999510e-01
2.107999999999999874e-01
-5.018000000000000238e-01
6.310000000000000331e-02
-2.230999999999999928e-01
-9.488999999999999657e-01
-6.767999999999999572e-01
8.056999999999999718e-01
-3.558999999999999941e-01
-9.767000000000000126e-01
6.522000000000000020e-01
1.409999999999999865e-01
6.804000000000000048e-01
-5.642000000000000348e-01
-9.889999999999999902e-01
8.832999999999999741e-01
-3.864000000000000212e-01
-6.239000000000000101e-01
-8.434000000000000385e-01
-3.079000000000000070e-01
-7.365000000000000435e-01
1.781000000000000083e-01
-2.999999999999999889e-01
2.074000000000000010e-01
-6.102999999999999536e-01
1.998999999999999944e-01
5.794000000000000261e-01
7.496000000000000441e-01
-8.448999999999999844e-01
7.399999999999999634e-02
-1.496999999999999997e-01
-8.961000000000000076e-01
-7.446000000000000396e-01
1.400000000000000133e-01
-9.073999999999999844e-01
-6.508000000000000451e-01
6.005000000000000338e-01
6.151999999999999691e-01
6.117000000000000215e-01
7.117999999999999883e-01
-2.205999999999999905e-01
-4.768999999999999906e-01
8.125999999999999890e-01
-4.069999999999999729e-01
3.699999999999999817e-02
4.379000000000000115e-01
-5.891999999999999460e-01
