-9.951999999999999735e-01
2.429999999999999938e-01
-4.270000000000000184e-02
-1.668000000000000038e-01
6.000999999999999668e-01
-7.778000000000000469e-01
2.989999999999999949e-02
-3.590999999999999748e-01
2.838999999999999857e-01
-3.769999999999999740e-02
-7.141999999999999460e-01
-8.353000000000000425e-01
-1.529999999999999971e-01
5.662000000000000366e-01
2.139999999999999958e-01
-9.163000000000000034e-01
6.951000000000000512e-01
3.667000000000000259e-01
6.780000000000000471e-01
-8.460999999999999632e-01
-4.673999999999999821e-01
4.181000000000000272e-01
9.886000000000000343e-01
2.646000000000000019e-01
8.272000000000000464e-01
-2.457999999999999907e-01
5.133999999999999675e-01
-5.711000000000000520e-01
-5.170000000000000151e-01
2.104999999999999927e-01
-2.063000000000000111e-01
6.894000000000000128e-01
2.809999999999999998e-02
-1.812999999999999889e-01
9.981999999999999762e-01
2.857000000000000095e-01
-8.850000000000000089e-01
-1.869000000000000106e-01
6.261999999999999789e-01
-8.141000000000000458e-01
5.947999999999999954e-01
9.316999999999999726e-01
9.446999999999999842e-01
-6.215000000000000524e-01
-4.696000000000000174e-01
8.010000000000000453e-01
5.943000000000000504e-01
-3.518999999999999906e-01
-6.263999999999999568e-01
-5.178000000000000380e-01
-1.165999999999999953e-01
-2.832999999999999963e-01
3.874000000000000221e-01
-1.413999999999999979e-01
9.055999999999999606e-01
3.296999999999999931e-01
6.694999999999999840e-01
5.723000000000000309e-01
7.973999999999999977e-01
-2.671000000000000041e-01
4.556000000000000050e-01
-1.223999999999999949e-01
1.037000000000000005e-01
-8.830000000000000349e-02
4.289000000000000035e-01
7.689000000000000279e-01
5.381000000000000227e-01
7.156000000000000139e-01
-3.870999999999999996e-01
8.557000000000000162e-01
8.427000000000000046e-01
-1.228999999999999954e-01
-1.797999999999999876e-01
6.759999999999999343e-02
2.044999999999999873e-01
4.333000000000000185e-01
-1.190000000000000085e-02
1.005000000000000060e-01
-9.613000000000000433e-01
6.672000000000000153e-01
-5.688999999999999613e-01
8.599999999999999867e-01
-3.496000000000000218e-01
8.184000000000000163e-01
-5.975000000000000311e-01
-7.601999999999999869e-01
1.981999999999999873e-01
-3.084000000000000075e-01
4.499999999999999833e-02
-5.020000000000000157e-02
2.899999999999999800e-01
-8.518000000000000016e-01
-9.336999999999999744e-01
5.110999999999999988e-01
-8.814999999999999503e-01
4.223999999999999977e-01
7.548000000000000265e-01
3.785000000000000031e-01
-4.694999999999999729e-01
2.570000000000000062e-02
4.410000000000000031e-02
7.086999999999999966e-01
1.471000000000000085e-01
-4.386999999999999789e-01
-8.971000000000000085e-01
3.370000000000000079e-02
9.324000000000000066e-01
-3.706999999999999740e-01
-4.904999999999999916e-01
2.708999999999999742e-01
-8.550000000000000655e-02
4.028999999999999804e-01
-4.460000000000000075e-01
9.294999999999999929e-01
4.561000000000000054e-01
-2.809999999999999998e-02
-1.665999999999999981e-01
-5.232999999999999874e-01
-2.872999999999999998e-01
2.232999999999999985e-01
-4.007999999999999896e-01
-4.189999999999999836e-01
1.231000000000000011e-01
1.781000000000000083e-01
-5.654000000000000137e-01
-8.581999999999999629e-01
-4.400000000000000265e-03
4.864999999999999880e-01
-1.769999999999999907e-01
-8.117999999999999661e-01
-4.353000000000000203e-01
7.489000000000000101e-01
-1.869000000000000106e-01
9.111000000000000210e-01
6.643000000000000016e-01
7.698000000000000398e-01
4.592999999999999861e-01
-4.879000000000000004e-01
7.135000000000000231e-01
5.842000000000000526e-01
4.588999999999999746e-01
-7.395000000000000462e-01
-9.213000000000000078e-01
7.526000000000000467e-01
-2.384999999999999898e-01
4.996999999999999775e-01
7.317000000000000171e-01
-3.183000000000000274e-01
1.303999999999999881e-01
4.345999999999999863e-01
-8.784999999999999476e-01
1.497999999999999887e-01
-9.536999999999999922e-01
-1.436999999999999944e-01
1.069999999999999979e-01
2.126000000000000112e-01
-3.825999999999999956e-01
4.519999999999999712e-02
8.898000000000000353e-01
8.101000000000000423e-01
-7.973999999999999977e-01
9.171000000000000263e-01
-8.407999999999999918e-01
3.740999999999999881e-01
-5.951999999999999513e-01
7.722999999999999865e-01
-6.225000000000000533e-01
2.685000000000000164e-01
3.684999999999999942e-01
4.753000000000000003e-01
6.574999999999999734e-01
9.129000000000000448e-01
8.012000000000000233e-01
2.851000000000000201e-01
7.751000000000000112e-01
-3.970000000000000195e-01
6.790000000000000480e-01
-9.466999999999999860e-01
-7.348999999999999977e-01
-8.144000000000000128e-01
6.908999999999999586e-01
9.669999999999999707e-01
-8.547000000000000153e-01
1.943999999999999895e-01
-2.184999999999999998e-01
4.747000000000000108e-01
4.510000000000000120e-01
-6.169999999999999790e-02
-2.661000000000000032e-01
-7.504999999999999449e-01
-6.956999999999999851e-01
9.849999999999999867e-01
1.413000000000000089e-01
-8.366999999999999993e-01
3.382000000000000006e-01
-7.418000000000000149e-01
1.897999999999999965e-01
3.007000000000000228e-01
5.325999999999999623e-01
-1.607000000000000095e-01
-4.309999999999999942e-02
8.000000000000000167e-02
3.360000000000000209e-01
2.592999999999999750e-01
9.640999999999999570e-01
6.633999999999999897e-01
-2.305000000000000104e-01
-2.988000000000000100e-01
1.554999999999999993e-01
-5.667999999999999705e-01
-4.320000000000000229e-02
9.926000000000000378e-01
-9.903999999999999471e-01
-2.747999999999999887e-01
7.288999999999999924e-01
-6.475999999999999535e-01
3.282999999999999807e-01
7.874999999999999778e-01
-3.804000000000000159e-01
-1.217000000000000026e-01
-9.614000000000000323e-01
3.024000000000000021e-01
3.790999999999999925e-01
-2.426999999999999991e-01
-3.866999999999999882e-01
5.211999999999999966e-01
-5.414999999999999813e-01
6.592000000000000082e-01
-5.530000000000000193e-02
5.715999999999999970e-01
-8.699999999999999400e-02
1.774000000000000021e-01
5.580000000000000515e-01
-3.116999999999999771e-01
2.600999999999999979e-01
1.327000000000000124e-01
-6.320000000000000062e-01
-8.000000000000000444e-01
-3.528000000000000025e-01
1.695000000000000118e-01
-1.297000000000000097e-01
2.543000000000000260e-01
4.415999999999999925e-01
7.904999999999999805e-01
-2.277000000000000135e-01
1.241000000000000020e-01
-6.869999999999999718e-02
1.872000000000000053e-01
-4.556999999999999940e-01
1.089999999999999997e-02
-3.541000000000000258e-01
-9.318999999999999506e-01
-6.799999999999999621e-03
7.393999999999999462e-01
-8.801999999999999824e-01
-5.249999999999999806e-02
-8.286999999999999922e-01
2.674000000000000266e-01
7.991000000000000325e-01
-1.869000000000000106e-01
6.542999999999999927e-01
4.519999999999999712e-02
-6.197000000000000286e-01
-8.941999999999999948e-01
1.254000000000000115e-01
-8.302000000000000490e-01
1.118999999999999995e-01
-6.040999999999999703e-01
-8.990000000000000213e-01
4.729999999999999760e-01
1.829999999999999960e-01
-9.335999999999999854e-01
9.233999999999999986e-01
-6.500000000000000222e-02
-9.698999999999999844e-01
-8.595000000000000417e-01
-5.792000000000000481e-01
8.881000000000000005e-01
-1.963999999999999913e-01
-1.724999999999999867e-01
6.038000000000000034e-01
2.759999999999999953e-02
-2.200000000000000011e-01
-3.286000000000000032e-01
7.017999999999999794e-01
7.000999999999999446e-01
9.263000000000000123e-01
-3.660999999999999810e-01
8.368999999999999773e-01
6.489000000000000323e-01
-7.859000000000000430e-01
6.939999999999999503e-01
-9.859999999999999321e-02
7.296000000000000263e-01
-3.736999999999999766e-01
-6.278000000000000247e-01
7.520000000000000295e-02
-4.398000000000000242e-01
1.580000000000000154e-02
1.723999999999999977e-01
