-7.056999999999999940e-01
-4.808999999999999941e-01
5.199000000000000288e-01
4.927000000000000268e-01
2.396000000000000074e-01
2.371000000000000052e-01
-1.683999999999999941e-01
7.053000000000000380e-01
7.603999999999999648e-01
9.637999999999999901e-01
-5.479000000000000536e-01
-3.699000000000000066e-01
3.064000000000000057e-01
2.626999999999999891e-01
7.355000000000000426e-01
1.078999999999999959e-01
2.549999999999999836e-02
3.144000000000000128e-01
2.396999999999999964e-01
3.632000000000000228e-01
-4.308000000000000163e-01
-2.891000000000000236e-01
7.218999999999999861e-01
-2.722999999999999865e-01
-4.789999999999999813e-01
9.049999999999999711e-02
3.726999999999999758e-01
-7.651999999999999913e-01
3.295000000000000151e-01
4.359999999999999987e-02
3.543999999999999928e-01
-3.899999999999999821e-03
-2.816000000000000170e-01
6.260999999999999899e-01
-8.309999999999999332e-02
-2.972000000000000197e-01
-9.453000000000000291e-01
4.590000000000000191e-01
9.975000000000000533e-01
7.219999999999999751e-01
1.880000000000000004e-01
-2.933000000000000052e-01
-1.011999999999999983e-01
9.789999999999999813e-01
-2.320000000000000118e-01
-5.802000000000000490e-01
8.575000000000000400e-01
-8.155000000000000027e-01
-8.459999999999999742e-01
1.376000000000000001e-01
7.201999999999999513e-01
-9.433000000000000274e-01
2.094999999999999918e-01
8.005999999999999783e-01
2.580000000000000002e-02
-6.225000000000000533e-01
-3.454999999999999738e-01
-9.929999999999999938e-01
6.031999999999999584e-01
-3.889999999999999708e-02
8.015999999999999792e-01
-1.872000000000000053e-01
3.682000000000000273e-01
9.131000000000000227e-01
-2.649999999999999925e-02
4.960999999999999854e-01
5.970999999999999641e-01
-4.292000000000000259e-01
-4.892000000000000237e-01
-9.089999999999999469e-02
-9.225999999999999757e-01
-7.427000000000000268e-01
2.968999999999999972e-01
1.980999999999999983e-01
-8.184000000000000163e-01
1.328999999999999904e-01
-2.071000000000000063e-01
-5.514999999999999902e-01
3.387000000000000011e-01
-2.416999999999999982e-01
2.859999999999999765e-01
1.920999999999999930e-01
-6.731000000000000316e-01
8.909000000000000252e-01
1.328000000000000014e-01
4.121000000000000218e-01
-4.739999999999999769e-02
4.204999999999999849e-01
5.510000000000000314e-02
-2.786000000000000143e-01
-2.033000000000000085e-01
-8.824999999999999512e-01
-2.100000000000000130e-02
-4.912000000000000255e-01
-5.300000000000000024e-03
4.455999999999999961e-01
-3.855999999999999983e-01
4.964999999999999969e-01
-3.570000000000000256e-02
8.696000000000000396e-01
7.621999999999999886e-01
4.547999999999999821e-01
3.443999999999999839e-01
5.030000000000000027e-01
-1.430000000000000021e-02
-5.293999999999999817e-01
6.582999999999999963e-01
-5.473999999999999977e-01
-3.312999999999999834e-01
2.111999999999999988e-01
-1.028000000000000025e-01
-5.188000000000000389e-01
-9.276999999999999691e-01
-6.141999999999999682e-01
-7.063000000000000389e-01
-5.039000000000000146e-01
4.475000000000000089e-01
-1.549999999999999989e-02
7.539999999999999480e-02
7.319999999999999840e-01
4.637000000000000011e-01
-2.852999999999999980e-01
7.806999999999999496e-01
3.166999999999999815e-01
-4.485999999999999988e-01
1.029999999999999943e-01
-7.742999999999999883e-01
-1.408000000000000085e-01
-8.810000000000000053e-01
-5.352000000000000091e-01
7.305000000000000382e-01
6.412999999999999812e-01
-6.118999999999999995e-01
-4.203999999999999959e-01
-3.776999999999999802e-01
5.229999999999999927e-02
7.400999999999999801e-01
2.001999999999999891e-01
9.615000000000000213e-01
6.763000000000000123e-01
9.622000000000000552e-01
3.830000000000000071e-02
2.978999999999999981e-01
7.278999999999999915e-01
-1.619999999999999912e-02
-6.503999999999999782e-01
-1.203999999999999931e-01
2.170000000000000054e-02
4.938000000000000167e-01
-7.262999999999999456e-01
-5.651000000000000467e-01
8.151000000000000467e-01
9.799999999999999684e-03
3.090000000000000038e-02
-5.118000000000000327e-01
7.512999999999999678e-01
4.873000000000000109e-01
7.258000000000000007e-01
-4.682999999999999940e-01
-6.442999999999999838e-01
1.902999999999999969e-01
-3.839999999999999664e-02
-1.592000000000000082e-01
-1.416000000000000036e-01
3.467000000000000082e-01
-7.527000000000000357e-01
-9.600000000000000200e-02
-3.528999999999999915e-01
-6.826999999999999735e-01
8.395000000000000240e-01
9.225999999999999757e-01
8.403000000000000469e-01
-4.030000000000000249e-02
3.554999999999999827e-01
6.300000000000000044e-02
9.635000000000000231e-01
2.839999999999999747e-01
-5.301000000000000156e-01
-2.457000000000000017e-01
7.299999999999999822e-01
2.424999999999999933e-01
5.202999999999999847e-01
-4.840999999999999748e-01
-6.350999999999999979e-01
5.870000000000000218e-02
9.212000000000000188e-01
-8.708000000000000185e-01
8.921000000000000041e-01
-6.319000000000000172e-01
-1.067000000000000032e-01
-6.929999999999999494e-01
-2.265999999999999959e-01
-7.278999999999999915e-01
3.019000000000000017e-01
-5.795000000000000151e-01
7.754999999999999671e-01
3.668000000000000149e-01
7.944999999999999840e-01
-9.745000000000000329e-01
-1.006999999999999978e-01
-5.904000000000000359e-01
9.291000000000000369e-01
5.855000000000000204e-01
-8.527000000000000135e-01
2.416000000000000092e-01
4.420000000000000318e-02
-5.923000000000000487e-01
5.363999999999999879e-01
-3.865000000000000102e-01
-8.753999999999999559e-01
8.689999999999999947e-01
-2.978000000000000091e-01
7.717000000000000526e-01
1.408999999999999975e-01
5.729999999999999677e-02
6.583999999999999853e-01
3.696999999999999731e-01
9.229000000000000536e-01
-7.695999999999999508e-01
6.818999999999999506e-01
-5.666999999999999815e-01
-4.066000000000000170e-01
-6.955000000000000071e-01
-9.992999999999999661e-01
2.610000000000000167e-02
-8.661999999999999700e-01
3.985000000000000209e-01
5.940000000000000141e-02
4.077000000000000068e-01
-9.570999999999999508e-01
-6.804999999999999938e-01
5.756999999999999895e-01
5.410000000000000364e-01
-5.513000000000000123e-01
5.423999999999999932e-01
7.427000000000000268e-01
-6.318000000000000282e-01
1.147999999999999993e-01
4.329999999999999821e-02
3.093000000000000194e-01
4.250999999999999779e-01
2.887000000000000122e-01
5.471000000000000307e-01
9.296999999999999709e-01
9.062000000000000055e-01
7.640000000000000124e-01
7.718000000000000416e-01
-5.140000000000000124e-01
7.299999999999999822e-01
3.411000000000000143e-01
-5.570000000000000506e-01
-2.396000000000000074e-01
8.732999999999999652e-01
2.685000000000000164e-01
9.563000000000000389e-01
9.677999999999999936e-01
6.767999999999999572e-01
-8.004999999999999893e-01
-1.200000000000000025e-02
8.000000000000000444e-01
-7.507000000000000339e-01
7.033000000000000362e-01
9.696000000000000174e-01
7.943000000000000060e-01
2.940999999999999726e-01
8.812999999999999723e-01
7.473999999999999533e-01
-4.979000000000000092e-01
-7.639999999999999569e-02
7.411999999999999700e-01
7.042000000000000481e-01
-1.477999999999999869e-01
-8.947000000000000508e-01
-9.919999999999999929e-01
-2.938000000000000056e-01
8.294000000000000261e-01
-4.106000000000000205e-01
2.361999999999999933e-01
-7.770000000000000240e-01
-7.415000000000000480e-01
7.489999999999999436e-02
2.197000000000000064e-01
-4.793999999999999928e-01
-7.040000000000000424e-02
-9.130000000000000338e-01
6.146000000000000352e-01
-2.431000000000000105e-01
-5.144999999999999574e-01
-2.411999999999999977e-01
6.922000000000000375e-01
3.381000000000000116e-01
4.309999999999999942e-02
4.509000000000000230e-01
8.151000000000000467e-01
1.058999999999999941e-01
-4.621999999999999997e-01
-4.823000000000000065e-01
6.149999999999999911e-02
-2.479000000000000092e-01
6.419999999999999318e-02
