3.220000000000000084e-01
-8.459999999999999742e-01
-9.042000000000000037e-01
8.032000000000000250e-01
2.205000000000000016e-01
-4.522999999999999798e-01
-1.575999999999999901e-01
7.509000000000000119e-01
-2.023999999999999966e-01
-6.681000000000000272e-01
9.767000000000000126e-01
7.058999999999999719e-01
3.368999999999999773e-01
9.908000000000000140e-01
-4.727999999999999980e-01
-7.056999999999999940e-01
5.033999999999999586e-01
-7.006999999999999895e-01
1.116999999999999937e-01
3.824000000000000177e-01
-2.338000000000000078e-01
5.877000000000000002e-01
7.136000000000000121e-01
5.319000000000000394e-01
4.283000000000000140e-01
2.494999999999999996e-01
-5.997000000000000108e-01
-1.959999999999999937e-02
-9.589999999999999636e-01
3.832999999999999741e-01
4.390000000000000152e-02
-6.447000000000000508e-01
9.900000000000000466e-02
-5.666999999999999815e-01
4.465000000000000080e-01
-2.356999999999999929e-01
5.945000000000000284e-01
1.726999999999999924e-01
-7.250999999999999668e-01
-6.468000000000000416e-01
-5.675999999999999934e-01
6.992000000000000437e-01
4.460000000000000075e-02
4.077000000000000068e-01
-8.600999999999999757e-01
7.337000000000000188e-01
-1.778000000000000136e-01
9.963999999999999524e-01
-6.199999999999999782e-03
-3.160000000000000309e-02
3.522000000000000131e-01
4.022999999999999909e-01
-7.530000000000000027e-01
-2.641000000000000014e-01
1.200999999999999984e-01
9.075999999999999623e-01
-6.024000000000000465e-01
8.582999999999999519e-01
-3.084000000000000075e-01
7.530000000000000027e-01
-6.140000000000000319e-02
1.854000000000000092e-01
-7.580999999999999961e-01
-7.842999999999999972e-01
7.254000000000000448e-01
7.499000000000000110e-01
1.310999999999999943e-01
4.662999999999999923e-01
-7.739999999999999658e-02
2.790000000000000258e-01
4.300999999999999823e-01
8.635000000000000453e-01
-5.474999999999999867e-01
-4.038999999999999813e-01
9.519999999999999574e-01
1.346999999999999864e-01
-3.950000000000000039e-02
-3.670999999999999819e-01
-8.746000000000000441e-01
8.438999999999999835e-01
-7.249999999999999778e-01
8.160000000000000586e-02
7.610000000000000098e-01
2.421000000000000096e-01
-3.827999999999999736e-01
3.867999999999999772e-01
-5.382000000000000117e-01
-3.069000000000000061e-01
8.379999999999999949e-02
6.339999999999999802e-02
-5.079000000000000181e-01
2.137000000000000011e-01
-4.355999999999999872e-01
-7.819000000000000394e-01
-1.844999999999999973e-01
8.029999999999999638e-02
-4.499999999999999660e-03
-1.004000000000000031e-01
4.525000000000000133e-01
-1.658000000000000029e-01
