5.501000000000000334e-01
8.081000000000000405e-01
-8.122000000000000330e-01
-7.831000000000000183e-01
2.874999999999999778e-01
1.466000000000000081e-01
6.958999999999999631e-01
8.246999999999999886e-01
5.496999999999999664e-01
9.861999999999999655e-01
-7.219999999999999751e-01
1.741999999999999937e-01
-8.919000000000000261e-01
-9.828000000000000069e-01
7.421999999999999709e-01
4.588999999999999746e-01
-3.679000000000000048e-01
6.199999999999999956e-02
7.939000000000000501e-01
-4.595000000000000195e-01
-1.019999999999999934e-01
6.199000000000000066e-01
-7.477000000000000313e-01
9.740000000000000047e-02
-1.279000000000000137e-01
-2.106999999999999984e-01
7.684999999999999609e-01
-3.785999999999999921e-01
-1.920000000000000040e-01
-8.058999999999999497e-01
1.421000000000000041e-01
4.109999999999999765e-02
6.091999999999999638e-01
7.062000000000000499e-01
3.191999999999999837e-01
-8.209999999999999520e-01
7.920000000000000373e-01
-8.166999999999999815e-01
9.767000000000000126e-01
-2.391000000000000070e-01
-6.710000000000000686e-02
7.850000000000000033e-02
-2.798999999999999821e-01
5.369000000000000439e-01
7.240000000000000602e-02
-3.191999999999999837e-01
1.378999999999999948e-01
5.489000000000000545e-01
7.131999999999999451e-01
8.325000000000000178e-01
8.682999999999999607e-01
5.947999999999999954e-01
-4.608999999999999764e-01
-5.857999999999999874e-01
6.229000000000000092e-01
4.989000000000000101e-01
-8.407999999999999918e-01
-9.055999999999999606e-01
-9.723000000000000531e-01
9.639999999999999680e-01
7.380000000000000449e-02
2.303999999999999937e-01
-6.800000000000000488e-01
-3.885000000000000120e-01
-7.073000000000000398e-01
-3.812999999999999723e-01
-7.396000000000000352e-01
-8.509999999999999787e-01
1.355000000000000093e-01
-2.117999999999999883e-01
3.842999999999999750e-01
9.844000000000000528e-01
-2.210999999999999910e-01
-1.842000000000000026e-01
6.705999999999999739e-01
8.605000000000000426e-01
-3.573000000000000065e-01
7.830000000000000293e-01
7.177999999999999936e-01
9.842999999999999527e-01
1.609999999999999973e-02
4.441999999999999837e-01
7.368999999999999995e-01
3.019999999999999907e-01
-4.304000000000000048e-01
9.537999999999999812e-01
-1.292000000000000093e-01
-1.544999999999999984e-01
4.309999999999999942e-02
-9.441000000000000503e-01
-4.270999999999999797e-01
-6.819999999999999674e-02
3.543000000000000038e-01
-3.794000000000000150e-01
-3.297999999999999821e-01
9.489999999999999825e-02
3.341000000000000081e-01
-9.447999999999999732e-01
9.493000000000000327e-01
5.856000000000000094e-01
