5.855000000000000204e-01
8.229999999999999816e-02
9.792999999999999483e-01
5.462000000000000188e-01
-5.430000000000000382e-01
4.999000000000000110e-01
-9.070000000000000284e-01
-7.374000000000000554e-01
2.551999999999999824e-01
5.078000000000000291e-01
-7.140000000000000513e-02
6.522999999999999909e-01
-7.062000000000000499e-01
-8.411999999999999478e-01
1.710000000000000131e-01
7.569000000000000172e-01
-7.481999999999999762e-01
-6.392999999999999794e-01
9.191000000000000281e-01
-6.729000000000000536e-01
-3.709000000000000075e-01
-8.443000000000000504e-01
-7.389999999999999347e-02
-9.028000000000000469e-01
-9.199999999999999845e-03
-8.772999999999999687e-01
5.945000000000000284e-01
2.525000000000000022e-01
6.122999999999999554e-01
1.749999999999999889e-01
-8.294000000000000261e-01
-9.328999999999999515e-01
-4.067000000000000060e-01
-7.933999999999999941e-01
-7.645999999999999464e-01
-7.399999999999999911e-01
-4.907000000000000250e-01
2.248999999999999888e-01
-8.312000000000000499e-01
-9.514000000000000234e-01
2.878999999999999893e-01
3.709999999999999964e-01
-4.154999999999999805e-01
2.937000000000000166e-01
-8.806000000000000494e-01
4.647999999999999909e-01
9.353000000000000203e-01
1.184000000000000052e-01
9.089000000000000412e-01
2.932000000000000162e-01
3.629000000000000004e-01
4.019999999999999962e-02
5.211999999999999966e-01
4.897000000000000242e-01
-3.356000000000000094e-01
1.424999999999999878e-01
-1.880000000000000004e-01
6.403999999999999693e-01
-6.173999999999999488e-01
-3.024000000000000021e-01
-1.763000000000000123e-01
3.024999999999999911e-01
6.267000000000000348e-01
9.787000000000000144e-01
-2.602999999999999758e-01
7.591999999999999860e-01
4.055000000000000271e-01
3.862999999999999767e-01
6.270999999999999908e-01
-2.026999999999999913e-01
-1.190000000000000085e-02
-8.756000000000000449e-01
7.133000000000000451e-01
4.198000000000000065e-01
-1.501000000000000112e-01
-9.134999999999999787e-01
5.056000000000000494e-01
-8.548000000000000043e-01
-4.979999999999999705e-02
-7.023000000000000353e-01
-7.940000000000000391e-01
6.730000000000000426e-01
-6.037000000000000144e-01
3.058000000000000163e-01
6.056000000000000272e-01
7.910000000000000364e-02
-7.902000000000000135e-01
1.504000000000000059e-01
-3.402999999999999914e-01
-5.100999999999999979e-01
7.591999999999999860e-01
1.084999999999999992e-01
-5.768999999999999684e-01
3.814000000000000168e-01
4.929000000000000048e-01
9.305999999999999828e-01
7.266000000000000236e-01
3.154000000000000137e-01
5.595999999999999863e-01
-3.655999999999999805e-01
