1.007883776533544662e+00
-3.663701852825675814e-02
1.107355599354746367e+00
1.027476357635886073e+00
-6.810237415120086110e-03
-2.875267949059079342e-02
1.024004582189769863e+00
1.035811262475941685e+00
1.011190457019606637e+00
-1.199573792185402998e-01
1.017430315254178819e+00
1.027661983996420281e+00
1.060896415085669009e+00
-1.701524346194033810e-01
-7.911676738036318990e-02
1.038330999694164314e+00
-1.663788757113891237e-01
1.070379109588359245e+00
-6.583520128412786998e-02
-1.791679694480826646e-01
-2.798162696421876983e-01
1.116536791647602778e+00
-3.762899454886876882e-02
1.070021919470366845e+00
1.027874891806910496e+00
-2.905181918311203204e-01
1.083307985599580636e+00
1.102890160375649131e+00
-3.126999794108535902e-01
1.076526154642662103e+00
-4.454470148700251202e-03
-2.846439612763735152e-02
-1.821669601789377424e-02
1.144204963189374258e+00
1.049622707455882376e+00
-8.143456561849082842e-02
-1.511414827800695859e-01
-1.981887651095667335e-01
-1.099940249428875694e-01
-2.504167104103425801e-01
-1.966806915562576696e-01
-2.536834531036868401e-01
-1.186371820422527645e-01
1.025650750505236353e+00
-1.185401500810649850e-01
-5.389605127703205739e-02
-6.027766055055390482e-02
-1.451963767058525243e-02
1.115644941360853570e+00
-6.083144585948166427e-02
1.102222749233908505e+00
-8.935406116383350084e-02
-7.841926226805091826e-02
1.035513135290840658e+00
-6.772409012859705035e-02
-1.619308743600837361e-02
-1.064277488041358438e-01
-5.393008277646132304e-02
-3.071300635865832282e-02
-1.381341374436984709e-02
-1.009807401306849275e-02
-1.378472603410692277e-02
-4.817566559989780450e-02
1.107942853658984594e+00
-7.260859467920431631e-02
-2.302697814949510868e-01
-6.057635023978015509e-02
1.091361919630281729e+00
-1.360866224366095167e-01
-1.566787733652222625e-01
1.095845077489244979e+00
-4.477617193356527026e-02
1.044434731931007887e+00
-1.683884216901969030e-02
-5.931296597989803299e-02
1.004327906721065977e+00
-2.335263991140689582e-02
-6.983769937013355709e-03
-1.189499343345412630e-02
-2.678813384160118327e-02
-2.744232613645415653e-02
1.009036347481224505e+00
1.024472866872028209e+00
1.000832506101791086e+00
-3.508535090542717894e-02
-1.778581785980761984e-02
-1.735100217285810015e-02
1.006694080313754736e+00
-5.866355497009154499e-03
-9.882916186086618607e-03
-1.526804940601341268e-02
-1.253821689791210538e-02
-2.081265254467455547e-05
-2.310148182056424859e-02
-5.748229631214528228e-03
-6.682267727175533745e-03
-1.518536129995711956e-02
-9.886853714946994970e-03
-5.228757073779780572e-03
-2.038571191553419093e-02
1.005083912262151769e+00
1.006137763736274504e+00
-3.111660306678908777e-02
-2.937480905044215912e-02
-1.586683504476800108e-02
1.011712179593534877e+00
1.131837466292739958e+00
-5.798742501444756337e-02
-1.787694352770556605e-02
0.000000000000000000e+00
-2.289926158840632775e-02
-3.257489500522883080e-02
1.000243283033124486e+00
-4.865660662492550135e-04
-4.379094596242799099e-03
-1.266281156112044996e-02
-6.080360190540232829e-02
-5.941056044521119545e-02
-1.702981231872640559e-03
-2.555456230023232453e-02
