-1.369651800000000819e+01 5.005561605987738361e-01 0.000000000000000000e+00 1.550532325428263913e+00
-1.375258000000001246e+01 5.026050156052426221e-01 0.000000000000000000e+00 1.347091438108884764e+00
-1.349205200000001348e+01 4.930836981865763247e-01 0.000000000000000000e+00 1.309584146075587263e+00
-1.451599200000000423e+01 5.305048496853370654e-01 0.000000000000000000e+00 1.401084601493219672e+00
-1.471137800000000695e+01 5.376454722869905556e-01 0.000000000000000000e+00 1.587246805551466133e+00
-1.466295000000000748e+01 5.358756112357746515e-01 0.000000000000000000e+00 1.310382613066222834e+00
-1.450691600000000214e+01 5.301731560597312543e-01 0.000000000000000000e+00 1.482914940293425632e+00
-1.488207600000000674e+01 5.438838414478158745e-01 0.000000000000000000e+00 1.036779045562347346e+00
-1.513673200000001628e+01 5.531905593766680562e-01 0.000000000000000000e+00 1.495030611819967881e+00
-1.521630800000000328e+01 5.560987625444951954e-01 0.000000000000000000e+00 1.291854123928514841e+00
-1.436328400000000194e+01 5.249239472857112343e-01 0.000000000000000000e+00 1.499908553759329743e+00
-1.534025600000001255e+01 5.606285952358333047e-01 0.000000000000000000e+00 1.552136096573644153e+00
-1.553696200000001504e+01 5.678174588672134648e-01 0.000000000000000000e+00 1.388008140661074696e+00
-1.597000000000001130e+01 5.836433672238753312e-01 0.000000000000000000e+00 1.620049523123826329e+00
-1.476003600000000837e+01 5.394237389721739939e-01 0.000000000000000000e+00 1.054814347925690399e+00
-1.540739600000001630e+01 5.630823094296600884e-01 0.000000000000000000e+00 1.400032570466729132e+00
-1.624257400000001539e+01 5.936049205850326693e-01 0.000000000000000000e+00 1.700998924020586278e+00
-1.505944400000000982e+01 5.503659739936997974e-01 0.000000000000000000e+00 1.230427097592087682e+00
-1.674304399999999760e+01 6.118952146360359112e-01 0.000000000000000000e+00 1.340707334669413608e+00
-1.627488600000000929e+01 5.947858025187667819e-01 0.000000000000000000e+00 1.603216069360130058e+00
-1.546897000000000588e+01 5.653326072814719438e-01 0.000000000000000000e+00 1.473867027532838492e+00
-1.475325400000000897e+01 5.391758824088357382e-01 0.000000000000000000e+00 1.683440440842094654e+00
-1.757174400000000247e+01 6.421810792834015125e-01 0.000000000000000000e+00 1.542251836548549360e+00
-1.730416200000001226e+01 6.324019647255747500e-01 0.000000000000000000e+00 1.257992669341587044e+00
-1.806967400000002399e+01 6.603785458984169354e-01 0.000000000000000000e+00 1.466931188723072044e+00
-1.826789400000001606e+01 6.676227405290439121e-01 0.000000000000000000e+00 1.412103682762964718e+00
-1.620200200000000379e+01 5.921221667531595401e-01 0.000000000000000000e+00 1.506246169129124013e+00
-1.886030200000001500e+01 6.892730223005129053e-01 0.000000000000000000e+00 1.460070179991705075e+00
-1.959196000000000737e+01 7.160123672458029720e-01 0.000000000000000000e+00 1.381327354321914447e+00
-1.736833200000000588e+01 6.347471366025160266e-01 0.000000000000000000e+00 1.455285816967466728e+00
-2.013614199999999599e+01 7.359001703054532939e-01 0.000000000000000000e+00 1.249039399559727981e+00
-2.010446600000000927e+01 7.347425317769513686e-01 0.000000000000000000e+00 1.326503580673415783e+00
-1.993373000000000772e+01 7.285027738592095847e-01 0.000000000000000000e+00 1.478019909209683735e+00
-2.000660200000001154e+01 7.311659710700010306e-01 0.000000000000000000e+00 1.125297119011936964e+00
-2.116159200000000240e+01 7.733765066185231962e-01 0.000000000000000000e+00 1.423885681462788044e+00
-2.151446200000000530e+01 7.862725764364499881e-01 0.000000000000000000e+00 1.189597446450697760e+00
-2.093537600000000509e+01 7.651091636028741760e-01 0.000000000000000000e+00 1.136061623481523730e+00
-2.043968600000000180e+01 7.469935605534562262e-01 0.000000000000000000e+00 1.286894435250533153e+00
-2.010513000000000972e+01 7.347667984767533023e-01 0.000000000000000000e+00 1.083389826918596865e+00
-2.073228800000001115e+01 7.576870619020126263e-01 0.000000000000000000e+00 1.190870824167989284e+00
-1.973373400000000899e+01 7.211936731158591352e-01 0.000000000000000000e+00 1.125780862848341002e+00
-2.011585399999999524e+01 7.351587202970476520e-01 0.000000000000000000e+00 1.314649521633546758e+00
-1.971050400000000380e+01 7.203447040851382877e-01 0.000000000000000000e+00 1.145627677449080339e+00
-2.067082600000001946e+01 7.554408572284804224e-01 0.000000000000000000e+00 1.508407091758947827e+00
-2.169686600000000709e+01 7.929387558199880726e-01 1.000000000000000048e-04 1.262449719628429001e+00
-2.085392000000001644e+01 7.621322535139209986e-01 0.000000000000000000e+00 1.315519566904685522e+00
-2.131360800000000921e+01 7.789321190237773473e-01 0.000000000000000000e+00 1.222615135532160391e+00
-2.126822800000001479e+01 7.772736508957487356e-01 0.000000000000000000e+00 1.302656175330724864e+00
-2.159361600000001502e+01 7.891653570932591899e-01 0.000000000000000000e+00 1.307311505907749583e+00
-2.251922400000001190e+01 8.229928442472576045e-01 1.000000000000000048e-04 1.445827441896650578e+00
-2.208664800000001804e+01 8.071838202510002169e-01 0.000000000000000000e+00 1.294015442157246509e+00
-2.324613599999999636e+01 8.495587407629390242e-01 1.000000000000000048e-04 1.297491877596265386e+00
-2.261073400000000433e+01 8.263371901792959662e-01 1.000000000000000048e-04 1.088733323890425986e+00
-2.268849200000001076e+01 8.291789522925456790e-01 0.000000000000000000e+00 1.107280305015287292e+00
-2.349867200000000267e+01 8.587879806743512479e-01 0.000000000000000000e+00 1.120659121536441205e+00
-2.301708200000000559e+01 8.411876795333779189e-01 0.000000000000000000e+00 1.100484032750768115e+00
-2.338352200000001346e+01 8.545796817553892311e-01 1.000000000000000048e-04 1.261690137212538421e+00
-2.274185800000001123e+01 8.311292786504210772e-01 0.000000000000000000e+00 1.029356787805870699e+00
-2.311517200000001893e+01 8.447724996893576366e-01 0.000000000000000000e+00 1.239021701416814558e+00
-2.328026999999999802e+01 8.508062099361901609e-01 0.000000000000000000e+00 1.269421903701035026e+00
-2.340044400000001446e+01 8.551981171379917646e-01 0.000000000000000000e+00 1.023959733891085522e+00
-2.342686400000001257e+01 8.561636686572187127e-01 0.000000000000000000e+00 1.202776158383494831e+00
-2.340064800000000389e+01 8.552055725698582966e-01 0.000000000000000000e+00 1.138266033458458448e+00
-2.315609200000000456e+01 8.462679716108850725e-01 0.000000000000000000e+00 1.053634957359377289e+00
-2.426626000000000971e+01 8.868404318303089173e-01 1.000000000000000048e-04 9.619308660767215136e-01
-2.374993600000000882e+01 8.679707337752994301e-01 0.000000000000000000e+00 1.074054817885111923e+00
-2.262879800000001040e+01 8.269973613618593067e-01 0.000000000000000000e+00 1.146339673775939705e+00
-2.383549799999999763e+01 8.710977027036903575e-01 0.000000000000000000e+00 1.170938791280420332e+00
-2.491594000000001330e+01 9.105837895521629033e-01 1.000000000000000048e-04 1.031076619046051412e+00
-2.394822000000000628e+01 8.752172673649436518e-01 1.000000000000000048e-04 1.342179430266423612e+00
-2.380178800000000905e+01 8.698657291339276787e-01 0.000000000000000000e+00 1.255604266879521091e+00
-2.559749999999999304e+01 9.354922412343853466e-01 2.999999999999999737e-04 5.247186886534740413e-01
-2.527909400000000062e+01 9.238557008471417475e-01 0.000000000000000000e+00 5.086142015557975071e-01
-2.591347799999999424e+01 9.470400473639198902e-01 4.000000000000000192e-04 3.525672723485737126e-01
-2.579373599999999911e+01 9.426639281354841637e-01 4.000000000000000192e-04 5.018143661602846306e-01
-2.549170000000000158e+01 9.316256496093208161e-01 0.000000000000000000e+00 4.382962786503977748e-01
-2.594425400000000081e+01 9.481647942812452268e-01 4.000000000000000192e-04 4.508229322544105022e-01
-2.577819200000001132e+01 9.420958534642179805e-01 2.999999999999999737e-04 3.961297225746517880e-01
-2.589459200000000294e+01 9.463498351764818572e-01 4.000000000000000192e-04 3.897409125627596116e-01
-2.585966800000000632e+01 9.450734944778641511e-01 0.000000000000000000e+00 1.895003898506155138e-01
-2.575376200000000182e+01 9.412030289519270898e-01 1.000000000000000048e-04 3.290582837385642168e-01
-2.574911000000000172e+01 9.410330158683751778e-01 1.000000000000000048e-04 3.943144839112833200e-01
-2.600851199999999253e+01 9.505131822268348962e-01 2.000000000000000096e-04 3.309246675787728131e-01
-2.618253999999999948e+01 9.568732503490164909e-01 8.999999999999999754e-04 4.573321322539230516e-01
-2.618846000000000274e+01 9.570896040580939568e-01 8.999999999999999754e-04 4.586870181355268139e-01
-2.593896599999999708e+01 9.479715377924611275e-01 4.000000000000000192e-04 3.559591465095939267e-01
-2.606198399999999893e+01 9.524673824855824922e-01 6.999999999999999929e-04 4.082007583718503252e-01
-2.606507600000000480e+01 9.525803834430940364e-01 4.000000000000000192e-04 2.996859673293723603e-01
-2.623606199999999689e+01 9.588292779194957927e-01 1.299999999999999940e-03 5.091564175489825539e-01
-2.619434599999999591e+01 9.573047151951932232e-01 8.999999999999999754e-04 4.653222781138804387e-01
-2.616578399999999860e+01 9.562608816413644686e-01 6.999999999999999929e-04 4.144715381097123785e-01
-2.612748999999999810e+01 9.548613801320049443e-01 6.999999999999999929e-04 3.956572788705305377e-01
-2.614690200000000075e+01 9.555708156388647012e-01 5.999999999999999474e-04 4.066295844941179571e-01
-2.623591399999999751e+01 9.588238690767688643e-01 1.299999999999999940e-03 5.109077374298193197e-01
-2.607178599999999591e+01 9.528256086775377387e-01 5.000000000000000104e-04 3.232170515741444317e-01
-2.619518599999999608e+01 9.573354140322920536e-01 8.000000000000000383e-04 4.591544378330875698e-01
-2.618854400000000027e+01 9.570926739418037510e-01 8.999999999999999754e-04 4.545550223542528245e-01
-2.612807799999999858e+01 9.548828693179740590e-01 5.999999999999999474e-04 3.836725233420776870e-01
-2.616575599999999469e+01 9.562598583467942781e-01 6.999999999999999929e-04 4.514832637411758109e-01
-2.619887999999999550e+01 9.574704158230575857e-01 8.999999999999999754e-04 4.695498312643766048e-01
-2.609109799999999524e+01 9.535313895609333068e-01 4.000000000000000192e-04 3.779139066031316774e-01
-2.627221400000000529e+01 9.601504973942536214e-01 1.199999999999999895e-03 5.252194279334957416e-01
-2.631586000000000070e+01 9.617455943514139349e-01 1.699999999999999905e-03 5.505095567937154932e-01
-2.609458800000000167e+01 9.536589359198321958e-01 5.000000000000000104e-04 3.827812792357190852e-01
-2.610697399999999746e+01 9.541115975821009565e-01 6.999999999999999929e-04 4.123139351699791622e-01
-2.620302999999999827e+01 9.576220826968196986e-01 1.299999999999999940e-03 4.763352239290689627e-01
-2.639914600000000178e+01 9.647893840497614448e-01 1.500000000000000031e-03 5.840788398803370418e-01
-2.733665000000000234e+01 9.990516252110546169e-01 8.500000000000000611e-03 6.208455866189679928e-02
-2.692429799999999673e+01 9.839817122641852931e-01 3.799999999999999992e-03 5.472211035382091859e-01
-2.720952600000000388e+01 9.944057216784956132e-01 6.100000000000000387e-03 2.525219520890587543e-01
-2.733665000000000234e+01 9.990516252110546169e-01 8.500000000000000611e-03 6.208455866189679928e-02
-2.717381200000000163e+01 9.931005094545108935e-01 3.500000000000000073e-03 1.633516868352423435e-01
-2.710500800000000865e+01 9.905859823262411767e-01 4.400000000000000265e-03 3.360950093186287901e-01
-2.733838000000000079e+01 9.991148501969842055e-01 8.600000000000000006e-03 6.033117022742206376e-02
-2.733492000000000033e+01 9.989884002251248063e-01 8.399999999999999481e-03 6.374236020770310263e-02
-2.730724000000000018e+01 9.979768004502496126e-01 6.799999999999999621e-03 8.110692780135292379e-02
-2.724833399999999628e+01 9.958240079524605104e-01 5.700000000000000205e-03 1.898344138740636344e-01
-2.690600200000000086e+01 9.833130623551855631e-01 3.899999999999999821e-03 5.572333305200121156e-01
-2.691590799999999462e+01 9.836750893555434860e-01 4.799999999999999580e-03 5.624853243751115617e-01
-2.732626999999999740e+01 9.986722752954761972e-01 7.900000000000000772e-03 7.081931126807822219e-02
-2.715665999999999869e+01 9.924736684379408258e-01 5.199999999999999761e-03 2.890499596815738759e-01
-2.736260000000000403e+01 1.000000000000000222e+00 2.939999999999999905e-02 3.570611593983173639e-15
-2.736260000000000403e+01 1.000000000000000222e+00 2.759999999999999953e-02 3.570611593983173639e-15
-2.736260000000000403e+01 1.000000000000000222e+00 2.489999999999999852e-02 3.570611593983173639e-15
-2.736260000000000403e+01 1.000000000000000222e+00 2.850000000000000103e-02 3.570611593983173639e-15
-2.736260000000000403e+01 1.000000000000000222e+00 1.450000000000000074e-02 3.570611593983173639e-15
-2.736260000000000403e+01 1.000000000000000222e+00 2.910000000000000087e-02 3.570611593983173639e-15
-2.736260000000000403e+01 1.000000000000000222e+00 1.720000000000000001e-02 3.570611593983173639e-15
-2.736260000000000403e+01 1.000000000000000222e+00 1.959999999999999937e-02 3.570611593983173639e-15
-2.736260000000000403e+01 1.000000000000000222e+00 1.830000000000000029e-02 3.570611593983173639e-15
-2.736260000000000403e+01 1.000000000000000222e+00 3.169999999999999901e-02 3.570611593983173639e-15
-2.736260000000000403e+01 1.000000000000000222e+00 2.999999999999999889e-02 3.570611593983173639e-15
-2.736260000000000403e+01 1.000000000000000222e+00 1.640000000000000138e-02 3.570611593983173639e-15
-2.736260000000000403e+01 1.000000000000000222e+00 2.699999999999999969e-02 3.570611593983173639e-15
-2.736260000000000403e+01 1.000000000000000222e+00 2.610000000000000167e-02 3.570611593983173639e-15
-2.736260000000000403e+01 1.000000000000000222e+00 2.239999999999999977e-02 3.570611593983173639e-15
-2.736260000000000403e+01 1.000000000000000222e+00 2.390000000000000110e-02 3.570611593983173639e-15
-2.736260000000000403e+01 1.000000000000000222e+00 1.799999999999999864e-02 3.570611593983173639e-15
-2.736260000000000403e+01 1.000000000000000222e+00 2.840000000000000163e-02 3.570611593983173639e-15
-2.736260000000000403e+01 1.000000000000000222e+00 2.369999999999999885e-02 3.570611593983173639e-15
-2.736260000000000403e+01 1.000000000000000222e+00 2.790000000000000119e-02 3.570611593983173639e-15
-2.736260000000000403e+01 1.000000000000000222e+00 1.899999999999999953e-02 3.570611593983173639e-15
-2.736260000000000403e+01 1.000000000000000222e+00 3.370000000000000079e-02 3.570611593983173639e-15
-2.736260000000000403e+01 1.000000000000000222e+00 2.500000000000000139e-02 3.570611593983173639e-15
-2.736260000000000403e+01 1.000000000000000222e+00 1.899999999999999953e-02 3.570611593983173639e-15
-2.734356999999999971e+01 9.993045251547733043e-01 8.899999999999999925e-03 5.440262452819365907e-02
-2.736260000000000403e+01 1.000000000000000222e+00 2.889999999999999861e-02 3.570611593983173639e-15
-2.736260000000000403e+01 1.000000000000000222e+00 2.539999999999999897e-02 3.570611593983173639e-15
-2.736260000000000403e+01 1.000000000000000222e+00 2.390000000000000110e-02 3.570611593983173639e-15
-2.736260000000000403e+01 1.000000000000000222e+00 2.520000000000000018e-02 3.570611593983173639e-15
-2.736260000000000403e+01 1.000000000000000222e+00 3.339999999999999913e-02 3.570611593983173639e-15
-2.736260000000000403e+01 1.000000000000000222e+00 2.319999999999999840e-02 3.570611593983173639e-15
-2.736260000000000403e+01 1.000000000000000222e+00 2.520000000000000018e-02 3.570611593983173639e-15
-2.736260000000000403e+01 1.000000000000000222e+00 2.210000000000000159e-02 3.570611593983173639e-15
-2.736260000000000403e+01 1.000000000000000222e+00 2.359999999999999945e-02 3.570611593983173639e-15
-2.736260000000000403e+01 1.000000000000000222e+00 2.369999999999999885e-02 3.570611593983173639e-15
-2.736260000000000403e+01 1.000000000000000222e+00 2.050000000000000086e-02 3.570611593983173639e-15
-2.736260000000000403e+01 1.000000000000000222e+00 1.899999999999999953e-02 3.570611593983173639e-15
-2.736260000000000403e+01 1.000000000000000222e+00 3.209999999999999659e-02 3.570611593983173639e-15
-2.736260000000000403e+01 1.000000000000000222e+00 3.330000000000000321e-02 3.570611593983173639e-15
-2.736260000000000403e+01 1.000000000000000222e+00 3.130000000000000143e-02 3.570611593983173639e-15
-2.736260000000000403e+01 1.000000000000000222e+00 2.610000000000000167e-02 3.570611593983173639e-15
-2.736260000000000403e+01 1.000000000000000222e+00 2.210000000000000159e-02 3.570611593983173639e-15
-2.736260000000000403e+01 1.000000000000000222e+00 3.950000000000000039e-02 3.570611593983173639e-15
-2.736260000000000403e+01 1.000000000000000222e+00 2.199999999999999872e-02 3.570611593983173639e-15
-2.736260000000000403e+01 1.000000000000000222e+00 2.029999999999999860e-02 3.570611593983173639e-15
-2.736260000000000403e+01 1.000000000000000222e+00 3.729999999999999982e-02 3.570611593983173639e-15
-2.736260000000000403e+01 1.000000000000000222e+00 1.290000000000000001e-02 3.570611593983173639e-15
-2.736260000000000403e+01 1.000000000000000222e+00 2.980000000000000010e-02 3.570611593983173639e-15
-2.736260000000000403e+01 1.000000000000000222e+00 1.669999999999999957e-02 3.570611593983173639e-15
-2.736260000000000403e+01 1.000000000000000222e+00 2.440000000000000155e-02 3.570611593983173639e-15
-2.736260000000000403e+01 1.000000000000000222e+00 2.680000000000000090e-02 3.570611593983173639e-15
-2.736260000000000403e+01 1.000000000000000222e+00 2.319999999999999840e-02 3.570611593983173639e-15
-2.736260000000000403e+01 1.000000000000000222e+00 2.580000000000000002e-02 3.570611593983173639e-15
-2.736260000000000403e+01 1.000000000000000222e+00 2.879999999999999921e-02 3.570611593983173639e-15
-2.736260000000000403e+01 1.000000000000000222e+00 2.659999999999999865e-02 3.570611593983173639e-15
-2.736260000000000403e+01 1.000000000000000222e+00 3.070000000000000159e-02 3.570611593983173639e-15
-2.736260000000000403e+01 1.000000000000000222e+00 2.199999999999999872e-02 3.570611593983173639e-15
-2.736260000000000403e+01 1.000000000000000222e+00 3.109999999999999917e-02 3.570611593983173639e-15
-2.736260000000000403e+01 1.000000000000000222e+00 2.460000000000000034e-02 3.570611593983173639e-15
-2.736260000000000403e+01 1.000000000000000222e+00 1.849999999999999908e-02 3.570611593983173639e-15
-2.736260000000000403e+01 1.000000000000000222e+00 3.289999999999999869e-02 3.570611593983173639e-15
-2.736260000000000403e+01 1.000000000000000222e+00 2.670000000000000151e-02 3.570611593983173639e-15
-2.736260000000000403e+01 1.000000000000000222e+00 3.039999999999999994e-02 3.570611593983173639e-15
-2.736260000000000403e+01 1.000000000000000222e+00 2.900000000000000147e-02 3.570611593983173639e-15
-2.736260000000000403e+01 1.000000000000000222e+00 1.669999999999999957e-02 3.570611593983173639e-15
-2.736260000000000403e+01 1.000000000000000222e+00 2.500000000000000139e-02 3.570611593983173639e-15
-2.736260000000000403e+01 1.000000000000000222e+00 2.560000000000000123e-02 3.570611593983173639e-15
-2.736260000000000403e+01 1.000000000000000222e+00 2.879999999999999921e-02 3.570611593983173639e-15
-2.736260000000000403e+01 1.000000000000000222e+00 4.510000000000000120e-02 3.570611593983173639e-15
-2.736260000000000403e+01 1.000000000000000222e+00 2.759999999999999953e-02 3.570611593983173639e-15
-2.736260000000000403e+01 1.000000000000000222e+00 3.080000000000000099e-02 3.570611593983173639e-15
-2.736260000000000403e+01 1.000000000000000222e+00 2.350000000000000006e-02 3.570611593983173639e-15
-2.736260000000000403e+01 1.000000000000000222e+00 3.030000000000000054e-02 3.570611593983173639e-15
-2.736260000000000403e+01 1.000000000000000222e+00 2.429999999999999868e-02 3.570611593983173639e-15
-2.736260000000000403e+01 1.000000000000000222e+00 2.270000000000000143e-02 3.570611593983173639e-15
-2.736260000000000403e+01 1.000000000000000222e+00 2.659999999999999865e-02 3.570611593983173639e-15
-2.736260000000000403e+01 1.000000000000000222e+00 2.719999999999999848e-02 3.570611593983173639e-15
-2.736260000000000403e+01 1.000000000000000222e+00 1.810000000000000150e-02 3.570611593983173639e-15
-2.736260000000000403e+01 1.000000000000000222e+00 1.329999999999999932e-02 3.570611593983173639e-15
-2.736260000000000403e+01 1.000000000000000222e+00 2.790000000000000119e-02 3.570611593983173639e-15
-2.736260000000000403e+01 1.000000000000000222e+00 3.889999999999999708e-02 3.570611593983173639e-15
-2.736260000000000403e+01 1.000000000000000222e+00 3.830000000000000071e-02 3.570611593983173639e-15
-2.736260000000000403e+01 1.000000000000000222e+00 2.929999999999999966e-02 3.570611593983173639e-15
-2.736260000000000403e+01 1.000000000000000222e+00 2.340000000000000066e-02 3.570611593983173639e-15
-2.736260000000000403e+01 1.000000000000000222e+00 2.690000000000000030e-02 3.570611593983173639e-15
-2.736260000000000403e+01 1.000000000000000222e+00 2.889999999999999861e-02 3.570611593983173639e-15
-2.736260000000000403e+01 1.000000000000000222e+00 1.770000000000000046e-02 3.570611593983173639e-15
-2.736260000000000403e+01 1.000000000000000222e+00 2.299999999999999961e-02 3.570611593983173639e-15
-2.736260000000000403e+01 1.000000000000000222e+00 2.139999999999999888e-02 3.570611593983173639e-15
-2.736260000000000403e+01 1.000000000000000222e+00 2.069999999999999965e-02 3.570611593983173639e-15
-2.736260000000000403e+01 1.000000000000000222e+00 1.890000000000000013e-02 3.570611593983173639e-15
-2.736260000000000403e+01 1.000000000000000222e+00 4.299999999999999656e-02 3.570611593983173639e-15
-2.736260000000000403e+01 1.000000000000000222e+00 1.750000000000000167e-02 3.570611593983173639e-15
-2.736260000000000403e+01 1.000000000000000222e+00 2.680000000000000090e-02 3.570611593983173639e-15
-2.736260000000000403e+01 1.000000000000000222e+00 1.650000000000000078e-02 3.570611593983173639e-15
-2.736260000000000403e+01 1.000000000000000222e+00 2.570000000000000062e-02 3.570611593983173639e-15
-2.736260000000000403e+01 1.000000000000000222e+00 2.719999999999999848e-02 3.570611593983173639e-15
-2.736260000000000403e+01 1.000000000000000222e+00 2.610000000000000167e-02 3.570611593983173639e-15
-2.736260000000000403e+01 1.000000000000000222e+00 2.419999999999999929e-02 3.570611593983173639e-15
-2.736260000000000403e+01 1.000000000000000222e+00 2.709999999999999909e-02 3.570611593983173639e-15
-2.736260000000000403e+01 1.000000000000000222e+00 1.959999999999999937e-02 3.570611593983173639e-15
-2.736260000000000403e+01 1.000000000000000222e+00 3.450000000000000289e-02 3.570611593983173639e-15
-2.736260000000000403e+01 1.000000000000000222e+00 2.359999999999999945e-02 3.570611593983173639e-15
-2.736260000000000403e+01 1.000000000000000222e+00 2.489999999999999852e-02 3.570611593983173639e-15
-2.736260000000000403e+01 1.000000000000000222e+00 2.429999999999999868e-02 3.570611593983173639e-15
-2.736260000000000403e+01 1.000000000000000222e+00 2.139999999999999888e-02 3.570611593983173639e-15
-2.736260000000000403e+01 1.000000000000000222e+00 1.099999999999999936e-02 3.570611593983173639e-15
-2.736260000000000403e+01 1.000000000000000222e+00 2.570000000000000062e-02 3.570611593983173639e-15
-2.736260000000000403e+01 1.000000000000000222e+00 3.099999999999999978e-02 3.570611593983173639e-15
-2.736260000000000403e+01 1.000000000000000222e+00 2.740000000000000074e-02 3.570611593983173639e-15
-2.736260000000000403e+01 1.000000000000000222e+00 2.479999999999999913e-02 3.570611593983173639e-15
-2.736260000000000403e+01 1.000000000000000222e+00 2.620000000000000107e-02 3.570611593983173639e-15
-2.736260000000000403e+01 1.000000000000000222e+00 2.620000000000000107e-02 3.570611593983173639e-15
-2.736260000000000403e+01 1.000000000000000222e+00 3.059999999999999873e-02 3.570611593983173639e-15
-2.736260000000000403e+01 1.000000000000000222e+00 3.030000000000000054e-02 3.570611593983173639e-15
-2.736260000000000403e+01 1.000000000000000222e+00 2.779999999999999832e-02 3.570611593983173639e-15
-2.736260000000000403e+01 1.000000000000000222e+00 2.610000000000000167e-02 3.570611593983173639e-15
-2.736260000000000403e+01 1.000000000000000222e+00 3.980000000000000204e-02 3.570611593983173639e-15
-2.736260000000000403e+01 1.000000000000000222e+00 2.740000000000000074e-02 3.570611593983173639e-15
-2.736260000000000403e+01 1.000000000000000222e+00 3.590000000000000135e-02 3.570611593983173639e-15
-2.736260000000000403e+01 1.000000000000000222e+00 2.469999999999999973e-02 3.570611593983173639e-15
-2.736260000000000403e+01 1.000000000000000222e+00 2.850000000000000103e-02 3.570611593983173639e-15
-2.736260000000000403e+01 1.000000000000000222e+00 2.680000000000000090e-02 3.570611593983173639e-15
-2.736260000000000403e+01 1.000000000000000222e+00 2.989999999999999949e-02 3.570611593983173639e-15
-2.736260000000000403e+01 1.000000000000000222e+00 2.589999999999999941e-02 3.570611593983173639e-15
-2.736260000000000403e+01 1.000000000000000222e+00 2.779999999999999832e-02 3.570611593983173639e-15
-2.736260000000000403e+01 1.000000000000000222e+00 2.939999999999999905e-02 3.570611593983173639e-15
-2.736260000000000403e+01 1.000000000000000222e+00 2.999999999999999889e-02 3.570611593983173639e-15
-2.736260000000000403e+01 1.000000000000000222e+00 3.389999999999999958e-02 3.570611593983173639e-15
-2.736260000000000403e+01 1.000000000000000222e+00 2.759999999999999953e-02 3.570611593983173639e-15
-2.736260000000000403e+01 1.000000000000000222e+00 3.039999999999999994e-02 3.570611593983173639e-15
-2.736260000000000403e+01 1.000000000000000222e+00 3.049999999999999933e-02 3.570611593983173639e-15
-2.736260000000000403e+01 1.000000000000000222e+00 2.649999999999999925e-02 3.570611593983173639e-15
-2.736260000000000403e+01 1.000000000000000222e+00 2.790000000000000119e-02 3.570611593983173639e-15
-2.736260000000000403e+01 1.000000000000000222e+00 2.610000000000000167e-02 3.570611593983173639e-15
-2.736260000000000403e+01 1.000000000000000222e+00 2.709999999999999909e-02 3.570611593983173639e-15
-2.736260000000000403e+01 1.000000000000000222e+00 2.769999999999999893e-02 3.570611593983173639e-15
-2.736260000000000403e+01 1.000000000000000222e+00 3.070000000000000159e-02 3.570611593983173639e-15
-2.736260000000000403e+01 1.000000000000000222e+00 2.879999999999999921e-02 3.570611593983173639e-15
-2.736260000000000403e+01 1.000000000000000222e+00 2.779999999999999832e-02 3.570611593983173639e-15
-2.736260000000000403e+01 1.000000000000000222e+00 2.850000000000000103e-02 3.570611593983173639e-15
-2.736260000000000403e+01 1.000000000000000222e+00 3.189999999999999780e-02 3.570611593983173639e-15
-2.736260000000000403e+01 1.000000000000000222e+00 2.989999999999999949e-02 3.570611593983173639e-15
-2.736260000000000403e+01 1.000000000000000222e+00 2.960000000000000131e-02 3.570611593983173639e-15
-2.736260000000000403e+01 1.000000000000000222e+00 2.630000000000000046e-02 3.570611593983173639e-15
-2.736260000000000403e+01 1.000000000000000222e+00 3.180000000000000188e-02 3.570611593983173639e-15
-2.736260000000000403e+01 1.000000000000000222e+00 2.529999999999999957e-02 3.570611593983173639e-15
-2.736260000000000403e+01 1.000000000000000222e+00 2.850000000000000103e-02 3.570611593983173639e-15
-2.736260000000000403e+01 1.000000000000000222e+00 2.690000000000000030e-02 3.570611593983173639e-15
-2.736260000000000403e+01 1.000000000000000222e+00 2.829999999999999877e-02 3.570611593983173639e-15
-2.736260000000000403e+01 1.000000000000000222e+00 2.829999999999999877e-02 3.570611593983173639e-15
-2.736260000000000403e+01 1.000000000000000222e+00 2.709999999999999909e-02 3.570611593983173639e-15
-2.736260000000000403e+01 1.000000000000000222e+00 2.630000000000000046e-02 3.570611593983173639e-15
-2.736260000000000403e+01 1.000000000000000222e+00 2.680000000000000090e-02 3.570611593983173639e-15
-2.736260000000000403e+01 1.000000000000000222e+00 2.610000000000000167e-02 3.570611593983173639e-15
-2.736260000000000403e+01 1.000000000000000222e+00 2.719999999999999848e-02 3.570611593983173639e-15
-2.736260000000000403e+01 1.000000000000000222e+00 3.009999999999999828e-02 3.570611593983173639e-15
-2.736260000000000403e+01 1.000000000000000222e+00 2.869999999999999982e-02 3.570611593983173639e-15
-2.736260000000000403e+01 1.000000000000000222e+00 2.639999999999999986e-02 3.570611593983173639e-15
-2.736260000000000403e+01 1.000000000000000222e+00 3.219999999999999946e-02 3.570611593983173639e-15
-2.736260000000000403e+01 1.000000000000000222e+00 2.779999999999999832e-02 3.570611593983173639e-15
-2.736260000000000403e+01 1.000000000000000222e+00 3.059999999999999873e-02 3.570611593983173639e-15
-2.736260000000000403e+01 1.000000000000000222e+00 2.610000000000000167e-02 3.570611593983173639e-15
-2.736260000000000403e+01 1.000000000000000222e+00 2.740000000000000074e-02 3.570611593983173639e-15
-2.736260000000000403e+01 1.000000000000000222e+00 2.759999999999999953e-02 3.570611593983173639e-15
-2.736260000000000403e+01 1.000000000000000222e+00 2.790000000000000119e-02 3.570611593983173639e-15
-2.736260000000000403e+01 1.000000000000000222e+00 2.869999999999999982e-02 3.570611593983173639e-15
-2.736260000000000403e+01 1.000000000000000222e+00 2.560000000000000123e-02 3.570611593983173639e-15
-2.736260000000000403e+01 1.000000000000000222e+00 2.999999999999999889e-02 3.570611593983173639e-15
-2.736260000000000403e+01 1.000000000000000222e+00 2.390000000000000110e-02 3.570611593983173639e-15
-2.736260000000000403e+01 1.000000000000000222e+00 2.809999999999999998e-02 3.570611593983173639e-15
-2.736260000000000403e+01 1.000000000000000222e+00 2.759999999999999953e-02 3.570611593983173639e-15
-2.736260000000000403e+01 1.000000000000000222e+00 2.920000000000000026e-02 3.570611593983173639e-15
-2.736260000000000403e+01 1.000000000000000222e+00 3.030000000000000054e-02 3.570611593983173639e-15
-2.736260000000000403e+01 1.000000000000000222e+00 2.740000000000000074e-02 3.570611593983173639e-15
-2.736260000000000403e+01 1.000000000000000222e+00 3.269999999999999990e-02 3.570611593983173639e-15
-2.736260000000000403e+01 1.000000000000000222e+00 2.970000000000000070e-02 3.570611593983173639e-15
-2.736260000000000403e+01 1.000000000000000222e+00 2.949999999999999845e-02 3.570611593983173639e-15
-2.736260000000000403e+01 1.000000000000000222e+00 3.049999999999999933e-02 3.570611593983173639e-15
-2.736260000000000403e+01 1.000000000000000222e+00 2.860000000000000042e-02 3.570611593983173639e-15
-2.736260000000000403e+01 1.000000000000000222e+00 2.759999999999999953e-02 3.570611593983173639e-15
-2.736260000000000403e+01 1.000000000000000222e+00 2.829999999999999877e-02 3.570611593983173639e-15
-2.736260000000000403e+01 1.000000000000000222e+00 2.790000000000000119e-02 3.570611593983173639e-15
-2.736260000000000403e+01 1.000000000000000222e+00 2.910000000000000087e-02 3.570611593983173639e-15
-2.736260000000000403e+01 1.000000000000000222e+00 2.829999999999999877e-02 3.570611593983173639e-15
-2.736260000000000403e+01 1.000000000000000222e+00 2.699999999999999969e-02 3.570611593983173639e-15
-2.736260000000000403e+01 1.000000000000000222e+00 2.730000000000000135e-02 3.570611593983173639e-15
-2.736260000000000403e+01 1.000000000000000222e+00 2.580000000000000002e-02 3.570611593983173639e-15
-2.736260000000000403e+01 1.000000000000000222e+00 3.169999999999999901e-02 3.570611593983173639e-15
-2.736260000000000403e+01 1.000000000000000222e+00 3.009999999999999828e-02 3.570611593983173639e-15
-2.736260000000000403e+01 1.000000000000000222e+00 3.030000000000000054e-02 3.570611593983173639e-15
-2.736260000000000403e+01 1.000000000000000222e+00 2.929999999999999966e-02 3.570611593983173639e-15
-2.736260000000000403e+01 1.000000000000000222e+00 3.049999999999999933e-02 3.570611593983173639e-15
-2.736260000000000403e+01 1.000000000000000222e+00 2.980000000000000010e-02 3.570611593983173639e-15
-2.736260000000000403e+01 1.000000000000000222e+00 3.020000000000000115e-02 3.570611593983173639e-15
-2.736260000000000403e+01 1.000000000000000222e+00 2.850000000000000103e-02 3.570611593983173639e-15
-2.736260000000000403e+01 1.000000000000000222e+00 2.980000000000000010e-02 3.570611593983173639e-15
-2.736260000000000403e+01 1.000000000000000222e+00 2.769999999999999893e-02 3.570611593983173639e-15
-2.736260000000000403e+01 1.000000000000000222e+00 3.219999999999999946e-02 3.570611593983173639e-15
-2.736260000000000403e+01 1.000000000000000222e+00 2.869999999999999982e-02 3.570611593983173639e-15
-2.736260000000000403e+01 1.000000000000000222e+00 2.819999999999999937e-02 3.570611593983173639e-15
-2.736260000000000403e+01 1.000000000000000222e+00 2.829999999999999877e-02 3.570611593983173639e-15
-2.736260000000000403e+01 1.000000000000000222e+00 3.009999999999999828e-02 3.570611593983173639e-15
-2.736260000000000403e+01 1.000000000000000222e+00 2.910000000000000087e-02 3.570611593983173639e-15
-2.736260000000000403e+01 1.000000000000000222e+00 2.769999999999999893e-02 3.570611593983173639e-15
-2.736260000000000403e+01 1.000000000000000222e+00 2.939999999999999905e-02 3.570611593983173639e-15
-2.736260000000000403e+01 1.000000000000000222e+00 2.520000000000000018e-02 3.570611593983173639e-15
-2.736260000000000403e+01 1.000000000000000222e+00 2.699999999999999969e-02 3.570611593983173639e-15
-2.736260000000000403e+01 1.000000000000000222e+00 3.020000000000000115e-02 3.570611593983173639e-15
-2.736260000000000403e+01 1.000000000000000222e+00 2.790000000000000119e-02 3.570611593983173639e-15
-2.736260000000000403e+01 1.000000000000000222e+00 2.929999999999999966e-02 3.570611593983173639e-15
-2.736260000000000403e+01 1.000000000000000222e+00 2.790000000000000119e-02 3.570611593983173639e-15
-2.736260000000000403e+01 1.000000000000000222e+00 2.179999999999999993e-02 3.570611593983173639e-15
-2.736260000000000403e+01 1.000000000000000222e+00 3.099999999999999978e-02 3.570611593983173639e-15
-2.736260000000000403e+01 1.000000000000000222e+00 2.819999999999999937e-02 3.570611593983173639e-15
-2.736260000000000403e+01 1.000000000000000222e+00 3.160000000000000309e-02 3.570611593983173639e-15
-2.736260000000000403e+01 1.000000000000000222e+00 2.740000000000000074e-02 3.570611593983173639e-15
-2.736260000000000403e+01 1.000000000000000222e+00 2.879999999999999921e-02 3.570611593983173639e-15
-2.736260000000000403e+01 1.000000000000000222e+00 2.850000000000000103e-02 3.570611593983173639e-15
-2.736260000000000403e+01 1.000000000000000222e+00 2.910000000000000087e-02 3.570611593983173639e-15
-2.736260000000000403e+01 1.000000000000000222e+00 2.589999999999999941e-02 3.570611593983173639e-15
-2.736260000000000403e+01 1.000000000000000222e+00 3.090000000000000038e-02 3.570611593983173639e-15
-2.736260000000000403e+01 1.000000000000000222e+00 2.659999999999999865e-02 3.570611593983173639e-15
-2.736260000000000403e+01 1.000000000000000222e+00 3.280000000000000276e-02 3.570611593983173639e-15
-2.736260000000000403e+01 1.000000000000000222e+00 2.769999999999999893e-02 3.570611593983173639e-15
-2.736260000000000403e+01 1.000000000000000222e+00 3.039999999999999994e-02 3.570611593983173639e-15
-2.736260000000000403e+01 1.000000000000000222e+00 2.570000000000000062e-02 3.570611593983173639e-15
-2.736260000000000403e+01 1.000000000000000222e+00 2.610000000000000167e-02 3.570611593983173639e-15
-2.736260000000000403e+01 1.000000000000000222e+00 2.910000000000000087e-02 3.570611593983173639e-15
-2.736260000000000403e+01 1.000000000000000222e+00 2.769999999999999893e-02 3.570611593983173639e-15
-2.736260000000000403e+01 1.000000000000000222e+00 2.759999999999999953e-02 3.570611593983173639e-15
-2.736260000000000403e+01 1.000000000000000222e+00 2.639999999999999986e-02 3.570611593983173639e-15
-2.736260000000000403e+01 1.000000000000000222e+00 2.869999999999999982e-02 3.570611593983173639e-15
-2.736260000000000403e+01 1.000000000000000222e+00 2.630000000000000046e-02 3.570611593983173639e-15
-2.736260000000000403e+01 1.000000000000000222e+00 2.759999999999999953e-02 3.570611593983173639e-15
-2.736260000000000403e+01 1.000000000000000222e+00 2.740000000000000074e-02 3.570611593983173639e-15
-2.736260000000000403e+01 1.000000000000000222e+00 3.049999999999999933e-02 3.570611593983173639e-15
-2.736260000000000403e+01 1.000000000000000222e+00 2.719999999999999848e-02 3.570611593983173639e-15
-2.736260000000000403e+01 1.000000000000000222e+00 3.169999999999999901e-02 3.570611593983173639e-15
-2.736260000000000403e+01 1.000000000000000222e+00 2.779999999999999832e-02 3.570611593983173639e-15
-2.736260000000000403e+01 1.000000000000000222e+00 3.009999999999999828e-02 3.570611593983173639e-15
-2.736260000000000403e+01 1.000000000000000222e+00 2.779999999999999832e-02 3.570611593983173639e-15
-2.736260000000000403e+01 1.000000000000000222e+00 2.779999999999999832e-02 3.570611593983173639e-15
-2.736260000000000403e+01 1.000000000000000222e+00 2.840000000000000163e-02 3.570611593983173639e-15
-2.736260000000000403e+01 1.000000000000000222e+00 2.819999999999999937e-02 3.570611593983173639e-15
-2.736260000000000403e+01 1.000000000000000222e+00 2.759999999999999953e-02 3.570611593983173639e-15
-2.736260000000000403e+01 1.000000000000000222e+00 2.879999999999999921e-02 3.570611593983173639e-15
-2.736260000000000403e+01 1.000000000000000222e+00 2.819999999999999937e-02 3.570611593983173639e-15
-2.736260000000000403e+01 1.000000000000000222e+00 2.929999999999999966e-02 3.570611593983173639e-15
-2.736260000000000403e+01 1.000000000000000222e+00 2.900000000000000147e-02 3.570611593983173639e-15
-2.736260000000000403e+01 1.000000000000000222e+00 2.989999999999999949e-02 3.570611593983173639e-15
-2.736260000000000403e+01 1.000000000000000222e+00 2.759999999999999953e-02 3.570611593983173639e-15
-2.736260000000000403e+01 1.000000000000000222e+00 2.869999999999999982e-02 3.570611593983173639e-15
-2.736260000000000403e+01 1.000000000000000222e+00 2.960000000000000131e-02 3.570611593983173639e-15
-2.736260000000000403e+01 1.000000000000000222e+00 3.300000000000000155e-02 3.570611593983173639e-15
-2.736260000000000403e+01 1.000000000000000222e+00 2.920000000000000026e-02 3.570611593983173639e-15
-2.736260000000000403e+01 1.000000000000000222e+00 2.939999999999999905e-02 3.570611593983173639e-15
-2.736260000000000403e+01 1.000000000000000222e+00 3.189999999999999780e-02 3.570611593983173639e-15
-2.736260000000000403e+01 1.000000000000000222e+00 2.900000000000000147e-02 3.570611593983173639e-15
-2.736260000000000403e+01 1.000000000000000222e+00 3.059999999999999873e-02 3.570611593983173639e-15
-2.736260000000000403e+01 1.000000000000000222e+00 2.970000000000000070e-02 3.570611593983173639e-15
-2.736260000000000403e+01 1.000000000000000222e+00 2.670000000000000151e-02 3.570611593983173639e-15
-2.736260000000000403e+01 1.000000000000000222e+00 2.589999999999999941e-02 3.570611593983173639e-15
-2.736260000000000403e+01 1.000000000000000222e+00 2.709999999999999909e-02 3.570611593983173639e-15
-2.736260000000000403e+01 1.000000000000000222e+00 2.790000000000000119e-02 3.570611593983173639e-15
-2.736260000000000403e+01 1.000000000000000222e+00 2.809999999999999998e-02 3.570611593983173639e-15
-2.736260000000000403e+01 1.000000000000000222e+00 3.039999999999999994e-02 3.570611593983173639e-15
-2.736260000000000403e+01 1.000000000000000222e+00 2.869999999999999982e-02 3.570611593983173639e-15
-2.736260000000000403e+01 1.000000000000000222e+00 2.949999999999999845e-02 3.570611593983173639e-15
-2.736260000000000403e+01 1.000000000000000222e+00 2.769999999999999893e-02 3.570611593983173639e-15
-2.736260000000000403e+01 1.000000000000000222e+00 2.840000000000000163e-02 3.570611593983173639e-15
-2.736260000000000403e+01 1.000000000000000222e+00 2.939999999999999905e-02 3.570611593983173639e-15
-2.736260000000000403e+01 1.000000000000000222e+00 2.949999999999999845e-02 3.570611593983173639e-15
-2.736260000000000403e+01 1.000000000000000222e+00 2.910000000000000087e-02 3.570611593983173639e-15
-2.736260000000000403e+01 1.000000000000000222e+00 2.510000000000000078e-02 3.570611593983173639e-15
-2.736260000000000403e+01 1.000000000000000222e+00 2.869999999999999982e-02 3.570611593983173639e-15
-2.736260000000000403e+01 1.000000000000000222e+00 2.699999999999999969e-02 3.570611593983173639e-15
-2.736260000000000403e+01 1.000000000000000222e+00 3.150000000000000022e-02 3.570611593983173639e-15
-2.736260000000000403e+01 1.000000000000000222e+00 2.759999999999999953e-02 3.570611593983173639e-15
-2.736260000000000403e+01 1.000000000000000222e+00 2.869999999999999982e-02 3.570611593983173639e-15
-2.736260000000000403e+01 1.000000000000000222e+00 2.599999999999999881e-02 3.570611593983173639e-15
-2.736260000000000403e+01 1.000000000000000222e+00 3.059999999999999873e-02 3.570611593983173639e-15
-2.736260000000000403e+01 1.000000000000000222e+00 3.080000000000000099e-02 3.570611593983173639e-15
-2.736260000000000403e+01 1.000000000000000222e+00 2.740000000000000074e-02 3.570611593983173639e-15
-2.736260000000000403e+01 1.000000000000000222e+00 2.840000000000000163e-02 3.570611593983173639e-15
-2.736260000000000403e+01 1.000000000000000222e+00 2.630000000000000046e-02 3.570611593983173639e-15
-2.736260000000000403e+01 1.000000000000000222e+00 2.589999999999999941e-02 3.570611593983173639e-15
-2.736260000000000403e+01 1.000000000000000222e+00 2.779999999999999832e-02 3.570611593983173639e-15
-2.736260000000000403e+01 1.000000000000000222e+00 3.300000000000000155e-02 3.570611593983173639e-15
-2.736260000000000403e+01 1.000000000000000222e+00 2.910000000000000087e-02 3.570611593983173639e-15
-2.736260000000000403e+01 1.000000000000000222e+00 2.879999999999999921e-02 3.570611593983173639e-15
-2.736260000000000403e+01 1.000000000000000222e+00 2.949999999999999845e-02 3.570611593983173639e-15
-2.736260000000000403e+01 1.000000000000000222e+00 2.860000000000000042e-02 3.570611593983173639e-15
-2.736260000000000403e+01 1.000000000000000222e+00 2.750000000000000014e-02 3.570611593983173639e-15
-2.736260000000000403e+01 1.000000000000000222e+00 2.690000000000000030e-02 3.570611593983173639e-15
-2.736260000000000403e+01 1.000000000000000222e+00 3.280000000000000276e-02 3.570611593983173639e-15
-2.736260000000000403e+01 1.000000000000000222e+00 2.869999999999999982e-02 3.570611593983173639e-15
-2.736260000000000403e+01 1.000000000000000222e+00 2.860000000000000042e-02 3.570611593983173639e-15
-2.736260000000000403e+01 1.000000000000000222e+00 2.860000000000000042e-02 3.570611593983173639e-15
-2.736260000000000403e+01 1.000000000000000222e+00 3.049999999999999933e-02 3.570611593983173639e-15
-2.736260000000000403e+01 1.000000000000000222e+00 3.049999999999999933e-02 3.570611593983173639e-15
-2.736260000000000403e+01 1.000000000000000222e+00 2.879999999999999921e-02 3.570611593983173639e-15
-2.736260000000000403e+01 1.000000000000000222e+00 2.809999999999999998e-02 3.570611593983173639e-15
-2.736260000000000403e+01 1.000000000000000222e+00 3.169999999999999901e-02 3.570611593983173639e-15
-2.736260000000000403e+01 1.000000000000000222e+00 2.850000000000000103e-02 3.570611593983173639e-15
-2.736260000000000403e+01 1.000000000000000222e+00 2.829999999999999877e-02 3.570611593983173639e-15
-2.736260000000000403e+01 1.000000000000000222e+00 3.039999999999999994e-02 3.570611593983173639e-15
-2.736260000000000403e+01 1.000000000000000222e+00 3.039999999999999994e-02 3.570611593983173639e-15
-2.736260000000000403e+01 1.000000000000000222e+00 2.680000000000000090e-02 3.570611593983173639e-15
-2.736260000000000403e+01 1.000000000000000222e+00 2.599999999999999881e-02 3.570611593983173639e-15
-2.736260000000000403e+01 1.000000000000000222e+00 3.280000000000000276e-02 3.570611593983173639e-15
-2.736260000000000403e+01 1.000000000000000222e+00 3.099999999999999978e-02 3.570611593983173639e-15
-2.736260000000000403e+01 1.000000000000000222e+00 2.709999999999999909e-02 3.570611593983173639e-15
-2.736260000000000403e+01 1.000000000000000222e+00 2.840000000000000163e-02 3.570611593983173639e-15
-2.736260000000000403e+01 1.000000000000000222e+00 2.709999999999999909e-02 3.570611593983173639e-15
-2.736260000000000403e+01 1.000000000000000222e+00 2.680000000000000090e-02 3.570611593983173639e-15
-2.736260000000000403e+01 1.000000000000000222e+00 2.610000000000000167e-02 3.570611593983173639e-15
-2.736260000000000403e+01 1.000000000000000222e+00 2.779999999999999832e-02 3.570611593983173639e-15
-2.736260000000000403e+01 1.000000000000000222e+00 2.759999999999999953e-02 3.570611593983173639e-15
-2.736260000000000403e+01 1.000000000000000222e+00 2.910000000000000087e-02 3.570611593983173639e-15
-2.736260000000000403e+01 1.000000000000000222e+00 2.690000000000000030e-02 3.570611593983173639e-15
-2.736260000000000403e+01 1.000000000000000222e+00 2.900000000000000147e-02 3.570611593983173639e-15
-2.736260000000000403e+01 1.000000000000000222e+00 2.800000000000000058e-02 3.570611593983173639e-15
-2.736260000000000403e+01 1.000000000000000222e+00 2.419999999999999929e-02 3.570611593983173639e-15
-2.736260000000000403e+01 1.000000000000000222e+00 2.939999999999999905e-02 3.570611593983173639e-15
-2.736260000000000403e+01 1.000000000000000222e+00 2.620000000000000107e-02 3.570611593983173639e-15
-2.736260000000000403e+01 1.000000000000000222e+00 2.740000000000000074e-02 3.570611593983173639e-15
-2.736260000000000403e+01 1.000000000000000222e+00 2.920000000000000026e-02 3.570611593983173639e-15
-2.736260000000000403e+01 1.000000000000000222e+00 2.970000000000000070e-02 3.570611593983173639e-15
-2.736260000000000403e+01 1.000000000000000222e+00 2.879999999999999921e-02 3.570611593983173639e-15
-2.736260000000000403e+01 1.000000000000000222e+00 2.740000000000000074e-02 3.570611593983173639e-15
-2.736260000000000403e+01 1.000000000000000222e+00 2.440000000000000155e-02 3.570611593983173639e-15
-2.736260000000000403e+01 1.000000000000000222e+00 2.479999999999999913e-02 3.570611593983173639e-15
-2.736260000000000403e+01 1.000000000000000222e+00 2.759999999999999953e-02 3.570611593983173639e-15
-2.736260000000000403e+01 1.000000000000000222e+00 2.769999999999999893e-02 3.570611593983173639e-15
-2.736260000000000403e+01 1.000000000000000222e+00 2.829999999999999877e-02 3.570611593983173639e-15
-2.736260000000000403e+01 1.000000000000000222e+00 2.860000000000000042e-02 3.570611593983173639e-15
-2.736260000000000403e+01 1.000000000000000222e+00 2.850000000000000103e-02 3.570611593983173639e-15
-2.736260000000000403e+01 1.000000000000000222e+00 2.900000000000000147e-02 3.570611593983173639e-15
-2.736260000000000403e+01 1.000000000000000222e+00 2.730000000000000135e-02 3.570611593983173639e-15
-2.736260000000000403e+01 1.000000000000000222e+00 2.500000000000000139e-02 3.570611593983173639e-15
-2.736260000000000403e+01 1.000000000000000222e+00 2.719999999999999848e-02 3.570611593983173639e-15
-2.736260000000000403e+01 1.000000000000000222e+00 3.099999999999999978e-02 3.570611593983173639e-15
-2.736260000000000403e+01 1.000000000000000222e+00 3.219999999999999946e-02 3.570611593983173639e-15
-2.736260000000000403e+01 1.000000000000000222e+00 2.809999999999999998e-02 3.570611593983173639e-15
-2.736260000000000403e+01 1.000000000000000222e+00 2.769999999999999893e-02 3.570611593983173639e-15
-2.736260000000000403e+01 1.000000000000000222e+00 2.869999999999999982e-02 3.570611593983173639e-15
-2.736260000000000403e+01 1.000000000000000222e+00 3.119999999999999857e-02 3.570611593983173639e-15
-2.736260000000000403e+01 1.000000000000000222e+00 2.800000000000000058e-02 3.570611593983173639e-15
-2.736260000000000403e+01 1.000000000000000222e+00 2.570000000000000062e-02 3.570611593983173639e-15
-2.736260000000000403e+01 1.000000000000000222e+00 2.580000000000000002e-02 3.570611593983173639e-15
-2.736260000000000403e+01 1.000000000000000222e+00 3.330000000000000321e-02 3.570611593983173639e-15
-2.736260000000000403e+01 1.000000000000000222e+00 2.670000000000000151e-02 3.570611593983173639e-15
-2.736260000000000403e+01 1.000000000000000222e+00 2.819999999999999937e-02 3.570611593983173639e-15
-2.736260000000000403e+01 1.000000000000000222e+00 2.829999999999999877e-02 3.570611593983173639e-15
-2.736260000000000403e+01 1.000000000000000222e+00 2.869999999999999982e-02 3.570611593983173639e-15
-2.736260000000000403e+01 1.000000000000000222e+00 3.009999999999999828e-02 3.570611593983173639e-15
-2.736260000000000403e+01 1.000000000000000222e+00 2.539999999999999897e-02 3.570611593983173639e-15
-2.736260000000000403e+01 1.000000000000000222e+00 2.939999999999999905e-02 3.570611593983173639e-15
-2.736260000000000403e+01 1.000000000000000222e+00 2.920000000000000026e-02 3.570611593983173639e-15
-2.736260000000000403e+01 1.000000000000000222e+00 2.800000000000000058e-02 3.570611593983173639e-15
-2.736260000000000403e+01 1.000000000000000222e+00 2.970000000000000070e-02 3.570611593983173639e-15
-2.736260000000000403e+01 1.000000000000000222e+00 2.939999999999999905e-02 3.570611593983173639e-15
-2.736260000000000403e+01 1.000000000000000222e+00 2.759999999999999953e-02 3.570611593983173639e-15
-2.736260000000000403e+01 1.000000000000000222e+00 2.740000000000000074e-02 3.570611593983173639e-15
-2.736260000000000403e+01 1.000000000000000222e+00 2.989999999999999949e-02 3.570611593983173639e-15
-2.736260000000000403e+01 1.000000000000000222e+00 2.779999999999999832e-02 3.570611593983173639e-15
-2.736260000000000403e+01 1.000000000000000222e+00 2.910000000000000087e-02 3.570611593983173639e-15
-2.736260000000000403e+01 1.000000000000000222e+00 2.709999999999999909e-02 3.570611593983173639e-15
-2.736260000000000403e+01 1.000000000000000222e+00 3.150000000000000022e-02 3.570611593983173639e-15
-2.736260000000000403e+01 1.000000000000000222e+00 2.829999999999999877e-02 3.570611593983173639e-15
-2.736260000000000403e+01 1.000000000000000222e+00 2.750000000000000014e-02 3.570611593983173639e-15
-2.736260000000000403e+01 1.000000000000000222e+00 3.030000000000000054e-02 3.570611593983173639e-15
-2.736260000000000403e+01 1.000000000000000222e+00 2.879999999999999921e-02 3.570611593983173639e-15
-2.736260000000000403e+01 1.000000000000000222e+00 2.630000000000000046e-02 3.570611593983173639e-15
-2.736260000000000403e+01 1.000000000000000222e+00 2.819999999999999937e-02 3.570611593983173639e-15
-2.736260000000000403e+01 1.000000000000000222e+00 3.139999999999999736e-02 3.570611593983173639e-15
-2.736260000000000403e+01 1.000000000000000222e+00 2.750000000000000014e-02 3.570611593983173639e-15
-2.736260000000000403e+01 1.000000000000000222e+00 2.889999999999999861e-02 3.570611593983173639e-15
-2.736260000000000403e+01 1.000000000000000222e+00 2.869999999999999982e-02 3.570611593983173639e-15
-2.736260000000000403e+01 1.000000000000000222e+00 2.800000000000000058e-02 3.570611593983173639e-15
-2.736260000000000403e+01 1.000000000000000222e+00 2.740000000000000074e-02 3.570611593983173639e-15
-2.736260000000000403e+01 1.000000000000000222e+00 2.709999999999999909e-02 3.570611593983173639e-15
-2.736260000000000403e+01 1.000000000000000222e+00 2.929999999999999966e-02 3.570611593983173639e-15
-2.736260000000000403e+01 1.000000000000000222e+00 2.800000000000000058e-02 3.570611593983173639e-15
-2.736260000000000403e+01 1.000000000000000222e+00 2.900000000000000147e-02 3.570611593983173639e-15
-2.736260000000000403e+01 1.000000000000000222e+00 2.869999999999999982e-02 3.570611593983173639e-15
-2.736260000000000403e+01 1.000000000000000222e+00 3.049999999999999933e-02 3.570611593983173639e-15
-2.736260000000000403e+01 1.000000000000000222e+00 2.709999999999999909e-02 3.570611593983173639e-15
-2.736260000000000403e+01 1.000000000000000222e+00 2.730000000000000135e-02 3.570611593983173639e-15
-2.736260000000000403e+01 1.000000000000000222e+00 2.879999999999999921e-02 3.570611593983173639e-15
-2.736260000000000403e+01 1.000000000000000222e+00 2.889999999999999861e-02 3.570611593983173639e-15
-2.736260000000000403e+01 1.000000000000000222e+00 2.980000000000000010e-02 3.570611593983173639e-15
-2.736260000000000403e+01 1.000000000000000222e+00 2.659999999999999865e-02 3.570611593983173639e-15
-2.736260000000000403e+01 1.000000000000000222e+00 2.620000000000000107e-02 3.570611593983173639e-15
-2.736260000000000403e+01 1.000000000000000222e+00 2.610000000000000167e-02 3.570611593983173639e-15
-2.736260000000000403e+01 1.000000000000000222e+00 2.850000000000000103e-02 3.570611593983173639e-15
-2.736260000000000403e+01 1.000000000000000222e+00 2.620000000000000107e-02 3.570611593983173639e-15
-2.736260000000000403e+01 1.000000000000000222e+00 2.790000000000000119e-02 3.570611593983173639e-15
-2.736260000000000403e+01 1.000000000000000222e+00 2.989999999999999949e-02 3.570611593983173639e-15
-2.736260000000000403e+01 1.000000000000000222e+00 2.630000000000000046e-02 3.570611593983173639e-15
-2.736260000000000403e+01 1.000000000000000222e+00 2.900000000000000147e-02 3.570611593983173639e-15
-2.736260000000000403e+01 1.000000000000000222e+00 3.119999999999999857e-02 3.570611593983173639e-15
-2.736260000000000403e+01 1.000000000000000222e+00 2.809999999999999998e-02 3.570611593983173639e-15
-2.736260000000000403e+01 1.000000000000000222e+00 2.740000000000000074e-02 3.570611593983173639e-15
-2.736260000000000403e+01 1.000000000000000222e+00 2.769999999999999893e-02 3.570611593983173639e-15
-2.736260000000000403e+01 1.000000000000000222e+00 2.879999999999999921e-02 3.570611593983173639e-15
-2.736260000000000403e+01 1.000000000000000222e+00 2.779999999999999832e-02 3.570611593983173639e-15
-2.736260000000000403e+01 1.000000000000000222e+00 3.059999999999999873e-02 3.570611593983173639e-15
-2.736260000000000403e+01 1.000000000000000222e+00 2.809999999999999998e-02 3.570611593983173639e-15
-2.736260000000000403e+01 1.000000000000000222e+00 2.960000000000000131e-02 3.570611593983173639e-15
-2.736260000000000403e+01 1.000000000000000222e+00 2.980000000000000010e-02 3.570611593983173639e-15
-2.736260000000000403e+01 1.000000000000000222e+00 2.819999999999999937e-02 3.570611593983173639e-15
-2.736260000000000403e+01 1.000000000000000222e+00 2.900000000000000147e-02 3.570611593983173639e-15
-2.736260000000000403e+01 1.000000000000000222e+00 2.589999999999999941e-02 3.570611593983173639e-15
-2.736260000000000403e+01 1.000000000000000222e+00 2.939999999999999905e-02 3.570611593983173639e-15
-2.736260000000000403e+01 1.000000000000000222e+00 3.039999999999999994e-02 3.570611593983173639e-15
-2.736260000000000403e+01 1.000000000000000222e+00 2.879999999999999921e-02 3.570611593983173639e-15
-2.736260000000000403e+01 1.000000000000000222e+00 3.039999999999999994e-02 3.570611593983173639e-15
-2.736260000000000403e+01 1.000000000000000222e+00 2.860000000000000042e-02 3.570611593983173639e-15
-2.736260000000000403e+01 1.000000000000000222e+00 2.690000000000000030e-02 3.570611593983173639e-15
-2.736260000000000403e+01 1.000000000000000222e+00 2.759999999999999953e-02 3.570611593983173639e-15
-2.736260000000000403e+01 1.000000000000000222e+00 2.949999999999999845e-02 3.570611593983173639e-15
-2.736260000000000403e+01 1.000000000000000222e+00 2.680000000000000090e-02 3.570611593983173639e-15
-2.736260000000000403e+01 1.000000000000000222e+00 3.169999999999999901e-02 3.570611593983173639e-15
-2.736260000000000403e+01 1.000000000000000222e+00 2.649999999999999925e-02 3.570611593983173639e-15
-2.736260000000000403e+01 1.000000000000000222e+00 2.910000000000000087e-02 3.570611593983173639e-15
-2.736260000000000403e+01 1.000000000000000222e+00 2.970000000000000070e-02 3.570611593983173639e-15
-2.736260000000000403e+01 1.000000000000000222e+00 2.670000000000000151e-02 3.570611593983173639e-15
-2.736260000000000403e+01 1.000000000000000222e+00 3.080000000000000099e-02 3.570611593983173639e-15
-2.736260000000000403e+01 1.000000000000000222e+00 2.800000000000000058e-02 3.570611593983173639e-15
-2.736260000000000403e+01 1.000000000000000222e+00 2.910000000000000087e-02 3.570611593983173639e-15
-2.736260000000000403e+01 1.000000000000000222e+00 2.340000000000000066e-02 3.570611593983173639e-15
-2.736260000000000403e+01 1.000000000000000222e+00 3.080000000000000099e-02 3.570611593983173639e-15
-2.736260000000000403e+01 1.000000000000000222e+00 2.769999999999999893e-02 3.570611593983173639e-15
-2.736260000000000403e+01 1.000000000000000222e+00 2.779999999999999832e-02 3.570611593983173639e-15
-2.736260000000000403e+01 1.000000000000000222e+00 3.209999999999999659e-02 3.570611593983173639e-15
-2.736260000000000403e+01 1.000000000000000222e+00 2.769999999999999893e-02 3.570611593983173639e-15
-2.736260000000000403e+01 1.000000000000000222e+00 3.049999999999999933e-02 3.570611593983173639e-15
-2.736260000000000403e+01 1.000000000000000222e+00 2.750000000000000014e-02 3.570611593983173639e-15
-2.736260000000000403e+01 1.000000000000000222e+00 3.049999999999999933e-02 3.570611593983173639e-15
-2.736260000000000403e+01 1.000000000000000222e+00 2.819999999999999937e-02 3.570611593983173639e-15
-2.736260000000000403e+01 1.000000000000000222e+00 2.910000000000000087e-02 3.570611593983173639e-15
-2.736260000000000403e+01 1.000000000000000222e+00 2.970000000000000070e-02 3.570611593983173639e-15
-2.736260000000000403e+01 1.000000000000000222e+00 2.960000000000000131e-02 3.570611593983173639e-15
-2.736260000000000403e+01 1.000000000000000222e+00 2.869999999999999982e-02 3.570611593983173639e-15
-2.736260000000000403e+01 1.000000000000000222e+00 2.680000000000000090e-02 3.570611593983173639e-15
-2.736260000000000403e+01 1.000000000000000222e+00 2.740000000000000074e-02 3.570611593983173639e-15
-2.736260000000000403e+01 1.000000000000000222e+00 2.920000000000000026e-02 3.570611593983173639e-15
-2.736260000000000403e+01 1.000000000000000222e+00 2.910000000000000087e-02 3.570611593983173639e-15
-2.736260000000000403e+01 1.000000000000000222e+00 2.779999999999999832e-02 3.570611593983173639e-15
-2.736260000000000403e+01 1.000000000000000222e+00 3.289999999999999869e-02 3.570611593983173639e-15
-2.736260000000000403e+01 1.000000000000000222e+00 2.759999999999999953e-02 3.570611593983173639e-15
-2.736260000000000403e+01 1.000000000000000222e+00 2.860000000000000042e-02 3.570611593983173639e-15
-2.736260000000000403e+01 1.000000000000000222e+00 3.049999999999999933e-02 3.570611593983173639e-15
-2.736260000000000403e+01 1.000000000000000222e+00 2.910000000000000087e-02 3.570611593983173639e-15
-2.736260000000000403e+01 1.000000000000000222e+00 2.759999999999999953e-02 3.570611593983173639e-15
-2.736260000000000403e+01 1.000000000000000222e+00 2.910000000000000087e-02 3.570611593983173639e-15
-2.736260000000000403e+01 1.000000000000000222e+00 2.929999999999999966e-02 3.570611593983173639e-15
-2.736260000000000403e+01 1.000000000000000222e+00 2.740000000000000074e-02 3.570611593983173639e-15
-2.736260000000000403e+01 1.000000000000000222e+00 3.070000000000000159e-02 3.570611593983173639e-15
-2.736260000000000403e+01 1.000000000000000222e+00 2.869999999999999982e-02 3.570611593983173639e-15
-2.736260000000000403e+01 1.000000000000000222e+00 2.929999999999999966e-02 3.570611593983173639e-15
-2.736260000000000403e+01 1.000000000000000222e+00 2.840000000000000163e-02 3.570611593983173639e-15
-2.736260000000000403e+01 1.000000000000000222e+00 3.269999999999999990e-02 3.570611593983173639e-15
-2.736260000000000403e+01 1.000000000000000222e+00 2.630000000000000046e-02 3.570611593983173639e-15
-2.736260000000000403e+01 1.000000000000000222e+00 2.570000000000000062e-02 3.570611593983173639e-15
-2.736260000000000403e+01 1.000000000000000222e+00 2.610000000000000167e-02 3.570611593983173639e-15
-2.736260000000000403e+01 1.000000000000000222e+00 2.929999999999999966e-02 3.570611593983173639e-15
-2.736260000000000403e+01 1.000000000000000222e+00 3.189999999999999780e-02 3.570611593983173639e-15
-2.736260000000000403e+01 1.000000000000000222e+00 2.769999999999999893e-02 3.570611593983173639e-15
-2.736260000000000403e+01 1.000000000000000222e+00 2.949999999999999845e-02 3.570611593983173639e-15
-2.736260000000000403e+01 1.000000000000000222e+00 2.910000000000000087e-02 3.570611593983173639e-15
-2.736260000000000403e+01 1.000000000000000222e+00 2.980000000000000010e-02 3.570611593983173639e-15
-2.736260000000000403e+01 1.000000000000000222e+00 2.690000000000000030e-02 3.570611593983173639e-15
-2.736260000000000403e+01 1.000000000000000222e+00 2.829999999999999877e-02 3.570611593983173639e-15
-2.736260000000000403e+01 1.000000000000000222e+00 2.840000000000000163e-02 3.570611593983173639e-15
-2.736260000000000403e+01 1.000000000000000222e+00 2.549999999999999836e-02 3.570611593983173639e-15
-2.736260000000000403e+01 1.000000000000000222e+00 2.929999999999999966e-02 3.570611593983173639e-15
-2.736260000000000403e+01 1.000000000000000222e+00 2.610000000000000167e-02 3.570611593983173639e-15
-2.736260000000000403e+01 1.000000000000000222e+00 2.759999999999999953e-02 3.570611593983173639e-15
-2.736260000000000403e+01 1.000000000000000222e+00 2.639999999999999986e-02 3.570611593983173639e-15
-2.736260000000000403e+01 1.000000000000000222e+00 3.059999999999999873e-02 3.570611593983173639e-15
-2.736260000000000403e+01 1.000000000000000222e+00 2.860000000000000042e-02 3.570611593983173639e-15
-2.736260000000000403e+01 1.000000000000000222e+00 2.670000000000000151e-02 3.570611593983173639e-15
-2.736260000000000403e+01 1.000000000000000222e+00 2.980000000000000010e-02 3.570611593983173639e-15
-2.736260000000000403e+01 1.000000000000000222e+00 2.999999999999999889e-02 3.570611593983173639e-15
-2.736260000000000403e+01 1.000000000000000222e+00 3.160000000000000309e-02 3.570611593983173639e-15
-2.736260000000000403e+01 1.000000000000000222e+00 3.109999999999999917e-02 3.570611593983173639e-15
-2.736260000000000403e+01 1.000000000000000222e+00 2.610000000000000167e-02 3.570611593983173639e-15
-2.736260000000000403e+01 1.000000000000000222e+00 2.869999999999999982e-02 3.570611593983173639e-15
-2.736260000000000403e+01 1.000000000000000222e+00 2.630000000000000046e-02 3.570611593983173639e-15
-2.736260000000000403e+01 1.000000000000000222e+00 2.840000000000000163e-02 3.570611593983173639e-15
-2.736260000000000403e+01 1.000000000000000222e+00 2.910000000000000087e-02 3.570611593983173639e-15
-2.736260000000000403e+01 1.000000000000000222e+00 2.939999999999999905e-02 3.570611593983173639e-15
-2.736260000000000403e+01 1.000000000000000222e+00 3.189999999999999780e-02 3.570611593983173639e-15
-2.736260000000000403e+01 1.000000000000000222e+00 2.699999999999999969e-02 3.570611593983173639e-15
-2.736260000000000403e+01 1.000000000000000222e+00 2.759999999999999953e-02 3.570611593983173639e-15
-2.736260000000000403e+01 1.000000000000000222e+00 2.769999999999999893e-02 3.570611593983173639e-15
-2.736260000000000403e+01 1.000000000000000222e+00 2.819999999999999937e-02 3.570611593983173639e-15
-2.736260000000000403e+01 1.000000000000000222e+00 2.829999999999999877e-02 3.570611593983173639e-15
-2.736260000000000403e+01 1.000000000000000222e+00 2.690000000000000030e-02 3.570611593983173639e-15
-2.736260000000000403e+01 1.000000000000000222e+00 3.090000000000000038e-02 3.570611593983173639e-15
-2.736260000000000403e+01 1.000000000000000222e+00 2.829999999999999877e-02 3.570611593983173639e-15
-2.736260000000000403e+01 1.000000000000000222e+00 3.280000000000000276e-02 3.570611593983173639e-15
-2.736260000000000403e+01 1.000000000000000222e+00 2.929999999999999966e-02 3.570611593983173639e-15
-2.736260000000000403e+01 1.000000000000000222e+00 2.450000000000000094e-02 3.570611593983173639e-15
-2.736260000000000403e+01 1.000000000000000222e+00 2.840000000000000163e-02 3.570611593983173639e-15
-2.736260000000000403e+01 1.000000000000000222e+00 2.740000000000000074e-02 3.570611593983173639e-15
-2.736260000000000403e+01 1.000000000000000222e+00 2.659999999999999865e-02 3.570611593983173639e-15
-2.736260000000000403e+01 1.000000000000000222e+00 3.059999999999999873e-02 3.570611593983173639e-15
-2.736260000000000403e+01 1.000000000000000222e+00 2.589999999999999941e-02 3.570611593983173639e-15
-2.736260000000000403e+01 1.000000000000000222e+00 2.649999999999999925e-02 3.570611593983173639e-15
-2.736260000000000403e+01 1.000000000000000222e+00 2.699999999999999969e-02 3.570611593983173639e-15
-2.736260000000000403e+01 1.000000000000000222e+00 2.740000000000000074e-02 3.570611593983173639e-15
-2.736260000000000403e+01 1.000000000000000222e+00 2.730000000000000135e-02 3.570611593983173639e-15
-2.736260000000000403e+01 1.000000000000000222e+00 2.809999999999999998e-02 3.570611593983173639e-15
-2.736260000000000403e+01 1.000000000000000222e+00 3.150000000000000022e-02 3.570611593983173639e-15
-2.736260000000000403e+01 1.000000000000000222e+00 2.779999999999999832e-02 3.570611593983173639e-15
-2.736260000000000403e+01 1.000000000000000222e+00 2.900000000000000147e-02 3.570611593983173639e-15
-2.736260000000000403e+01 1.000000000000000222e+00 2.819999999999999937e-02 3.570611593983173639e-15
-2.736260000000000403e+01 1.000000000000000222e+00 2.750000000000000014e-02 3.570611593983173639e-15
-2.736260000000000403e+01 1.000000000000000222e+00 2.840000000000000163e-02 3.570611593983173639e-15
-2.736260000000000403e+01 1.000000000000000222e+00 2.879999999999999921e-02 3.570611593983173639e-15
-2.736260000000000403e+01 1.000000000000000222e+00 3.200000000000000067e-02 3.570611593983173639e-15
-2.736260000000000403e+01 1.000000000000000222e+00 3.030000000000000054e-02 3.570611593983173639e-15
-2.736260000000000403e+01 1.000000000000000222e+00 2.740000000000000074e-02 3.570611593983173639e-15
-2.736260000000000403e+01 1.000000000000000222e+00 2.690000000000000030e-02 3.570611593983173639e-15
-2.736260000000000403e+01 1.000000000000000222e+00 2.690000000000000030e-02 3.570611593983173639e-15
-2.736260000000000403e+01 1.000000000000000222e+00 2.889999999999999861e-02 3.570611593983173639e-15
-2.736260000000000403e+01 1.000000000000000222e+00 2.929999999999999966e-02 3.570611593983173639e-15
-2.736260000000000403e+01 1.000000000000000222e+00 2.879999999999999921e-02 3.570611593983173639e-15
-2.736260000000000403e+01 1.000000000000000222e+00 2.949999999999999845e-02 3.570611593983173639e-15
-2.736260000000000403e+01 1.000000000000000222e+00 2.699999999999999969e-02 3.570611593983173639e-15
-2.736260000000000403e+01 1.000000000000000222e+00 2.869999999999999982e-02 3.570611593983173639e-15
-2.736260000000000403e+01 1.000000000000000222e+00 2.759999999999999953e-02 3.570611593983173639e-15
-2.736260000000000403e+01 1.000000000000000222e+00 2.809999999999999998e-02 3.570611593983173639e-15
-2.736260000000000403e+01 1.000000000000000222e+00 2.680000000000000090e-02 3.570611593983173639e-15
-2.736260000000000403e+01 1.000000000000000222e+00 2.719999999999999848e-02 3.570611593983173639e-15
-2.736260000000000403e+01 1.000000000000000222e+00 3.180000000000000188e-02 3.570611593983173639e-15
-2.736260000000000403e+01 1.000000000000000222e+00 2.730000000000000135e-02 3.570611593983173639e-15
-2.736260000000000403e+01 1.000000000000000222e+00 2.920000000000000026e-02 3.570611593983173639e-15
-2.736260000000000403e+01 1.000000000000000222e+00 2.879999999999999921e-02 3.570611593983173639e-15
-2.736260000000000403e+01 1.000000000000000222e+00 3.030000000000000054e-02 3.570611593983173639e-15
-2.736260000000000403e+01 1.000000000000000222e+00 2.630000000000000046e-02 3.570611593983173639e-15
-2.736260000000000403e+01 1.000000000000000222e+00 2.779999999999999832e-02 3.570611593983173639e-15
-2.736260000000000403e+01 1.000000000000000222e+00 2.889999999999999861e-02 3.570611593983173639e-15
-2.736260000000000403e+01 1.000000000000000222e+00 2.779999999999999832e-02 3.570611593983173639e-15
-2.736260000000000403e+01 1.000000000000000222e+00 2.630000000000000046e-02 3.570611593983173639e-15
-2.736260000000000403e+01 1.000000000000000222e+00 2.819999999999999937e-02 3.570611593983173639e-15
-2.736260000000000403e+01 1.000000000000000222e+00 2.949999999999999845e-02 3.570611593983173639e-15
-2.736260000000000403e+01 1.000000000000000222e+00 2.860000000000000042e-02 3.570611593983173639e-15
-2.736260000000000403e+01 1.000000000000000222e+00 2.879999999999999921e-02 3.570611593983173639e-15
-2.736260000000000403e+01 1.000000000000000222e+00 2.690000000000000030e-02 3.570611593983173639e-15
-2.736260000000000403e+01 1.000000000000000222e+00 2.779999999999999832e-02 3.570611593983173639e-15
-2.736260000000000403e+01 1.000000000000000222e+00 3.039999999999999994e-02 3.570611593983173639e-15
-2.736260000000000403e+01 1.000000000000000222e+00 2.920000000000000026e-02 3.570611593983173639e-15
-2.736260000000000403e+01 1.000000000000000222e+00 2.639999999999999986e-02 3.570611593983173639e-15
-2.736260000000000403e+01 1.000000000000000222e+00 2.829999999999999877e-02 3.570611593983173639e-15
-2.736260000000000403e+01 1.000000000000000222e+00 2.730000000000000135e-02 3.570611593983173639e-15
-2.736260000000000403e+01 1.000000000000000222e+00 2.529999999999999957e-02 3.570611593983173639e-15
-2.736260000000000403e+01 1.000000000000000222e+00 2.479999999999999913e-02 3.570611593983173639e-15
-2.736260000000000403e+01 1.000000000000000222e+00 2.719999999999999848e-02 3.570611593983173639e-15
-2.736260000000000403e+01 1.000000000000000222e+00 2.599999999999999881e-02 3.570611593983173639e-15
-2.736260000000000403e+01 1.000000000000000222e+00 2.939999999999999905e-02 3.570611593983173639e-15
-2.736260000000000403e+01 1.000000000000000222e+00 2.970000000000000070e-02 3.570611593983173639e-15
-2.736260000000000403e+01 1.000000000000000222e+00 3.020000000000000115e-02 3.570611593983173639e-15
-2.736260000000000403e+01 1.000000000000000222e+00 2.680000000000000090e-02 3.570611593983173639e-15
-2.736260000000000403e+01 1.000000000000000222e+00 2.809999999999999998e-02 3.570611593983173639e-15
-2.736260000000000403e+01 1.000000000000000222e+00 2.910000000000000087e-02 3.570611593983173639e-15
-2.736260000000000403e+01 1.000000000000000222e+00 2.829999999999999877e-02 3.570611593983173639e-15
-2.736260000000000403e+01 1.000000000000000222e+00 2.819999999999999937e-02 3.570611593983173639e-15
-2.736260000000000403e+01 1.000000000000000222e+00 2.690000000000000030e-02 3.570611593983173639e-15
-2.736260000000000403e+01 1.000000000000000222e+00 2.920000000000000026e-02 3.570611593983173639e-15
-2.736260000000000403e+01 1.000000000000000222e+00 2.949999999999999845e-02 3.570611593983173639e-15
-2.736260000000000403e+01 1.000000000000000222e+00 2.809999999999999998e-02 3.570611593983173639e-15
-2.736260000000000403e+01 1.000000000000000222e+00 3.039999999999999994e-02 3.570611593983173639e-15
-2.736260000000000403e+01 1.000000000000000222e+00 2.819999999999999937e-02 3.570611593983173639e-15
-2.736260000000000403e+01 1.000000000000000222e+00 2.840000000000000163e-02 3.570611593983173639e-15
-2.736260000000000403e+01 1.000000000000000222e+00 2.949999999999999845e-02 3.570611593983173639e-15
-2.736260000000000403e+01 1.000000000000000222e+00 2.860000000000000042e-02 3.570611593983173639e-15
-2.736260000000000403e+01 1.000000000000000222e+00 2.709999999999999909e-02 3.570611593983173639e-15
-2.736260000000000403e+01 1.000000000000000222e+00 2.699999999999999969e-02 3.570611593983173639e-15
-2.736260000000000403e+01 1.000000000000000222e+00 2.670000000000000151e-02 3.570611593983173639e-15
-2.736260000000000403e+01 1.000000000000000222e+00 2.680000000000000090e-02 3.570611593983173639e-15
-2.736260000000000403e+01 1.000000000000000222e+00 3.080000000000000099e-02 3.570611593983173639e-15
-2.736260000000000403e+01 1.000000000000000222e+00 2.840000000000000163e-02 3.570611593983173639e-15
-2.736260000000000403e+01 1.000000000000000222e+00 2.750000000000000014e-02 3.570611593983173639e-15
-2.736260000000000403e+01 1.000000000000000222e+00 2.610000000000000167e-02 3.570611593983173639e-15
-2.736260000000000403e+01 1.000000000000000222e+00 2.790000000000000119e-02 3.570611593983173639e-15
-2.736260000000000403e+01 1.000000000000000222e+00 2.860000000000000042e-02 3.570611593983173639e-15
-2.736260000000000403e+01 1.000000000000000222e+00 2.869999999999999982e-02 3.570611593983173639e-15
-2.736260000000000403e+01 1.000000000000000222e+00 2.639999999999999986e-02 3.570611593983173639e-15
-2.736260000000000403e+01 1.000000000000000222e+00 2.350000000000000006e-02 3.570611593983173639e-15
-2.736260000000000403e+01 1.000000000000000222e+00 2.800000000000000058e-02 3.570611593983173639e-15
-2.736260000000000403e+01 1.000000000000000222e+00 2.659999999999999865e-02 3.570611593983173639e-15
-2.736260000000000403e+01 1.000000000000000222e+00 2.960000000000000131e-02 3.570611593983173639e-15
-2.736260000000000403e+01 1.000000000000000222e+00 2.479999999999999913e-02 3.570611593983173639e-15
-2.736260000000000403e+01 1.000000000000000222e+00 2.809999999999999998e-02 3.570611593983173639e-15
-2.736260000000000403e+01 1.000000000000000222e+00 2.980000000000000010e-02 3.570611593983173639e-15
-2.736260000000000403e+01 1.000000000000000222e+00 2.989999999999999949e-02 3.570611593983173639e-15
-2.736260000000000403e+01 1.000000000000000222e+00 2.730000000000000135e-02 3.570611593983173639e-15
-2.736260000000000403e+01 1.000000000000000222e+00 3.070000000000000159e-02 3.570611593983173639e-15
-2.736260000000000403e+01 1.000000000000000222e+00 2.599999999999999881e-02 3.570611593983173639e-15
-2.736260000000000403e+01 1.000000000000000222e+00 2.649999999999999925e-02 3.570611593983173639e-15
-2.736260000000000403e+01 1.000000000000000222e+00 2.850000000000000103e-02 3.570611593983173639e-15
-2.736260000000000403e+01 1.000000000000000222e+00 2.639999999999999986e-02 3.570611593983173639e-15
-2.736260000000000403e+01 1.000000000000000222e+00 2.549999999999999836e-02 3.570611593983173639e-15
-2.736260000000000403e+01 1.000000000000000222e+00 2.889999999999999861e-02 3.570611593983173639e-15
-2.736260000000000403e+01 1.000000000000000222e+00 2.840000000000000163e-02 3.570611593983173639e-15
-2.736260000000000403e+01 1.000000000000000222e+00 2.949999999999999845e-02 3.570611593983173639e-15
-2.736260000000000403e+01 1.000000000000000222e+00 2.659999999999999865e-02 3.570611593983173639e-15
-2.736260000000000403e+01 1.000000000000000222e+00 3.059999999999999873e-02 3.570611593983173639e-15
-2.736260000000000403e+01 1.000000000000000222e+00 2.779999999999999832e-02 3.570611593983173639e-15
-2.736260000000000403e+01 1.000000000000000222e+00 2.769999999999999893e-02 3.570611593983173639e-15
-2.736260000000000403e+01 1.000000000000000222e+00 2.659999999999999865e-02 3.570611593983173639e-15
-2.736260000000000403e+01 1.000000000000000222e+00 2.910000000000000087e-02 3.570611593983173639e-15
-2.736260000000000403e+01 1.000000000000000222e+00 2.740000000000000074e-02 3.570611593983173639e-15
-2.736260000000000403e+01 1.000000000000000222e+00 2.570000000000000062e-02 3.570611593983173639e-15
-2.736260000000000403e+01 1.000000000000000222e+00 2.560000000000000123e-02 3.570611593983173639e-15
-2.736260000000000403e+01 1.000000000000000222e+00 2.889999999999999861e-02 3.570611593983173639e-15
-2.736260000000000403e+01 1.000000000000000222e+00 2.620000000000000107e-02 3.570611593983173639e-15
-2.736260000000000403e+01 1.000000000000000222e+00 2.690000000000000030e-02 3.570611593983173639e-15
-2.736260000000000403e+01 1.000000000000000222e+00 2.740000000000000074e-02 3.570611593983173639e-15
-2.736260000000000403e+01 1.000000000000000222e+00 2.809999999999999998e-02 3.570611593983173639e-15
-2.736260000000000403e+01 1.000000000000000222e+00 2.610000000000000167e-02 3.570611593983173639e-15
-2.736260000000000403e+01 1.000000000000000222e+00 2.829999999999999877e-02 3.570611593983173639e-15
-2.736260000000000403e+01 1.000000000000000222e+00 2.879999999999999921e-02 3.570611593983173639e-15
-2.736260000000000403e+01 1.000000000000000222e+00 3.070000000000000159e-02 3.570611593983173639e-15
-2.736260000000000403e+01 1.000000000000000222e+00 3.109999999999999917e-02 3.570611593983173639e-15
-2.736260000000000403e+01 1.000000000000000222e+00 2.939999999999999905e-02 3.570611593983173639e-15
-2.736260000000000403e+01 1.000000000000000222e+00 2.369999999999999885e-02 3.570611593983173639e-15
-2.736260000000000403e+01 1.000000000000000222e+00 2.840000000000000163e-02 3.570611593983173639e-15
-2.736260000000000403e+01 1.000000000000000222e+00 2.829999999999999877e-02 3.570611593983173639e-15
-2.736260000000000403e+01 1.000000000000000222e+00 2.939999999999999905e-02 3.570611593983173639e-15
-2.736260000000000403e+01 1.000000000000000222e+00 3.070000000000000159e-02 3.570611593983173639e-15
-2.736260000000000403e+01 1.000000000000000222e+00 2.750000000000000014e-02 3.570611593983173639e-15
-2.736260000000000403e+01 1.000000000000000222e+00 2.500000000000000139e-02 3.570611593983173639e-15
-2.736260000000000403e+01 1.000000000000000222e+00 2.929999999999999966e-02 3.570611593983173639e-15
-2.736260000000000403e+01 1.000000000000000222e+00 3.080000000000000099e-02 3.570611593983173639e-15
-2.736260000000000403e+01 1.000000000000000222e+00 3.030000000000000054e-02 3.570611593983173639e-15
-2.736260000000000403e+01 1.000000000000000222e+00 2.690000000000000030e-02 3.570611593983173639e-15
-2.736260000000000403e+01 1.000000000000000222e+00 2.800000000000000058e-02 3.570611593983173639e-15
-2.736260000000000403e+01 1.000000000000000222e+00 2.910000000000000087e-02 3.570611593983173639e-15
-2.736260000000000403e+01 1.000000000000000222e+00 2.879999999999999921e-02 3.570611593983173639e-15
-2.736260000000000403e+01 1.000000000000000222e+00 3.020000000000000115e-02 3.570611593983173639e-15
-2.736260000000000403e+01 1.000000000000000222e+00 2.829999999999999877e-02 3.570611593983173639e-15
-2.736260000000000403e+01 1.000000000000000222e+00 2.889999999999999861e-02 3.570611593983173639e-15
-2.736260000000000403e+01 1.000000000000000222e+00 2.809999999999999998e-02 3.570611593983173639e-15
-2.736260000000000403e+01 1.000000000000000222e+00 2.819999999999999937e-02 3.570611593983173639e-15
-2.736260000000000403e+01 1.000000000000000222e+00 2.809999999999999998e-02 3.570611593983173639e-15
-2.736260000000000403e+01 1.000000000000000222e+00 3.009999999999999828e-02 3.570611593983173639e-15
-2.736260000000000403e+01 1.000000000000000222e+00 3.189999999999999780e-02 3.570611593983173639e-15
-2.736260000000000403e+01 1.000000000000000222e+00 2.680000000000000090e-02 3.570611593983173639e-15
