-8.503470600000005675e+01 6.307150502103878731e-01 0.000000000000000000e+00 3.126543311058272323e+00
-8.283452000000005455e+01 6.143959437097762377e-01 0.000000000000000000e+00 2.849485387882797482e+00
-8.511805800000003330e+01 6.313332843801529037e-01 0.000000000000000000e+00 3.078619147669941825e+00
-8.548256400000005328e+01 6.340368795462488771e-01 0.000000000000000000e+00 3.070579765461995514e+00
-8.495062800000010839e+01 6.300914311907424015e-01 0.000000000000000000e+00 2.351378895954328030e+00
-8.305054800000004889e+01 6.159982554866506588e-01 0.000000000000000000e+00 2.675475298488894982e+00
-8.549984600000006196e+01 6.341650627082833225e-01 0.000000000000000000e+00 3.016782096014281045e+00
-8.335254600000003222e+01 6.182382195283141479e-01 0.000000000000000000e+00 3.188134753099880037e+00
-8.386295600000003958e+01 6.220240063431458077e-01 0.000000000000000000e+00 3.176854109014708882e+00
-8.472589400000006776e+01 6.284245457181918404e-01 0.000000000000000000e+00 3.282804935848659511e+00
-8.530814200000001790e+01 6.327431656538551330e-01 0.000000000000000000e+00 2.936022415802877816e+00
-8.388837200000004657e+01 6.222125205918591639e-01 0.000000000000000000e+00 3.071064820503359272e+00
-8.639582200000008072e+01 6.408106498386405558e-01 0.000000000000000000e+00 3.303228328563168059e+00
-8.467159800000007408e+01 6.280218242180291011e-01 0.000000000000000000e+00 2.733761580715841966e+00
-8.514946600000001808e+01 6.315662421832526352e-01 0.000000000000000000e+00 3.497509480199423759e+00
-8.474034000000003175e+01 6.285316938468079595e-01 0.000000000000000000e+00 2.910195166908045028e+00
-8.538916600000005985e+01 6.333441327016894329e-01 0.000000000000000000e+00 3.418547403731531098e+00
-8.532519000000002052e+01 6.328696132031180754e-01 0.000000000000000000e+00 2.630416500011994785e+00
-8.643537800000002846e+01 6.411040425684993993e-01 0.000000000000000000e+00 2.496381695254152877e+00
-8.673939800000005107e+01 6.433590040846240976e-01 0.000000000000000000e+00 3.080835285725891826e+00
-8.490721600000004798e+01 6.297694379358969030e-01 0.000000000000000000e+00 2.318159018988380726e+00
-8.675963800000008064e+01 6.435091271722053197e-01 0.000000000000000000e+00 2.998781994992452127e+00
-8.629834400000008543e+01 6.400876410278097950e-01 0.000000000000000000e+00 2.327032026463292880e+00
-8.612063800000001379e+01 6.387695692194268471e-01 0.000000000000000000e+00 2.769790280898100310e+00
-8.621025800000006711e+01 6.394342940765914696e-01 0.000000000000000000e+00 3.180293820019232776e+00
-8.541626000000005092e+01 6.335450929257465669e-01 0.000000000000000000e+00 2.951730923654215299e+00
-8.530913000000006718e+01 6.327504937966682563e-01 0.000000000000000000e+00 2.413558950340280340e+00
-8.570172800000005964e+01 6.356624515011201071e-01 0.000000000000000000e+00 3.214379118145163083e+00
-8.671906600000005483e+01 6.432081986193723955e-01 0.000000000000000000e+00 2.828227415749298590e+00
-8.584451400000003218e+01 6.367215164805335448e-01 0.000000000000000000e+00 2.841539144211258527e+00
-8.535978800000005151e+01 6.331262317102390735e-01 0.000000000000000000e+00 2.442760540627026966e+00
-8.517117600000003108e+01 6.317272684792696325e-01 0.000000000000000000e+00 2.988300660543048437e+00
-8.504539800000004846e+01 6.307943543631751027e-01 0.000000000000000000e+00 2.772458468870565795e+00
-8.675866800000005696e+01 6.435019325380670896e-01 0.000000000000000000e+00 3.105010342014364433e+00
-8.637350600000007717e+01 6.406451287505744441e-01 0.000000000000000000e+00 2.789949972319296201e+00
-8.591926000000007946e+01 6.372759186694828548e-01 0.000000000000000000e+00 2.931501959712458305e+00
-8.520883200000007207e+01 6.320065686267970495e-01 0.000000000000000000e+00 3.154216220206557342e+00
-8.605162200000003736e+01 6.382576672919325622e-01 0.000000000000000000e+00 2.690646324350979057e+00
-8.494571600000001865e+01 6.300549981568387414e-01 0.000000000000000000e+00 3.145594722870301840e+00
-8.734811000000003389e+01 6.478739114407294775e-01 0.000000000000000000e+00 3.028536750977310454e+00
-8.673416200000006882e+01 6.433201678945761337e-01 0.000000000000000000e+00 2.839701691218122548e+00
-8.678244400000004077e+01 6.436782826630830234e-01 0.000000000000000000e+00 2.724198025416068702e+00
-8.681717400000007956e+01 6.439358802338187582e-01 0.000000000000000000e+00 2.330938160224744315e+00
-8.805835800000004099e+01 6.531419263966679045e-01 0.000000000000000000e+00 3.169543772452259933e+00
-8.641383600000006027e+01 6.409442623534469252e-01 0.000000000000000000e+00 2.223281547146655601e+00
-8.726799200000007772e+01 6.472796643295237740e-01 0.000000000000000000e+00 2.744207520706665626e+00
-8.697772800000004167e+01 6.451267331094840962e-01 0.000000000000000000e+00 3.386873874837467824e+00
-8.837511400000006745e+01 6.554913527173099608e-01 0.000000000000000000e+00 3.532006979671541647e+00
-8.721786000000004435e+01 6.469078278361140022e-01 0.000000000000000000e+00 3.296415576919508705e+00
-8.785893200000009529e+01 6.516627541207830054e-01 0.000000000000000000e+00 3.114893525325893364e+00
-8.830910200000002419e+01 6.550017319041973041e-01 0.000000000000000000e+00 2.677088139728453164e+00
-8.698601200000007339e+01 6.451881767684527480e-01 0.000000000000000000e+00 2.598922067353651055e+00
-8.772789800000002458e+01 6.506908554716678283e-01 0.000000000000000000e+00 3.097696230908681958e+00
-8.735864200000007429e+01 6.479520288497417901e-01 0.000000000000000000e+00 2.616389203786953388e+00
-8.513103600000005144e+01 6.314295441346305937e-01 0.000000000000000000e+00 2.184585569532606630e+00
-8.670497600000008731e+01 6.431036909956564518e-01 0.000000000000000000e+00 2.912240215808045818e+00
-8.739871200000006013e+01 6.482492339939792680e-01 0.000000000000000000e+00 2.510836740537369938e+00
-8.754221600000002468e+01 6.493136244860845396e-01 0.000000000000000000e+00 2.608262646838490184e+00
-8.771556800000003307e+01 6.505994020294804114e-01 0.000000000000000000e+00 2.964664503167160792e+00
-8.814900400000006186e+01 6.538142612482917837e-01 0.000000000000000000e+00 2.477032253694412933e+00
-8.737507200000000296e+01 6.480738926011717638e-01 0.000000000000000000e+00 2.436367187336776041e+00
-8.599069400000006169e+01 6.378057552622820037e-01 0.000000000000000000e+00 3.372756886003622334e+00
-8.824721000000008075e+01 6.545426697433005536e-01 0.000000000000000000e+00 3.075243749935141047e+00
-8.809641800000009937e+01 6.534242230722282496e-01 0.000000000000000000e+00 2.505759783579834643e+00
-8.807445600000001207e+01 6.532613276547645231e-01 0.000000000000000000e+00 2.974443132002894785e+00
-8.596492999999998119e+01 6.376146598458566350e-01 0.000000000000000000e+00 3.099574597253532904e+00
-8.822080000000008226e+01 6.543467828488829241e-01 0.000000000000000000e+00 2.663375751852441020e+00
-8.682600000000006446e+01 6.440013439873261136e-01 0.000000000000000000e+00 2.782336950816487242e+00
-8.842167800000002842e+01 6.558367248245290382e-01 0.000000000000000000e+00 3.029239313774527709e+00
-8.798820000000004882e+01 6.526215540854770625e-01 0.000000000000000000e+00 3.255986277798498030e+00
-8.905554600000002097e+01 6.605382179707127710e-01 0.000000000000000000e+00 3.112177627406457869e+00
-8.842311400000006927e+01 6.558473758499130390e-01 0.000000000000000000e+00 2.334847017981644512e+00
-8.798733400000001836e+01 6.526151308347928337e-01 0.000000000000000000e+00 2.659453809049649120e+00
-8.935675200000005702e+01 6.627723076306887284e-01 0.000000000000000000e+00 3.364502140500181149e+00
-8.894144400000007522e+01 6.596919064816242351e-01 0.000000000000000000e+00 2.727770503110627409e+00
-8.873579000000003703e+01 6.581665402042834456e-01 0.000000000000000000e+00 2.751912926502309897e+00
-9.035519800000007251e+01 6.701779299776675636e-01 0.000000000000000000e+00 2.885385871713318284e+00
-9.036119200000003104e+01 6.702223883663510628e-01 0.000000000000000000e+00 3.079642613191643896e+00
-8.887654800000005650e+01 6.592105632063447462e-01 0.000000000000000000e+00 2.999792097458714668e+00
-8.809243200000007334e+01 6.533946583179247591e-01 0.000000000000000000e+00 2.741243589826273030e+00
-9.121171800000001895e+01 6.765308660930245965e-01 0.000000000000000000e+00 2.827069469312558425e+00
-9.128590800000010574e+01 6.770811443473547797e-01 0.000000000000000000e+00 2.873715426457286615e+00
-9.048922800000002553e+01 6.711720504039752067e-01 0.000000000000000000e+00 2.993246909533242128e+00
-9.060019400000004453e+01 6.719951017150675998e-01 0.000000000000000000e+00 2.691347271258224705e+00
-9.085272400000005177e+01 6.738681542499894706e-01 0.000000000000000000e+00 2.914136147243417518e+00
-9.141498800000003655e+01 6.780385498881126294e-01 0.000000000000000000e+00 2.892768691632444877e+00
-9.170712000000000330e+01 6.802053363417288612e-01 0.000000000000000000e+00 2.815954408420533017e+00
-9.063724000000004821e+01 6.722698774019512102e-01 0.000000000000000000e+00 3.087888507761190837e+00
-9.181075000000006980e+01 6.809739754507221354e-01 0.000000000000000000e+00 3.396846463897496449e+00
-9.243965600000011307e+01 6.856386647055734418e-01 0.000000000000000000e+00 2.671224484563837098e+00
-9.160993000000003406e+01 6.794844636696938389e-01 0.000000000000000000e+00 2.184134875469558423e+00
-9.165147000000007438e+01 6.797925720223677581e-01 0.000000000000000000e+00 2.552257432849467822e+00
-9.071844600000007119e+01 6.728721943708297903e-01 0.000000000000000000e+00 2.902545251543300786e+00
-9.315931600000006085e+01 6.909764898640960995e-01 0.000000000000000000e+00 3.070171525452773498e+00
-9.205332400000006032e+01 6.827731828542230597e-01 0.000000000000000000e+00 2.585562783241754925e+00
-9.164085600000005627e+01 6.797138464071706965e-01 0.000000000000000000e+00 2.882278411829254150e+00
-9.257707200000005798e+01 6.866578995970267218e-01 0.000000000000000000e+00 2.588887759624846741e+00
-9.166758000000010043e+01 6.799120622862477870e-01 0.000000000000000000e+00 2.192377249664957617e+00
-9.127039200000008634e+01 6.769660598697406773e-01 0.000000000000000000e+00 2.764910291626734740e+00
-9.302795600000003162e+01 6.900021732245388284e-01 0.000000000000000000e+00 2.916214595764428985e+00
-9.181817200000004675e+01 6.810290255276006954e-01 0.000000000000000000e+00 2.478419288276504595e+00
-9.087072800000005657e+01 6.740016925933099978e-01 0.000000000000000000e+00 2.645476222469694605e+00
-9.100709800000002758e+01 6.750131691473322260e-01 0.000000000000000000e+00 2.617938008000444849e+00
-9.161789600000004441e+01 6.795435486754088927e-01 0.000000000000000000e+00 3.011492386026394463e+00
-9.218026000000004672e+01 6.837146860283916938e-01 0.000000000000000000e+00 2.271029964175244942e+00
-9.277625800000006961e+01 6.881352917572490790e-01 0.000000000000000000e+00 2.076034012935396689e+00
-9.235529800000004741e+01 6.850129688843202835e-01 0.000000000000000000e+00 2.525021762721695762e+00
-9.253038400000001218e+01 6.863116077633811818e-01 0.000000000000000000e+00 2.410178031259865072e+00
-9.132520200000003285e+01 6.773725937842813849e-01 0.000000000000000000e+00 2.728155717362514832e+00
-9.124353800000002934e+01 6.767668797613460852e-01 0.000000000000000000e+00 2.342760799698087038e+00
-9.165274000000007959e+01 6.798019918010845819e-01 0.000000000000000000e+00 2.842069437518507602e+00
-9.271683400000001996e+01 6.876945351190861810e-01 0.000000000000000000e+00 2.540817968993370091e+00
-9.155465200000006121e+01 6.790744585296101254e-01 0.000000000000000000e+00 3.204061546984490860e+00
-9.289408600000007254e+01 6.890092395420064353e-01 0.000000000000000000e+00 2.731105956209762819e+00
-9.114981399999999212e+01 6.760717149263439918e-01 0.000000000000000000e+00 2.597534219917112530e+00
-9.223524200000004214e+01 6.841224956924912837e-01 0.000000000000000000e+00 2.341240879360318328e+00
-9.344793800000002193e+01 6.931172421261406758e-01 0.000000000000000000e+00 2.914341549237515760e+00
-9.423312600000005546e+01 6.989410981978558812e-01 0.000000000000000000e+00 2.517586945470610349e+00
-9.546162400000005732e+01 7.080530504136177683e-01 0.000000000000000000e+00 2.981217588117481387e+00
-9.418390200000003176e+01 6.985759964753712747e-01 0.000000000000000000e+00 1.999564462373713658e+00
-9.515889200000006554e+01 7.058076421848847870e-01 0.000000000000000000e+00 2.455927875248009151e+00
-9.456281000000005577e+01 7.013864134155454177e-01 0.000000000000000000e+00 2.830077912676288499e+00
-9.254571200000005149e+01 6.864252978170594099e-01 0.000000000000000000e+00 2.484891195523843965e+00
-9.459493400000003760e+01 7.016246818970398591e-01 0.000000000000000000e+00 2.756457919333169748e+00
-9.566823400000004085e+01 7.095855074850158095e-01 0.000000000000000000e+00 2.362203469893259911e+00
-9.533927000000009855e+01 7.071455326143156750e-01 0.000000000000000000e+00 2.629437829439762453e+00
-9.396568200000005788e+01 6.969574263087748855e-01 0.000000000000000000e+00 2.885492826081827999e+00
-9.473210000000005948e+01 7.026420625013448662e-01 0.000000000000000000e+00 2.557137618352191222e+00
-9.551770000000004757e+01 7.084689744382811627e-01 0.000000000000000000e+00 2.311628637470940273e+00
-9.524561800000009271e+01 7.064509018140127106e-01 0.000000000000000000e+00 2.462210674768805507e+00
-9.539937000000003309e+01 7.075913032449285822e-01 0.000000000000000000e+00 3.141738378138234200e+00
-9.438586200000004567e+01 7.000739638057986713e-01 0.000000000000000000e+00 2.578365263275288477e+00
-9.540397800000008033e+01 7.076254814656588454e-01 0.000000000000000000e+00 2.531675321691272185e+00
-9.644909200000003580e+01 7.153772473033104262e-01 0.000000000000000000e+00 2.461481726693181660e+00
-9.627159400000002165e+01 7.140607182618359250e-01 0.000000000000000000e+00 2.353505355452894410e+00
-9.517916600000008032e+01 7.059580174555181165e-01 0.000000000000000000e+00 2.607900797217035826e+00
-9.702004200000000367e+01 7.196120682941374858e-01 0.000000000000000000e+00 3.000944050423755449e+00
-9.490473000000004333e+01 7.039224848634543230e-01 0.000000000000000000e+00 2.545538042687178759e+00
-9.611425600000006852e+01 7.128937189360550208e-01 0.000000000000000000e+00 2.923577148960367023e+00
-9.599493000000005338e+01 7.120086602627009320e-01 0.000000000000000000e+00 2.613320404169470201e+00
-9.680731400000001940e+01 7.180342331076297047e-01 0.000000000000000000e+00 2.544828010581143829e+00
-9.656226000000005172e+01 7.162166311756110737e-01 0.000000000000000000e+00 2.933368317835455485e+00
-9.768401800000000890e+01 7.245368769502466000e-01 0.000000000000000000e+00 2.650147579057407388e+00
-9.762194600000003675e+01 7.240764797026022492e-01 0.000000000000000000e+00 2.458042602199209892e+00
-9.756879400000002533e+01 7.236822434204330801e-01 0.000000000000000000e+00 2.600008357477631815e+00
-9.709952800000007755e+01 7.202016277674314626e-01 0.000000000000000000e+00 2.916928735726858068e+00
-9.650166800000003775e+01 7.157672113078883402e-01 0.000000000000000000e+00 2.816181414570754438e+00
-9.722601400000006322e+01 7.211397932247318732e-01 0.000000000000000000e+00 2.625291448833285912e+00
-9.733447800000003269e+01 7.219442868300370852e-01 0.000000000000000000e+00 2.935968438425438087e+00
-9.670628600000006259e+01 7.172848934192836978e-01 0.000000000000000000e+00 2.748977556890355167e+00
-9.579770800000005693e+01 7.105458353823210782e-01 0.000000000000000000e+00 2.567853307103822758e+00
-9.562965400000007321e+01 7.092993538921863461e-01 0.000000000000000000e+00 2.861633853835633623e+00
-9.577768200000008392e+01 7.103972995645397859e-01 0.000000000000000000e+00 3.221207945845750320e+00
-9.654728600000004235e+01 7.161055667925360080e-01 0.000000000000000000e+00 2.846384101263080613e+00
-9.659051200000004656e+01 7.164261804577423121e-01 0.000000000000000000e+00 2.800814790514295716e+00
-9.676872200000003943e+01 7.177479905090169421e-01 0.000000000000000000e+00 2.391568288276734400e+00
-9.641028200000008042e+01 7.150893877663040410e-01 0.000000000000000000e+00 2.943074149965980713e+00
-9.605366200000005961e+01 7.124442842340352744e-01 0.000000000000000000e+00 2.323972763917490969e+00
-9.685786800000001051e+01 7.184091996377465206e-01 0.000000000000000000e+00 2.865767144948568657e+00
-9.781770000000007315e+01 7.255284162088436739e-01 0.000000000000000000e+00 3.050756148030759896e+00
-9.624087800000008031e+01 7.138328931255647491e-01 0.000000000000000000e+00 2.630590551648090081e+00
-9.655430200000006380e+01 7.161576055070849600e-01 0.000000000000000000e+00 2.273739833467978144e+00
-9.675099200000005339e+01 7.176164844644118412e-01 0.000000000000000000e+00 2.458587956476915082e+00
-9.702052400000000887e+01 7.196156433597606927e-01 0.000000000000000000e+00 2.989902261066624600e+00
-9.721215200000003165e+01 7.210369767108953942e-01 0.000000000000000000e+00 3.027828466595700263e+00
-9.752891000000006727e+01 7.233864178658346855e-01 0.000000000000000000e+00 2.164339351157692271e+00
-9.748663400000005197e+01 7.230728504917944832e-01 0.000000000000000000e+00 2.731491546819698968e+00
-9.747102200000006178e+01 7.229570539679153196e-01 0.000000000000000000e+00 2.608920614438163366e+00
-9.632117400000004181e+01 7.144284604892205959e-01 0.000000000000000000e+00 2.717293174184317373e+00
-9.700868000000005509e+01 7.195277946517912859e-01 0.000000000000000000e+00 2.996286834120397646e+00
-9.669550400000007073e+01 7.172049217231227791e-01 0.000000000000000000e+00 2.704620212473686891e+00
-9.833529200000003812e+01 7.293674729848907967e-01 0.000000000000000000e+00 2.257890716221668814e+00
-9.777605400000004465e+01 7.252195216384188514e-01 0.000000000000000000e+00 3.265173280269495049e+00
-9.691979800000007117e+01 7.188685436502908477e-01 0.000000000000000000e+00 2.759721410840323408e+00
-9.757518600000004483e+01 7.237296538342582464e-01 0.000000000000000000e+00 2.501775087187640079e+00
-9.788494400000006124e+01 7.260271749490261328e-01 0.000000000000000000e+00 2.318797815410286400e+00
-9.640882800000001396e+01 7.150786032322451469e-01 0.000000000000000000e+00 2.590172521147788398e+00
-9.742514200000006497e+01 7.226167551903356356e-01 0.000000000000000000e+00 2.488273209413071285e+00
-9.737877800000006800e+01 7.222728665128355097e-01 0.000000000000000000e+00 2.420226322983164646e+00
-9.832387400000004618e+01 7.292827839822229041e-01 0.000000000000000000e+00 2.813840912369647729e+00
-9.692075600000003988e+01 7.188756492786455565e-01 0.000000000000000000e+00 2.569585215607115725e+00
-9.791913600000003726e+01 7.262807820938168568e-01 0.000000000000000000e+00 2.443727952486040689e+00
-9.785312800000006916e+01 7.257911909492991143e-01 0.000000000000000000e+00 2.888032750313756836e+00
-9.766534200000006649e+01 7.243983542830700895e-01 0.000000000000000000e+00 2.365502473761060820e+00
-9.786663000000004331e+01 7.258913372896407257e-01 0.000000000000000000e+00 2.765022267413578483e+00
-9.804660600000006809e+01 7.272262460253360317e-01 0.000000000000000000e+00 2.672498698616156076e+00
-9.806973200000007296e+01 7.273977750037647905e-01 0.000000000000000000e+00 3.088191382005809338e+00
-9.685885800000002632e+01 7.184165426148566569e-01 0.000000000000000000e+00 2.572697813076790574e+00
-9.824213400000003560e+01 7.286765062559942274e-01 0.000000000000000000e+00 2.646856002090408388e+00
-9.720737000000006844e+01 7.210015079063100130e-01 0.000000000000000000e+00 3.030826966174230197e+00
-9.784600200000004122e+01 7.257383363484045669e-01 0.000000000000000000e+00 2.726923413783822969e+00
-9.819836400000002641e+01 7.283518576619517626e-01 0.000000000000000000e+00 2.838339972501354502e+00
-9.813380000000007897e+01 7.278729768800067390e-01 0.000000000000000000e+00 2.862635418031023615e+00
-9.734859600000004320e+01 7.220490021339139863e-01 0.000000000000000000e+00 2.264175900915577966e+00
-9.845004000000001554e+01 7.302185759519725927e-01 0.000000000000000000e+00 3.035317801809194194e+00
-9.701041800000007242e+01 7.195406856560510045e-01 0.000000000000000000e+00 2.763059242625569123e+00
-9.782100000000005480e+01 7.255528927992100918e-01 0.000000000000000000e+00 3.113856900690813223e+00
-9.763582000000006644e+01 7.241793852222220274e-01 0.000000000000000000e+00 2.215871319423225128e+00
-9.769474200000003350e+01 7.246164184517891460e-01 0.000000000000000000e+00 2.281265603956264876e+00
-9.794162600000001362e+01 7.264475937657384197e-01 0.000000000000000000e+00 2.790954860049212893e+00
