-8.503470600000005675e+01 6.307150502103878731e-01 0.000000000000000000e+00 3.126543311058272323e+00
-8.283452000000005455e+01 6.143959437097762377e-01 0.000000000000000000e+00 2.849485387882797482e+00
-8.511805800000003330e+01 6.313332843801529037e-01 0.000000000000000000e+00 3.078619147669941825e+00
-8.548256400000005328e+01 6.340368795462488771e-01 0.000000000000000000e+00 3.070579765461995514e+00
-8.495062800000010839e+01 6.300914311907424015e-01 0.000000000000000000e+00 2.351378895954328030e+00
-8.305054800000004889e+01 6.159982554866506588e-01 0.000000000000000000e+00 2.675475298488894982e+00
-8.549984600000006196e+01 6.341650627082833225e-01 0.000000000000000000e+00 3.016782096014281045e+00
-8.335254600000003222e+01 6.182382195283141479e-01 0.000000000000000000e+00 3.188134753099880037e+00
-8.386295600000003958e+01 6.220240063431458077e-01 0.000000000000000000e+00 3.176854109014708882e+00
-8.472589400000006776e+01 6.284245457181918404e-01 0.000000000000000000e+00 3.282804935848659511e+00
-8.530814200000001790e+01 6.327431656538551330e-01 0.000000000000000000e+00 2.936022415802877816e+00
-8.388837200000004657e+01 6.222125205918591639e-01 0.000000000000000000e+00 3.071064820503359272e+00
-8.639582200000008072e+01 6.408106498386405558e-01 0.000000000000000000e+00 3.303228328563168059e+00
-8.467159800000007408e+01 6.280218242180291011e-01 0.000000000000000000e+00 2.733761580715841966e+00
-8.514946600000001808e+01 6.315662421832526352e-01 0.000000000000000000e+00 3.497509480199423759e+00
-8.474034000000003175e+01 6.285316938468079595e-01 0.000000000000000000e+00 2.910195166908045028e+00
-8.538916600000005985e+01 6.333441327016894329e-01 0.000000000000000000e+00 3.418547403731531098e+00
-8.532519000000002052e+01 6.328696132031180754e-01 0.000000000000000000e+00 2.630416500011994785e+00
-8.643537800000002846e+01 6.411040425684993993e-01 0.000000000000000000e+00 2.496381695254152877e+00
-8.673939800000005107e+01 6.433590040846240976e-01 0.000000000000000000e+00 3.080835285725891826e+00
-8.490721600000004798e+01 6.297694379358969030e-01 0.000000000000000000e+00 2.318159018988380726e+00
-8.675963800000008064e+01 6.435091271722053197e-01 0.000000000000000000e+00 2.998781994992452127e+00
-8.629834400000008543e+01 6.400876410278097950e-01 0.000000000000000000e+00 2.327032026463292880e+00
-8.612063800000001379e+01 6.387695692194268471e-01 0.000000000000000000e+00 2.769790280898100310e+00
-8.621025800000006711e+01 6.394342940765914696e-01 0.000000000000000000e+00 3.180293820019232776e+00
-8.541626000000005092e+01 6.335450929257465669e-01 0.000000000000000000e+00 2.951730923654215299e+00
-8.530913000000006718e+01 6.327504937966682563e-01 0.000000000000000000e+00 2.413558950340280340e+00
-8.570172800000005964e+01 6.356624515011201071e-01 0.000000000000000000e+00 3.214379118145163083e+00
-8.671906600000005483e+01 6.432081986193723955e-01 0.000000000000000000e+00 2.828227415749298590e+00
-8.584451400000003218e+01 6.367215164805335448e-01 0.000000000000000000e+00 2.841539144211258527e+00
-8.535978800000005151e+01 6.331262317102390735e-01 0.000000000000000000e+00 2.442760540627026966e+00
-8.517117600000003108e+01 6.317272684792696325e-01 0.000000000000000000e+00 2.988300660543048437e+00
-8.504539800000004846e+01 6.307943543631751027e-01 0.000000000000000000e+00 2.772458468870565795e+00
-8.675866800000005696e+01 6.435019325380670896e-01 0.000000000000000000e+00 3.105010342014364433e+00
-8.637350600000007717e+01 6.406451287505744441e-01 0.000000000000000000e+00 2.789949972319296201e+00
-8.591926000000007946e+01 6.372759186694828548e-01 0.000000000000000000e+00 2.931501959712458305e+00
-8.520883200000007207e+01 6.320065686267970495e-01 0.000000000000000000e+00 3.154216220206557342e+00
-8.605162200000003736e+01 6.382576672919325622e-01 0.000000000000000000e+00 2.690646324350979057e+00
-8.494571600000001865e+01 6.300549981568387414e-01 0.000000000000000000e+00 3.145594722870301840e+00
-8.734811000000003389e+01 6.478739114407294775e-01 0.000000000000000000e+00 3.028536750977310454e+00
-8.673416200000006882e+01 6.433201678945761337e-01 0.000000000000000000e+00 2.839701691218122548e+00
-8.678244400000004077e+01 6.436782826630830234e-01 0.000000000000000000e+00 2.724198025416068702e+00
-8.681717400000007956e+01 6.439358802338187582e-01 0.000000000000000000e+00 2.330938160224744315e+00
-8.805835800000004099e+01 6.531419263966679045e-01 0.000000000000000000e+00 3.169543772452259933e+00
-8.641383600000006027e+01 6.409442623534469252e-01 0.000000000000000000e+00 2.223281547146655601e+00
-8.726799200000007772e+01 6.472796643295237740e-01 0.000000000000000000e+00 2.744207520706665626e+00
-8.697772800000004167e+01 6.451267331094840962e-01 0.000000000000000000e+00 3.386873874837467824e+00
-8.837511400000006745e+01 6.554913527173099608e-01 0.000000000000000000e+00 3.532006979671541647e+00
-8.721786000000004435e+01 6.469078278361140022e-01 0.000000000000000000e+00 3.296415576919508705e+00
-8.785893200000009529e+01 6.516627541207830054e-01 0.000000000000000000e+00 3.114893525325893364e+00
-8.830910200000002419e+01 6.550017319041973041e-01 0.000000000000000000e+00 2.677088139728453164e+00
-8.698601200000007339e+01 6.451881767684527480e-01 0.000000000000000000e+00 2.598922067353651055e+00
-8.772789800000002458e+01 6.506908554716678283e-01 0.000000000000000000e+00 3.097696230908681958e+00
-8.735864200000007429e+01 6.479520288497417901e-01 0.000000000000000000e+00 2.616389203786953388e+00
-8.513103600000005144e+01 6.314295441346305937e-01 0.000000000000000000e+00 2.184585569532606630e+00
-8.670497600000008731e+01 6.431036909956564518e-01 0.000000000000000000e+00 2.912240215808045818e+00
-8.739871200000006013e+01 6.482492339939792680e-01 0.000000000000000000e+00 2.510836740537369938e+00
-8.754221600000002468e+01 6.493136244860845396e-01 0.000000000000000000e+00 2.608262646838490184e+00
-8.771556800000003307e+01 6.505994020294804114e-01 0.000000000000000000e+00 2.964664503167160792e+00
-8.814900400000006186e+01 6.538142612482917837e-01 0.000000000000000000e+00 2.477032253694412933e+00
-8.737507200000000296e+01 6.480738926011717638e-01 0.000000000000000000e+00 2.436367187336776041e+00
-8.599069400000006169e+01 6.378057552622820037e-01 0.000000000000000000e+00 3.372756886003622334e+00
-8.824721000000008075e+01 6.545426697433005536e-01 0.000000000000000000e+00 3.075243749935141047e+00
-8.809641800000009937e+01 6.534242230722282496e-01 0.000000000000000000e+00 2.505759783579834643e+00
-8.807445600000001207e+01 6.532613276547645231e-01 0.000000000000000000e+00 2.974443132002894785e+00
-8.596492999999998119e+01 6.376146598458566350e-01 0.000000000000000000e+00 3.099574597253532904e+00
-8.822080000000008226e+01 6.543467828488829241e-01 0.000000000000000000e+00 2.663375751852441020e+00
-8.682600000000006446e+01 6.440013439873261136e-01 0.000000000000000000e+00 2.782336950816487242e+00
-8.842167800000002842e+01 6.558367248245290382e-01 0.000000000000000000e+00 3.029239313774527709e+00
-8.798820000000004882e+01 6.526215540854770625e-01 0.000000000000000000e+00 3.255986277798498030e+00
-8.905554600000002097e+01 6.605382179707127710e-01 0.000000000000000000e+00 3.112177627406457869e+00
-8.842311400000006927e+01 6.558473758499130390e-01 0.000000000000000000e+00 2.334847017981644512e+00
-8.798733400000001836e+01 6.526151308347928337e-01 0.000000000000000000e+00 2.659453809049649120e+00
-8.935675200000005702e+01 6.627723076306887284e-01 0.000000000000000000e+00 3.364502140500181149e+00
-8.894144400000007522e+01 6.596919064816242351e-01 0.000000000000000000e+00 2.727770503110627409e+00
-8.873579000000003703e+01 6.581665402042834456e-01 0.000000000000000000e+00 2.751912926502309897e+00
-9.035519800000007251e+01 6.701779299776675636e-01 0.000000000000000000e+00 2.885385871713318284e+00
-9.036119200000003104e+01 6.702223883663510628e-01 0.000000000000000000e+00 3.079642613191643896e+00
-8.887654800000005650e+01 6.592105632063447462e-01 0.000000000000000000e+00 2.999792097458714668e+00
-8.809243200000007334e+01 6.533946583179247591e-01 0.000000000000000000e+00 2.741243589826273030e+00
-9.121171800000001895e+01 6.765308660930245965e-01 0.000000000000000000e+00 2.827069469312558425e+00
-9.128590800000010574e+01 6.770811443473547797e-01 0.000000000000000000e+00 2.873715426457286615e+00
-9.048922800000002553e+01 6.711720504039752067e-01 0.000000000000000000e+00 2.993246909533242128e+00
-9.060019400000004453e+01 6.719951017150675998e-01 0.000000000000000000e+00 2.691347271258224705e+00
-9.085272400000005177e+01 6.738681542499894706e-01 0.000000000000000000e+00 2.914136147243417518e+00
-9.141498800000003655e+01 6.780385498881126294e-01 0.000000000000000000e+00 2.892768691632444877e+00
-9.170712000000000330e+01 6.802053363417288612e-01 0.000000000000000000e+00 2.815954408420533017e+00
-9.063724000000004821e+01 6.722698774019512102e-01 0.000000000000000000e+00 3.087888507761190837e+00
-9.181075000000006980e+01 6.809739754507221354e-01 0.000000000000000000e+00 3.396846463897496449e+00
-9.243965600000011307e+01 6.856386647055734418e-01 0.000000000000000000e+00 2.671224484563837098e+00
-9.160993000000003406e+01 6.794844636696938389e-01 0.000000000000000000e+00 2.184134875469558423e+00
-9.165147000000007438e+01 6.797925720223677581e-01 0.000000000000000000e+00 2.552257432849467822e+00
-9.071844600000007119e+01 6.728721943708297903e-01 0.000000000000000000e+00 2.902545251543300786e+00
-9.315931600000006085e+01 6.909764898640960995e-01 0.000000000000000000e+00 3.070171525452773498e+00
-9.205332400000006032e+01 6.827731828542230597e-01 0.000000000000000000e+00 2.585562783241754925e+00
-9.164085600000005627e+01 6.797138464071706965e-01 0.000000000000000000e+00 2.882278411829254150e+00
-9.257707200000005798e+01 6.866578995970267218e-01 0.000000000000000000e+00 2.588887759624846741e+00
-9.166758000000010043e+01 6.799120622862477870e-01 0.000000000000000000e+00 2.192377249664957617e+00
-9.127039200000008634e+01 6.769660598697406773e-01 0.000000000000000000e+00 2.764910291626734740e+00
-9.302795600000003162e+01 6.900021732245388284e-01 0.000000000000000000e+00 2.916214595764428985e+00
-9.181817200000004675e+01 6.810290255276006954e-01 0.000000000000000000e+00 2.478419288276504595e+00
-9.087072800000005657e+01 6.740016925933099978e-01 0.000000000000000000e+00 2.645476222469694605e+00
-9.100709800000002758e+01 6.750131691473322260e-01 0.000000000000000000e+00 2.617938008000444849e+00
-9.161789600000004441e+01 6.795435486754088927e-01 0.000000000000000000e+00 3.011492386026394463e+00
-9.218026000000004672e+01 6.837146860283916938e-01 0.000000000000000000e+00 2.271029964175244942e+00
-9.277625800000006961e+01 6.881352917572490790e-01 0.000000000000000000e+00 2.076034012935396689e+00
-9.235529800000004741e+01 6.850129688843202835e-01 0.000000000000000000e+00 2.525021762721695762e+00
-9.253038400000001218e+01 6.863116077633811818e-01 0.000000000000000000e+00 2.410178031259865072e+00
-9.132520200000003285e+01 6.773725937842813849e-01 0.000000000000000000e+00 2.728155717362514832e+00
-9.124353800000002934e+01 6.767668797613460852e-01 0.000000000000000000e+00 2.342760799698087038e+00
-9.165274000000007959e+01 6.798019918010845819e-01 0.000000000000000000e+00 2.842069437518507602e+00
-9.271683400000001996e+01 6.876945351190861810e-01 0.000000000000000000e+00 2.540817968993370091e+00
-9.155465200000006121e+01 6.790744585296101254e-01 0.000000000000000000e+00 3.204061546984490860e+00
-9.289408600000007254e+01 6.890092395420064353e-01 0.000000000000000000e+00 2.731105956209762819e+00
-9.114981399999999212e+01 6.760717149263439918e-01 0.000000000000000000e+00 2.597534219917112530e+00
-9.223524200000004214e+01 6.841224956924912837e-01 0.000000000000000000e+00 2.341240879360318328e+00
-9.344793800000002193e+01 6.931172421261406758e-01 0.000000000000000000e+00 2.914341549237515760e+00
-9.423312600000005546e+01 6.989410981978558812e-01 0.000000000000000000e+00 2.517586945470610349e+00
-9.546162400000005732e+01 7.080530504136177683e-01 0.000000000000000000e+00 2.981217588117481387e+00
-9.418390200000003176e+01 6.985759964753712747e-01 0.000000000000000000e+00 1.999564462373713658e+00
-9.515889200000006554e+01 7.058076421848847870e-01 0.000000000000000000e+00 2.455927875248009151e+00
-9.456281000000005577e+01 7.013864134155454177e-01 0.000000000000000000e+00 2.830077912676288499e+00
-9.254571200000005149e+01 6.864252978170594099e-01 0.000000000000000000e+00 2.484891195523843965e+00
-9.459493400000003760e+01 7.016246818970398591e-01 0.000000000000000000e+00 2.756457919333169748e+00
-9.566823400000004085e+01 7.095855074850158095e-01 0.000000000000000000e+00 2.362203469893259911e+00
-9.533927000000009855e+01 7.071455326143156750e-01 0.000000000000000000e+00 2.629437829439762453e+00
-9.396568200000005788e+01 6.969574263087748855e-01 0.000000000000000000e+00 2.885492826081827999e+00
-9.473210000000005948e+01 7.026420625013448662e-01 0.000000000000000000e+00 2.557137618352191222e+00
-9.551770000000004757e+01 7.084689744382811627e-01 0.000000000000000000e+00 2.311628637470940273e+00
-9.524561800000009271e+01 7.064509018140127106e-01 0.000000000000000000e+00 2.462210674768805507e+00
-9.539937000000003309e+01 7.075913032449285822e-01 0.000000000000000000e+00 3.141738378138234200e+00
-9.438586200000004567e+01 7.000739638057986713e-01 0.000000000000000000e+00 2.578365263275288477e+00
-9.540397800000008033e+01 7.076254814656588454e-01 0.000000000000000000e+00 2.531675321691272185e+00
-9.644909200000003580e+01 7.153772473033104262e-01 0.000000000000000000e+00 2.461481726693181660e+00
-9.627159400000002165e+01 7.140607182618359250e-01 0.000000000000000000e+00 2.353505355452894410e+00
-9.517916600000008032e+01 7.059580174555181165e-01 0.000000000000000000e+00 2.607900797217035826e+00
-9.702004200000000367e+01 7.196120682941374858e-01 0.000000000000000000e+00 3.000944050423755449e+00
-9.490473000000004333e+01 7.039224848634543230e-01 0.000000000000000000e+00 2.545538042687178759e+00
-9.611425600000006852e+01 7.128937189360550208e-01 0.000000000000000000e+00 2.923577148960367023e+00
-9.599493000000005338e+01 7.120086602627009320e-01 0.000000000000000000e+00 2.613320404169470201e+00
-9.680731400000001940e+01 7.180342331076297047e-01 0.000000000000000000e+00 2.544828010581143829e+00
-9.656226000000005172e+01 7.162166311756110737e-01 0.000000000000000000e+00 2.933368317835455485e+00
-9.768401800000000890e+01 7.245368769502466000e-01 0.000000000000000000e+00 2.650147579057407388e+00
-9.762194600000003675e+01 7.240764797026022492e-01 0.000000000000000000e+00 2.458042602199209892e+00
-9.756879400000002533e+01 7.236822434204330801e-01 0.000000000000000000e+00 2.600008357477631815e+00
-9.709952800000007755e+01 7.202016277674314626e-01 0.000000000000000000e+00 2.916928735726858068e+00
-9.650166800000003775e+01 7.157672113078883402e-01 0.000000000000000000e+00 2.816181414570754438e+00
-9.722601400000006322e+01 7.211397932247318732e-01 0.000000000000000000e+00 2.625291448833285912e+00
-9.733447800000003269e+01 7.219442868300370852e-01 0.000000000000000000e+00 2.935968438425438087e+00
-9.670628600000006259e+01 7.172848934192836978e-01 0.000000000000000000e+00 2.748977556890355167e+00
-9.579770800000005693e+01 7.105458353823210782e-01 0.000000000000000000e+00 2.567853307103822758e+00
-9.562965400000007321e+01 7.092993538921863461e-01 0.000000000000000000e+00 2.861633853835633623e+00
-9.577768200000008392e+01 7.103972995645397859e-01 0.000000000000000000e+00 3.221207945845750320e+00
-9.654728600000004235e+01 7.161055667925360080e-01 0.000000000000000000e+00 2.846384101263080613e+00
-9.659051200000004656e+01 7.164261804577423121e-01 0.000000000000000000e+00 2.800814790514295716e+00
-9.676872200000003943e+01 7.177479905090169421e-01 0.000000000000000000e+00 2.391568288276734400e+00
-9.641028200000008042e+01 7.150893877663040410e-01 0.000000000000000000e+00 2.943074149965980713e+00
-9.605366200000005961e+01 7.124442842340352744e-01 0.000000000000000000e+00 2.323972763917490969e+00
-9.685786800000001051e+01 7.184091996377465206e-01 0.000000000000000000e+00 2.865767144948568657e+00
-9.781770000000007315e+01 7.255284162088436739e-01 0.000000000000000000e+00 3.050756148030759896e+00
-9.624087800000008031e+01 7.138328931255647491e-01 0.000000000000000000e+00 2.630590551648090081e+00
-9.655430200000006380e+01 7.161576055070849600e-01 0.000000000000000000e+00 2.273739833467978144e+00
-9.675099200000005339e+01 7.176164844644118412e-01 0.000000000000000000e+00 2.458587956476915082e+00
-9.702052400000000887e+01 7.196156433597606927e-01 0.000000000000000000e+00 2.989902261066624600e+00
-9.721215200000003165e+01 7.210369767108953942e-01 0.000000000000000000e+00 3.027828466595700263e+00
-9.752891000000006727e+01 7.233864178658346855e-01 0.000000000000000000e+00 2.164339351157692271e+00
-9.748663400000005197e+01 7.230728504917944832e-01 0.000000000000000000e+00 2.731491546819698968e+00
-9.747102200000006178e+01 7.229570539679153196e-01 0.000000000000000000e+00 2.608920614438163366e+00
-9.632117400000004181e+01 7.144284604892205959e-01 0.000000000000000000e+00 2.717293174184317373e+00
-9.700868000000005509e+01 7.195277946517912859e-01 0.000000000000000000e+00 2.996286834120397646e+00
-9.669550400000007073e+01 7.172049217231227791e-01 0.000000000000000000e+00 2.704620212473686891e+00
-9.833529200000003812e+01 7.293674729848907967e-01 0.000000000000000000e+00 2.257890716221668814e+00
-9.777605400000004465e+01 7.252195216384188514e-01 0.000000000000000000e+00 3.265173280269495049e+00
-9.691979800000007117e+01 7.188685436502908477e-01 0.000000000000000000e+00 2.759721410840323408e+00
-9.757518600000004483e+01 7.237296538342582464e-01 0.000000000000000000e+00 2.501775087187640079e+00
-9.788494400000006124e+01 7.260271749490261328e-01 0.000000000000000000e+00 2.318797815410286400e+00
-9.640882800000001396e+01 7.150786032322451469e-01 0.000000000000000000e+00 2.590172521147788398e+00
-9.742514200000006497e+01 7.226167551903356356e-01 0.000000000000000000e+00 2.488273209413071285e+00
-9.737877800000006800e+01 7.222728665128355097e-01 0.000000000000000000e+00 2.420226322983164646e+00
-9.832387400000004618e+01 7.292827839822229041e-01 0.000000000000000000e+00 2.813840912369647729e+00
-9.692075600000003988e+01 7.188756492786455565e-01 0.000000000000000000e+00 2.569585215607115725e+00
-9.791913600000003726e+01 7.262807820938168568e-01 0.000000000000000000e+00 2.443727952486040689e+00
-9.785312800000006916e+01 7.257911909492991143e-01 0.000000000000000000e+00 2.888032750313756836e+00
-9.766534200000006649e+01 7.243983542830700895e-01 0.000000000000000000e+00 2.365502473761060820e+00
-9.786663000000004331e+01 7.258913372896407257e-01 0.000000000000000000e+00 2.765022267413578483e+00
-9.804660600000006809e+01 7.272262460253360317e-01 0.000000000000000000e+00 2.672498698616156076e+00
-9.806973200000007296e+01 7.273977750037647905e-01 0.000000000000000000e+00 3.088191382005809338e+00
-9.685885800000002632e+01 7.184165426148566569e-01 0.000000000000000000e+00 2.572697813076790574e+00
-9.824213400000003560e+01 7.286765062559942274e-01 0.000000000000000000e+00 2.646856002090408388e+00
-9.720737000000006844e+01 7.210015079063100130e-01 0.000000000000000000e+00 3.030826966174230197e+00
-9.784600200000004122e+01 7.257383363484045669e-01 0.000000000000000000e+00 2.726923413783822969e+00
-9.819836400000002641e+01 7.283518576619517626e-01 0.000000000000000000e+00 2.838339972501354502e+00
-9.813380000000007897e+01 7.278729768800067390e-01 0.000000000000000000e+00 2.862635418031023615e+00
-9.734859600000004320e+01 7.220490021339139863e-01 0.000000000000000000e+00 2.264175900915577966e+00
-9.845004000000001554e+01 7.302185759519725927e-01 0.000000000000000000e+00 3.035317801809194194e+00
-9.701041800000007242e+01 7.195406856560510045e-01 0.000000000000000000e+00 2.763059242625569123e+00
-9.782100000000005480e+01 7.255528927992100918e-01 0.000000000000000000e+00 3.113856900690813223e+00
-9.763582000000006644e+01 7.241793852222220274e-01 0.000000000000000000e+00 2.215871319423225128e+00
-9.769474200000003350e+01 7.246164184517891460e-01 0.000000000000000000e+00 2.281265603956264876e+00
-9.794162600000001362e+01 7.264475937657384197e-01 0.000000000000000000e+00 2.790954860049212893e+00
-9.688342800000003763e+01 7.185987819558579126e-01 0.000000000000000000e+00 2.196711687683214898e+00
-9.715710400000000391e+01 7.206286775149882695e-01 0.000000000000000000e+00 2.332520125300815650e+00
-9.712225400000004072e+01 7.203701898864215414e-01 0.000000000000000000e+00 2.731974054900687232e+00
-9.874706000000006156e+01 7.324216174279262193e-01 0.000000000000000000e+00 2.577430386640887416e+00
-9.730444200000003718e+01 7.217215053548107218e-01 0.000000000000000000e+00 2.644527886191492705e+00
-9.830652000000004875e+01 7.291540667854897739e-01 0.000000000000000000e+00 2.866744592105064271e+00
-9.831221800000007249e+01 7.291963296981893716e-01 0.000000000000000000e+00 2.756669905108939389e+00
-9.777320000000005962e+01 7.251983530963261870e-01 0.000000000000000000e+00 2.480355028432563724e+00
-9.746457000000005166e+01 7.229091985251745456e-01 0.000000000000000000e+00 2.417070228770376694e+00
-9.858393000000005202e+01 7.312116579774774472e-01 0.000000000000000000e+00 3.287355996723190898e+00
-9.847312800000004529e+01 7.303898230787548851e-01 0.000000000000000000e+00 3.164750542583701698e+00
-9.845309600000005901e+01 7.302412427580819987e-01 0.000000000000000000e+00 2.734122979356718997e+00
-9.853553200000000345e+01 7.308526828197329239e-01 0.000000000000000000e+00 2.707244890576305796e+00
-9.829027600000007681e+01 7.290335826236982175e-01 0.000000000000000000e+00 2.605154418700888819e+00
-9.773235200000007694e+01 7.248953774104811565e-01 0.000000000000000000e+00 2.432585012476490505e+00
-9.795481800000004569e+01 7.265454407900157063e-01 0.000000000000000000e+00 2.829175810325921248e+00
-9.792192200000003766e+01 7.263014462698049734e-01 0.000000000000000000e+00 2.595058571713213080e+00
-9.780525000000007196e+01 7.254360727088248195e-01 0.000000000000000000e+00 2.176504275417139755e+00
-9.679612800000002437e+01 7.179512648834359689e-01 0.000000000000000000e+00 2.095168041382915902e+00
-9.822012200000006032e+01 7.285132399811015125e-01 0.000000000000000000e+00 2.609767091259720395e+00
-9.792813000000005275e+01 7.263474919282884024e-01 0.000000000000000000e+00 2.476886430704093200e+00
-9.833721200000005069e+01 7.293817139101950175e-01 0.000000000000000000e+00 2.806097795702506392e+00
-9.768905600000009315e+01 7.245742445448732916e-01 0.000000000000000000e+00 2.328246102368896508e+00
-9.791659400000007452e+01 7.262619277020863073e-01 0.000000000000000000e+00 2.400685379822380838e+00
-9.772591200000006495e+01 7.248476109735234596e-01 0.000000000000000000e+00 2.510652839051704444e+00
-9.729242200000000196e+01 7.216323512286877406e-01 0.000000000000000000e+00 2.720386748929926046e+00
-9.748322600000005878e+01 7.230475728493797050e-01 0.000000000000000000e+00 2.538930499031656129e+00
-9.836941800000002445e+01 7.296205905978743189e-01 0.000000000000000000e+00 3.229540907060908239e+00
-9.848454000000005237e+01 7.304744675785312946e-01 0.000000000000000000e+00 2.266873917619557144e+00
-9.651573200000004249e+01 7.158715260857411167e-01 0.000000000000000000e+00 2.555490839838995054e+00
-9.814589800000004516e+01 7.279627095437196660e-01 0.000000000000000000e+00 3.152397709423701233e+00
-9.844955400000006307e+01 7.302149712177553598e-01 0.000000000000000000e+00 2.504285879678187943e+00
-9.796067400000009684e+01 7.265888756121936520e-01 0.000000000000000000e+00 2.635518018604289470e+00
-9.825660400000008110e+01 7.287838323961772780e-01 0.000000000000000000e+00 2.552224308795776331e+00
-9.856426800000004107e+01 7.310658220017849374e-01 0.000000000000000000e+00 2.488815778390123246e+00
-9.837810800000004008e+01 7.296850456191728007e-01 0.000000000000000000e+00 2.869995509083171026e+00
-9.781743800000002409e+01 7.255264729159112136e-01 0.000000000000000000e+00 2.354506180003086424e+00
-9.828232600000002606e+01 7.289746162923604889e-01 0.000000000000000000e+00 2.991131709564731622e+00
-9.871282600000002105e+01 7.321676987628940037e-01 0.000000000000000000e+00 2.723829265871890115e+00
-9.876904400000005069e+01 7.325846760226583099e-01 0.000000000000000000e+00 2.500525219185325110e+00
-9.797382600000004516e+01 7.266864259505264600e-01 0.000000000000000000e+00 2.898250704264853539e+00
-9.915577600000001723e+01 7.354531247334463728e-01 0.000000000000000000e+00 2.843876195685718589e+00
-9.837341800000002934e+01 7.296502591922578995e-01 0.000000000000000000e+00 2.678022145199285831e+00
-9.846490400000001841e+01 7.303288244487020631e-01 0.000000000000000000e+00 2.708524321617201913e+00
-9.797283600000005777e+01 7.266790829734166568e-01 0.000000000000000000e+00 2.112037247697257314e+00
-9.843629600000002711e+01 7.301166346616706493e-01 0.000000000000000000e+00 2.560143715975430556e+00
-9.851803400000007116e+01 7.307228975536024240e-01 0.000000000000000000e+00 2.662887264963169631e+00
-9.831432399999999916e+01 7.292119502131317876e-01 0.000000000000000000e+00 2.915984544621024632e+00
-9.788367800000007435e+01 7.260177848389037791e-01 0.000000000000000000e+00 3.055736039673187410e+00
-9.847039400000004150e+01 7.303695445944936582e-01 0.000000000000000000e+00 3.166738965867479383e+00
-9.838088000000006161e+01 7.297056059550807161e-01 0.000000000000000000e+00 3.182872335015983989e+00
-9.809326800000003743e+01 7.275723450131175163e-01 0.000000000000000000e+00 2.635449520044546912e+00
-9.732444200000007584e+01 7.218698483267289578e-01 0.000000000000000000e+00 2.733820939995075694e+00
-9.814031400000003202e+01 7.279212921859600227e-01 0.000000000000000000e+00 2.895151738910617389e+00
-9.963173400000007973e+01 7.389833759448526385e-01 0.000000000000000000e+00 2.747054079923480607e+00
-9.911533000000005700e+01 7.351531307413370353e-01 0.000000000000000000e+00 2.487141079186658388e+00
-9.866810800000013160e+01 7.318360187119834492e-01 0.000000000000000000e+00 2.576617961344527696e+00
-9.842438200000003690e+01 7.300282667532992376e-01 0.000000000000000000e+00 3.090393935870417330e+00
-9.857781000000008476e+01 7.311662650280708053e-01 0.000000000000000000e+00 2.407623187802535814e+00
-9.834760800000006498e+01 7.294588225869981235e-01 0.000000000000000000e+00 2.757059014755477655e+00
-9.864163200000000131e+01 7.316396422857575077e-01 0.000000000000000000e+00 2.628541237598059244e+00
-9.761075200000007612e+01 7.239934521412201285e-01 0.000000000000000000e+00 2.518430055238237930e+00
-9.902160600000006241e+01 7.344579659063352750e-01 0.000000000000000000e+00 2.480004083159720540e+00
-9.908809000000006506e+01 7.349510876135848525e-01 0.000000000000000000e+00 2.199592574647505572e+00
-9.951257600000005255e+01 7.380995633524625177e-01 0.000000000000000000e+00 2.736492915132377579e+00
-9.880098200000006159e+01 7.328215649145141120e-01 0.000000000000000000e+00 2.724858729666993717e+00
-9.835449800000007770e+01 7.295099267408239330e-01 0.000000000000000000e+00 2.820250224373143766e+00
-9.917759200000003261e+01 7.356149372472146064e-01 0.000000000000000000e+00 2.877460692187968849e+00
-9.947503200000005563e+01 7.378210939255782641e-01 0.000000000000000000e+00 2.235588827633199660e+00
-9.800566800000002843e+01 7.269226027961168679e-01 0.000000000000000000e+00 2.555780282160974082e+00
-9.839498000000007494e+01 7.298101877502829460e-01 0.000000000000000000e+00 2.284669803784177056e+00
-9.808250400000005698e+01 7.274925068256313798e-01 0.000000000000000000e+00 2.293186589910523043e+00
-9.771283200000004854e+01 7.247505946698890034e-01 0.000000000000000000e+00 2.531204049853737370e+00
-9.859670599999999752e+01 7.313064194679382846e-01 0.000000000000000000e+00 2.286851870308025170e+00
-9.854997000000003027e+01 7.309597716111606580e-01 0.000000000000000000e+00 2.913096195657039811e+00
-9.889774400000008825e+01 7.335392630469504960e-01 0.000000000000000000e+00 3.129073270439958865e+00
-9.893495800000006568e+01 7.338152848147979634e-01 0.000000000000000000e+00 2.688235901188808619e+00
-9.831872600000005491e+01 7.292446005012512833e-01 0.000000000000000000e+00 2.313137960425974082e+00
-9.781718000000000757e+01 7.255245592915733344e-01 0.000000000000000000e+00 2.395419475211433280e+00
-9.756108600000005993e+01 7.236250720390562385e-01 0.000000000000000000e+00 2.199414630710138319e+00
-9.938684400000008168e+01 7.371669904252035055e-01 0.000000000000000000e+00 3.257460829452624385e+00
-9.902043800000001283e+01 7.344493026767748844e-01 0.000000000000000000e+00 2.252712093257163595e+00
-9.888114400000006299e+01 7.334161383802584311e-01 0.000000000000000000e+00 2.576145343565800161e+00
-9.861674000000003559e+01 7.314550146229087391e-01 0.000000000000000000e+00 2.849582129067879332e+00
-9.798266800000001808e+01 7.267520083784112517e-01 0.000000000000000000e+00 2.754321832199224218e+00
-9.942148200000006852e+01 7.374239056182680940e-01 0.000000000000000000e+00 2.715130992631381801e+00
-9.862151000000004331e+01 7.314903944217112652e-01 0.000000000000000000e+00 2.520180719570112693e+00
-9.872792400000001578e+01 7.322796828723947549e-01 0.000000000000000000e+00 2.794080498942307145e+00
-9.911339200000003302e+01 7.351387563073580322e-01 0.000000000000000000e+00 2.757052371451302442e+00
-9.982039600000003077e+01 7.403827100332512900e-01 0.000000000000000000e+00 2.970117073566446386e+00
-9.893980800000005615e+01 7.338512579854880036e-01 0.000000000000000000e+00 2.901771481151512511e+00
-9.966999200000005033e+01 7.392671412158342559e-01 0.000000000000000000e+00 2.759115610527870910e+00
-9.924399200000004839e+01 7.361074359139821999e-01 0.000000000000000000e+00 2.487625381914132294e+00
-9.900413600000005943e+01 7.343283883203649554e-01 0.000000000000000000e+00 2.429215737994716129e+00
-9.995230600000003562e+01 7.413611061045360939e-01 0.000000000000000000e+00 2.718212192229267021e+00
-9.894098600000008048e+01 7.338599953865342362e-01 0.000000000000000000e+00 1.992651377873563945e+00
-9.947142000000005169e+01 7.377943031848498423e-01 0.000000000000000000e+00 2.109564845931956700e+00
-9.878119200000010380e+01 7.326747795438016686e-01 0.000000000000000000e+00 2.219100692799638619e+00
-9.883666200000006086e+01 7.330862087764157264e-01 0.000000000000000000e+00 2.584371112090146472e+00
-9.913736800000008031e+01 7.353165898620935836e-01 0.000000000000000000e+00 2.155569874866111402e+00
