-5.419504473476678408e-01
1.119388378513324345e-01
5.629096476009590871e-02
1.205130528776545029e+00
-7.482739923724562869e-02
-2.077340682540392836e-01
2.053749041465263159e-01
-6.901693190625908525e-02
1.076555751241459746e-01
-6.084724718655980247e-02
-5.546800889738046081e-02
-4.476495743892326962e-01
-2.095308618144655910e-01
3.997908696087009717e-01
2.142513203627454399e-01
5.120382411016232149e-01
2.718963638728884580e-01
-9.741556534789105881e-02
-1.903036523770988697e-01
-3.276691665473303594e-01
-9.266877923479455159e-02
2.783565963003253318e-01
2.524885789242994893e-01
2.360758518460828181e-01
1.470668447790087485e-01
-1.126337987312564098e-01
-3.936829147095819575e-02
-1.343132479033227744e-01
-8.199379965855788099e-02
-1.200022075386071585e-01
4.598097115482979169e-01
3.326723065423343173e-01
3.858840920626900872e-01
2.569343105522937099e-01
5.444804133417210368e-01
4.880549649526327860e-02
-5.862355164889294923e-02
4.446351114927643219e-03
2.452182058789210972e-02
-4.582419103109605825e-03
1.863472699104455968e-02
1.308576242506321041e-01
-4.279166424179448730e-02
-5.568375058400062416e-01
3.812342645203650182e-01
5.864350028783013036e-01
9.906939083430819082e-01
-1.399318696909723492e-01
1.298245427854270329e+00
1.004986407299996554e+00
1.042783851059771338e+00
1.391108002070354344e+00
1.391941862540530650e+00
-6.081324947677070325e-01
-4.597464229515357825e-01
-4.233704032748577539e-01
4.302934373021281012e-01
4.314434449399307536e-01
2.261913088053033871e-01
-3.520803163520422885e-01
2.992579990874358331e-01
1.034680734413029601e-01
6.430309114925609748e-01
-9.382754572352272615e-02
-1.170918995965698622e-01
-2.357636841329175947e-01
4.460249004671933415e-01
-4.612219358143109654e-02
6.456983372004764243e-01
-1.467322031990138109e-01
4.096041402082826743e-01
-9.887376197461740512e-02
-2.518087252378481064e-02
5.472773600627406365e-01
6.790302426002290392e-01
-1.827697004823522764e-01
7.144570130806339181e-01
-1.580377006966075526e-01
-4.292938221018082201e-01
-8.526077584831757983e-02
6.624353786930474719e-01
-2.076781336329949490e-01
-1.765680933202488367e-01
-2.616506348312607200e-01
-4.305361101383570754e-01
-4.296862925236638042e-01
1.460461391783153540e-02
-2.921503392772186181e-01
-5.672364910591307652e-01
-3.252553731333963083e-01
-4.148978263180119752e-01
4.222704203322401595e-01
6.214615446786369013e-01
-3.705998156651550968e-01
1.145185457526577189e+00
1.188623490081552658e+00
6.223972372437509559e-01
-3.907679862259915149e-01
6.313930741139175407e-01
5.547615266939817102e-01
1.189538628164828360e+00
-6.398906956759274900e-01
1.459995666459434238e+00
-4.926045896783108335e-01
1.129425307197791994e+00
5.401236320353947767e-02
-3.322955891245384374e-01
-2.311012841390454042e-01
-2.754640062140171208e-01
-3.841813583991897652e-01
9.926857335595636878e-01
-3.404785629647075207e-01
-2.675519569696740430e-01
1.164130391183331836e+00
1.994794852561223089e-02
1.247147043547655487e+00
-6.995063852872245302e-01
-3.973507991177641641e-01
-1.084625310726152314e+00
-3.910747452385435752e-01
