7.262941400679471249e-01
9.654775963365929137e-01
-1.171384098740465285e-01
-1.092834651800219381e-01
-6.308449631469797980e-02
1.569886930555198346e+00
1.642929405804327905e-02
-1.549990929788579719e-01
9.541158821333289852e-01
8.207219143768458292e-01
1.133540059142175427e-01
2.623782020358688682e-01
3.511538204674893304e-01
2.162349605470738068e-01
3.149962420907495564e-01
2.310932319478091468e-01
1.165382163282286387e-01
3.543827087766892592e-01
4.697944409436721203e-01
1.339077343496442252e+00
-1.723168308279203753e-01
1.245061461777715595e-01
-4.763085148700731825e-02
2.095225724985192925e-02
-1.316834060457912625e-01
-1.971817685747208060e-01
1.067979698440801650e+00
2.717477955421320757e-01
-6.345953306493347379e-02
6.896806627166236492e-01
-4.620801972363681731e-01
3.582349641881888980e-01
-2.462939906549612978e-01
2.717589766026036746e-01
-4.624798522264003120e-01
-2.284487607893156622e-02
3.121990594439131850e-01
6.911739424620789718e-01
-7.751214686687465938e-02
-1.695105700195412013e-01
-1.002807280315145266e-01
6.558456398090460882e-01
7.156363090265818183e-01
8.524232788809374406e-02
-2.036806641521288763e-01
6.812879612670686980e-01
-1.900057560700080250e-01
-9.654146262095533726e-02
6.675120980115943903e-01
-5.057010886948544170e-01
7.710023320564544091e-01
7.064570751268307580e-01
9.943983979908901372e-01
-8.586458612666146573e-02
-1.575431546370305302e-02
2.269910900754409846e-03
1.087026303646242642e+00
-1.353089908457189572e-01
1.199045622049464743e+00
1.141880744298473749e+00
-1.766742152902802121e-01
-3.765107368346521516e-02
-7.197600189572969653e-02
3.053825245831692792e-02
1.219200688575488467e+00
1.545435700974214344e+00
-1.190050951357210507e-01
-6.613585741522244599e-02
1.236308446170911512e+00
-2.370316938382119321e-01
-2.561603624301232642e-03
-4.106780595951049773e-02
1.834583135696339629e-02
1.101983432016860887e+00
1.172789727996840670e+00
-3.684049306554908415e-04
-1.129064764613495024e-02
-1.583083690887325812e-01
-1.432029243710593869e-01
-1.529253774502917496e-01
5.144419523765548369e-02
-2.712191842646664505e-02
1.210986336972080801e+00
8.964694566261495468e-02
1.459930650860575829e-01
1.177481121182593293e+00
1.045130533231403591e+00
-7.140490167481974848e-02
5.790618689054800594e-01
8.134339948803459563e-01
-6.054364039532010855e-01
9.873809592208298014e-01
-1.002924684719219972e-01
-1.785117339319372276e-01
1.086804426823464675e+00
-2.106258394322758631e-01
1.089686639990463224e+00
1.016860498159894766e+00
9.581363556566740991e-01
1.279105992689075766e-01
-1.262595324991703238e-01
5.323573644771017327e-02
9.618522150863867415e-01
9.978223664817074123e-01
-1.957862322358537577e-01
-1.654910505485467920e-01
1.119387343135852531e+00
9.242522086386187677e-03
-7.755962004584736336e-02
1.426442037473555913e-01
5.249020522186382820e-01
-2.900081715895596601e-01
1.034174990086655033e+00
6.610283625655299922e-01
-2.312177008012316071e-01
8.716838207611451450e-01
6.904327319157196330e-01
6.717991233513128657e-01
-9.658063100588032412e-02
6.397209799830431143e-01
6.705978079430837679e-01
-7.894418776596059950e-02
-2.908159223357084100e-01
-2.232611845333557776e-01
5.978367164299804859e-01
5.088777357167511006e-01
-1.740378538864191804e-01
-1.639770949584495874e-01
6.526770866492053180e-01
-7.838533341579230485e-02
2.003790993246635233e-01
-5.196715432950865798e-01
6.487572665270099348e-01
9.066913579959655634e-01
1.632130497376409028e+00
4.502416550317057120e-01
9.676583096518459604e-01
-9.968407478460283855e-02
-2.254331456850799664e-01
9.568019235188172100e-01
1.038583928987488525e+00
-1.368801615585955311e-01
-8.876240873403325182e-02
-1.886474772398075844e-02
-1.586259932529210659e-01
-5.077255142324207243e-02
4.915769557971509662e-02
1.061144792200142684e+00
-2.106652469210872625e-01
-8.139486889907876499e-02
-4.208868031161770995e-01
-1.200430525006147553e-01
-1.018489837940649151e-01
6.266369518518142417e-04
-7.851873965186857707e-02
-1.553777205710534792e-01
1.264343237960466326e-01
1.406198536082928496e-01
-8.677963440511923809e-02
-5.618183941462136233e-02
-1.366033400643958395e-01
-1.843039603216608396e-02
-3.054602057570709323e-02
-7.330321358407945742e-02
-4.306538356133383580e-03
-2.216660361116835551e-02
2.868700421606651951e-01
-1.486597424513882437e-01
-1.333935948323596576e-01
8.897107373510192152e-02
-2.502336850090436937e-01
-2.940112124054450327e-01
-1.840367884355863584e-02
-9.605794372941134363e-02
-3.076554637502048814e-02
-2.330708831203570641e-01
8.831938994598298454e-02
1.149545195603110859e+00
1.104367829970735793e+00
-4.980166706881473254e-02
1.175607730388515071e+00
-6.256756169645186216e-02
1.168547329255235523e+00
-5.851886476916780266e-02
1.083253597030411131e+00
-6.863231326932824061e-02
9.175832864912840670e-01
1.002889703498403673e+00
-1.400416172158769901e-01
6.825657078450297899e-02
1.098660801226757355e+00
-6.620882216772644435e-02
-9.609949849958321355e-02
-9.952305855847276561e-02
-5.866949199526250158e-01
-6.564495251484997462e-02
-1.530099944446102200e-01
-9.670136512181985722e-02
5.060580769918696653e-01
1.253018359695129424e-01
-4.173148824619862807e-02
-2.404569260339052550e-02
1.872302368114531768e-01
2.610202357020675046e-01
-6.960188876131961910e-02
-2.054886139651501686e-01
-1.185771805603473977e-01
-1.363833275357753672e-01
-1.768796391248713129e-01
4.646453582936579396e-01
-2.351437394418870175e-01
-1.959715603991331601e-01
4.755109706696936112e-01
6.316233944345064355e-01
-9.764318339041501427e-02
-1.679071015027282232e-01
-1.321290116096883738e-01
-1.510080066536112209e-01
-1.667006913985436545e-01
-1.420253474775722002e-01
-2.162055738632413793e-01
4.993969273121548480e-01
6.213249772327975595e-01
-2.366053582313572615e-02
4.188969975625501663e-01
-5.972292281014662113e-02
-4.873836603895337349e-02
-1.135225179485832743e-02
-8.007111953384384029e-02
-5.271494387223029099e-01
1.994154338135614157e-01
-5.641728241974895003e-02
-1.515496305048725512e-01
1.278695643991496940e-02
-1.512219801504216532e-01
-1.043257204127071014e-01
-3.606251531161349527e-02
-3.585466169311571361e-02
-8.850600963563105827e-02
-1.106436710211662622e-01
-1.555675398071979521e-01
-1.573538844716019791e-01
8.930183224795765762e-01
-1.276755648211089778e-01
-4.540629591617399013e-02
-9.383839181468132951e-02
-1.243733626356860328e-01
-1.244411163769229972e-01
-2.283160043230400560e-01
-1.795214802036624868e-01
5.236178643218444284e-01
-1.056039912928773278e-01
1.568972707751722651e-01
-4.916203030534099100e-02
-5.119374759679441445e-01
-4.238413559870870539e-01
-1.349308862931722364e-01
-1.075100018671909935e-01
9.094468338711764882e-03
-1.287043649285586344e-01
-3.343175003716278987e-02
-8.115507404029902172e-02
-1.479874130347270944e-01
-1.313656544281418537e-01
5.390423784316666911e-01
-4.362915240684185625e-02
-1.390654698417387591e-01
-1.021827214179280297e-01
-1.218888346542255641e-01
6.124460407755022429e-01
5.181784216191503978e-01
-4.471969492894609655e-01
-2.106540185226365436e-01
-2.291635167918636418e-01
-1.514219004714274230e-01
5.580650261268763623e-01
1.430004517327111355e-02
-7.528020385033898365e-02
-1.737044208123335598e-01
-4.030582528060762115e-01
-9.653697682216366704e-02
-7.851801000782442086e-03
-5.486481467897445785e-02
-1.706574323784487979e-01
-1.807429875169553890e-01
-3.136106186060267920e-01
5.860063351221762584e-01
5.320499217308962692e-01
1.009133830584117097e+00
-1.418285791048068123e-01
-1.176211887902211400e-01
-8.807708435626460108e-02
-1.629962471445654815e-01
-1.311205531949271030e-01
-1.348712802308016379e-01
-1.107212010165665311e-01
-9.495330995179053490e-02
9.946208682588218997e-01
-9.705167706658945903e-02
-7.925434757048187284e-02
1.017922822225388213e+00
1.903869560006095406e-03
-1.383488405766108709e-01
1.017907369818851437e+00
1.115570538170154835e+00
-2.045567122550875569e-03
-2.490789315456692563e-02
-1.132604020873121398e-01
-1.515778144694541196e-01
-2.544924932707721132e-01
1.191790700770221756e+00
-1.209746599379868809e-01
-2.140899975321169935e-02
1.032536792159478356e+00
-9.405709879257122263e-02
-3.607106820332465352e-02
-1.100238092369707626e-01
-1.740737323439913997e-01
-7.023533578968188529e-02
-7.332838845320693855e-02
-1.023403616704180452e-01
-4.828484358341231936e-02
-8.372043847003583783e-02
-2.370471603393687135e-02
-1.882914276031289746e-01
-1.587520335001507132e-01
1.112639927722160138e+00
-5.248108695390547168e-02
-1.555625266447666077e-01
-2.337980529330848101e-01
-9.385152950253210224e-02
-8.304372216484214031e-02
-2.181106220834828080e-01
-2.007923732087635860e-01
-2.965051841868074356e-01
-7.271814420908803700e-02
-2.024785716328856566e-01
-9.555047213997458488e-02
-1.633396636045013894e-01
-1.940161214828279579e-01
-6.545289727345614261e-02
-6.892866670935543505e-02
-1.854521271433359764e-01
-1.829182201707468813e-01
-2.137345872237099709e-01
-1.330192020782026696e-01
-1.129622161508090361e-01
-2.098557368899635345e-01
-2.478060895194351965e-01
-7.793432693530980004e-02
-4.537234270415684695e-02
-3.308554689673639387e-02
-1.678031642847881144e-01
-1.402821054000968071e-01
-2.000941553214113655e-01
-1.910236583756081130e-01
-2.976542704079268575e-01
-1.966558965644907842e-01
-1.554782012341616726e-01
-1.264806303705400536e-01
-9.742949229258161814e-02
-1.749774387449551660e-01
-2.209052958369341346e-01
-1.764730478188078211e-01
-3.753008102185077192e-03
-1.109582561475275370e-01
-1.023824557668684132e-01
1.016528052966192641e+00
-2.314871100973320273e-01
-1.889725944257917845e-01
-7.810530940352754248e-02
-1.317478852496646868e-01
-9.282878426001955896e-02
-6.324563421186484014e-02
-2.258937655266495814e-01
-1.374824975551284245e-01
-1.041859302932163500e-01
-9.102549112781149754e-02
-1.595838683756162502e-01
-5.027363921057378393e-01
-4.694097292086723411e-02
1.011762614692718554e+00
-7.168472147280791074e-02
-2.123785069244217560e-01
-7.335366353909689163e-02
1.138406647176637421e+00
-6.045820352954946186e-02
-1.100166251760042735e-01
-2.233671078540640231e-01
-1.672806868006425918e-01
1.009233151638365689e+00
-1.584286268073697435e-01
-1.577821844818918517e-01
-1.600836035905603694e-01
-1.810224697386292880e-01
-2.094798612132334759e-01
-1.317019887346312090e-01
-9.429201432996000068e-03
-1.616913572063603810e-02
5.023832857808223640e-01
-1.088978138676646584e-01
-2.051975322482205155e-01
-1.324578341733905484e-01
7.335594202722607315e-01
-2.055971804905298572e-01
-2.783905574741664113e-01
-2.250697120189033285e-01
-3.229082254604060398e-01
1.008103505761889451e+00
-1.293902566571108470e-01
-2.501077613613130746e-01
-1.991797147800740964e-01
-1.443303410589288627e-01
-2.483583293318071816e-01
-7.512377363461636426e-02
1.048549248502181230e+00
-1.575848412738639279e-02
-5.152179530454430445e-01
-1.999566302946655452e-02
2.734014762024553624e-01
1.362772417994286278e-01
5.697835081244631006e-01
1.055444686328493642e+00
1.041677524965333612e+00
-3.512244365548846531e-02
-5.029236170329608353e-03
-7.343253951629262477e-02
-1.782131112061962896e-01
-9.124919811916835932e-02
-8.958919785637238509e-02
-1.737579866913766813e-01
-1.836048372298281217e-01
-1.822858710346267341e-01
-1.093669152731077121e-01
-1.286866081275345186e-01
-1.519952703209405676e-01
-1.134112179541796467e-01
-2.085251677055919850e-01
-1.256319817936173422e-01
-1.305738138684773009e-01
-2.073712981351656937e-01
-1.071140577735675385e-02
-1.220486397297367437e-01
-1.054237935604383364e-01
-1.492602222689069780e-01
-2.911746610619775910e-01
-1.645586491806039220e-01
-1.177581601389463134e-01
1.000667839561510730e+00
-1.753190644895359362e-01
-7.066609826201174227e-02
-2.483014842066821881e-01
1.019677891550589743e+00
-1.320445515162755601e-01
-7.978435548784471032e-02
-9.127833281766260798e-02
-1.385359430201234254e-01
1.039757119219137493e+00
1.017142495230846322e+00
-6.175562338200384083e-02
-8.323331657806773420e-02
1.074658907057379764e+00
-1.519860104555313951e-01
-2.128881452670460805e-01
-2.302029643346935051e-01
-1.187345113139225833e-01
-7.234077879924361021e-02
-2.145985101636645742e-01
-9.857646186418822509e-02
-9.603745193842774808e-02
-1.182690336892118638e-01
-7.679025705466005491e-02
-2.687906303074714121e-01
-7.110695819575144072e-02
-4.844987433679122379e-02
-1.550769986999718797e-01
-5.802999558134816667e-03
-1.321854821508343658e-01
-8.472415490932098947e-02
-2.062257850286522143e-01
