-2.958451000000001230e+01 2.369494248565145733e-01 0.000000000000000000e+00 3.676091044186951429e+00
-2.850393600000002792e+01 2.282948489377348011e-01 0.000000000000000000e+00 3.760150278522754519e+00
-2.989157000000002640e+01 2.394087419246845316e-01 0.000000000000000000e+00 3.739643142849138790e+00
-2.831611000000001965e+01 2.267905055271763060e-01 0.000000000000000000e+00 2.884117793217106929e+00
-2.906599200000000494e+01 2.327964900308996943e-01 0.000000000000000000e+00 3.321065742042102364e+00
-3.031926200000000193e+01 2.428342295672287765e-01 0.000000000000000000e+00 3.828459283076911301e+00
-3.032373400000001595e+01 2.428700468860879036e-01 0.000000000000000000e+00 3.740739224093375448e+00
-3.014261200000000684e+01 2.414193974168601375e-01 0.000000000000000000e+00 3.031678860131076014e+00
-3.031957800000001768e+01 2.428367604868978125e-01 0.000000000000000000e+00 3.457076099289511983e+00
-3.191314999999998392e+01 2.556000602294806190e-01 0.000000000000000000e+00 3.828232128673769719e+00
-3.114632600000003038e+01 2.494583831908492033e-01 0.000000000000000000e+00 3.291277354395949484e+00
-3.175898600000001082e+01 2.543653238375790937e-01 0.000000000000000000e+00 3.229919636646700898e+00
-3.136347600000002700e+01 2.511975895392927205e-01 0.000000000000000000e+00 3.664743828359492639e+00
-3.092519600000002100e+01 2.476873000693601834e-01 0.000000000000000000e+00 3.315186996505931738e+00
-2.978992400000002050e+01 2.385946347706716097e-01 0.000000000000000000e+00 2.817485908441542897e+00
-3.096405000000002516e+01 2.479984910592862024e-01 0.000000000000000000e+00 3.501995395687170554e+00
-3.083910600000001523e+01 2.469977846443658642e-01 0.000000000000000000e+00 3.200621784850656848e+00
-3.174355400000001026e+01 2.542417252542533701e-01 0.000000000000000000e+00 3.063097768613475047e+00
-3.137361200000002626e+01 2.512787711904455046e-01 0.000000000000000000e+00 4.067421965410403573e+00
-3.017686800000002023e+01 2.416937619237554125e-01 0.000000000000000000e+00 2.890531594633021673e+00
-3.150309200000000942e+01 2.523158075155499946e-01 0.000000000000000000e+00 3.058642288537233522e+00
-3.061398600000001480e+01 2.451947446574369305e-01 0.000000000000000000e+00 3.555174577282180781e+00
-2.987163400000001801e+01 2.392490697268370159e-01 0.000000000000000000e+00 3.183725090037349936e+00
-3.178687400000002583e+01 2.545886855076017752e-01 0.000000000000000000e+00 3.987207663369481292e+00
-3.051350800000000874e+01 2.443899922951117132e-01 0.000000000000000000e+00 3.722912920614824817e+00
-3.063418599999999614e+01 2.453565312945013011e-01 0.000000000000000000e+00 2.671473245612660641e+00
-3.169552200000001818e+01 2.538570254645760582e-01 0.000000000000000000e+00 3.814477450837199246e+00
-3.276901400000000564e+01 2.624548799495097784e-01 0.000000000000000000e+00 2.929122181222437948e+00
-3.200959600000003746e+01 2.563725193383089573e-01 0.000000000000000000e+00 3.634479148765627610e+00
-3.259861399999999776e+01 2.610901055457575670e-01 0.000000000000000000e+00 3.380742117711536654e+00
-3.276131200000001797e+01 2.623931927871994696e-01 0.000000000000000000e+00 4.015493717666885232e+00
-3.270104200000002947e+01 2.619104759250273640e-01 0.000000000000000000e+00 3.698620242034026617e+00
-3.178707600000000255e+01 2.545903033739722043e-01 0.000000000000000000e+00 3.069704761742840127e+00
-3.152651400000000592e+01 2.525033999221502623e-01 0.000000000000000000e+00 3.308416107872817147e+00
-3.279584400000000954e+01 2.626697678441851092e-01 0.000000000000000000e+00 3.371067197575523977e+00
-3.149566200000001359e+01 2.522562988663723527e-01 0.000000000000000000e+00 3.408916031120197587e+00
-3.254517000000002014e+01 2.606620597521301930e-01 0.000000000000000000e+00 3.919578884242282513e+00
-3.284658000000001010e+01 2.630761246173586865e-01 0.000000000000000000e+00 3.172071611468257224e+00
-3.367601200000002848e+01 2.697192441200170765e-01 0.000000000000000000e+00 3.710861953595474994e+00
-3.215415600000002172e+01 2.575303349944497722e-01 0.000000000000000000e+00 3.235882901026481573e+00
-3.385976800000002385e+01 2.711909899259787871e-01 0.000000000000000000e+00 4.121562408339141115e+00
-3.325446400000003422e+01 2.663429652447065754e-01 0.000000000000000000e+00 3.010191938291905345e+00
-3.398765800000001747e+01 2.722152915603441303e-01 0.000000000000000000e+00 3.580758243870488133e+00
-3.369101400000001689e+01 2.698393987303754904e-01 0.000000000000000000e+00 3.100430269293524166e+00
-3.495156800000002306e+01 2.799354775669213868e-01 0.000000000000000000e+00 3.967872215961342874e+00
-3.367231000000002439e+01 2.696895939155411481e-01 0.000000000000000000e+00 2.765438388521261448e+00
-3.386763200000002172e+01 2.712539745850814921e-01 0.000000000000000000e+00 3.225540645587866795e+00
-3.018651400000001672e+01 2.417710190475734211e-01 0.000000000000000000e+00 2.697699782063499363e+00
-3.281694200000001871e+01 2.628387467782835607e-01 0.000000000000000000e+00 2.642531008244049406e+00
-3.274303800000000564e+01 2.622468319453321595e-01 0.000000000000000000e+00 2.914017511049484810e+00
-3.296637600000001811e+01 2.640355994675459006e-01 0.000000000000000000e+00 3.249120495544862930e+00
-3.312693800000000977e+01 2.653215789735038910e-01 0.000000000000000000e+00 3.583521088210940508e+00
-3.374317000000001343e+01 2.702571286235802561e-01 0.000000000000000000e+00 4.045341362766945004e+00
-3.418202800000000963e+01 2.737720474339198629e-01 0.000000000000000000e+00 3.260744257240556720e+00
-3.383275800000001965e+01 2.709746603682008925e-01 0.000000000000000000e+00 3.398158197909002975e+00
-3.427738200000001001e+01 2.745357604532589479e-01 0.000000000000000000e+00 3.206622673936871948e+00
-3.421697200000001970e+01 2.740519222975626445e-01 0.000000000000000000e+00 3.045694171694017349e+00
-3.337102000000000857e+01 2.672764901590475306e-01 0.000000000000000000e+00 3.278269284148869200e+00
-3.415954000000001400e+01 2.735919356569739835e-01 0.000000000000000000e+00 3.584998508600340195e+00
-3.542724400000002305e+01 2.837452805556491819e-01 0.000000000000000000e+00 3.632117156320314066e+00
-3.482610400000003636e+01 2.789306063474827346e-01 0.000000000000000000e+00 2.657290733968024732e+00
-3.490946800000003236e+01 2.795982885857127287e-01 0.000000000000000000e+00 3.686020085140145675e+00
-3.436788800000002198e+01 2.752606446797026818e-01 0.000000000000000000e+00 3.581994824096560226e+00
-3.410045400000002758e+01 2.731187017343209011e-01 0.000000000000000000e+00 3.553322519496308729e+00
-3.400855000000003514e+01 2.723826205911141773e-01 0.000000000000000000e+00 3.853976376078833255e+00
-3.388144200000002115e+01 2.713645821820053206e-01 0.000000000000000000e+00 3.348536597151150040e+00
-3.498795200000002836e+01 2.802268857353845677e-01 0.000000000000000000e+00 3.307853197812561152e+00
-3.386934800000001644e+01 2.712677184399924779e-01 0.000000000000000000e+00 3.168194367394765010e+00
-3.498173600000000505e+01 2.801771003029094875e-01 0.000000000000000000e+00 3.443852589189126068e+00
-3.536826200000002274e+01 2.832728795938996846e-01 0.000000000000000000e+00 3.656775908281761023e+00
-3.370813799999999105e+01 2.699765489468650137e-01 0.000000000000000000e+00 3.222649331668751227e+00
-3.544475200000000825e+01 2.838855063200909079e-01 0.000000000000000000e+00 3.014537941459853432e+00
-3.423464000000002017e+01 2.741934295403178901e-01 0.000000000000000000e+00 2.270480343429334802e+00
-3.482803800000001360e+01 2.789460962165955515e-01 0.000000000000000000e+00 3.434622854004276693e+00
-3.383509800000000922e+01 2.709934019885340550e-01 0.000000000000000000e+00 3.263765718901212143e+00
-3.468289600000002082e+01 2.777836191830897472e-01 0.000000000000000000e+00 3.544801908668664847e+00
-3.604168000000001371e+01 2.886664456116577182e-01 0.000000000000000000e+00 3.298811161186968821e+00
-3.588860400000001505e+01 2.874404232722870267e-01 0.000000000000000000e+00 3.567825911522776838e+00
-3.485963200000001194e+01 2.791991401280518037e-01 0.000000000000000000e+00 4.327997536614993201e+00
-3.542096000000002931e+01 2.836949504948911294e-01 0.000000000000000000e+00 3.261927224104415046e+00
-3.589631600000003431e+01 2.875021905269922184e-01 0.000000000000000000e+00 3.121503246275596943e+00
-3.599430000000003105e+01 2.882869678461075225e-01 0.000000000000000000e+00 3.115335901989097600e+00
-3.511042000000001195e+01 2.812077612734050769e-01 0.000000000000000000e+00 3.186742314367732920e+00
-3.636856000000000932e+01 2.912845058058977643e-01 0.000000000000000000e+00 3.738453343566052745e+00
-3.684112600000001692e+01 2.950694000599092259e-01 0.000000000000000000e+00 4.079107086056847464e+00
-3.719659800000001582e+01 2.979164604287507512e-01 0.000000000000000000e+00 2.791475069245323404e+00
-3.618949000000004901e+01 2.898502912960395084e-01 0.000000000000000000e+00 2.944951991634210842e+00
-3.719082000000000932e+01 2.978701830431586539e-01 0.000000000000000000e+00 3.139034943186433058e+00
-3.634443000000000978e+01 2.910912428577607791e-01 0.000000000000000000e+00 3.377702748507145802e+00
-3.703076400000003332e+01 2.965882562123668409e-01 0.000000000000000000e+00 3.885393258141069506e+00
-3.787469200000001024e+01 3.033474776502173564e-01 0.000000000000000000e+00 2.918698518648960238e+00
-3.631840200000001317e+01 2.908827783731313676e-01 0.000000000000000000e+00 3.131217887884855777e+00
-3.619728400000000335e+01 2.899127153083797537e-01 0.000000000000000000e+00 2.964511855118031836e+00
-3.727290399999998982e+01 2.985276134548814908e-01 0.000000000000000000e+00 3.080701131594244746e+00
-3.763393200000001571e+01 3.014191731581553624e-01 0.000000000000000000e+00 3.195526567913085092e+00
-3.730320800000001213e+01 2.987703254474362580e-01 0.000000000000000000e+00 3.510737723264372168e+00
-3.649142200000003555e+01 2.922685369842653036e-01 0.000000000000000000e+00 3.568935841723607449e+00
-3.797198400000002039e+01 3.041267125756274003e-01 0.000000000000000000e+00 3.415305851654792946e+00
-3.808565200000002449e+01 3.050371068064120506e-01 0.000000000000000000e+00 3.733358386671348228e+00
-3.764499400000003959e+01 3.015077713650470281e-01 0.000000000000000000e+00 2.963528049294208877e+00
