-8.019411000000003753e+01 6.331082291956964259e-01 0.000000000000000000e+00 2.474669490981767250e+00
-8.176085400000002323e+01 6.454771989297950485e-01 0.000000000000000000e+00 3.243497989137559046e+00
-8.134598800000009078e+01 6.422019574112662887e-01 0.000000000000000000e+00 3.015121805445464709e+00
-8.130508400000000790e+01 6.418790327100997173e-01 0.000000000000000000e+00 2.809486953369876527e+00
-8.184876200000002200e+01 6.461712059860754698e-01 0.000000000000000000e+00 2.617756477734938247e+00
-8.006922200000006740e+01 6.321222762307247001e-01 0.000000000000000000e+00 2.716508394407211924e+00
-8.165547200000001737e+01 6.446452399316952020e-01 0.000000000000000000e+00 2.500935081854889663e+00
-7.959152200000002608e+01 6.283509792977353126e-01 0.000000000000000000e+00 2.655565936280880557e+00
-8.208134799999999132e+01 6.480074020682528024e-01 0.000000000000000000e+00 3.424695674999401085e+00
-8.157079600000007247e+01 6.439767485373105727e-01 0.000000000000000000e+00 3.085510656945661623e+00
-8.177432000000004564e+01 6.455835089245610670e-01 0.000000000000000000e+00 3.063022375551852861e+00
-8.061369000000006224e+01 6.364206863176214979e-01 0.000000000000000000e+00 2.538596717965390326e+00
-8.206117000000006101e+01 6.478481028647493645e-01 0.000000000000000000e+00 2.527710623920947697e+00
-8.153262000000005116e+01 6.436753605705659576e-01 0.000000000000000000e+00 2.152895723616840673e+00
-8.164263200000004872e+01 6.445438720174824221e-01 0.000000000000000000e+00 2.457677998686622178e+00
-8.145153600000004701e+01 6.430352269291288447e-01 0.000000000000000000e+00 2.950472933346123039e+00
-8.143438400000005117e+01 6.428998170798624345e-01 0.000000000000000000e+00 2.468824321708328551e+00
-8.146762800000006166e+01 6.431622683991847778e-01 0.000000000000000000e+00 2.570211338639039500e+00
-8.176893000000004008e+01 6.455409565057441679e-01 0.000000000000000000e+00 2.276324379322725022e+00
-8.228875600000003487e+01 6.496448254600835082e-01 0.000000000000000000e+00 2.113161758656081801e+00
-8.229712600000003420e+01 6.497109040770588928e-01 0.000000000000000000e+00 2.479962926352901942e+00
-8.281759400000004234e+01 6.538198414271090275e-01 0.000000000000000000e+00 3.102424720997848606e+00
-8.133845400000004133e+01 6.421424787612907137e-01 0.000000000000000000e+00 2.657966107034748227e+00
-8.221114800000003697e+01 6.490321337866997720e-01 0.000000000000000000e+00 2.675084525672210223e+00
-8.143771800000003225e+01 6.429261380008891580e-01 0.000000000000000000e+00 2.401356198820184140e+00
-8.327063800000007632e+01 6.573964867017776381e-01 0.000000000000000000e+00 2.450432887866009768e+00
-8.255576800000004312e+01 6.517528043938731752e-01 0.000000000000000000e+00 2.961093432660553137e+00
-8.277605400000005886e+01 6.534918956984167027e-01 0.000000000000000000e+00 2.661921059755091523e+00
-8.200235800000000097e+01 6.473837999231056850e-01 0.000000000000000000e+00 2.286232960424044780e+00
-8.319393000000005145e+01 6.567909002560254894e-01 0.000000000000000000e+00 2.790206501372798353e+00
-8.251182600000004186e+01 6.514058956021012703e-01 0.000000000000000000e+00 2.074099765901614489e+00
-8.199389400000001160e+01 6.473169792045777582e-01 0.000000000000000000e+00 2.325034140199870425e+00
-8.316535400000005041e+01 6.565653013840198060e-01 0.000000000000000000e+00 2.878929424034165852e+00
-8.277140200000005166e+01 6.534551695662578208e-01 0.000000000000000000e+00 2.404697269843320662e+00
-8.319939200000005997e+01 6.568340210930528889e-01 0.000000000000000000e+00 2.624014237984900078e+00
-8.269372800000004986e+01 6.528419568428477371e-01 0.000000000000000000e+00 2.638527276398519472e+00
-8.328708200000006912e+01 6.575263071053071284e-01 0.000000000000000000e+00 2.323415145743589427e+00
-8.380090600000002610e+01 6.615827920860397615e-01 0.000000000000000000e+00 2.425934096126998174e+00
-8.471655200000004982e+01 6.688115401528259563e-01 0.000000000000000000e+00 2.891039891848361965e+00
-8.485581000000001950e+01 6.699109399189847602e-01 0.000000000000000000e+00 2.748676252105527240e+00
-8.473646200000001727e+01 6.689687235774348650e-01 0.000000000000000000e+00 2.877201846308318434e+00
-8.520101000000002500e+01 6.726361894506318606e-01 0.000000000000000000e+00 2.385397052077621982e+00
-8.509310600000006275e+01 6.717843200257688219e-01 0.000000000000000000e+00 2.682459393079267951e+00
-8.354977400000001353e+01 6.596001809464637766e-01 0.000000000000000000e+00 2.731521979366377639e+00
-8.503043200000004731e+01 6.712895277628878610e-01 0.000000000000000000e+00 2.547486413872436462e+00
-8.533585200000004534e+01 6.737007262332113111e-01 0.000000000000000000e+00 2.755950251873941603e+00
-8.427071800000005908e+01 6.652918156461854471e-01 0.000000000000000000e+00 2.457130642110833207e+00
-8.620477200000004814e+01 6.805605866707512552e-01 0.000000000000000000e+00 2.769762953576724307e+00
-8.582053400000005183e+01 6.775271439432281051e-01 0.000000000000000000e+00 2.403853569055025119e+00
-8.554322600000006105e+01 6.753378812053313363e-01 0.000000000000000000e+00 2.968825612340490583e+00
-8.420537400000004880e+01 6.647759445413303769e-01 0.000000000000000000e+00 1.897932999137788679e+00
-8.539495000000006542e+01 6.741672870583020893e-01 0.000000000000000000e+00 1.904713635757990353e+00
-8.593963400000004071e+01 6.784674023998303882e-01 0.000000000000000000e+00 2.808191563878501995e+00
-8.660953600000010510e+01 6.837560759564631496e-01 0.000000000000000000e+00 2.585654417428531637e+00
-8.592308800000006386e+01 6.783367767371694113e-01 0.000000000000000000e+00 2.097576654444048838e+00
-8.523656000000005406e+01 6.729168459420865611e-01 0.000000000000000000e+00 2.400001032407184098e+00
-8.737531800000006399e+01 6.898016930967981741e-01 0.000000000000000000e+00 2.602790769224370582e+00
-8.694879600000004416e+01 6.864344309857401960e-01 0.000000000000000000e+00 2.550788255189388121e+00
-8.583525800000001027e+01 6.776433854672833101e-01 0.000000000000000000e+00 2.635155117937447056e+00
-8.751953400000003569e+01 6.909402347725106530e-01 0.000000000000000000e+00 2.578487940604420103e+00
-8.583521600000007368e+01 6.776430538899943512e-01 0.000000000000000000e+00 1.861692882955855222e+00
-8.779248800000006270e+01 6.930951239980647216e-01 0.000000000000000000e+00 2.302641704137298628e+00
-8.696594400000003589e+01 6.865698092562171340e-01 0.000000000000000000e+00 2.602225807728468343e+00
-8.805481599999998821e+01 6.951661241693790627e-01 0.000000000000000000e+00 2.972939507303309359e+00
-8.724811400000001527e+01 6.887974560127200219e-01 0.000000000000000000e+00 2.499849829551180846e+00
-8.755788200000003485e+01 6.912429806272024635e-01 0.000000000000000000e+00 2.479586115690938009e+00
-8.837192800000002535e+01 6.976696274413366483e-01 0.000000000000000000e+00 2.876910812072947632e+00
-8.721012000000006026e+01 6.884975048808971154e-01 0.000000000000000000e+00 2.072094226729191302e+00
-8.632624400000008791e+01 6.815195713495123542e-01 0.000000000000000000e+00 2.786224283296720561e+00
-8.809709800000003099e+01 6.954999277635193211e-01 0.000000000000000000e+00 2.394289054977246867e+00
-8.688531800000002647e+01 6.859332913861748704e-01 0.000000000000000000e+00 2.750432983521765795e+00
-8.697240400000004001e+01 6.866208090012184684e-01 0.000000000000000000e+00 2.367660482499101882e+00
-8.788030200000011405e+01 6.937883889527930448e-01 0.000000000000000000e+00 2.498393550853318601e+00
-8.785026200000002916e+01 6.935512322438390775e-01 0.000000000000000000e+00 2.703282124343284298e+00
-8.639078600000000563e+01 6.820291109070770741e-01 0.000000000000000000e+00 2.109722358727122771e+00
-8.792174000000004241e+01 6.941155294223532168e-01 0.000000000000000000e+00 2.246514899828512934e+00
-8.763873800000003200e+01 6.918813142776394365e-01 0.000000000000000000e+00 2.640007494586086967e+00
-8.871629400000006171e+01 7.003882927953786197e-01 0.000000000000000000e+00 2.490457356148046308e+00
-8.879247600000002194e+01 7.009897266303144470e-01 0.000000000000000000e+00 2.338528423280094692e+00
-8.911513800000003016e+01 7.035370454726675993e-01 0.000000000000000000e+00 2.317422458915694872e+00
-9.006433600000006834e+01 7.110306764255658329e-01 0.000000000000000000e+00 2.520523620504118600e+00
-8.823384000000002914e+01 6.965794644710989747e-01 0.000000000000000000e+00 2.902809401356909458e+00
-9.054681600000003527e+01 7.148397100119765479e-01 0.000000000000000000e+00 2.603453903882378739e+00
-9.041726400000003139e+01 7.138169361784773015e-01 0.000000000000000000e+00 2.558202203391745311e+00
-9.051311800000009100e+01 7.145736745000492718e-01 0.000000000000000000e+00 2.485040083183018389e+00
-8.933930000000003702e+01 7.053067366242119496e-01 0.000000000000000000e+00 2.429559652498885391e+00
-8.856659800000004168e+01 6.992064881780857277e-01 0.000000000000000000e+00 2.145394488364093633e+00
-9.008019800000008104e+01 7.111559021152269455e-01 0.000000000000000000e+00 2.529514007300072809e+00
-8.943545400000002132e+01 7.060658433549938939e-01 0.000000000000000000e+00 2.261858329719439009e+00
-8.902625600000003203e+01 7.028353489811500765e-01 0.000000000000000000e+00 2.312770143754545149e+00
-9.051673800000007475e+01 7.146022533045235381e-01 0.000000000000000000e+00 2.357089253217266034e+00
-8.908190600000001780e+01 7.032746888897135618e-01 0.000000000000000000e+00 2.860061136516158342e+00
-9.008600200000009295e+01 7.112017229387544992e-01 0.000000000000000000e+00 2.543348195753865948e+00
-9.091934600000007549e+01 7.177807216227083398e-01 0.000000000000000000e+00 2.766387962720859406e+00
-8.881720600000005561e+01 7.011849624962406269e-01 0.000000000000000000e+00 2.435244430011703987e+00
-8.934803000000007955e+01 7.053756573322402801e-01 0.000000000000000000e+00 2.586045231564399138e+00
-9.010541600000003370e+01 7.113549905934684059e-01 0.000000000000000000e+00 1.859359211263140743e+00
-8.973722400000005450e+01 7.084482261799222025e-01 0.000000000000000000e+00 2.905223760123802013e+00
-9.090923600000007809e+01 7.177009062323115307e-01 0.000000000000000000e+00 2.777916603656907402e+00
-8.931036200000008307e+01 7.050782798717591948e-01 0.000000000000000000e+00 2.522340916679495226e+00
