-4.801523625072038337e-01
1.025884359688035596e+00
1.053649266172233423e+00
1.143354303575325082e+00
-1.947571234497538217e-01
-6.464014977796062045e-01
4.332562857292465708e-01
4.886592235455914368e-01
-2.316808060225191701e-01
1.755521688841821693e+00
-5.866488097604155572e-02
2.790484640331541977e-01
-5.176524902838820774e-02
3.361161540983843149e-02
2.588775442943403934e-02
2.962870333931130751e-01
-3.429827283935572152e-02
-1.738866837144505129e-02
-3.722234605201413249e-02
-3.130659834376391115e-02
1.885167184557740017e-02
-2.074281195217193494e-02
-2.157622787827511227e-02
-2.591719923672650139e-02
-3.129807563473329529e-02
-2.877687060232703847e-02
-2.959286100165979538e-02
-1.941378644011100205e-02
-3.331746028770954382e-02
-4.231421833689635870e-01
-2.741242683990497558e-02
-1.651178119686442028e-02
-3.829817286590676828e-02
-2.945700929489606518e-02
-1.887682729994977562e-03
1.385688691172933147e-02
-3.519853728755409361e-02
-2.173313184106022422e-02
-4.239865460845941569e-02
-1.103114236932799253e-02
-1.411488649443660461e-02
-1.237585523119938066e-02
-1.027518031623774093e-02
-4.926563747505120078e-02
-9.334917700263827695e-03
2.497365780557004103e-02
-2.383280109725308040e-03
-3.999576661693432511e-01
-1.753692693245047576e-02
-9.662891843081491614e-03
-2.015023130018247371e-02
1.136258742003103464e-02
1.042552925378315676e+00
-7.540572979043004553e-02
-7.699374185177661201e-02
-5.041896288698435868e-02
-4.213589783613562456e-02
-3.784373020392273884e-02
-5.183978031606470416e-02
-5.347352077269441895e-02
-7.698224471861479790e-02
-9.125722908686727253e-02
-6.698966940851143470e-02
-5.733472657929963162e-02
-6.308633500809784911e-02
-6.191611289478826663e-02
-8.820246201469929270e-02
-4.220915875419414126e-02
-3.749641409563567174e-02
-9.067096716405874043e-03
-4.596231259811216219e-02
-4.686452089241813224e-02
-4.770375623696040956e-02
-7.039434284284454280e-02
-5.412747072773906737e-02
-4.367356716388279270e-02
-4.185342497815386364e-02
-3.585894074487051830e-02
2.108466870366380343e-03
-8.302093489322937003e-02
-2.455486358741308661e-02
-4.573312845446739910e-02
-7.068145022332640581e-02
-5.599361532076103931e-02
-4.963152246343092294e-02
-5.860480567129343343e-02
-3.592032002809401187e-02
-5.117948684346593224e-02
-9.946270136833790243e-02
-5.777695732895577613e-02
-6.331536592645067851e-02
-7.227397565691894010e-02
-4.957717060055807229e-02
-1.644727122400067160e-02
1.006814909972638450e+00
-4.575404048566820286e-02
1.017383565066161788e+00
-2.707138261395978032e-02
-3.081083321068291137e-02
1.016024614474988264e+00
-4.063164018995143317e-02
-3.917880891549462702e-02
-1.043309411364811432e-03
-5.634557194160785820e-02
1.018556720418421602e+00
-2.084216907577503969e-02
1.013971296430142610e+00
1.000167878555904721e+00
1.039439668062691613e+00
1.001813935300668978e+00
-7.337305344124862849e-02
-5.046638913536757864e-02
-1.782231435905968706e-02
-6.883522558731369756e-02
-2.601726665985423792e-02
-1.053393122397358952e-02
-3.838545566148420657e-02
-1.867056523031802515e-02
-2.569309554706594723e-02
-3.079758496133184337e-02
-6.334373455647016038e-02
-1.230604986665671807e-02
-7.131407407981693591e-02
-3.817923389640752452e-02
-8.404173302343798113e-02
-4.333663904864047678e-02
-6.635152751145850791e-02
-1.390520974925235458e-02
-6.410281421571691063e-02
9.993390910907419267e-01
-3.990082099504439067e-02
-3.961424709359030738e-02
-4.909637656874644984e-02
9.987625429831957780e-01
-7.323350969457634307e-02
-2.543527412594704523e-02
-4.792019304184707423e-02
-7.144440843905160154e-02
-1.909951456929874850e-02
-2.976933245962009450e-02
-5.256665902897025150e-02
-2.337800454136667802e-02
-8.046370730361357415e-02
-9.032173823728858672e-03
1.027681680653819152e+00
-4.463588056266530602e-02
1.011153212511137989e+00
-4.962621866281946570e-02
-2.464120462763117738e-04
1.019450315430396659e+00
-1.867487192621962791e-02
1.005331544541954392e+00
1.016494487656081080e+00
-2.172484668583070377e-02
-5.304248020826433235e-02
-2.716328646336674951e-02
-1.142040350968160332e-02
-6.129925190504624533e-02
-4.934527827640236564e-02
-9.196565402878192907e-02
-1.865217490624091878e-03
-5.001628977205705567e-02
-6.661693981146050991e-02
-3.918724827090568769e-02
-2.840088819757816477e-02
-5.866334416397723378e-02
-3.075070066355367615e-02
-7.471554409805712671e-02
-4.330933407942312574e-02
-5.586602082479535242e-02
-2.931532931635313574e-02
2.657157114667593398e-03
1.012003214282767072e+00
-2.388316148590840030e-02
-4.663509449889888074e-03
-6.199445503938429136e-02
-5.039156266986483806e-02
-5.608214553933667940e-02
-3.944461988467496891e-03
-6.586704308369550898e-02
-1.247547199628848413e-01
-3.548329338703492403e-02
-4.307801843914577100e-02
-5.714291357964181722e-02
-3.182059649898221626e-02
-8.746794332162452501e-02
-2.059800998742520109e-02
-1.810839146982814660e-02
-1.282353823685231445e-02
1.021465566965228611e+00
-7.493814846135526953e-02
-5.940007995898483745e-02
-3.094975223893510746e-03
-1.031779790631567190e-01
-7.873077706268273579e-02
-3.732191875962390798e-02
-8.338660352540068488e-02
-8.354102005130636943e-02
-1.208848964203719095e-01
-9.105893648354642864e-03
-4.032348921465517266e-02
-6.140109262268474144e-02
-3.612669039597555393e-02
-6.291237388052053903e-02
-6.014703611321103871e-02
-5.928798457696039803e-02
-4.589197197766457792e-02
-5.028919187486096537e-02
-8.228561941176691652e-02
-1.637946298084716132e-02
-5.931357716379948714e-02
-9.248689681213853597e-02
-1.121629519013562538e-02
-2.984847659562271313e-02
-5.327993911928658594e-02
-6.540905601116908663e-02
-6.453523458004921387e-02
-8.792503839941626098e-02
-7.305081443626239290e-02
-4.678882824667621176e-02
-6.504082580480798070e-02
-3.311140199191264094e-02
-6.260717410054307541e-02
-8.966532488394440836e-02
-8.366039121451683547e-02
-7.483549149133661427e-02
-4.073633475418574068e-02
-3.759528069831389457e-02
-5.242965991346429377e-02
-2.286315916082416744e-02
-8.225304777129374689e-02
-5.586407335333970492e-02
-7.116525455383909682e-02
-4.210552882438615280e-02
-5.529479843143217388e-02
-3.313564123485462226e-02
-9.229047343147232796e-02
-1.106269884593751723e-01
-4.831753818713031834e-02
1.001028843766435861e+00
-7.671727655314680705e-02
-7.197880489869139253e-02
-8.706240803038978182e-02
-1.122958527119742173e-01
-7.894678907551366809e-02
-1.170223422110547307e-01
-1.110875920513791359e-01
-6.053525111316857693e-02
-8.611235573901263041e-02
-9.487947147345711374e-02
-7.293089252187393012e-02
-8.878319710416814059e-02
-8.372909152436004698e-02
-7.978385833147014217e-02
-5.051457789301302959e-02
-1.050122552340541499e-01
-6.589624445226187344e-02
-6.678736636035033369e-02
-4.480227022726577801e-01
-1.098408732768519636e-01
-6.454153062358410076e-02
-5.766184691874064183e-02
-7.005549703457621125e-02
-1.203355267166321546e-01
-1.061270148835673777e-01
-7.394355669631201555e-02
-2.768052210431993718e-02
-1.224881293542906258e-01
-1.266849309977143290e-01
-7.773872025325528901e-02
-6.760555736851601993e-02
-6.305833800430778180e-02
-9.984963627962892274e-02
-6.180759955741540329e-02
-1.284625179834366082e-01
-1.049684163099577489e-01
-7.607910953557231459e-02
-1.131250026012611543e-01
-5.474379663858785355e-02
-3.653954029641267448e-02
-9.725126756338410561e-02
6.223110308314813155e-01
-7.866093846538925460e-02
-1.218774500232214578e-02
-7.676067747020204335e-02
-1.298527977741987735e-02
-1.093322089480599363e-01
-8.489182195631420069e-02
-6.325244797707939293e-02
-1.237568261145494258e-01
-5.486461239674996632e-02
-1.633458513558692371e-01
7.278257586597590700e-01
-1.361363901402670440e-01
-9.604599004754947600e-02
-1.234755857263931805e-01
-5.386209160238378951e-02
-5.835207728804155114e-02
2.594630311590007676e-01
-4.699980016284333040e-02
-1.318759732679720409e-01
1.027521238895561906e+00
-5.220658516120008780e-02
1.014273785481406120e+00
-5.135484318046705521e-02
1.002253368309709458e+00
-1.246438325651041262e-01
-2.658645618089474846e-02
-4.526253928840685142e-02
-3.784708753758926625e-02
1.048460372977277011e+00
-2.986233549613413404e-03
1.055546432669245194e+00
-2.730395133455289919e-02
1.026254354128086410e+00
-7.160503183944280647e-02
1.000579564924170217e+00
-1.167252795066212462e-01
-4.239323756733005127e-02
1.049116302857755922e+00
-3.417538532757728731e-02
-1.442797865521820017e-02
-7.007638170879519797e-03
-3.856330160980698391e-02
-6.759838298086595643e-02
-4.875175423047530682e-02
1.058293761697379626e-01
1.626436475150745686e-02
-4.574415946603052618e-02
-5.593758846212957409e-02
-3.334366333305881225e-02
-1.435893833861709261e-02
-2.497170335104524630e-02
9.415525245820439704e-01
6.223918877120333121e-02
1.000690220948150300e+00
-1.072188499474196616e-01
1.036941851673513382e+00
1.034275722951584653e+00
-5.231021029862029798e-02
-5.074759336098007279e-02
-6.743843456241565594e-03
-3.411663544041486362e-02
-3.997786186531401831e-02
-4.454634030522666155e-01
2.560825407926334285e-01
-7.305880514073936904e-03
-2.202093418935116911e-02
-1.256063841069240405e-01
1.017345348626641721e+00
-6.639745150514571315e-02
-4.236209483303570722e-01
-1.294736656253161478e-01
-1.572116494247841056e-01
2.771124410004107141e-01
-8.276783298062359573e-02
1.001521973264964505e+00
1.068451279692413047e+00
-6.511873903767217975e-02
-2.404109306218231955e-03
