-1.230000000000000017e-02
-4.000000000000000083e-02
1.305000000000000049e-01
3.459999999999999742e-01
-2.170999999999999874e-01
-4.007000000000000006e-01
7.563999999999999613e-01
5.968999999999999861e-01
-8.155000000000000027e-01
2.863999999999999879e-01
-8.359999999999999654e-01
7.544999999999999485e-01
-3.024000000000000021e-01
5.360000000000000320e-01
-6.504999999999999671e-01
1.082999999999999935e-01
-9.022999999999999909e-01
-5.138000000000000345e-01
1.849000000000000088e-01
2.983000000000000096e-01
6.769999999999999629e-02
6.693999999999999950e-01
9.068000000000000504e-01
-1.168000000000000010e-01
-9.979000000000000092e-01
5.787999999999999812e-01
-2.200000000000000011e-01
-6.055000000000000382e-01
-7.564999999999999503e-01
-4.878000000000000114e-01
-1.469999999999999918e-01
8.521999999999999575e-01
2.378000000000000114e-01
-6.197000000000000286e-01
2.560999999999999943e-01
-6.109999999999999876e-01
4.738999999999999879e-01
-1.577999999999999958e-01
-1.303999999999999881e-01
-4.809999999999999831e-01
-4.527999999999999803e-01
7.483999999999999542e-01
-6.307000000000000384e-01
1.013000000000000012e-01
-3.678000000000000158e-01
7.272999999999999465e-01
-6.493999999999999773e-01
4.284999999999999920e-01
-5.594000000000000083e-01
-2.199999999999999872e-02
-5.787999999999999812e-01
-6.481999999999999984e-01
-6.561000000000000165e-01
2.967000000000000193e-01
7.169999999999999984e-02
7.164000000000000368e-01
1.449999999999999900e-01
7.560000000000000053e-01
-9.084999999999999742e-01
9.229000000000000536e-01
-8.274000000000000243e-01
4.732999999999999985e-01
6.039999999999999813e-01
3.054999999999999938e-01
-3.492000000000000104e-01
-7.883999999999999897e-01
9.078000000000000513e-01
3.852999999999999758e-01
2.449999999999999956e-01
-1.067000000000000032e-01
2.280000000000000082e-02
-8.840000000000000635e-02
-3.003000000000000114e-01
-6.092999999999999527e-01
8.668000000000000149e-01
-3.755999999999999894e-01
6.981000000000000538e-01
-7.668000000000000371e-01
1.691000000000000003e-01
2.960000000000000131e-02
-9.586999999999999966e-01
4.355999999999999872e-01
9.882999999999999563e-01
4.349000000000000088e-01
2.911000000000000254e-01
-5.000000000000000278e-02
-9.449999999999999512e-01
4.559000000000000274e-01
9.683000000000000496e-01
1.015000000000000069e-01
-7.748000000000000442e-01
2.768999999999999795e-01
7.220999999999999641e-01
-7.487000000000000322e-01
1.909999999999999892e-02
7.318999999999999950e-01
-1.461999999999999966e-01
1.204999999999999960e-01
-9.155999999999999694e-01
-1.140000000000000041e-01
-2.285000000000000087e-01
-7.745999999999999552e-01
-9.189000000000000501e-01
-3.561000000000000276e-01
4.950000000000000233e-02
2.295999999999999985e-01
8.709000000000000075e-01
2.876000000000000223e-01
9.475000000000000089e-01
1.233999999999999958e-01
4.557999999999999829e-01
-3.388999999999999790e-01
-3.534999999999999809e-01
5.629999999999999449e-01
-9.310000000000000497e-01
-5.642000000000000348e-01
-6.219999999999999973e-01
-4.222000000000000197e-01
-6.862000000000000322e-01
8.000000000000000167e-02
-2.889999999999999861e-02
1.416000000000000036e-01
-7.711999999999999966e-01
1.764000000000000012e-01
7.174000000000000377e-01
-1.990999999999999992e-01
-9.220000000000000417e-01
-9.070000000000000284e-02
-6.780000000000000471e-01
-8.703999999999999515e-01
1.985999999999999988e-01
-1.769999999999999907e-01
4.259999999999999898e-02
-1.529999999999999936e-02
9.172000000000000153e-01
3.810000000000000192e-02
1.761999999999999955e-01
-2.356999999999999929e-01
-7.276000000000000245e-01
-9.939000000000000057e-01
4.197000000000000175e-01
-4.507999999999999785e-01
-2.200999999999999901e-01
8.860000000000000098e-01
-1.930000000000000118e-02
8.551999999999999602e-01
-9.345999999999999863e-01
-1.608999999999999875e-01
-1.405000000000000138e-01
3.889999999999999708e-02
1.174999999999999933e-01
-8.033000000000000140e-01
2.439000000000000057e-01
-2.457999999999999907e-01
4.385999999999999899e-01
-2.731000000000000094e-01
1.262999999999999956e-01
-8.163000000000000256e-01
-5.142999999999999794e-01
-8.544000000000000483e-01
-9.368999999999999551e-01
4.199999999999999845e-01
-8.354000000000000314e-01
-8.279999999999999583e-01
4.526000000000000023e-01
7.171999999999999487e-01
-3.600999999999999757e-01
-6.502000000000000002e-01
-1.000000000000000000e+00
2.940999999999999726e-01
-5.757999999999999785e-01
7.889999999999999791e-02
9.484000000000000208e-01
-3.154000000000000137e-01
8.041000000000000369e-01
