-2.526999999999999802e-01
8.820999999999999952e-01
5.434999999999999831e-01
-2.500000000000000000e-01
-9.546999999999999931e-01
2.305999999999999994e-01
-7.990000000000000435e-01
3.025999999999999801e-01
1.680000000000000104e-01
-3.553000000000000047e-01
-3.864000000000000212e-01
-4.118999999999999884e-01
-5.514999999999999902e-01
-4.923000000000000154e-01
4.954000000000000070e-01
7.290000000000000646e-02
-4.242000000000000215e-01
6.429000000000000270e-01
3.322999999999999843e-01
-3.372999999999999887e-01
5.340000000000000302e-02
-7.851000000000000201e-01
6.963000000000000300e-01
6.633000000000000007e-01
5.599999999999999943e-03
-4.737000000000000099e-01
-8.260000000000000675e-02
1.082000000000000045e-01
4.894000000000000017e-01
-1.451000000000000068e-01
-6.035000000000000364e-01
3.320000000000000173e-01
-6.094000000000000528e-01
-9.945000000000000506e-01
5.028000000000000247e-01
9.733000000000000540e-01
6.238000000000000211e-01
8.118999999999999551e-01
-9.589999999999999636e-01
6.754000000000000004e-01
-9.909999999999999920e-01
4.848999999999999977e-01
4.335999999999999854e-01
-1.335999999999999965e-01
-8.729000000000000092e-01
-1.451000000000000068e-01
-2.407999999999999863e-01
4.470999999999999974e-01
9.789999999999999813e-01
-3.486000000000000210e-01
2.351000000000000034e-01
2.233999999999999875e-01
-2.467000000000000026e-01
-8.820000000000000062e-01
7.165000000000000258e-01
-2.775000000000000244e-01
-5.522000000000000242e-01
-8.800999999999999934e-01
1.782999999999999863e-01
4.091000000000000192e-01
5.767999999999999794e-01
-6.121999999999999664e-01
-6.966999999999999860e-01
-4.547999999999999821e-01
3.492000000000000104e-01
-9.213000000000000078e-01
7.199999999999999456e-02
8.550999999999999712e-01
-2.631999999999999895e-01
-6.915000000000000036e-01
1.129000000000000004e-01
4.680000000000000271e-01
-8.763999999999999568e-01
1.168000000000000010e-01
7.714999999999999636e-01
-1.463000000000000134e-01
1.192000000000000004e-01
-8.894999999999999574e-01
1.150000000000000050e-01
-4.188000000000000056e-01
2.361999999999999933e-01
-7.468000000000000194e-01
-4.714999999999999747e-01
-3.991000000000000103e-01
5.818999999999999728e-01
7.973000000000000087e-01
3.237999999999999767e-01
-9.391000000000000458e-01
-2.706000000000000072e-01
8.647000000000000242e-01
-5.897000000000000020e-01
5.148000000000000353e-01
-4.207000000000000184e-01
2.538000000000000256e-01
8.766000000000000458e-01
-9.115999999999999659e-01
3.811999999999999833e-01
7.932000000000000162e-01
-3.947999999999999843e-01
3.457999999999999963e-01
5.642000000000000348e-01
-7.933999999999999941e-01
-5.417999999999999483e-01
4.945999999999999841e-01
1.365000000000000102e-01
1.656999999999999862e-01
7.530999999999999917e-01
4.425000000000000044e-01
-3.069000000000000061e-01
-1.670999999999999985e-01
-4.603999999999999759e-01
-8.649999999999999911e-01
2.881000000000000227e-01
4.384000000000000119e-01
6.680000000000000382e-01
3.103000000000000203e-01
-6.390000000000000124e-01
3.729999999999999982e-02
-5.270000000000000240e-01
5.247000000000000552e-01
1.255000000000000004e-01
-5.261000000000000121e-01
4.284000000000000030e-01
-3.119000000000000106e-01
3.729999999999999982e-01
-5.909999999999999698e-01
-6.448000000000000398e-01
-2.041999999999999926e-01
-9.344000000000000083e-01
9.481000000000000538e-01
8.119999999999999440e-02
-2.937000000000000166e-01
-9.724000000000000421e-01
7.498000000000000220e-01
5.774000000000000243e-01
-7.799999999999999642e-03
9.930999999999999828e-01
9.487999999999999767e-01
-1.264000000000000123e-01
-6.724999999999999867e-01
-5.766000000000000014e-01
-9.300000000000000488e-01
-9.432000000000000384e-01
5.606999999999999762e-01
1.889000000000000123e-01
6.967999999999999750e-01
1.728000000000000091e-01
2.914999999999999813e-01
-2.285999999999999976e-01
7.624999999999999556e-01
7.704999999999999627e-01
2.273000000000000020e-01
-6.915999999999999925e-01
-1.350000000000000089e-01
-1.622999999999999998e-01
6.040000000000000230e-02
8.067999999999999616e-01
9.042999999999999927e-01
-9.049000000000000377e-01
-5.268000000000000460e-01
5.078000000000000291e-01
7.580000000000000071e-01
5.175999999999999490e-01
-7.045000000000000151e-01
-2.318000000000000060e-01
1.957000000000000128e-01
-8.831999999999999851e-01
-3.210999999999999965e-01
-2.536999999999999811e-01
4.364000000000000101e-01
-1.351999999999999869e-01
1.274000000000000132e-01
-4.953000000000000180e-01
-8.997000000000000552e-01
-1.000000000000000000e+00
