-8.440999999999999615e-01
-3.030000000000000054e-02
7.781000000000000139e-01
1.411000000000000032e-01
3.811999999999999833e-01
1.584000000000000130e-01
-1.446000000000000063e-01
-1.140000000000000041e-01
8.306999999999999940e-01
-4.521999999999999909e-01
-8.307999999999999829e-01
8.089999999999999969e-02
-5.243999999999999773e-01
4.161000000000000254e-01
-5.620000000000000551e-01
-9.907000000000000250e-01
-6.814000000000000057e-01
9.247999999999999554e-01
-9.518999999999999684e-01
-1.978000000000000036e-01
-9.568999999999999728e-01
-5.265999999999999570e-01
2.957000000000000184e-01
-5.840000000000000052e-02
-4.070000000000000007e-02
-5.689999999999999503e-01
-1.804000000000000048e-01
9.291000000000000369e-01
1.592999999999999972e-01
9.093999999999999861e-01
-9.435999999999999943e-01
5.271000000000000130e-01
6.075000000000000400e-01
7.831000000000000183e-01
4.883000000000000118e-01
-6.350000000000000089e-01
-1.779999999999999916e-01
-2.523000000000000242e-01
9.976000000000000423e-01
-6.868999999999999551e-01
-2.666000000000000036e-01
-5.716999999999999860e-01
-5.866999999999999993e-01
5.665000000000000036e-01
-3.632000000000000228e-01
9.213999999999999968e-01
3.159000000000000141e-01
-7.465000000000000524e-01
-8.203000000000000291e-01
-2.807000000000000051e-01
8.604000000000000536e-01
-2.398000000000000131e-01
-2.579000000000000181e-01
9.921999999999999709e-01
7.272999999999999465e-01
8.354000000000000314e-01
-5.061999999999999833e-01
4.351999999999999758e-01
-2.434000000000000052e-01
-2.797999999999999932e-01
1.329999999999999932e-02
3.125000000000000000e-01
6.434999999999999609e-01
-4.333000000000000185e-01
3.266000000000000014e-01
-7.747000000000000552e-01
-4.562999999999999834e-01
-9.006999999999999451e-01
9.760000000000000620e-02
8.757000000000000339e-01
9.535000000000000142e-01
-6.329000000000000181e-01
8.840999999999999970e-01
-3.714999999999999969e-01
6.357000000000000428e-01
4.060000000000000275e-01
-5.372000000000000108e-01
7.247999999999999998e-01
-4.854999999999999871e-01
2.550000000000000044e-01
6.041999999999999593e-01
9.106999999999999540e-01
5.362000000000000099e-01
8.235000000000000098e-01
9.791999999999999593e-01
-2.834999999999999742e-01
-5.231999999999999984e-01
-5.449999999999999983e-02
8.640999999999999792e-01
7.462999999999999634e-01
-2.975999999999999757e-01
9.332000000000000295e-01
2.629000000000000226e-01
1.590999999999999914e-01
7.949000000000000510e-01
-7.720000000000000473e-02
-5.790000000000000008e-02
6.258000000000000229e-01
-9.868999999999999995e-01
-3.785999999999999921e-01
8.496000000000000218e-01
-7.240000000000000602e-02
9.002999999999999892e-01
-5.164999999999999591e-01
-3.296000000000000041e-01
4.689999999999999725e-01
6.478000000000000425e-01
-9.940000000000000224e-02
4.981999999999999762e-01
5.641000000000000458e-01
-9.815000000000000391e-01
5.729999999999999538e-01
2.146000000000000130e-01
-3.200000000000000153e-03
5.511000000000000343e-01
-6.818999999999999506e-01
-6.829999999999999960e-02
6.346000000000000529e-01
2.964999999999999858e-01
-2.600000000000000089e-01
1.869999999999999996e-01
-6.383999999999999675e-01
-4.297000000000000264e-01
-2.058999999999999997e-01
-5.641000000000000458e-01
-3.320000000000000173e-01
7.248999999999999888e-01
-1.052000000000000018e-01
1.154000000000000026e-01
3.256000000000000005e-01
-8.096999999999999753e-01
7.799999999999999642e-03
-2.679000000000000270e-01
-2.309999999999999901e-02
-9.657999999999999918e-01
1.690000000000000113e-01
-8.495000000000000329e-01
9.417999999999999705e-01
5.587999999999999634e-01
-6.133999999999999453e-01
2.940999999999999726e-01
-9.524000000000000243e-01
-8.316000000000000059e-01
6.104000000000000536e-01
-6.078999999999999959e-01
-2.469000000000000083e-01
8.660999999999999810e-01
-5.051999999999999824e-01
9.740999999999999659e-01
8.618999999999999995e-01
-3.240000000000000102e-01
-8.643999999999999462e-01
8.739000000000000101e-01
-5.532000000000000250e-01
1.283999999999999864e-01
-2.119000000000000050e-01
6.240999999999999881e-01
8.136999999999999789e-01
6.294999999999999485e-01
-7.277000000000000135e-01
5.463999999999999968e-01
-7.149999999999999689e-01
7.087999999999999856e-01
2.121000000000000107e-01
-6.768999999999999462e-01
-4.937000000000000277e-01
7.427000000000000268e-01
5.342999999999999972e-01
6.697999999999999510e-01
-5.460000000000000409e-01
3.684000000000000052e-01
-8.691999999999999726e-01
1.963999999999999913e-01
-2.351999999999999924e-01
5.422000000000000153e-01
