-6.734999999999999876e-01
7.612999999999999767e-01
-6.629999999999999782e-02
2.536999999999999811e-01
-4.984000000000000097e-01
1.203000000000000042e-01
-5.920999999999999597e-01
-4.989999999999999991e-02
-5.152999999999999803e-01
-3.368999999999999773e-01
-5.134999999999999565e-01
4.586999999999999966e-01
-7.350999999999999757e-01
-7.449000000000000066e-01
7.546000000000000485e-01
-8.080000000000000515e-01
-1.199999999999999956e-01
-2.931000000000000272e-01
6.506999999999999451e-01
8.465000000000000302e-01
-4.359000000000000097e-01
-9.866000000000000325e-01
-9.755000000000000338e-01
-9.637000000000000011e-01
9.120000000000000329e-02
-3.630999999999999783e-01
2.575999999999999956e-01
3.018000000000000127e-01
9.689999999999999725e-01
2.194000000000000117e-01
3.289999999999999869e-02
6.803000000000000158e-01
-7.258000000000000007e-01
-5.602000000000000313e-01
3.547000000000000153e-01
5.514000000000000012e-01
4.018999999999999795e-01
-5.596999999999999753e-01
5.954000000000000403e-01
-2.777999999999999914e-01
7.855999999999999650e-01
-2.923000000000000043e-01
9.298999999999999488e-01
-9.647999999999999909e-01
7.883000000000000007e-01
9.520999999999999464e-01
2.249999999999999917e-02
-4.486999999999999877e-01
-3.014000000000000012e-01
-9.236999999999999655e-01
-5.421000000000000263e-01
-2.556999999999999829e-01
-3.794000000000000150e-01
9.268999999999999462e-01
-2.142000000000000015e-01
-6.409000000000000252e-01
7.997999999999999554e-01
2.513000000000000234e-01
7.610999999999999988e-01
-7.850000000000000311e-01
5.699999999999999512e-01
6.320000000000000617e-02
5.822000000000000508e-01
-7.226000000000000201e-01
-6.592999999999999972e-01
6.360999999999999988e-01
-9.834000000000000519e-01
-3.457999999999999963e-01
1.092999999999999944e-01
-3.062000000000000277e-01
6.719000000000000528e-01
5.159000000000000252e-01
-6.915999999999999925e-01
5.063999999999999613e-01
4.500000000000000111e-01
9.723000000000000531e-01
1.032000000000000001e-01
-2.441000000000000114e-01
8.980000000000000482e-02
-8.464000000000000412e-01
-4.635000000000000231e-01
9.048000000000000487e-01
-5.943000000000000504e-01
9.233999999999999986e-01
-8.232000000000000428e-01
4.853000000000000091e-01
2.054999999999999882e-01
4.651000000000000134e-01
-6.502000000000000002e-01
-7.970000000000000417e-01
-5.090000000000000080e-02
4.606999999999999984e-01
1.502000000000000002e-01
-3.466000000000000192e-01
7.872999999999999998e-01
-7.983000000000000096e-01
6.864000000000000101e-01
-8.962999999999999856e-01
-9.623000000000000442e-01
1.960999999999999965e-01
-1.250000000000000000e-01
-7.564999999999999503e-01
9.450000000000000067e-02
2.010000000000000120e-01
5.721000000000000529e-01
8.519999999999999796e-01
6.556999999999999496e-01
2.913000000000000034e-01
-9.909999999999999365e-02
-7.620999999999999996e-01
-4.153000000000000025e-01
2.780000000000000249e-01
-4.885999999999999788e-01
1.303999999999999881e-01
5.144999999999999574e-01
-9.199000000000000510e-01
7.272999999999999465e-01
4.386999999999999789e-01
9.493000000000000327e-01
8.500000000000000611e-03
8.798000000000000265e-01
-7.930000000000000382e-01
-1.340000000000000080e-01
3.932999999999999829e-01
8.250999999999999446e-01
-4.062999999999999945e-01
1.890000000000000013e-01
-5.284999999999999698e-01
-1.562000000000000055e-01
2.114999999999999936e-01
-4.006000000000000116e-01
-5.708999999999999631e-01
5.504999999999999893e-01
8.499999999999999778e-01
-9.759999999999999787e-01
-1.237000000000000044e-01
6.745999999999999774e-01
7.149999999999999689e-01
-9.310000000000000497e-01
-4.531999999999999917e-01
7.591999999999999860e-01
6.481000000000000094e-01
3.567000000000000171e-01
3.080000000000000099e-02
-1.052000000000000018e-01
-6.327000000000000401e-01
-4.944999999999999951e-01
-2.184000000000000108e-01
-4.702000000000000068e-01
-3.936999999999999944e-01
4.460000000000000075e-02
-2.690000000000000030e-02
-3.037000000000000255e-01
1.889000000000000123e-01
-4.736000000000000210e-01
9.557999999999999829e-01
6.623999999999999888e-01
2.780000000000000249e-01
6.500000000000000222e-01
-7.960000000000000409e-01
-7.330999999999999739e-01
5.463999999999999968e-01
-6.489999999999999936e-02
-3.300000000000000155e-02
9.639999999999999958e-02
5.430000000000000382e-01
-2.651000000000000023e-01
-4.716000000000000192e-01
-3.239000000000000212e-01
3.570999999999999730e-01
-1.990999999999999992e-01
-1.920999999999999930e-01
-7.186000000000000165e-01
1.009999999999999960e-02
8.260000000000000675e-02
