-2.533059000000001149e+01 2.521231901151698707e-01 0.000000000000000000e+00 2.895981860311373612e+00
-2.471495200000001802e+01 2.459955548521885749e-01 0.000000000000000000e+00 3.032629753983073329e+00
-2.584359200000002232e+01 2.572292575528199454e-01 0.000000000000000000e+00 2.824740783519218201e+00
-2.681887600000000660e+01 2.669365605942524144e-01 0.000000000000000000e+00 2.542699287785531670e+00
-2.629017000000001048e+01 2.616741863916369204e-01 0.000000000000000000e+00 3.067253572082775381e+00
-2.776975800000002437e+01 2.764009829887997816e-01 0.000000000000000000e+00 3.187295873128920043e+00
-2.684883600000001280e+01 2.672347617327119895e-01 0.000000000000000000e+00 2.751637494605932321e+00
-2.652889400000001530e+01 2.640502801358827201e-01 0.000000000000000000e+00 3.529116279281671709e+00
-2.729188000000002035e+01 2.716445155774265263e-01 0.000000000000000000e+00 2.632176058171664224e+00
-2.635951200000002004e+01 2.623643687462117180e-01 0.000000000000000000e+00 3.277456066915560573e+00
-2.736015200000001713e+01 2.723240478913419027e-01 0.000000000000000000e+00 3.187335970490691839e+00
-2.668906600000001461e+01 2.656445215494118717e-01 0.000000000000000000e+00 2.733652955895603309e+00
-2.677248200000002143e+01 2.664747867752375599e-01 0.000000000000000000e+00 3.444120035695444226e+00
-2.651347600000001137e+01 2.638968200172989720e-01 0.000000000000000000e+00 3.048847552205570466e+00
-2.603930000000002210e+01 2.591771997559451091e-01 0.000000000000000000e+00 2.948253632305748440e+00
-2.696165000000001299e+01 2.683576343373237361e-01 0.000000000000000000e+00 3.442345519417030264e+00
-2.636407400000001644e+01 2.624097757419944776e-01 0.000000000000000000e+00 2.716805857249251055e+00
-2.687357600000001412e+01 2.674810065980486873e-01 0.000000000000000000e+00 3.134490932364416338e+00
-2.741046400000002592e+01 2.728248187751261544e-01 0.000000000000000000e+00 3.280075253802890334e+00
-2.701687800000001261e+01 2.689073356882863974e-01 0.000000000000000000e+00 3.403836577151663878e+00
-2.618389800000001344e+01 2.606164283346821264e-01 0.000000000000000000e+00 2.683516286402953366e+00
-2.685736800000001878e+01 2.673196833653334048e-01 0.000000000000000000e+00 3.306479346749470860e+00
-2.696627800000000263e+01 2.684036982515022318e-01 0.000000000000000000e+00 2.843684868516605402e+00
-2.596695600000001392e+01 2.584571375676701921e-01 0.000000000000000000e+00 2.908829275430237615e+00
-2.565628000000000952e+01 2.553648833322883505e-01 0.000000000000000000e+00 2.969576631593986882e+00
-2.566268000000001237e+01 2.554285845100634500e-01 0.000000000000000000e+00 2.652868123142927637e+00
-2.631942200000002074e+01 2.619653405873051399e-01 0.000000000000000000e+00 3.087516374947947728e+00
-2.746958000000001832e+01 2.734132185915870705e-01 0.000000000000000000e+00 3.289534733488655771e+00
-2.738479800000000708e+01 2.725693571456299091e-01 0.000000000000000000e+00 3.126175198887191975e+00
-2.689850600000000824e+01 2.677291425921005663e-01 0.000000000000000000e+00 3.405131155510204621e+00
-2.689308400000001953e+01 2.676751757505543283e-01 0.000000000000000000e+00 2.762693111152246583e+00
-2.820789400000002090e+01 2.807618859928079358e-01 0.000000000000000000e+00 3.625345045224431573e+00
-2.739619800000001248e+01 2.726828248685417844e-01 0.000000000000000000e+00 3.284334280836648468e+00
-2.816529600000001921e+01 2.803378949348607763e-01 0.000000000000000000e+00 3.454792884374290995e+00
-2.576353600000001620e+01 2.564324354453261234e-01 0.000000000000000000e+00 2.722717541800522500e+00
-2.687190400000000423e+01 2.674643646653548923e-01 0.000000000000000000e+00 3.474456520655170522e+00
-2.719992400000001709e+01 2.707292490925072292e-01 0.000000000000000000e+00 2.674159403736040552e+00
-2.636953000000001524e+01 2.624640809960476773e-01 0.000000000000000000e+00 3.002855492256285341e+00
-2.625418200000002855e+01 2.613159867063607478e-01 0.000000000000000000e+00 2.298480489383533332e+00
-2.637481000000001785e+01 2.625166344677121733e-01 0.000000000000000000e+00 2.895855751384775356e+00
-2.745067400000001001e+01 2.732250413311158588e-01 0.000000000000000000e+00 2.744666316699397868e+00
-2.800993800000001954e+01 2.787915687509893159e-01 0.000000000000000000e+00 2.928855336333236803e+00
-2.663952800000001986e+01 2.651514545268149337e-01 0.000000000000000000e+00 3.063067771391513094e+00
-2.646589200000001085e+01 2.634232017605414033e-01 0.000000000000000000e+00 2.822134253751578559e+00
-2.771719800000002465e+01 2.758778370663221291e-01 0.000000000000000000e+00 2.687538834823197220e+00
-2.722394800000000714e+01 2.709683673885802668e-01 0.000000000000000000e+00 3.530157812836603792e+00
-2.598017400000001231e+01 2.585887004063937566e-01 0.000000000000000000e+00 2.463457965216349521e+00
-2.650967000000001050e+01 2.638589377231408406e-01 0.000000000000000000e+00 2.569443863165645325e+00
-2.640901200000001126e+01 2.628570575430655976e-01 0.000000000000000000e+00 2.887266607027581866e+00
-2.744614200000001603e+01 2.731799329346039640e-01 0.000000000000000000e+00 2.761612969803310058e+00
-2.740476400000003565e+01 2.727680849136703278e-01 0.000000000000000000e+00 3.159280986205883490e+00
-2.660800000000002186e+01 2.648376465998005802e-01 0.000000000000000000e+00 3.216375977633048056e+00
-2.775557200000000790e+01 2.762597853469376252e-01 0.000000000000000000e+00 2.440033493149823318e+00
-2.736678800000001743e+01 2.723900980500474356e-01 0.000000000000000000e+00 2.429908483178372602e+00
-2.724534200000000794e+01 2.711813084819114650e-01 0.000000000000000000e+00 2.851946866533686453e+00
-2.653868400000001060e+01 2.641477230312604951e-01 0.000000000000000000e+00 2.860669549609784035e+00
-2.602464400000001632e+01 2.590313240588401622e-01 0.000000000000000000e+00 2.747635501840398398e+00
-2.811060600000001486e+01 2.797935484641548287e-01 0.000000000000000000e+00 3.301694062934384277e+00
-2.820240400000002978e+01 2.807072423262478855e-01 0.000000000000000000e+00 3.229841068420637118e+00
-2.721549000000000973e+01 2.708841823008269478e-01 0.000000000000000000e+00 3.434542441214702535e+00
-2.743984600000002061e+01 2.731172669009677700e-01 0.000000000000000000e+00 3.323416661531541028e+00
-2.803618800000002764e+01 2.790528431129574161e-01 0.000000000000000000e+00 3.238664976148866170e+00
-2.679223000000001420e+01 2.666713447219096755e-01 0.000000000000000000e+00 3.742295026012403270e+00
-2.640813800000002232e+01 2.628483583509758081e-01 0.000000000000000000e+00 3.007647560576608647e+00
-2.691195200000002075e+01 2.678629747852824816e-01 0.000000000000000000e+00 3.507383780531487361e+00
-2.671623200000001574e+01 2.659149131424489165e-01 0.000000000000000000e+00 2.763114881041745630e+00
-2.701642600000002403e+01 2.689028367926061258e-01 0.000000000000000000e+00 3.216053784496104573e+00
-2.758004600000002071e+01 2.745127208266026075e-01 0.000000000000000000e+00 3.204735009055610373e+00
-2.627146800000000937e+01 2.614880396062073675e-01 0.000000000000000000e+00 2.857903125037125402e+00
-2.654005400000000847e+01 2.641613590646278986e-01 0.000000000000000000e+00 3.051091423975784700e+00
-2.730576000000001002e+01 2.717826675067260278e-01 0.000000000000000000e+00 2.835348171661719263e+00
-2.611936000000000035e+01 2.599740616766747503e-01 0.000000000000000000e+00 2.653316341577997228e+00
-2.686244800000000055e+01 2.673702461751921722e-01 0.000000000000000000e+00 2.955991716834801775e+00
-2.624827600000001837e+01 2.612572024632451306e-01 0.000000000000000000e+00 2.495206041698619703e+00
-2.597209600000002538e+01 2.585082975760709112e-01 0.000000000000000000e+00 2.629747980240653593e+00
-2.714125199999999438e+01 2.701452685452541691e-01 0.000000000000000000e+00 3.012620443846657281e+00
-2.745642800000000250e+01 2.732823126712591311e-01 0.000000000000000000e+00 2.632793849076173309e+00
-2.701999000000000706e+01 2.689383103859794288e-01 0.000000000000000000e+00 2.627573006895461472e+00
-2.618402599999999936e+01 2.606177023582375019e-01 0.000000000000000000e+00 3.324340267096373314e+00
-2.814952800000002142e+01 2.801809511581174750e-01 0.000000000000000000e+00 2.624699270126393369e+00
-2.796910800000002340e+01 2.783851751434025523e-01 0.000000000000000000e+00 2.956787482744942519e+00
-2.802691200000002425e+01 2.789605162184196629e-01 0.000000000000000000e+00 2.951469449164177306e+00
-2.588883400000001700e+01 2.576795651598353665e-01 0.000000000000000000e+00 2.518552476365354398e+00
-2.830097600000000213e+01 2.816883599036917873e-01 0.000000000000000000e+00 2.887911082710200805e+00
-2.769370000000001752e+01 2.756439542107973484e-01 0.000000000000000000e+00 2.803996926178807580e+00
-2.723595600000001227e+01 2.710878867233807443e-01 0.000000000000000000e+00 3.166901738781131126e+00
-2.890157000000002441e+01 2.876662575856658854e-01 0.000000000000000000e+00 3.940630041444559861e+00
-2.864798400000001166e+01 2.851422377626555149e-01 0.000000000000000000e+00 3.008021146387629852e+00
-2.834106000000003078e+01 2.820873283427445255e-01 0.000000000000000000e+00 2.922886183970296869e+00
-2.888772000000000162e+01 2.875284042556368047e-01 0.000000000000000000e+00 3.215435470264384143e+00
-2.805365000000001530e+01 2.792266477951929060e-01 0.000000000000000000e+00 3.020009282663504990e+00
-2.724673200000001572e+01 2.711951435814595190e-01 0.000000000000000000e+00 2.946626387866763341e+00
-2.892589800000002143e+01 2.879084016876832797e-01 0.000000000000000000e+00 3.119168180683737024e+00
-2.943737600000001464e+01 2.929993002823755299e-01 0.000000000000000000e+00 3.047351701618566278e+00
-2.820852200000001631e+01 2.807681366708770776e-01 0.000000000000000000e+00 2.750385834882667968e+00
-2.849107800000000523e+01 2.835805038564096492e-01 0.000000000000000000e+00 2.873625196580131824e+00
-2.942482600000001369e+01 2.928743862540822418e-01 0.000000000000000000e+00 2.645924716040412239e+00
-2.764144200000000851e+01 2.751238141876458654e-01 0.000000000000000000e+00 2.693005094804393984e+00
-2.882730600000002852e+01 2.869270850440586162e-01 0.000000000000000000e+00 3.445231429144880231e+00
-2.832169000000002512e+01 2.818945327468846407e-01 0.000000000000000000e+00 3.186363585102090390e+00
-2.965891400000001354e+01 2.952043364576771856e-01 0.000000000000000000e+00 3.208575305381980325e+00
-2.895745000000001568e+01 2.882224484941142695e-01 0.000000000000000000e+00 2.755100226283734521e+00
-2.827722600000001307e+01 2.814519688142922971e-01 0.000000000000000000e+00 2.771327740082997870e+00
-2.945641400000002719e+01 2.931887913796383804e-01 0.000000000000000000e+00 3.066870246767718911e+00
-2.737714800000001603e+01 2.724932143315707544e-01 0.000000000000000000e+00 3.161836532695975421e+00
-2.775106200000000811e+01 2.762148959232242351e-01 0.000000000000000000e+00 2.994854906344641243e+00
-2.960173000000001764e+01 2.946351664342570786e-01 0.000000000000000000e+00 3.909407985083980019e+00
-2.914850000000001984e+01 2.901240281837900725e-01 0.000000000000000000e+00 3.459107763396202184e+00
-2.956848400000000865e+01 2.943042587223336226e-01 0.000000000000000000e+00 3.149281329168047705e+00
-2.846115400000000761e+01 2.832826610370751674e-01 0.000000000000000000e+00 3.407483991363419840e+00
-2.925595800000002455e+01 2.911935908652513727e-01 0.000000000000000000e+00 3.456317310102932971e+00
-2.860947400000002716e+01 2.847589358320122832e-01 0.000000000000000000e+00 2.843311446809792642e+00
-2.884635400000001582e+01 2.871166756744115145e-01 0.000000000000000000e+00 3.027675043723794257e+00
-2.944032600000002020e+01 2.930286625440062798e-01 0.000000000000000000e+00 3.173044087614200759e+00
-3.039509600000002720e+01 3.025317834040518461e-01 0.000000000000000000e+00 2.711706332835359667e+00
-2.878937000000003010e+01 2.865494963127969696e-01 0.000000000000000000e+00 2.899665391545943827e+00
-2.969161400000001549e+01 2.955298096628716231e-01 0.000000000000000000e+00 3.232358774623081299e+00
-2.935589600000000843e+01 2.921883046628267477e-01 0.000000000000000000e+00 2.757924684108715940e+00
-2.907956400000000485e+01 2.894378868726802945e-01 0.000000000000000000e+00 2.451680163674196944e+00
-2.944392600000001181e+01 2.930644944565046761e-01 0.000000000000000000e+00 2.658940672433138364e+00
-2.941323200000002203e+01 2.927589875892191995e-01 0.000000000000000000e+00 3.130026114999972187e+00
-2.953603200000002715e+01 2.939812539377781864e-01 0.000000000000000000e+00 3.221489022203517738e+00
-2.987301400000001195e+01 2.973353399204333725e-01 0.000000000000000000e+00 3.178227175644314784e+00
-2.938823200000000568e+01 2.925101548635352100e-01 0.000000000000000000e+00 3.278450504811840194e+00
-2.896920200000001344e+01 2.883394197818037186e-01 0.000000000000000000e+00 3.139153948489814550e+00
-2.957782800000002155e+01 2.943972624418853545e-01 0.000000000000000000e+00 3.576836011074195909e+00
-2.854821800000002341e+01 2.841492359342327467e-01 0.000000000000000000e+00 2.542444380662758352e+00
-2.884397600000001205e+01 2.870930067055444401e-01 0.000000000000000000e+00 2.630762429837871785e+00
-2.908361800000000841e+01 2.894782375874772606e-01 0.000000000000000000e+00 2.788189732119926934e+00
-2.871420800000000639e+01 2.858013856996828861e-01 0.000000000000000000e+00 3.614195757463710468e+00
-2.853935000000001665e+01 2.840609699897781448e-01 0.000000000000000000e+00 2.437374015703015040e+00
-2.959504600000000707e+01 2.945686385167181620e-01 0.000000000000000000e+00 3.089922790817945408e+00
-2.914445000000002395e+01 2.900837172822293142e-01 0.000000000000000000e+00 3.231641890898510283e+00
-3.038320600000001193e+01 3.024134385597164743e-01 0.000000000000000000e+00 3.541183815008874802e+00
-2.949314600000001718e+01 2.935543963268310019e-01 0.000000000000000000e+00 3.356082006300522114e+00
-2.937578400000001366e+01 2.923862560727628068e-01 0.000000000000000000e+00 3.408427036860258497e+00
-2.989325000000000898e+01 2.975367550819108531e-01 0.000000000000000000e+00 2.944664264702885337e+00
-2.921095000000001818e+01 2.907456123325481978e-01 0.000000000000000000e+00 2.848980431822775827e+00
-2.932583800000000096e+01 2.918891281000825511e-01 0.000000000000000000e+00 2.747767694545497630e+00
-2.888667000000001295e+01 2.875179532811582006e-01 0.000000000000000000e+00 3.492713384080253114e+00
-2.769129000000002705e+01 2.756199667360414995e-01 0.000000000000000000e+00 2.301845562639341036e+00
-2.945740800000002224e+01 2.931986849688115182e-01 0.000000000000000000e+00 3.069001766760618644e+00
-2.948542400000002317e+01 2.934775368745218826e-01 0.000000000000000000e+00 2.930583106838099638e+00
-3.065085000000001259e+01 3.050773820010332926e-01 0.000000000000000000e+00 3.318849545270381007e+00
-3.063875399999998450e+01 3.049569867750381302e-01 0.000000000000000000e+00 3.087787029717711906e+00
-3.014865800000001528e+01 3.000789098339690097e-01 0.000000000000000000e+00 3.507713122035638786e+00
-2.946815800000002028e+01 2.933056830408555804e-01 0.000000000000000000e+00 2.935224589799154682e+00
-2.964850200000001834e+01 2.951007026040844416e-01 0.000000000000000000e+00 3.138587424979330187e+00
-2.990585000000001514e+01 2.976621667756555456e-01 0.000000000000000000e+00 2.501214890646526801e+00
-3.031065400000001731e+01 3.016913060831640792e-01 0.000000000000000000e+00 2.732561769720379452e+00
-3.002513200000000992e+01 2.988494173830562040e-01 0.000000000000000000e+00 2.816219974150464100e+00
-3.083265000000002587e+01 3.068868935822061106e-01 0.000000000000000000e+00 3.164348138067126115e+00
-3.096844800000002351e+01 3.082385330415025604e-01 0.000000000000000000e+00 2.736535933779172147e+00
-2.950862600000000668e+01 2.937084735505743338e-01 0.000000000000000000e+00 3.437999170724598930e+00
-3.104668000000001271e+01 3.090172003133302980e-01 0.000000000000000000e+00 3.254013099313683988e+00
-2.963847800000002053e+01 2.950009306343942539e-01 0.000000000000000000e+00 3.041916895894973827e+00
-2.998570200000001762e+01 2.984569584081077642e-01 0.000000000000000000e+00 3.130135383201129162e+00
-3.163680600000002130e+01 3.148909067564059083e-01 0.000000000000000000e+00 3.230023394411948523e+00
-3.175158600000002096e+01 3.160333475665654812e-01 0.000000000000000000e+00 3.643723965778955520e+00
-3.031512600000001356e+01 3.017358172811343553e-01 0.000000000000000000e+00 2.960241042963982050e+00
-3.023343600000002240e+01 3.009227314666899633e-01 0.000000000000000000e+00 2.956352618882895467e+00
-3.149224000000001311e+01 3.134519966835575544e-01 0.000000000000000000e+00 2.564417256031144010e+00
-3.223256600000001981e+01 3.208206901425415536e-01 0.000000000000000000e+00 3.201825536866319322e+00
-3.121422200000000657e+01 3.106847976143909396e-01 0.000000000000000000e+00 2.379364852333750502e+00
-3.205558000000003460e+01 3.190590937910266489e-01 0.000000000000000000e+00 2.703294949023161919e+00
-3.100891800000002263e+01 3.086413434578395010e-01 0.000000000000000000e+00 3.136193170985060785e+00
-3.257808400000002536e+01 3.242597375710544183e-01 0.000000000000000000e+00 3.480740795491382489e+00
-3.174186800000002151e+01 3.159366213094376707e-01 0.000000000000000000e+00 2.747339080346654416e+00
-3.152948400000001783e+01 3.138226977249723437e-01 0.000000000000000000e+00 2.750747362714138333e+00
-3.153468000000000870e+01 3.138744151186783626e-01 0.000000000000000000e+00 2.112814550510405009e+00
-3.130070200000001179e+01 3.115455597790764974e-01 0.000000000000000000e+00 2.301875237734871238e+00
-3.141167600000001059e+01 3.126501182950778834e-01 0.000000000000000000e+00 2.470612307907462224e+00
-3.219413600000002162e+01 3.204381844766204246e-01 0.000000000000000000e+00 3.697238224894387582e+00
-3.048270600000001451e+01 3.034037928079381108e-01 0.000000000000000000e+00 2.981939671558115457e+00
-3.134886000000001616e+01 3.120248912352157622e-01 0.000000000000000000e+00 3.219872773946827582e+00
-3.180039600000001343e+01 3.165191685801904686e-01 0.000000000000000000e+00 2.565358853820012275e+00
-3.171847200000000200e+01 3.157037536914334974e-01 0.000000000000000000e+00 3.224348172043710381e+00
-3.230867000000001354e+01 3.215781767727591278e-01 0.000000000000000000e+00 2.916506397033854281e+00
-3.242960200000002402e+01 3.227818503400550765e-01 0.000000000000000000e+00 3.024304311487322483e+00
-3.152569600000001415e+01 3.137849945903766757e-01 0.000000000000000000e+00 2.204281165951770038e+00
-3.166142200000002305e+01 3.151359174114232720e-01 0.000000000000000000e+00 2.910729742635448591e+00
-3.179551600000001699e+01 3.164705964321370413e-01 0.000000000000000000e+00 2.890847471657381984e+00
-3.145216599999999829e+01 3.130531277775953081e-01 0.000000000000000000e+00 3.208843584902148827e+00
-3.144816000000001921e+01 3.130132548216319477e-01 0.000000000000000000e+00 3.273977292270524142e+00
-3.116829200000001165e+01 3.102276421307647025e-01 0.000000000000000000e+00 2.968167680460336300e+00
-3.088654000000000011e+01 3.074232774056899209e-01 0.000000000000000000e+00 2.831227604250619923e+00
-3.061823000000001826e+01 3.047527050605611243e-01 0.000000000000000000e+00 2.792882331042699562e+00
-3.069726600000000616e+01 3.055393747928468184e-01 0.000000000000000000e+00 2.674827140576309770e+00
-3.069316600000000506e+01 3.054985662258346557e-01 0.000000000000000000e+00 2.374272495496826174e+00
-3.148187800000003023e+01 3.133488604954163259e-01 0.000000000000000000e+00 3.340117647464689199e+00
-3.138579000000003560e+01 3.123924669375960916e-01 0.000000000000000000e+00 2.959487307138031209e+00
-3.115591000000002353e+01 3.101044002583881465e-01 0.000000000000000000e+00 2.547030238742898689e+00
-3.101188800000000967e+01 3.086709047856506238e-01 0.000000000000000000e+00 2.688972907267040746e+00
-3.211678600000001182e+01 3.196682960233545590e-01 0.000000000000000000e+00 3.135329013361156214e+00
-3.194226000000000099e+01 3.179311848120466855e-01 0.000000000000000000e+00 3.121089636066807227e+00
-3.072388400000001596e+01 3.058043119725369907e-01 0.000000000000000000e+00 2.859205518057225781e+00
-3.103316600000001202e+01 3.088826912951346260e-01 0.000000000000000000e+00 2.932596492172597991e+00
-3.194193600000000188e+01 3.179279599399218448e-01 0.000000000000000000e+00 2.578645574540042951e+00
-3.224279400000002482e+01 3.209224925872733447e-01 0.000000000000000000e+00 3.459616122390903659e+00
-3.129740200000001238e+01 3.115127138592861944e-01 0.000000000000000000e+00 3.151139753975832125e+00
-3.196065200000001738e+01 3.181142460716779308e-01 0.000000000000000000e+00 3.345349232316049193e+00
-3.155820800000001469e+01 3.141085965734740082e-01 0.000000000000000000e+00 2.407592482114727428e+00
-3.138182200000002453e+01 3.123529722073754566e-01 0.000000000000000000e+00 2.737256905882975211e+00
-3.246299800000001312e+01 3.231142510483324126e-01 0.000000000000000000e+00 2.996782235206369549e+00
-3.183156200000001945e+01 3.168293734093369785e-01 0.000000000000000000e+00 3.328134064376103929e+00
-3.098071000000000907e+01 3.083605805167958236e-01 0.000000000000000000e+00 2.783100895883342751e+00
-3.013758000000000692e+01 2.999686470765638990e-01 0.000000000000000000e+00 2.692895085557212020e+00
-3.175407600000000841e+01 3.160581313060434328e-01 0.000000000000000000e+00 3.293135445199343980e+00
-3.141001800000000443e+01 3.126336157087105105e-01 0.000000000000000000e+00 3.375043400196222176e+00
-3.229505600000000953e+01 3.214426724236607025e-01 0.000000000000000000e+00 2.843356318011472705e+00
-3.041471200000001573e+01 3.027270275139323230e-01 0.000000000000000000e+00 3.273876217873173733e+00
-3.246693800000003449e+01 3.231534670859003699e-01 0.000000000000000000e+00 3.427383684881209813e+00
-3.239066600000001017e+01 3.223943082997658971e-01 0.000000000000000000e+00 3.239159835457398717e+00
-3.199625000000002473e+01 3.184685639664336931e-01 0.000000000000000000e+00 3.127975574754800814e+00
-3.198317000000000832e+01 3.183383746843557738e-01 0.000000000000000000e+00 2.702212085879031722e+00
-3.209000200000003389e+01 3.194017065943661748e-01 0.000000000000000000e+00 3.298963464452727035e+00
-3.119881400000000227e+01 3.105314370288974612e-01 0.000000000000000000e+00 2.216373252534304950e+00
-3.115551000000004223e+01 3.101004189347774109e-01 0.000000000000000000e+00 3.385005550552721232e+00
-3.192877199999999860e+01 3.177969345798857259e-01 0.000000000000000000e+00 3.511782323449004650e+00
-3.207300200000001666e+01 3.192325003409010042e-01 0.000000000000000000e+00 4.111607906422690029e+00
-3.212621600000002786e+01 3.197621557274826776e-01 0.000000000000000000e+00 3.957774416035641174e+00
-3.110206600000002553e+01 3.095684742871193662e-01 0.000000000000000000e+00 2.161250794052351321e+00
-3.151011600000001422e+01 3.136299220357305351e-01 0.000000000000000000e+00 2.435106982268941067e+00
-3.225314400000002024e+01 3.210255093357063938e-01 0.000000000000000000e+00 3.339656735349253669e+00
-3.190020000000001588e+01 3.175125486343564063e-01 0.000000000000000000e+00 3.431969156521243125e+00
-3.059837400000000329e+01 3.045550721565138397e-01 0.000000000000000000e+00 3.128251218393077959e+00
-3.142703800000001735e+01 3.128030210283561652e-01 0.000000000000000000e+00 3.346423356203672927e+00
-3.200246200000002261e+01 3.185303939221116321e-01 0.000000000000000000e+00 3.628489465684283655e+00
-3.214095000000003211e+01 3.199088077826917065e-01 0.000000000000000000e+00 2.557956450040350216e+00
-3.298785600000002205e+01 3.283383249178107866e-01 0.000000000000000000e+00 3.503747843952820240e+00
-3.116449199999999919e+01 3.101898195564606331e-01 0.000000000000000000e+00 2.566363722053977892e+00
-3.176491200000000958e+01 3.161659853626638261e-01 0.000000000000000000e+00 2.867872237383589873e+00
-3.292169200000001439e+01 3.276797741793249230e-01 0.000000000000000000e+00 3.247600870003030327e+00
-3.222377400000001302e+01 3.207331806495730131e-01 0.000000000000000000e+00 3.417008057995778447e+00
-3.137722400000000889e+01 3.123072068924675482e-01 0.000000000000000000e+00 2.075720591886056177e+00
-3.267070600000002401e+01 3.251816329597859156e-01 0.000000000000000000e+00 3.613696508244848449e+00
-3.244746600000001280e+01 3.229596562525195447e-01 0.000000000000000000e+00 3.383223391562573124e+00
-3.197497600000002649e+01 3.182568172701858433e-01 0.000000000000000000e+00 2.707272671640243544e+00
-3.217000600000002919e+01 3.201980111297904608e-01 0.000000000000000000e+00 2.795634589560566319e+00
-3.225085800000002934e+01 3.210027560712699901e-01 0.000000000000000000e+00 3.790427063841090405e+00
-3.198968200000002327e+01 3.184031906327420280e-01 0.000000000000000000e+00 2.811383451539814171e+00
-3.220592400000002442e+01 3.205555140834348560e-01 0.000000000000000000e+00 2.694227359011196032e+00
-3.210089200000000886e+01 3.195100981296737919e-01 0.000000000000000000e+00 3.167397286422459768e+00
-3.236476400000003650e+01 3.221364976893396626e-01 0.000000000000000000e+00 2.453199345300300038e+00
-3.189217200000001640e+01 3.174326434694847987e-01 0.000000000000000000e+00 2.277835517961041667e+00
-3.253994600000002180e+01 3.238801382713692445e-01 0.000000000000000000e+00 2.639661582664327266e+00
-3.368741400000001818e+01 3.353012418743675505e-01 0.000000000000000000e+00 4.068168144499835215e+00
-3.261260200000002385e+01 3.246033058920606007e-01 0.000000000000000000e+00 3.068797496272322345e+00
-3.175896400000001663e+01 3.161067830805692203e-01 0.000000000000000000e+00 2.887052950273134577e+00
-3.372658400000002388e+01 3.356911129889689760e-01 0.000000000000000000e+00 3.178860034180984950e+00
-3.394146800000000752e+01 3.378299198460024688e-01 0.000000000000000000e+00 2.960488990693287636e+00
-3.357154200000000799e+01 3.341479320507499962e-01 0.000000000000000000e+00 2.627629760414153637e+00
-3.295509400000000255e+01 3.280122346074564321e-01 0.000000000000000000e+00 3.368146121791840031e+00
-3.342427000000001414e+01 3.326820883236737969e-01 0.000000000000000000e+00 2.898467093625228586e+00
-3.446633600000002673e+01 3.430540932485712236e-01 0.000000000000000000e+00 3.236503227453539022e+00
-3.364574000000002485e+01 3.348864476739616958e-01 0.000000000000000000e+00 2.903823963832740773e+00
-3.380184200000000772e+01 3.364401791197493274e-01 0.000000000000000000e+00 3.113276591695636419e+00
-3.267056600000001509e+01 3.251802394965219722e-01 0.000000000000000000e+00 3.767332716553736915e+00
-3.296728600000000853e+01 3.281335853511179734e-01 0.000000000000000000e+00 2.617453634101415627e+00
-3.357957600000000298e+01 3.342278969354757212e-01 0.000000000000000000e+00 3.085813456760345463e+00
-3.392320600000000042e+01 3.376481525165448971e-01 0.000000000000000000e+00 3.379461600231371321e+00
-3.404059400000002000e+01 3.388165515566479713e-01 0.000000000000000000e+00 2.916964875692582559e+00
-3.426749600000001550e+01 3.410749772815723224e-01 0.000000000000000000e+00 2.976118514255258862e+00
-3.317288000000003478e+01 3.301799259672877906e-01 0.000000000000000000e+00 2.860341195512779322e+00
-3.383680800000001909e+01 3.367882065231998512e-01 0.000000000000000000e+00 2.879477630295067314e+00
-3.408157600000002674e+01 3.392244580672070242e-01 0.000000000000000000e+00 2.991436494331811691e+00
-3.292042800000001534e+01 3.276671931967143903e-01 0.000000000000000000e+00 2.956376050152475177e+00
-3.363586600000002136e+01 3.347881687006256102e-01 0.000000000000000000e+00 3.362390743979045471e+00
-3.331880600000000925e+01 3.316323725404130007e-01 0.000000000000000000e+00 3.263121522386597029e+00
-3.302805600000002073e+01 3.287384479407103322e-01 0.000000000000000000e+00 2.765054110794253894e+00
-3.408499800000002722e+01 3.392585182906986407e-01 0.000000000000000000e+00 3.175902023079109515e+00
-3.567107800000002271e+01 3.550452626728021199e-01 0.000000000000000000e+00 3.741521345401756182e+00
-3.294784600000001973e+01 3.279400930236263667e-01 0.000000000000000000e+00 2.272971105568989625e+00
-3.354767200000001282e+01 3.339103465642671575e-01 0.000000000000000000e+00 3.025210942543486325e+00
-3.296478000000001884e+01 3.281086423586955791e-01 0.000000000000000000e+00 3.034261546426281875e+00
-3.434669400000001360e+01 3.418632594499205757e-01 0.000000000000000000e+00 2.769888840632162896e+00
-3.439408200000001870e+01 3.423349268581087901e-01 0.000000000000000000e+00 2.741771625157940040e+00
-3.456936800000000432e+01 3.440796025842772221e-01 0.000000000000000000e+00 2.918344594162723293e+00
-3.429079800000000233e+01 3.413069092885275269e-01 0.000000000000000000e+00 3.250855719823177559e+00
-3.474847400000002295e+01 3.458622999509304297e-01 0.000000000000000000e+00 2.985058025885431565e+00
-3.475803800000002752e+01 3.459574933984680967e-01 0.000000000000000000e+00 2.948343068959035751e+00
-3.484178400000001830e+01 3.467910432162726320e-01 0.000000000000000000e+00 3.022294496901988037e+00
-3.309961800000001375e+01 3.294507266413256863e-01 0.000000000000000000e+00 2.300421313207340557e+00
-3.238940200000001113e+01 3.223817273171553643e-01 0.000000000000000000e+00 3.209653782455092585e+00
-3.394097800000002962e+01 3.378250427245793053e-01 0.000000000000000000e+00 3.218639601690707952e+00
-3.420266200000002499e+01 3.404296644440930053e-01 0.000000000000000000e+00 2.519174238715150782e+00
-3.475315000000000509e+01 3.459088416239421426e-01 0.000000000000000000e+00 3.414662155094460250e+00
-3.471411600000000419e+01 3.455203241593684527e-01 0.000000000000000000e+00 4.057928914918210950e+00
-3.468982800000002698e+01 3.452785781897123596e-01 0.000000000000000000e+00 3.036930923341436994e+00
-3.372047200000002221e+01 3.356302783641937904e-01 0.000000000000000000e+00 3.946085204609292241e+00
-3.413548800000003069e+01 3.397610608634896723e-01 0.000000000000000000e+00 2.943472125739610590e+00
-3.359140000000000015e+01 3.343455848614151349e-01 0.000000000000000000e+00 2.494905519313913356e+00
-3.452271200000002693e+01 3.436152209982972772e-01 0.000000000000000000e+00 2.905521414472031161e+00
-3.435361400000000742e+01 3.419321363483897591e-01 0.000000000000000000e+00 2.686858369618294606e+00
-3.597927200000002301e+01 3.581128127951780371e-01 0.000000000000000000e+00 3.436072123044514814e+00
-3.390388800000002334e+01 3.374558744927547149e-01 0.000000000000000000e+00 2.481146775072063715e+00
-3.400901400000002184e+01 3.385022260575641928e-01 0.000000000000000000e+00 3.057950460420815642e+00
-3.569477000000002676e+01 3.552810764702781787e-01 0.000000000000000000e+00 3.273093071399040710e+00
-3.630173200000002964e+01 3.613223568241382688e-01 0.000000000000000000e+00 2.663422152987817704e+00
-3.599377000000002624e+01 3.582571158694566327e-01 0.000000000000000000e+00 2.817492678362494285e+00
