1.499147442447138934e+00
1.489372820430028943e+00
1.178574511097049582e+00
8.240672924501505348e-01
1.296235063453948441e-02
-6.150545645168369324e-01
-3.087543002028416694e-01
-1.793438697303251783e-01
4.824121682914650489e-01
-1.230799982742656895e-01
4.043232606833603304e-01
7.224070176958825584e-01
1.958757881348459906e-01
7.255652207986872382e-01
-4.063176640949230367e-01
-2.145583449212356275e-01
-5.786225376444844581e-01
-6.944622667682774919e-01
8.660841181043499315e-01
-5.485801958089195907e-01
-1.053123062299149010e-01
1.250840883147526394e+00
1.338495576434895806e+00
-6.405164489046170084e-01
4.177009730507432184e-01
1.269751700055674837e+00
-2.936880258074833772e-02
-1.987836777281362377e-01
8.190843119507453807e-01
1.279450479284398812e+00
4.662420493426397416e-01
7.727403583865620484e-02
8.741585266941415133e-01
1.574537083950920069e+00
-5.842517495607725264e-01
7.744832944143982267e-01
1.402576079286070199e+00
1.330501963372990204e+00
1.218918242134074403e-01
1.819544476463429705e-01
1.127472916110644041e+00
8.183862217931624494e-01
1.419849171964835177e+00
8.338055823949533929e-01
1.608671420722523671e+00
1.279607837752298360e+00
1.328450857874534874e+00
1.150911190057773759e+00
8.545238394845540153e-01
1.112196739065527407e+00
1.210643902124980187e+00
-4.751288489660822068e-01
-4.190386140140569537e-01
-3.650752346043100172e-01
1.344019714113743103e+00
1.182265878085337008e+00
9.595175470604119239e-01
7.821734137955712596e-01
-5.915564964269870440e-01
-5.864241317223755079e-01
6.277994495067584779e-01
-6.556521207331419410e-01
7.053616836941765111e-01
4.466550863403639382e-01
3.762226621496148754e-02
-4.491765128495246451e-01
1.148500987292889741e+00
5.450753087674394676e-02
-5.167505259139916207e-01
1.060054135156088595e+00
-2.027241397879669671e-01
8.960129656746557147e-02
-3.017263860280215426e-01
-1.237563690956519913e-01
1.130058374303231084e+00
5.362598097302703204e-01
-2.410692680983689967e-02
4.585527248846871240e-01
1.424844686870493815e+00
-2.081023331247121300e-01
-8.395875922141445846e-01
1.205995141125716819e+00
1.389563917867450010e-02
-2.958744042921371831e-01
5.276116354571069866e-01
1.663051514829822608e+00
1.025322547718050537e+00
-6.680827395817582337e-01
-6.864582343641776330e-01
8.371615264231233589e-01
1.281934104565491506e+00
1.712100561783965469e-01
-1.838075136140667476e-01
-2.228981629317674518e-01
1.070507308742448593e+00
-4.959304915413826897e-01
-4.091947977221456201e-01
-2.704544577906026759e-01
1.134996823469913707e+00
-6.222070266384466253e-02
3.136159499676723916e-01
-2.728968256869414577e-01
-2.690855814653128619e-01
-3.205329588270685037e-01
-4.557579571671695889e-02
-4.178292444302516562e-01
9.222686094579343741e-02
-1.708897805202984344e-01
8.327305171493659675e-02
-1.331557451621029342e-01
4.358145037597946914e-01
2.739562941184557343e-01
7.736123285220056767e-01
1.061061754795667778e+00
4.682245386534679699e-01
-2.693333746316204369e-01
-2.914450345718547775e-01
1.687727612263725252e-01
8.789221140511458419e-01
1.009072852969039591e+00
2.983273598615145961e-01
1.220042188113448001e+00
1.754224783324509485e-02
-2.153188259448503561e-01
6.842182657806646917e-01
1.152082679583214420e+00
-2.261074504228733073e-01
-4.453060138885921448e-01
1.209930420083872166e-01
1.399953618574774961e+00
1.109240906475453814e+00
-1.964937639320168405e-01
-1.584741279222067964e-02
-3.295299045674007221e-01
1.260613443468101114e+00
6.664480654626676603e-01
-1.838783345184112072e-01
1.538888285270701095e+00
-1.209362686016870608e-01
7.813569715657295855e-01
-6.167769207824311262e-02
-3.760330268399225129e-01
-4.111553531016116231e-02
-4.381185152477645173e-01
2.198515256494191217e-01
-8.650397175313259690e-02
1.105109560398167989e+00
-7.618842884867997878e-01
1.106298045150405640e-01
8.587188134920511473e-01
1.503066890997235561e+00
-9.403760025818043433e-02
7.594304912657793283e-01
1.555188041108755137e-01
9.308045353374674313e-01
8.068047305341445874e-01
2.546053534602881439e-03
-5.734763069880216557e-01
1.584311577228476875e-01
-3.596790282253756188e-01
-1.519259499287756512e-02
1.695659267918783186e-01
1.184646965346528580e+00
1.188233304628481424e+00
1.094881176312094972e-01
-2.586089311815352176e-01
1.040962529810729009e+00
-1.731946083184965623e-01
3.047226223214297494e-02
1.243310708227989281e+00
4.029514408789184460e-02
9.966191581713704783e-01
-3.031879775255159615e-01
9.016294683050453118e-01
1.111390698525464682e+00
-4.158198626782048102e-01
8.143590549832052661e-01
-9.353319999427999187e-01
-5.476379140495341025e-01
8.214762090371155456e-02
2.767907476654308252e-01
1.187624161397400346e+00
8.834999696639445066e-01
1.445990147952385785e+00
2.295075324341171175e-01
-1.378095102319531473e-01
1.813179253496852272e+00
7.895827986304017332e-02
1.459580591535796223e-01
3.143456672869380242e-01
7.181146099924066162e-01
6.409352709531794812e-01
6.944686645340488740e-01
2.146876644708256565e-01
-5.355503725303144558e-01
5.322030670652991846e-01
1.159613141467401576e+00
-4.569503486699319494e-02
9.570672180040056265e-01
-3.229671279243612747e-01
1.193076414183543044e+00
-1.371828375027376971e-02
3.646317611064461839e-01
-2.201484645719856414e-01
5.897974252771034931e-02
-8.772723455210915122e-02
-9.924185253620411429e-02
-1.216039296776725981e-01
6.995898546639175430e-01
8.070723146137913639e-01
-2.051774374782756594e-01
-5.903186414816017358e-01
-4.902447939002639588e-02
-1.490545019995649922e-01
-1.149767834788595622e-01
-1.488144127771270642e-01
8.272928918327810965e-01
-2.190314367875617896e-01
-1.434589635908808114e-01
1.029715343017581164e+00
2.205749832837332336e-01
5.904939911768913863e-01
-1.491447182571138674e-01
-1.269975737131942284e-01
-6.246699613017981934e-01
-5.005150050807803952e-01
-2.927904612936948481e-01
-2.373380255933348337e-01
-2.313563842635487644e-01
5.761533391455444519e-01
1.682704519665939036e-01
6.351391879597656498e-01
-2.254958060776257323e-01
-3.291117595566030452e-01
6.928123240330683608e-01
-2.145846571546941584e-01
-1.636261206865113338e-01
-4.429077133539653932e-01
-3.427274537997279658e-01
6.947191389041981191e-01
