-7.059801000000008742e+01 6.770575553505366884e-01 0.000000000000000000e+00 2.765899660365885193e+00
-7.059762400000006721e+01 6.770538534867535096e-01 0.000000000000000000e+00 2.276765006843674666e+00
-7.075871200000003114e+01 6.785987390646371908e-01 0.000000000000000000e+00 2.286103332203317073e+00
-7.060406000000006088e+01 6.771155767906573697e-01 0.000000000000000000e+00 2.636203323729110259e+00
-7.016758600000005686e+01 6.729296511616761345e-01 0.000000000000000000e+00 2.371134528304366995e+00
-7.019544200000002832e+01 6.731967991345697566e-01 0.000000000000000000e+00 2.137422670261896585e+00
-7.133178600000005076e+01 6.840947024986626657e-01 0.000000000000000000e+00 2.389601012172906547e+00
-7.159934800000006305e+01 6.866607078807507314e-01 0.000000000000000000e+00 2.266239705531003956e+00
-7.054580000000001405e+01 6.765568447077734415e-01 0.000000000000000000e+00 2.319637562076012571e+00
-6.998666200000005233e+01 6.711945319827609113e-01 0.000000000000000000e+00 1.916596134817128982e+00
-7.117193000000003167e+01 6.825616321958576371e-01 0.000000000000000000e+00 1.976097339723072110e+00
-7.136451400000005663e+01 6.844085745139151244e-01 0.000000000000000000e+00 2.501043758235768522e+00
-7.058513000000004922e+01 6.769340320201632233e-01 0.000000000000000000e+00 1.887065105882248739e+00
-7.135851400000005640e+01 6.843510325898283231e-01 0.000000000000000000e+00 2.409966741755511954e+00
-7.147517800000005650e+01 6.854698777617731498e-01 0.000000000000000000e+00 2.269247211963927313e+00
-7.002170400000005657e+01 6.715305960000695906e-01 0.000000000000000000e+00 1.889881034464413689e+00
-7.109803200000000345e+01 6.818529266781623299e-01 0.000000000000000000e+00 2.413728793100506476e+00
-7.084571400000005781e+01 6.794331161445381628e-01 0.000000000000000000e+00 2.143137467322716372e+00
-7.152493800000006274e+01 6.859470921188668413e-01 0.000000000000000000e+00 2.585741234437565872e+00
-7.207745400000001723e+01 6.912458977403288518e-01 0.000000000000000000e+00 2.470583884507441486e+00
-7.154485000000002515e+01 6.861380545842694634e-01 0.000000000000000000e+00 2.169829987917175185e+00
-7.137109800000003190e+01 6.844717171852795490e-01 0.000000000000000000e+00 2.344665962467044285e+00
-7.047642200000005630e+01 6.758914874395575145e-01 0.000000000000000000e+00 2.690329997241335480e+00
-7.153454200000003027e+01 6.860391975586882518e-01 0.000000000000000000e+00 2.324724047278722061e+00
-7.059406600000005483e+01 6.770197311257699635e-01 0.000000000000000000e+00 1.898951367626381392e+00
-7.125925200000001780e+01 6.833990781783763069e-01 0.000000000000000000e+00 1.886995361370648050e+00
-7.036837600000004045e+01 6.748552916512425837e-01 0.000000000000000000e+00 1.966998332850941500e+00
-7.195150600000006591e+01 6.900380160311806454e-01 0.000000000000000000e+00 2.351857935559574120e+00
-7.111524200000003759e+01 6.820179760970851435e-01 0.000000000000000000e+00 2.575820446608745318e+00
-7.214190200000003017e+01 6.918639747275872054e-01 0.000000000000000000e+00 2.219276458212395831e+00
-7.227398800000005963e+01 6.931307218250769564e-01 0.000000000000000000e+00 2.141482399962580718e+00
-7.222238000000001534e+01 6.926357845553641202e-01 0.000000000000000000e+00 2.088367736590547086e+00
-7.234349200000001190e+01 6.937972874736986206e-01 0.000000000000000000e+00 2.324988581863132620e+00
-7.154802400000006912e+01 6.861684942621117944e-01 0.000000000000000000e+00 2.105372922129560287e+00
-7.093061600000001476e+01 6.802473535510081826e-01 0.000000000000000000e+00 2.612595411537706802e+00
-7.164983400000004110e+01 6.871448848106587182e-01 0.000000000000000000e+00 2.305919201376485095e+00
-7.190766200000004460e+01 6.896175380112364861e-01 0.000000000000000000e+00 2.563059376099215747e+00
-7.213921400000003814e+01 6.918381959455963681e-01 0.000000000000000000e+00 2.428984982883744870e+00
-7.146068400000005738e+01 6.853308756538206703e-01 0.000000000000000000e+00 1.924111288950477228e+00
-7.054985200000002976e+01 6.765957046871736713e-01 0.000000000000000000e+00 1.872348994840654424e+00
-7.164869200000003957e+01 6.871339326644407830e-01 0.000000000000000000e+00 2.103721238671217630e+00
-7.178450200000004600e+01 6.884363941161468770e-01 0.000000000000000000e+00 2.322498736143876030e+00
-7.254651000000004046e+01 6.957442951977431678e-01 0.000000000000000000e+00 2.216178335706890490e+00
-7.161859799999997733e+01 6.868453215538619094e-01 0.000000000000000000e+00 2.470635383454175216e+00
-7.330555000000005350e+01 7.030237322075580941e-01 0.000000000000000000e+00 2.350786823683517657e+00
-7.349580400000003522e+01 7.048483290784280930e-01 0.000000000000000000e+00 2.444491214829331405e+00
-7.311713800000002550e+01 7.012168007073823484e-01 0.000000000000000000e+00 2.253327083314803581e+00
-7.163497000000003823e+01 6.870023342840542169e-01 0.000000000000000000e+00 2.272453882387001300e+00
-7.190219800000001271e+01 6.895651364990343923e-01 0.000000000000000000e+00 2.067081935501534407e+00
-7.176690200000004438e+01 6.882676044721587338e-01 0.000000000000000000e+00 2.089168845315855894e+00
-7.315746800000002281e+01 7.016035783404527271e-01 0.000000000000000000e+00 2.036385962944344818e+00
-7.204106600000008598e+01 6.908969251513840115e-01 0.000000000000000000e+00 2.172195797312623800e+00
-7.282743200000004435e+01 6.984384272641313007e-01 0.000000000000000000e+00 2.132163773860163758e+00
-7.290182000000004336e+01 6.991518320389601415e-01 0.000000000000000000e+00 2.220026578874470857e+00
-7.312122600000003558e+01 7.012560059383269317e-01 0.000000000000000000e+00 2.149729340098610386e+00
-7.324843000000002746e+01 7.024759330902509147e-01 0.000000000000000000e+00 2.282923355076011074e+00
-7.263441600000004428e+01 6.965873419275397938e-01 0.000000000000000000e+00 2.405765276623232918e+00
-7.298260800000002746e+01 6.999266148661481557e-01 0.000000000000000000e+00 2.282723389432593564e+00
-7.291670600000001912e+01 6.992945935526193590e-01 0.000000000000000000e+00 2.065970592739559297e+00
-7.287742600000004245e+01 6.989178857562643454e-01 0.000000000000000000e+00 1.849769765996827520e+00
-7.263926400000005401e+01 6.966338358022020616e-01 0.000000000000000000e+00 2.111064251854639195e+00
-7.205996200000008400e+01 6.910781438509748797e-01 0.000000000000000000e+00 2.092337084628844046e+00
-7.167217800000001660e+01 6.873591709359578861e-01 0.000000000000000000e+00 2.152159194647801588e+00
-7.259944400000004805e+01 6.962519492326788573e-01 0.000000000000000000e+00 1.807317342423920170e+00
-7.305958000000002528e+01 7.006648010296170348e-01 0.000000000000000000e+00 2.252888306152792453e+00
-7.238611000000003060e+01 6.942060077604877977e-01 0.000000000000000000e+00 2.037182946094579616e+00
-7.218359600000005116e+01 6.922638335580669766e-01 0.000000000000000000e+00 2.268581081205615746e+00
-7.292298800000006054e+01 6.993548399471387622e-01 0.000000000000000000e+00 1.997422913963961433e+00
-7.278367799999998056e+01 6.980188123730479699e-01 0.000000000000000000e+00 2.290649740632248577e+00
-7.259321600000001240e+01 6.961922207154763731e-01 0.000000000000000000e+00 2.566225145917519601e+00
-7.284272800000000814e+01 6.985851208092697107e-01 0.000000000000000000e+00 1.975237176096668934e+00
-7.230454600000001619e+01 6.934237828444509422e-01 0.000000000000000000e+00 2.055439291119732559e+00
-7.268796999999999287e+01 6.971009419612972380e-01 0.000000000000000000e+00 1.934823657430705834e+00
-7.167421600000004389e+01 6.873787160095063964e-01 0.000000000000000000e+00 2.322051361055085028e+00
-7.243689800000002776e+01 6.946930809672416940e-01 0.000000000000000000e+00 2.075535053225475934e+00
-7.287611200000002043e+01 6.989052840748890549e-01 0.000000000000000000e+00 2.113489741333804517e+00
-7.263972199999999191e+01 6.966382281690733924e-01 0.000000000000000000e+00 2.338912050962449474e+00
-7.262679600000004143e+01 6.965142636839494195e-01 0.000000000000000000e+00 2.268832588698292962e+00
-7.194073200000005386e+01 6.899346899161619140e-01 0.000000000000000000e+00 2.018077436765953081e+00
-7.237026200000003939e+01 6.940540203583330792e-01 0.000000000000000000e+00 2.246065033857922444e+00
-7.142675800000003505e+01 6.850055144343919489e-01 0.000000000000000000e+00 2.038441356694576712e+00
-7.239427400000003843e+01 6.942843031385287356e-01 0.000000000000000000e+00 1.987334055005814948e+00
-7.227851800000003379e+01 6.931741659777622688e-01 0.000000000000000000e+00 1.980903190001363168e+00
-7.298153600000003394e+01 6.999163340423780744e-01 0.000000000000000000e+00 2.464213889096513288e+00
-7.139307200000001785e+01 6.846824548919268061e-01 0.000000000000000000e+00 1.840787111074768001e+00
-7.278992800000004593e+01 6.980787518773057254e-01 0.000000000000000000e+00 2.298528890358819243e+00
-7.304787200000002656e+01 7.005525175550822992e-01 0.000000000000000000e+00 2.593083845990983960e+00
-7.302555400000005648e+01 7.003384807781207755e-01 0.000000000000000000e+00 2.341908283595178997e+00
-7.133920200000000023e+01 6.841658243168334819e-01 0.000000000000000000e+00 2.270014891153043557e+00
-7.148720200000002478e+01 6.855851917776428772e-01 0.000000000000000000e+00 1.988312195167172947e+00
-7.292258600000003810e+01 6.993509846382247597e-01 0.000000000000000000e+00 2.054252556395777418e+00
-7.351524600000003318e+01 7.050347840931108223e-01 0.000000000000000000e+00 2.134480387998801465e+00
-7.323185200000001771e+01 7.023169447539988619e-01 0.000000000000000000e+00 2.111447822028163834e+00
-7.271235400000004745e+01 6.973347923407867688e-01 0.000000000000000000e+00 2.004599895665219567e+00
-7.311481600000001890e+01 7.011945319827606049e-01 0.000000000000000000e+00 1.698967570437405428e+00
-7.151998800000002632e+01 6.858996200314948499e-01 0.000000000000000000e+00 2.082186242423422762e+00
-7.173067600000003097e+01 6.879201855151635403e-01 0.000000000000000000e+00 2.229786537191034590e+00
-7.269127200000002631e+01 6.971326092001867147e-01 0.000000000000000000e+00 2.383446755600769684e+00
-7.381606200000005913e+01 7.079197059991297891e-01 0.000000000000000000e+00 2.182770798259252576e+00
-7.395838200000004292e+01 7.092846004384698588e-01 0.000000000000000000e+00 2.359960708985545441e+00
