-7.656685400000002062e+01 6.187605531818951565e-01 0.000000000000000000e+00 2.893144836319680557e+00
-7.621322800000004349e+01 6.159027915272307085e-01 0.000000000000000000e+00 2.875598179951678990e+00
-7.647148399999998958e+01 6.179898385596517274e-01 0.000000000000000000e+00 3.151031507708181856e+00
-7.665640200000001414e+01 6.194842184119739859e-01 0.000000000000000000e+00 2.850019512461292592e+00
-7.648349400000009268e+01 6.180868951037769010e-01 0.000000000000000000e+00 2.421927618876078103e+00
-7.441142200000001594e+01 6.013418370274353775e-01 0.000000000000000000e+00 2.771629290718308436e+00
-7.472026200000007634e+01 6.038376690913299649e-01 0.000000000000000000e+00 2.698476380387849982e+00
-7.632376600000004885e+01 6.167960834734771414e-01 0.000000000000000000e+00 2.776733954738548338e+00
-7.627962000000000842e+01 6.164393259216938148e-01 0.000000000000000000e+00 3.125141934231292051e+00
-7.549269800000004693e+01 6.100799645715333508e-01 0.000000000000000000e+00 2.104120670675433402e+00
-7.611849000000009369e+01 6.151371842934880707e-01 0.000000000000000000e+00 2.682037697574760404e+00
-7.627069400000007704e+01 6.163671921404408893e-01 0.000000000000000000e+00 2.694362184746123212e+00
-7.653089600000005532e+01 6.184699654039084171e-01 0.000000000000000000e+00 2.563802734493818125e+00
-7.683599400000001367e+01 6.209355572023472769e-01 0.000000000000000000e+00 2.704933749550733069e+00
-7.618209600000001558e+01 6.156512041557334891e-01 0.000000000000000000e+00 2.805101812514065429e+00
-7.620583400000005270e+01 6.158430383143036480e-01 0.000000000000000000e+00 2.198011570829187633e+00
-7.751038200000002121e+01 6.263854963096695538e-01 0.000000000000000000e+00 3.097943713725298753e+00
-7.697828200000006404e+01 6.220854307702383679e-01 0.000000000000000000e+00 2.234727636778544468e+00
-7.810179200000003163e+01 6.311648643996436991e-01 0.000000000000000000e+00 2.791051679187425805e+00
-7.663129600000003450e+01 6.192813290200686049e-01 0.000000000000000000e+00 2.908540668616125480e+00
-7.606781400000005533e+01 6.147276557814106424e-01 0.000000000000000000e+00 2.757970559867336302e+00
-7.747577600000005305e+01 6.261058344640438866e-01 0.000000000000000000e+00 2.311260020475079280e+00
-7.785414600000001428e+01 6.291635600760614455e-01 0.000000000000000000e+00 2.611183732782409450e+00
-7.573412200000005612e+01 6.120309869785841572e-01 0.000000000000000000e+00 2.536367862924612027e+00
-7.478369400000005385e+01 6.043502828054759801e-01 0.000000000000000000e+00 2.314241723570627851e+00
-7.747562800000002881e+01 6.261046384300278378e-01 0.000000000000000000e+00 2.705371531985351741e+00
-7.660671000000007780e+01 6.190826419098406364e-01 0.000000000000000000e+00 2.605346443994027705e+00
-7.582220000000006621e+01 6.127427726816138120e-01 0.000000000000000000e+00 2.078334718280989701e+00
-7.796361600000005865e+01 6.300482211822477918e-01 0.000000000000000000e+00 2.429517310031237276e+00
-7.786187200000003372e+01 6.292259962842134957e-01 0.000000000000000000e+00 2.494139184150545141e+00
-7.695609000000003164e+01 6.219060903183473155e-01 0.000000000000000000e+00 2.308827734276781118e+00
-7.740688200000001018e+01 6.255490806296635231e-01 0.000000000000000000e+00 2.556344332901887562e+00
-7.744545400000002644e+01 6.258607929543901216e-01 0.000000000000000000e+00 2.266838416818374835e+00
-7.798490800000003276e+01 6.302202884543122163e-01 0.000000000000000000e+00 2.521238425359868085e+00
-7.807419000000004417e+01 6.309418040556870055e-01 0.000000000000000000e+00 3.116618676457619141e+00
-7.783057200000006048e+01 6.289730512524824846e-01 0.000000000000000000e+00 2.499382977031479935e+00
-7.702161800000001790e+01 6.224356424601774629e-01 0.000000000000000000e+00 2.625486983529499163e+00
-7.776285000000002867e+01 6.284257687144980675e-01 0.000000000000000000e+00 2.789863098248674955e+00
-7.780117400000006000e+01 6.287354768741171274e-01 0.000000000000000000e+00 2.645496119694219050e+00
-7.801141200000003550e+01 6.304344755188810989e-01 0.000000000000000000e+00 2.483128589049212742e+00
-7.785013000000003558e+01 6.291311055314151579e-01 0.000000000000000000e+00 2.276949404400988808e+00
-7.781496400000003177e+01 6.288469181516751494e-01 0.000000000000000000e+00 2.620242140230246264e+00
-7.831578200000005552e+01 6.328941841229721588e-01 0.000000000000000000e+00 2.713798190705187352e+00
-7.732234000000002538e+01 6.248658704420397836e-01 0.000000000000000000e+00 2.941085901980470929e+00
-7.893006600000009598e+01 6.378584041188832821e-01 0.000000000000000000e+00 2.766252170053784543e+00
-7.901927399999999579e+01 6.385793217032493807e-01 0.000000000000000000e+00 2.365875886607817336e+00
-7.799679800000006935e+01 6.303163752411267140e-01 0.000000000000000000e+00 2.580847189148038456e+00
-7.914563600000005295e+01 6.396004923134614994e-01 0.000000000000000000e+00 2.653187445491391294e+00
-7.886098600000005376e+01 6.373001471606722923e-01 0.000000000000000000e+00 2.159283822583008217e+00
-7.924990200000006269e+01 6.404430982776306847e-01 0.000000000000000000e+00 2.346020100062006897e+00
-7.921681600000005119e+01 6.401757200245998813e-01 0.000000000000000000e+00 3.057566428780914780e+00
-7.882731600000002459e+01 6.370280494220652567e-01 0.000000000000000000e+00 2.572758608717753859e+00
-7.839708200000004013e+01 6.335511947005998401e-01 0.000000000000000000e+00 2.452519046204526099e+00
-7.793361400000001993e+01 6.298057656920876823e-01 0.000000000000000000e+00 2.478688085592983370e+00
-7.765947800000004975e+01 6.275903874422897877e-01 0.000000000000000000e+00 2.814643844113865701e+00
-7.876156800000006797e+01 6.364967193918333876e-01 0.000000000000000000e+00 3.496648837256447262e+00
-7.977249600000006069e+01 6.446663428754764169e-01 0.000000000000000000e+00 2.486506993651693698e+00
-7.978641000000011729e+01 6.447787862355889299e-01 0.000000000000000000e+00 2.666564463704358179e+00
-7.989753800000005413e+01 6.456768461552763183e-01 0.000000000000000000e+00 2.541814477759833046e+00
-7.989261800000004143e+01 6.456370861055600319e-01 0.000000000000000000e+00 2.251423503025531847e+00
-7.921470400000006862e+01 6.401586522959413772e-01 0.000000000000000000e+00 2.196691552713219586e+00
-8.043376399999999649e+01 6.500102551835548192e-01 0.000000000000000000e+00 2.550271433979867997e+00
-7.982757000000003700e+01 6.451114129929703678e-01 0.000000000000000000e+00 2.262138722246465061e+00
-8.030373800000005247e+01 6.489594746501402556e-01 0.000000000000000000e+00 2.672593880003151678e+00
-8.080096400000002177e+01 6.529777125526196047e-01 0.000000000000000000e+00 2.662385971286854947e+00
-8.027057399999999632e+01 6.486914660548575018e-01 0.000000000000000000e+00 2.187122024031589618e+00
-8.064174200000005044e+01 6.516909900656449040e-01 0.000000000000000000e+00 2.731516115701936975e+00
-8.040804000000005658e+01 6.498023715415024437e-01 0.000000000000000000e+00 2.375768047464553501e+00
-8.060774600000006274e+01 6.514162578196789344e-01 0.000000000000000000e+00 2.336185158334896261e+00
-8.034632000000006258e+01 6.493035930316477522e-01 0.000000000000000000e+00 2.464467239659219988e+00
-8.057898000000002980e+01 6.511837908298134803e-01 0.000000000000000000e+00 2.255655878368010736e+00
-8.058294000000003621e+01 6.512157928210485780e-01 0.000000000000000000e+00 2.567500890167342842e+00
-7.962032000000003507e+01 6.434365613052289712e-01 0.000000000000000000e+00 2.469642505597630766e+00
-8.071391800000002092e+01 6.522742667624572555e-01 0.000000000000000000e+00 2.488004349779398883e+00
-8.023700000000000898e+01 6.484201441220990292e-01 0.000000000000000000e+00 2.304455233418146065e+00
-8.048126800000005687e+01 6.503941497774007319e-01 0.000000000000000000e+00 2.355281488715704974e+00
-8.021669800000002226e+01 6.482560773478431848e-01 0.000000000000000000e+00 2.509793479128262117e+00
-8.047462200000005339e+01 6.503404413850401022e-01 0.000000000000000000e+00 2.398468465019486739e+00
-7.987870800000004579e+01 6.455246750706916670e-01 0.000000000000000000e+00 2.483798085275894518e+00
-8.014474800000006383e+01 6.476746270272983885e-01 0.000000000000000000e+00 3.151675909365162287e+00
-7.995547400000005211e+01 6.461450449846176669e-01 0.000000000000000000e+00 2.356249608916507032e+00
-8.065591800000002820e+01 6.518055507292173090e-01 0.000000000000000000e+00 3.093170287904588367e+00
-7.986580200000005902e+01 6.454203776719849017e-01 0.000000000000000000e+00 2.571338782294018799e+00
-8.092797400000006292e+01 6.540041198523064425e-01 0.000000000000000000e+00 2.698789408014660385e+00
-7.977945000000002551e+01 6.447225403115993680e-01 0.000000000000000000e+00 2.545513983521408008e+00
-7.992825800000004222e+01 6.459251040266751343e-01 0.000000000000000000e+00 2.496996167162505831e+00
-8.108643600000007723e+01 6.552847005429839333e-01 0.000000000000000000e+00 2.759351809975698178e+00
-8.053184600000008686e+01 6.508028863210081338e-01 0.000000000000000000e+00 2.376215134778733251e+00
-8.034824000000006095e+01 6.493191091486101296e-01 0.000000000000000000e+00 2.787877148649056558e+00
-7.968203000000002589e+01 6.439352590019744582e-01 0.000000000000000000e+00 2.301844908794120403e+00
-8.144858000000000686e+01 6.582112988040468293e-01 0.000000000000000000e+00 2.189065040771349668e+00
-8.169558400000009613e+01 6.602074149260204194e-01 0.000000000000000000e+00 2.898163526373209731e+00
-8.016218800000005729e+01 6.478155650897070572e-01 0.000000000000000000e+00 2.606513464353205300e+00
-7.996341400000007127e+01 6.462092105933061603e-01 0.000000000000000000e+00 2.704811402115522512e+00
-7.994898200000005772e+01 6.460925811141384756e-01 0.000000000000000000e+00 2.293944905962633563e+00
-8.140288000000006718e+01 6.578419828950978765e-01 0.000000000000000000e+00 2.663283120473296073e+00
-8.188079400000007979e+01 6.617041545211304054e-01 0.000000000000000000e+00 3.168010889106757766e+00
-8.194984800000003133e+01 6.622622013652569306e-01 0.000000000000000000e+00 2.697488384917279713e+00
-8.202369400000007715e+01 6.628589738513028795e-01 0.000000000000000000e+00 2.847361639168101810e+00
-8.214926600000006829e+01 6.638737602258893977e-01 0.000000000000000000e+00 2.368280984396603284e+00
