-4.163999999999999924e-01
8.955999999999999517e-01
-7.866999999999999549e-01
1.441999999999999948e-01
5.517999999999999572e-01
8.951999999999999957e-01
-7.729000000000000314e-01
3.467000000000000082e-01
-6.812000000000000277e-01
1.734999999999999876e-01
-2.190000000000000002e-01
-8.740999999999999881e-01
-1.500000000000000031e-03
3.269000000000000239e-01
-2.315000000000000113e-01
-3.479999999999999760e-01
-9.851999999999999647e-01
9.408999999999999586e-01
-2.536999999999999811e-01
-7.700000000000000247e-03
4.434000000000000163e-01
-8.576000000000000290e-01
9.016999999999999460e-01
-2.731999999999999984e-01
-4.510000000000000120e-01
5.905000000000000249e-01
2.222000000000000086e-01
-5.381000000000000227e-01
-9.577999999999999847e-01
8.110000000000000542e-01
-9.382000000000000339e-01
9.354999999999999982e-01
1.627000000000000113e-01
-6.989999999999999547e-01
5.437999999999999501e-01
-8.076999999999999735e-01
-4.535000000000000142e-01
-9.210000000000000131e-02
2.777999999999999914e-01
-9.782999999999999474e-01
-8.004000000000000004e-01
6.213999999999999524e-01
7.282999999999999474e-01
-8.151000000000000467e-01
1.874000000000000110e-01
-8.646000000000000352e-01
-6.395999999999999464e-01
-8.226999999999999869e-01
-3.766999999999999793e-01
7.619000000000000217e-01
-4.592999999999999861e-01
6.453999999999999737e-01
-1.413999999999999979e-01
5.999999999999999474e-04
7.344000000000000528e-01
4.874999999999999889e-01
-1.370999999999999996e-01
-1.980000000000000093e-01
-4.244999999999999885e-01
2.585999999999999965e-01
-3.225999999999999979e-01
-1.870000000000000134e-02
-4.617999999999999883e-01
5.419999999999999818e-02
-4.781000000000000250e-01
-5.000000000000000104e-04
-5.375999999999999668e-01
-5.968999999999999861e-01
-9.040000000000000258e-01
9.597999999999999865e-01
-6.415999999999999481e-01
-3.301999999999999935e-01
-3.204000000000000181e-01
-3.639000000000000012e-01
8.652999999999999581e-01
3.034999999999999920e-01
-6.079999999999999988e-02
9.540999999999999481e-01
4.570000000000000173e-01
5.491000000000000325e-01
5.788999999999999702e-01
-3.226999999999999869e-01
1.310999999999999943e-01
9.254000000000000004e-01
-7.105000000000000204e-01
-5.463000000000000078e-01
-5.009999999999999870e-02
-8.649999999999999356e-02
-5.020000000000000018e-01
4.512999999999999790e-01
5.325999999999999623e-01
-6.414999999999999591e-01
4.107999999999999985e-01
-4.884999999999999898e-01
-5.132999999999999785e-01
1.190999999999999975e-01
9.575000000000000178e-01
-8.698000000000000176e-01
4.234999999999999876e-01
3.420000000000000123e-02
6.312999999999999723e-01
-6.098000000000000087e-01
-8.454000000000000403e-01
8.941000000000000059e-01
4.045000000000000262e-01
-6.253999999999999559e-01
9.415999999999999925e-01
-9.423000000000000265e-01
6.733999999999999986e-01
-4.974999999999999978e-01
8.219999999999999529e-01
2.472000000000000031e-01
5.750999999999999446e-01
1.728000000000000091e-01
6.895000000000000018e-01
-1.579000000000000126e-01
-2.572999999999999732e-01
2.071999999999999953e-01
6.761000000000000343e-01
4.752000000000000113e-01
5.279000000000000359e-01
8.849000000000000199e-01
-8.349999999999999645e-01
2.917000000000000148e-01
7.421999999999999709e-01
1.241000000000000020e-01
7.670000000000000151e-01
-7.658000000000000362e-01
-9.172000000000000153e-01
2.494000000000000106e-01
-1.764000000000000012e-01
2.701000000000000068e-01
-2.955999999999999739e-01
9.967000000000000304e-01
-2.159999999999999976e-01
7.097999999999999865e-01
4.479000000000000203e-01
-4.677000000000000046e-01
-6.185000000000000497e-01
9.495000000000000107e-01
1.378999999999999948e-01
-6.959999999999999520e-02
4.151000000000000245e-01
-3.301999999999999935e-01
-3.286999999999999922e-01
