3.487999999999999989e-01
1.580000000000000154e-02
8.450000000000000566e-02
-1.683999999999999941e-01
3.886999999999999900e-01
7.449000000000000066e-01
1.340999999999999970e-01
-1.605000000000000038e-01
8.915999999999999481e-01
-7.651999999999999913e-01
-3.239000000000000212e-01
3.633000000000000118e-01
4.652999999999999914e-01
-6.070999999999999730e-01
4.993000000000000216e-01
-6.090999999999999748e-01
3.291000000000000036e-01
-3.382999999999999896e-01
-2.260000000000000064e-01
-7.489999999999999436e-02
9.428999999999999604e-01
-1.635999999999999954e-01
6.223999999999999533e-01
-4.549999999999999878e-02
5.621000000000000441e-01
8.519999999999999796e-02
-5.399000000000000465e-01
5.199000000000000288e-01
9.406999999999999806e-01
-9.393000000000000238e-01
-8.324000000000000288e-01
3.136999999999999789e-01
7.927999999999999492e-01
-1.439000000000000001e-01
7.325000000000000400e-01
1.540999999999999870e-01
-9.041000000000000147e-01
3.899000000000000243e-01
4.596999999999999975e-01
-2.533000000000000251e-01
8.161000000000000476e-01
-1.388999999999999957e-01
4.179999999999999688e-02
-4.374000000000000110e-01
4.131000000000000227e-01
-2.054999999999999882e-01
-1.935999999999999943e-01
7.540000000000000036e-01
2.439999999999999947e-01
8.870000000000000107e-02
-7.322999999999999510e-01
-2.394000000000000017e-01
-8.191000000000000503e-01
7.547000000000000375e-01
1.892000000000000071e-01
-4.139999999999999930e-02
7.437000000000000277e-01
2.740000000000000213e-01
2.817999999999999949e-01
2.666999999999999926e-01
-7.747000000000000552e-01
-8.778000000000000247e-01
3.942999999999999838e-01
1.500000000000000031e-03
-9.919999999999999651e-02
1.272999999999999965e-01
8.302000000000000490e-01
-2.129000000000000059e-01
4.639999999999999680e-02
1.580000000000000016e-01
7.337000000000000188e-01
-2.116000000000000103e-01
8.266999999999999904e-01
-2.295999999999999985e-01
3.123000000000000220e-01
4.343000000000000194e-01
5.980999999999999650e-01
-5.554999999999999938e-01
-8.872999999999999776e-01
-4.162000000000000144e-01
6.495999999999999552e-01
3.141999999999999793e-01
5.557999999999999607e-01
-3.943999999999999728e-01
-2.046000000000000041e-01
7.055000000000000160e-01
-7.563999999999999613e-01
5.575999999999999845e-01
-4.469999999999999668e-02
-2.396000000000000074e-01
7.532999999999999696e-01
3.992999999999999883e-01
8.296000000000000041e-01
9.147999999999999465e-01
1.933999999999999886e-01
-6.243999999999999551e-01
-8.238999999999999657e-01
-4.369000000000000106e-01
5.816999999999999948e-01
7.129999999999999671e-01
-2.748999999999999777e-01
-5.464999999999999858e-01
-6.179999999999999938e-01
-3.428999999999999826e-01
3.895000000000000129e-01
7.717000000000000526e-01
6.584999999999999742e-01
1.006999999999999978e-01
-2.587999999999999745e-01
-8.266999999999999904e-01
4.627000000000000002e-01
9.778000000000000025e-01
8.421999999999999487e-01
7.367000000000000215e-01
-1.280000000000000027e-01
-8.313000000000000389e-01
-1.119999999999999989e-02
-6.641000000000000236e-01
-4.264000000000000012e-01
-8.559999999999999554e-02
8.605000000000000426e-01
-7.601999999999999869e-01
-9.612000000000000544e-01
3.379999999999999671e-02
4.549000000000000266e-01
4.561000000000000054e-01
5.837999999999999856e-01
3.839999999999999664e-02
1.029000000000000054e-01
-4.325999999999999845e-01
1.799999999999999933e-01
6.619999999999999496e-02
-6.489999999999999936e-02
2.541999999999999815e-01
-3.588999999999999968e-01
4.868999999999999995e-01
2.934999999999999831e-01
3.002000000000000224e-01
-9.387999999999999678e-01
-9.608999999999999764e-01
-4.662000000000000033e-01
-7.155000000000000249e-01
-7.979999999999999594e-02
1.360000000000000098e-01
-7.809000000000000385e-01
