-7.616000000000000547e-01
7.802000000000000046e-01
9.677000000000000046e-01
-6.268000000000000238e-01
4.457999999999999741e-01
7.973999999999999977e-01
3.099000000000000088e-01
2.154999999999999971e-01
-6.912000000000000366e-01
1.424999999999999878e-01
-9.697999999999999954e-01
6.392999999999999794e-01
5.209000000000000297e-01
-3.684999999999999942e-01
9.788000000000000034e-01
-7.455000000000000515e-01
-7.173000000000000487e-01
6.181999999999999718e-01
8.365000000000000213e-01
6.475999999999999535e-01
1.016999999999999987e-01
-3.205000000000000071e-01
8.290000000000000147e-02
2.717999999999999861e-01
3.245999999999999996e-01
2.585000000000000075e-01
1.267999999999999960e-01
9.809999999999999831e-01
5.099999999999999672e-02
3.099999999999999891e-03
5.079999999999999793e-02
7.415000000000000480e-01
-7.806999999999999496e-01
9.317999999999999616e-01
-5.118000000000000327e-01
-5.626999999999999780e-01
-8.568999999999999950e-01
-4.738999999999999879e-01
3.025999999999999801e-01
-5.496999999999999664e-01
9.707999999999999963e-01
9.009000000000000341e-01
5.070000000000000062e-01
9.932999999999999607e-01
-3.140999999999999903e-01
-1.132999999999999979e-01
-8.375000000000000222e-01
-6.525999999999999579e-01
-5.460000000000000270e-02
5.789999999999999591e-01
-5.548999999999999488e-01
-3.130000000000000143e-02
-1.428999999999999992e-01
-6.222999999999999643e-01
-2.288000000000000034e-01
1.600000000000000033e-01
-5.924000000000000377e-01
8.652999999999999581e-01
-1.453000000000000125e-01
-2.456000000000000127e-01
6.314999999999999503e-01
-8.864999999999999547e-01
-8.353000000000000425e-01
6.844000000000000083e-01
-5.355999999999999650e-01
6.072999999999999510e-01
9.665000000000000258e-01
-5.607999999999999652e-01
1.242999999999999938e-01
2.437999999999999889e-01
9.940000000000000224e-02
8.072000000000000286e-01
-8.789000000000000146e-01
-5.844000000000000306e-01
-4.621000000000000107e-01
-1.029000000000000054e-01
2.142999999999999905e-01
6.522000000000000020e-01
4.814999999999999836e-01
-5.540000000000000480e-01
3.316000000000000059e-01
-9.121000000000000218e-01
-5.646999999999999797e-01
-5.745999999999999996e-01
7.848000000000000531e-01
-4.734999999999999765e-01
-9.989999999999999991e-01
-4.199999999999999845e-01
-9.640999999999999570e-01
-8.829000000000000181e-01
9.687000000000000055e-01
-4.894999999999999907e-01
-7.070999999999999508e-01
1.859000000000000097e-01
-3.191999999999999837e-01
8.831999999999999851e-01
-5.076000000000000512e-01
-6.985000000000000098e-01
-4.323000000000000176e-01
-8.224000000000000199e-01
-8.252000000000000446e-01
-4.209999999999999853e-02
-7.907999999999999474e-01
-8.401999999999999469e-01
5.774000000000000243e-01
-1.081000000000000016e-01
1.814000000000000057e-01
-9.547999999999999821e-01
3.509999999999999787e-01
7.037999999999999812e-01
-9.029000000000000359e-01
7.531999999999999806e-01
4.116000000000000214e-01
-5.809999999999999609e-01
-3.824000000000000177e-01
-4.894000000000000017e-01
-6.770000000000000462e-01
1.590000000000000094e-02
4.070000000000000007e-02
1.227000000000000035e-01
-2.958000000000000074e-01
-6.238000000000000211e-01
-6.439999999999999891e-02
2.091000000000000081e-01
-8.831999999999999851e-01
8.175000000000000044e-01
6.159999999999999920e-01
8.676000000000000378e-01
-8.126999999999999780e-01
-2.180999999999999883e-01
-1.287000000000000088e-01
1.008000000000000007e-01
3.996999999999999997e-01
9.464000000000000190e-01
-8.236999999999999877e-01
5.099999999999999672e-02
3.709000000000000075e-01
5.850999999999999535e-01
-1.272999999999999965e-01
2.151000000000000134e-01
6.141999999999999682e-01
9.838000000000000078e-01
-4.733999999999999875e-01
-9.513000000000000345e-01
-6.906999999999999806e-01
