7.457000000000000295e-01
-8.897000000000000464e-01
3.436000000000000165e-01
-2.389999999999999902e-01
-8.730999999999999872e-01
3.914000000000000257e-01
-4.309999999999999942e-02
5.251000000000000112e-01
-5.493999999999999995e-01
4.838000000000000078e-01
-8.992999999999999883e-01
5.682000000000000384e-01
-6.515999999999999570e-01
1.479999999999999927e-01
-4.912000000000000255e-01
-5.565999999999999837e-01
-5.060999999999999943e-01
-8.539999999999999813e-01
1.834999999999999964e-01
-1.774999999999999911e-01
-5.199000000000000288e-01
1.308999999999999886e-01
-1.187000000000000000e-01
8.486000000000000210e-01
9.266999999999999682e-01
-1.121999999999999942e-01
9.831999999999999629e-01
9.849999999999999867e-01
-2.862999999999999989e-01
8.628000000000000114e-01
-1.759000000000000008e-01
-5.079000000000000181e-01
-1.421000000000000041e-01
-2.207999999999999963e-01
-6.687999999999999501e-01
9.807000000000000162e-01
9.012000000000000011e-01
-2.309999999999999901e-02
-6.671000000000000263e-01
3.053000000000000158e-01
3.058000000000000163e-01
4.737000000000000099e-01
-3.653000000000000136e-01
3.951999999999999957e-01
-1.539000000000000090e-01
-8.276000000000000023e-01
5.268000000000000460e-01
-2.529999999999999957e-02
1.829999999999999960e-01
8.608000000000000096e-01
2.874999999999999778e-01
8.314000000000000279e-01
-5.178000000000000380e-01
7.902000000000000135e-01
-2.693999999999999728e-01
-8.169999999999999485e-01
6.082999999999999519e-01
2.711000000000000076e-01
-7.540000000000000036e-01
-4.062999999999999945e-01
-6.059999999999999831e-01
8.519999999999999796e-02
6.470000000000000195e-01
2.927000000000000157e-01
1.026999999999999996e-01
5.160000000000000142e-01
8.639999999999999902e-01
-5.725000000000000089e-01
4.324000000000000066e-01
-9.629999999999999671e-01
8.820000000000000062e-02
-5.149000000000000243e-01
-7.069999999999999618e-01
4.878000000000000114e-01
2.733999999999999764e-01
5.644000000000000128e-01
-7.235000000000000320e-01
5.623000000000000220e-01
9.977000000000000313e-01
7.358000000000000096e-01
-2.487000000000000044e-01
-5.043999999999999595e-01
6.263999999999999568e-01
-6.260000000000000286e-02
2.695000000000000173e-01
7.571999999999999842e-01
3.069999999999999951e-01
2.492999999999999938e-01
3.383999999999999786e-01
3.875000000000000111e-01
-7.429999999999999938e-01
-9.626000000000000112e-01
4.665000000000000258e-01
6.975999999999999979e-01
8.099999999999999561e-03
8.577000000000000179e-01
7.952000000000000179e-01
6.490000000000000213e-01
6.763000000000000123e-01
-2.159999999999999976e-01
9.028000000000000469e-01
-4.924999999999999933e-01
3.934000000000000274e-01
4.928000000000000158e-01
-2.384999999999999898e-01
-9.929999999999999938e-02
-8.970000000000000195e-02
5.217000000000000526e-01
-9.619999999999999662e-01
-3.388999999999999790e-01
4.848000000000000087e-01
-9.334999999999999964e-01
4.606999999999999984e-01
4.583999999999999742e-01
-2.862999999999999989e-01
-1.849999999999999978e-01
-8.944999999999999618e-01
-7.266000000000000236e-01
-1.262999999999999956e-01
-5.399999999999999939e-02
8.568000000000000060e-01
-7.446000000000000396e-01
4.561999999999999944e-01
2.296999999999999875e-01
-8.464000000000000412e-01
5.705000000000000071e-01
-1.004000000000000031e-01
3.793000000000000260e-01
-9.242000000000000215e-01
-6.550000000000000266e-02
4.599999999999999922e-02
-2.097999999999999865e-01
7.778000000000000469e-01
-5.089000000000000190e-01
-4.259999999999999898e-02
-4.064999999999999725e-01
4.549000000000000266e-01
5.129000000000000226e-01
2.368999999999999995e-01
8.974999999999999645e-01
-1.668999999999999928e-01
6.097000000000000197e-01
-6.006000000000000227e-01
1.905000000000000027e-01
-4.378000000000000225e-01
