-2.365194000000000329e+01 8.792902311990453690e-01 0.000000000000000000e+00 9.415610721165420527e-01
-2.260447800000001806e+01 8.403495310217152792e-01 0.000000000000000000e+00 9.555250643504963337e-01
-2.278827000000000780e+01 8.471822267825080965e-01 0.000000000000000000e+00 9.801679503065179322e-01
-2.264699800000002128e+01 8.419302648063683447e-01 0.000000000000000000e+00 9.097964929487353247e-01
-2.383165000000001399e+01 8.859711735424129486e-01 0.000000000000000000e+00 8.044403339018256771e-01
-2.415003200000000305e+01 8.978074196342602509e-01 0.000000000000000000e+00 1.021329142811246538e+00
-2.310861000000000232e+01 8.590912639550316587e-01 0.000000000000000000e+00 8.816833767678092793e-01
-2.493418200000002116e+01 9.269591693340627492e-01 2.000000000000000096e-04 8.040771941910687115e-01
-2.459282200000001950e+01 9.142686875671502955e-01 1.000000000000000048e-04 8.162117455982399461e-01
-2.497709800000000868e+01 9.285546249103125982e-01 2.999999999999999737e-04 6.875179997614314642e-01
-2.474383000000000266e+01 9.198825974296347407e-01 0.000000000000000000e+00 7.522133559225618882e-01
-2.512309200000001397e+01 9.339821330983799630e-01 2.999999999999999737e-04 6.645368749115219131e-01
-2.538511600000000001e+01 9.437232005769752297e-01 2.000000000000000096e-04 5.904347213244280912e-01
-2.479830200000002804e+01 9.219076616515926581e-01 1.000000000000000048e-04 7.381028750366536162e-01
-2.468492600000000792e+01 9.176927681057592823e-01 1.000000000000000048e-04 6.303254799151806198e-01
-2.476104800000001660e+01 9.205226979541920596e-01 1.000000000000000048e-04 6.899338674910162617e-01
-2.544874800000002679e+01 9.460887991702272570e-01 0.000000000000000000e+00 6.000991905350385736e-01
-2.555898600000000087e+01 9.501870336705218190e-01 5.999999999999999474e-04 6.964814231056803973e-01
-2.524141799999999236e+01 9.383810490391797376e-01 2.999999999999999737e-04 9.048528238360317166e-01
-2.582904600000000528e+01 9.602268494250695285e-01 5.000000000000000104e-04 6.441699385890488072e-01
-2.576238799999999785e+01 9.577487555253187956e-01 2.999999999999999737e-04 6.840572486645438710e-01
-2.488383800000000790e+01 9.250875686366359929e-01 2.000000000000000096e-04 8.186119775904491247e-01
-2.505934600000001566e+01 9.316122964136085427e-01 2.999999999999999737e-04 8.501604026216813548e-01
-2.591205600000001041e+01 9.633128492243180352e-01 8.000000000000000383e-04 6.486984311759215194e-01
-2.633207799999999565e+01 9.789276884928378442e-01 1.299999999999999940e-03 4.273163291610530545e-01
-2.663762799999998876e+01 9.902868890549423320e-01 2.799999999999999972e-03 2.258343569606679757e-01
-2.574184000000000339e+01 9.569848581168747259e-01 5.000000000000000104e-04 6.144219499051553068e-01
-2.674901200000000046e+01 9.944277275278914363e-01 3.399999999999999811e-03 1.169290843359185039e-01
-2.616452400000000367e+01 9.726986605400221864e-01 5.999999999999999474e-04 5.275302067314651122e-01
-2.624708800000000508e+01 9.757680797356027558e-01 8.000000000000000383e-04 4.624596933088920281e-01
-2.649463800000000901e+01 9.849710582960644611e-01 1.199999999999999895e-03 2.946106222515317286e-01
-2.643508800000000747e+01 9.827572131202393368e-01 1.100000000000000066e-03 3.137291243906270566e-01
-2.663295599999999652e+01 9.901132016550860948e-01 1.399999999999999986e-03 1.669015849371880966e-01
-2.677433399999999963e+01 9.953691043128156668e-01 3.700000000000000164e-03 9.829064735556346244e-02
-2.668811600000000439e+01 9.921638431311319284e-01 2.099999999999999870e-03 1.469862184977993869e-01
-2.677251799999999449e+01 9.953015922584191877e-01 3.799999999999999992e-03 1.032560692373257621e-01
-2.681796600000000197e+01 9.969911780779140420e-01 5.300000000000000024e-03 8.637785469562320184e-02
-2.684551800000000199e+01 9.980154578811772925e-01 6.899999999999999883e-03 8.004255481816027751e-02
-2.681452200000000019e+01 9.968631431025060108e-01 5.100000000000000366e-03 8.651644741161812480e-02
-2.679343599999999626e+01 9.960792448761843776e-01 4.000000000000000083e-03 8.716848137632404736e-02
-2.678053800000000351e+01 9.955997457145088214e-01 3.500000000000000073e-03 8.890307374445564903e-02
-2.687479200000000290e+01 9.991037551721446697e-01 8.600000000000000006e-03 6.005218215700564716e-02
-2.683174200000000198e+01 9.975033179795456117e-01 6.100000000000000387e-03 8.441366778603402732e-02
-2.689890000000000114e+01 1.000000000000000000e+00 1.159999999999999920e-02 0.000000000000000000e+00
-2.687651400000000024e+01 9.991677726598484632e-01 8.699999999999999400e-03 5.820319860001454265e-02
-2.689373400000000203e+01 9.998079475368881752e-01 9.700000000000000289e-03 2.952310589721519885e-02
-2.686273800000000378e+01 9.986556327582170045e-01 7.900000000000000772e-03 7.049182312348528656e-02
-2.672288400000000053e+01 9.934563866923925568e-01 2.799999999999999972e-03 1.216437576771539908e-01
-2.675269599999999670e+01 9.945646848012370533e-01 2.899999999999999800e-03 9.931564202840925670e-02
-2.688168000000000291e+01 9.993598251229605101e-01 8.999999999999999320e-03 5.192025353629096257e-02
-2.685585000000000377e+01 9.983995628074011641e-01 7.499999999999999722e-03 7.494043088892797522e-02
-2.689890000000000114e+01 1.000000000000000000e+00 1.710000000000000062e-02 0.000000000000000000e+00
-2.689545599999999936e+01 9.998719650245919688e-01 9.799999999999999684e-03 2.422945165026913622e-02
-2.687651400000000024e+01 9.991677726598484632e-01 8.699999999999999400e-03 5.820319860001454265e-02
-2.688512399999999758e+01 9.994878600983682082e-01 9.199999999999999845e-03 4.695203897208690552e-02
-2.685757200000000111e+01 9.984635802951049577e-01 7.599999999999999985e-03 7.391421464963783550e-02
-2.682313199999999753e+01 9.971832305410257558e-01 5.599999999999999943e-03 8.590845360032975386e-02
-2.686446000000000112e+01 9.987196502459207981e-01 8.000000000000000167e-03 6.922700471505457975e-02
-2.687479200000000290e+01 9.991037551721446697e-01 8.600000000000000006e-03 6.005218215700564716e-02
-2.676518800000000198e+01 9.950290904089015287e-01 3.200000000000000153e-03 9.480549069893919045e-02
-2.678356000000000492e+01 9.957120923160428516e-01 3.799999999999999992e-03 9.263097852132499976e-02
-2.686618199999999845e+01 9.987836677336247027e-01 8.099999999999999561e-03 6.789454148631075825e-02
-2.685757200000000111e+01 9.984635802951049577e-01 7.599999999999999985e-03 7.391421464963783550e-02
-2.688856799999999936e+01 9.996158950737762394e-01 9.400000000000000369e-03 4.110125678237724206e-02
-2.686618199999999845e+01 9.987836677336247027e-01 8.099999999999999561e-03 6.789454148631075825e-02
-2.689890000000000114e+01 1.000000000000000000e+00 1.370000000000000037e-02 0.000000000000000000e+00
-2.687995800000000202e+01 9.992958076352564945e-01 8.899999999999999925e-03 5.415105169800495111e-02
-2.689890000000000114e+01 1.000000000000000000e+00 1.129999999999999928e-02 0.000000000000000000e+00
-2.689890000000000114e+01 1.000000000000000000e+00 1.209999999999999964e-02 0.000000000000000000e+00
-2.670876400000000217e+01 9.929314581637167514e-01 2.200000000000000133e-03 1.145443988022534360e-01
-2.673459000000000074e+01 9.938915717743104228e-01 3.099999999999999891e-03 1.209007318823874938e-01
-2.689890000000000114e+01 1.000000000000000000e+00 1.890000000000000013e-02 0.000000000000000000e+00
-2.689890000000000114e+01 1.000000000000000000e+00 2.259999999999999856e-02 0.000000000000000000e+00
-2.688684600000000202e+01 9.995518775860723348e-01 9.299999999999999239e-03 4.415765927590906831e-02
-2.683518600000000021e+01 9.976313529549535319e-01 6.300000000000000044e-03 8.355774029757133403e-02
-2.687306999999999846e+01 9.990397376844405430e-01 8.500000000000000611e-03 6.179746243687008617e-02
-2.677659199999999728e+01 9.954530482659140755e-01 3.799999999999999992e-03 9.853485224564294265e-02
-2.688684600000000202e+01 9.995518775860723348e-01 9.299999999999999239e-03 4.415765927590906831e-02
-2.676775400000000005e+01 9.951244846443534353e-01 3.099999999999999891e-03 9.083079109036205911e-02
-2.679228400000000576e+01 9.960364178460830997e-01 4.400000000000000265e-03 9.687986387398782318e-02
-2.678183799999999692e+01 9.956480748283385029e-01 3.700000000000000164e-03 9.206401679200608423e-02
-2.689717800000000025e+01 9.999359825122959844e-01 9.900000000000000813e-03 1.721999999999996450e-02
-2.684551800000000199e+01 9.980154578811772925e-01 6.899999999999999883e-03 8.004255481816027751e-02
-2.689373400000000203e+01 9.998079475368881752e-01 9.700000000000000289e-03 2.952310589721519885e-02
-2.689890000000000114e+01 1.000000000000000000e+00 1.149999999999999981e-02 0.000000000000000000e+00
-2.689890000000000114e+01 1.000000000000000000e+00 1.140000000000000041e-02 0.000000000000000000e+00
-2.687479200000000290e+01 9.991037551721446697e-01 8.600000000000000006e-03 6.005218215700564716e-02
-2.686618199999999845e+01 9.987836677336247027e-01 8.099999999999999561e-03 6.789454148631075825e-02
-2.688168000000000291e+01 9.993598251229605101e-01 8.999999999999999320e-03 5.192025353629096257e-02
-2.678516800000000231e+01 9.957718717122261420e-01 3.799999999999999992e-03 9.113790735789227548e-02
-2.673588200000000015e+01 9.939396034782090883e-01 2.099999999999999870e-03 9.377165083867343431e-02
-2.689890000000000114e+01 1.000000000000000000e+00 1.359999999999999924e-02 0.000000000000000000e+00
-2.686101600000000289e+01 9.985916152705129889e-01 7.799999999999999642e-03 7.169257702161367651e-02
-2.683078399999999419e+01 9.974677031402768845e-01 6.199999999999999782e-03 8.816266957772270207e-02
-2.679025400000000090e+01 9.959609500760253642e-01 4.499999999999999660e-03 1.007629315158940081e-01
-2.689201199999999758e+01 9.997439300491840486e-01 9.599999999999999159e-03 3.391416759462582281e-02
-2.684379600000000110e+01 9.979514403934733879e-01 6.799999999999999621e-03 8.073186686354241748e-02
-2.689890000000000114e+01 1.000000000000000000e+00 1.030000000000000013e-02 0.000000000000000000e+00
-2.689890000000000114e+01 1.000000000000000000e+00 2.290000000000000022e-02 0.000000000000000000e+00
-2.688340200000000024e+01 9.994238426106643036e-01 9.100000000000000450e-03 4.952876519577471132e-02
-2.683174200000000198e+01 9.975033179795456117e-01 6.100000000000000387e-03 8.441366778603402732e-02
-2.683174200000000198e+01 9.975033179795456117e-01 6.100000000000000387e-03 8.441366778603402732e-02
-2.681968800000000286e+01 9.970551955656179466e-01 5.400000000000000286e-03 8.625640339866216810e-02
-2.688856799999999936e+01 9.996158950737762394e-01 9.400000000000000369e-03 4.110125678237724206e-02
-2.686101600000000289e+01 9.985916152705129889e-01 7.799999999999999642e-03 7.169257702161367651e-02
-2.688168000000000291e+01 9.993598251229605101e-01 8.999999999999999320e-03 5.192025353629096257e-02
-2.685929399999999845e+01 9.985275977828088623e-01 7.700000000000000247e-03 7.283243508218030515e-02
-2.686101600000000289e+01 9.985916152705129889e-01 7.799999999999999642e-03 7.169257702161367651e-02
-2.687134800000000112e+01 9.989757201967366385e-01 8.399999999999999481e-03 6.344759784836050132e-02
-2.689545599999999936e+01 9.998719650245919688e-01 9.799999999999999684e-03 2.422945165026913622e-02
-2.679216999999999871e+01 9.960321797545623745e-01 4.300000000000000003e-03 9.494322545925037993e-02
-2.689890000000000114e+01 1.000000000000000000e+00 1.250000000000000069e-02 0.000000000000000000e+00
-2.689890000000000114e+01 1.000000000000000000e+00 1.820000000000000090e-02 0.000000000000000000e+00
-2.687479200000000290e+01 9.991037551721446697e-01 8.600000000000000006e-03 6.005218215700564716e-02
-2.689890000000000114e+01 1.000000000000000000e+00 2.100000000000000130e-02 0.000000000000000000e+00
-2.685068400000000111e+01 9.982075103442891173e-01 7.199999999999999803e-03 7.770712006689553530e-02
-2.689890000000000114e+01 1.000000000000000000e+00 1.200000000000000025e-02 0.000000000000000000e+00
-2.688856799999999936e+01 9.996158950737762394e-01 9.400000000000000369e-03 4.110125678237724206e-02
-2.689890000000000114e+01 1.000000000000000000e+00 2.210000000000000159e-02 0.000000000000000000e+00
-2.689029000000000025e+01 9.996799125614801440e-01 9.499999999999999764e-03 3.771918971461709486e-02
-2.688168000000000291e+01 9.993598251229605101e-01 8.999999999999999320e-03 5.192025353629096257e-02
-2.689890000000000114e+01 1.000000000000000000e+00 4.279999999999999777e-02 0.000000000000000000e+00
-2.689890000000000114e+01 1.000000000000000000e+00 1.129999999999999928e-02 0.000000000000000000e+00
-2.687479200000000290e+01 9.991037551721446697e-01 8.600000000000000006e-03 6.005218215700564716e-02
-2.689890000000000114e+01 1.000000000000000000e+00 1.170000000000000033e-02 0.000000000000000000e+00
-2.680763400000000019e+01 9.966070731516901704e-01 4.700000000000000185e-03 8.637785469562320184e-02
-2.689890000000000114e+01 1.000000000000000000e+00 1.030000000000000013e-02 0.000000000000000000e+00
-2.689890000000000114e+01 1.000000000000000000e+00 1.020000000000000073e-02 0.000000000000000000e+00
-2.683346399999999932e+01 9.975673354672495163e-01 6.199999999999999782e-03 8.400462411514787731e-02
-2.689890000000000114e+01 1.000000000000000000e+00 1.990000000000000102e-02 0.000000000000000000e+00
-2.689545599999999936e+01 9.998719650245919688e-01 9.799999999999999684e-03 2.422945165026913622e-02
-2.680250200000000049e+01 9.964162846807861351e-01 4.899999999999999842e-03 9.662811141252582170e-02
-2.689890000000000114e+01 1.000000000000000000e+00 1.119999999999999989e-02 0.000000000000000000e+00
-2.689890000000000114e+01 1.000000000000000000e+00 1.110000000000000049e-02 0.000000000000000000e+00
-2.689890000000000114e+01 1.000000000000000000e+00 1.020000000000000073e-02 0.000000000000000000e+00
-2.689890000000000114e+01 1.000000000000000000e+00 1.190000000000000085e-02 0.000000000000000000e+00
-2.689890000000000114e+01 1.000000000000000000e+00 1.069999999999999944e-02 0.000000000000000000e+00
-2.688340200000000024e+01 9.994238426106643036e-01 9.100000000000000450e-03 4.952876519577471132e-02
-2.689890000000000114e+01 1.000000000000000000e+00 1.170000000000000033e-02 0.000000000000000000e+00
-2.675718000000000174e+01 9.947313830677091406e-01 3.700000000000000164e-03 1.167673885564929903e-01
-2.689890000000000114e+01 1.000000000000000000e+00 1.230000000000000017e-02 0.000000000000000000e+00
-2.689717800000000025e+01 9.999359825122959844e-01 9.900000000000000813e-03 1.721999999999996450e-02
-2.689890000000000114e+01 1.000000000000000000e+00 1.020000000000000073e-02 0.000000000000000000e+00
-2.689890000000000114e+01 1.000000000000000000e+00 2.560000000000000123e-02 0.000000000000000000e+00
-2.689890000000000114e+01 1.000000000000000000e+00 1.009999999999999960e-02 0.000000000000000000e+00
-2.689890000000000114e+01 1.000000000000000000e+00 2.649999999999999925e-02 0.000000000000000000e+00
-2.689890000000000114e+01 1.000000000000000000e+00 1.030000000000000013e-02 0.000000000000000000e+00
-2.689890000000000114e+01 1.000000000000000000e+00 1.540000000000000049e-02 0.000000000000000000e+00
-2.689890000000000114e+01 1.000000000000000000e+00 1.200000000000000025e-02 0.000000000000000000e+00
-2.689890000000000114e+01 1.000000000000000000e+00 2.809999999999999998e-02 0.000000000000000000e+00
-2.689890000000000114e+01 1.000000000000000000e+00 1.039999999999999952e-02 0.000000000000000000e+00
-2.689890000000000114e+01 1.000000000000000000e+00 2.239999999999999977e-02 0.000000000000000000e+00
-2.689890000000000114e+01 1.000000000000000000e+00 1.230000000000000017e-02 0.000000000000000000e+00
-2.689890000000000114e+01 1.000000000000000000e+00 1.930000000000000118e-02 0.000000000000000000e+00
-2.689890000000000114e+01 1.000000000000000000e+00 1.149999999999999981e-02 0.000000000000000000e+00
-2.689890000000000114e+01 1.000000000000000000e+00 1.099999999999999936e-02 0.000000000000000000e+00
-2.689890000000000114e+01 1.000000000000000000e+00 1.159999999999999920e-02 0.000000000000000000e+00
-2.689890000000000114e+01 1.000000000000000000e+00 1.170000000000000033e-02 0.000000000000000000e+00
-2.689890000000000114e+01 1.000000000000000000e+00 1.129999999999999928e-02 0.000000000000000000e+00
-2.689890000000000114e+01 1.000000000000000000e+00 2.330000000000000127e-02 0.000000000000000000e+00
-2.689890000000000114e+01 1.000000000000000000e+00 1.909999999999999892e-02 0.000000000000000000e+00
-2.689890000000000114e+01 1.000000000000000000e+00 1.119999999999999989e-02 0.000000000000000000e+00
-2.687134800000000112e+01 9.989757201967366385e-01 8.399999999999999481e-03 6.344759784836050132e-02
-2.689717800000000025e+01 9.999359825122959844e-01 9.900000000000000813e-03 1.721999999999996450e-02
-2.689890000000000114e+01 1.000000000000000000e+00 1.319999999999999993e-02 0.000000000000000000e+00
-2.689890000000000114e+01 1.000000000000000000e+00 1.209999999999999964e-02 0.000000000000000000e+00
-2.689890000000000114e+01 1.000000000000000000e+00 1.209999999999999964e-02 0.000000000000000000e+00
-2.689890000000000114e+01 1.000000000000000000e+00 1.089999999999999997e-02 0.000000000000000000e+00
-2.689890000000000114e+01 1.000000000000000000e+00 1.760000000000000106e-02 0.000000000000000000e+00
-2.689890000000000114e+01 1.000000000000000000e+00 1.820000000000000090e-02 0.000000000000000000e+00
-2.689890000000000114e+01 1.000000000000000000e+00 1.129999999999999928e-02 0.000000000000000000e+00
-2.689890000000000114e+01 1.000000000000000000e+00 1.220000000000000077e-02 0.000000000000000000e+00
-2.689890000000000114e+01 1.000000000000000000e+00 1.179999999999999973e-02 0.000000000000000000e+00
-2.689890000000000114e+01 1.000000000000000000e+00 1.159999999999999920e-02 0.000000000000000000e+00
-2.689890000000000114e+01 1.000000000000000000e+00 1.349999999999999985e-02 0.000000000000000000e+00
-2.689890000000000114e+01 1.000000000000000000e+00 1.499999999999999944e-02 0.000000000000000000e+00
-2.689890000000000114e+01 1.000000000000000000e+00 1.159999999999999920e-02 0.000000000000000000e+00
-2.689717800000000025e+01 9.999359825122959844e-01 9.900000000000000813e-03 1.721999999999996450e-02
-2.689890000000000114e+01 1.000000000000000000e+00 1.220000000000000077e-02 0.000000000000000000e+00
-2.689890000000000114e+01 1.000000000000000000e+00 1.230000000000000017e-02 0.000000000000000000e+00
-2.689890000000000114e+01 1.000000000000000000e+00 1.159999999999999920e-02 0.000000000000000000e+00
-2.689890000000000114e+01 1.000000000000000000e+00 1.060000000000000005e-02 0.000000000000000000e+00
-2.689890000000000114e+01 1.000000000000000000e+00 1.039999999999999952e-02 0.000000000000000000e+00
-2.689890000000000114e+01 1.000000000000000000e+00 1.269999999999999948e-02 0.000000000000000000e+00
-2.689890000000000114e+01 1.000000000000000000e+00 1.140000000000000041e-02 0.000000000000000000e+00
-2.689890000000000114e+01 1.000000000000000000e+00 1.190000000000000085e-02 0.000000000000000000e+00
-2.689890000000000114e+01 1.000000000000000000e+00 1.140000000000000041e-02 0.000000000000000000e+00
-2.689890000000000114e+01 1.000000000000000000e+00 1.149999999999999981e-02 0.000000000000000000e+00
-2.689890000000000114e+01 1.000000000000000000e+00 1.179999999999999973e-02 0.000000000000000000e+00
-2.689890000000000114e+01 1.000000000000000000e+00 1.069999999999999944e-02 0.000000000000000000e+00
-2.689890000000000114e+01 1.000000000000000000e+00 1.009999999999999960e-02 0.000000000000000000e+00
-2.689890000000000114e+01 1.000000000000000000e+00 1.250000000000000069e-02 0.000000000000000000e+00
-2.689890000000000114e+01 1.000000000000000000e+00 1.370000000000000037e-02 0.000000000000000000e+00
-2.689890000000000114e+01 1.000000000000000000e+00 1.119999999999999989e-02 0.000000000000000000e+00
-2.689890000000000114e+01 1.000000000000000000e+00 1.179999999999999973e-02 0.000000000000000000e+00
-2.689890000000000114e+01 1.000000000000000000e+00 1.220000000000000077e-02 0.000000000000000000e+00
-2.689890000000000114e+01 1.000000000000000000e+00 1.080000000000000057e-02 0.000000000000000000e+00
-2.689890000000000114e+01 1.000000000000000000e+00 1.129999999999999928e-02 0.000000000000000000e+00
-2.689890000000000114e+01 1.000000000000000000e+00 1.170000000000000033e-02 0.000000000000000000e+00
-2.689890000000000114e+01 1.000000000000000000e+00 1.179999999999999973e-02 0.000000000000000000e+00
-2.689890000000000114e+01 1.000000000000000000e+00 1.179999999999999973e-02 0.000000000000000000e+00
-2.689890000000000114e+01 1.000000000000000000e+00 1.260000000000000009e-02 0.000000000000000000e+00
-2.689890000000000114e+01 1.000000000000000000e+00 1.060000000000000005e-02 0.000000000000000000e+00
-2.689890000000000114e+01 1.000000000000000000e+00 1.020000000000000073e-02 0.000000000000000000e+00
-2.689890000000000114e+01 1.000000000000000000e+00 1.239999999999999956e-02 0.000000000000000000e+00
-2.689890000000000114e+01 1.000000000000000000e+00 1.149999999999999981e-02 0.000000000000000000e+00
-2.689890000000000114e+01 1.000000000000000000e+00 1.580000000000000154e-02 0.000000000000000000e+00
-2.689890000000000114e+01 1.000000000000000000e+00 1.239999999999999956e-02 0.000000000000000000e+00
-2.689890000000000114e+01 1.000000000000000000e+00 1.080000000000000057e-02 0.000000000000000000e+00
-2.689717800000000025e+01 9.999359825122959844e-01 9.900000000000000813e-03 1.721999999999996450e-02
-2.689201199999999758e+01 9.997439300491840486e-01 9.599999999999999159e-03 3.391416759462582281e-02
-2.689890000000000114e+01 1.000000000000000000e+00 1.080000000000000057e-02 0.000000000000000000e+00
-2.689890000000000114e+01 1.000000000000000000e+00 1.209999999999999964e-02 0.000000000000000000e+00
-2.689890000000000114e+01 1.000000000000000000e+00 1.069999999999999944e-02 0.000000000000000000e+00
-2.689890000000000114e+01 1.000000000000000000e+00 1.250000000000000069e-02 0.000000000000000000e+00
-2.689890000000000114e+01 1.000000000000000000e+00 1.129999999999999928e-02 0.000000000000000000e+00
-2.689890000000000114e+01 1.000000000000000000e+00 1.190000000000000085e-02 0.000000000000000000e+00
-2.689373400000000203e+01 9.998079475368881752e-01 9.700000000000000289e-03 2.952310589721519885e-02
-2.689890000000000114e+01 1.000000000000000000e+00 1.099999999999999936e-02 0.000000000000000000e+00
-2.689890000000000114e+01 1.000000000000000000e+00 1.370000000000000037e-02 0.000000000000000000e+00
-2.689890000000000114e+01 1.000000000000000000e+00 1.039999999999999952e-02 0.000000000000000000e+00
-2.689890000000000114e+01 1.000000000000000000e+00 1.179999999999999973e-02 0.000000000000000000e+00
-2.689890000000000114e+01 1.000000000000000000e+00 1.209999999999999964e-02 0.000000000000000000e+00
-2.689890000000000114e+01 1.000000000000000000e+00 1.159999999999999920e-02 0.000000000000000000e+00
-2.689890000000000114e+01 1.000000000000000000e+00 1.140000000000000041e-02 0.000000000000000000e+00
-2.689890000000000114e+01 1.000000000000000000e+00 1.190000000000000085e-02 0.000000000000000000e+00
-2.689890000000000114e+01 1.000000000000000000e+00 1.129999999999999928e-02 0.000000000000000000e+00
-2.689890000000000114e+01 1.000000000000000000e+00 1.080000000000000057e-02 0.000000000000000000e+00
-2.689890000000000114e+01 1.000000000000000000e+00 1.099999999999999936e-02 0.000000000000000000e+00
-2.689890000000000114e+01 1.000000000000000000e+00 1.099999999999999936e-02 0.000000000000000000e+00
-2.689890000000000114e+01 1.000000000000000000e+00 1.239999999999999956e-02 0.000000000000000000e+00
-2.689890000000000114e+01 1.000000000000000000e+00 1.149999999999999981e-02 0.000000000000000000e+00
-2.689890000000000114e+01 1.000000000000000000e+00 1.190000000000000085e-02 0.000000000000000000e+00
-2.689890000000000114e+01 1.000000000000000000e+00 1.370000000000000037e-02 0.000000000000000000e+00
-2.689890000000000114e+01 1.000000000000000000e+00 1.110000000000000049e-02 0.000000000000000000e+00
-2.689890000000000114e+01 1.000000000000000000e+00 1.099999999999999936e-02 0.000000000000000000e+00
-2.689890000000000114e+01 1.000000000000000000e+00 1.220000000000000077e-02 0.000000000000000000e+00
-2.689890000000000114e+01 1.000000000000000000e+00 1.239999999999999956e-02 0.000000000000000000e+00
-2.689890000000000114e+01 1.000000000000000000e+00 1.239999999999999956e-02 0.000000000000000000e+00
-2.689890000000000114e+01 1.000000000000000000e+00 1.179999999999999973e-02 0.000000000000000000e+00
-2.689890000000000114e+01 1.000000000000000000e+00 1.159999999999999920e-02 0.000000000000000000e+00
-2.689890000000000114e+01 1.000000000000000000e+00 1.269999999999999948e-02 0.000000000000000000e+00
-2.689890000000000114e+01 1.000000000000000000e+00 1.260000000000000009e-02 0.000000000000000000e+00
-2.689890000000000114e+01 1.000000000000000000e+00 1.269999999999999948e-02 0.000000000000000000e+00
-2.689890000000000114e+01 1.000000000000000000e+00 1.170000000000000033e-02 0.000000000000000000e+00
-2.689890000000000114e+01 1.000000000000000000e+00 1.200000000000000025e-02 0.000000000000000000e+00
-2.689890000000000114e+01 1.000000000000000000e+00 1.469999999999999953e-02 0.000000000000000000e+00
-2.689890000000000114e+01 1.000000000000000000e+00 1.119999999999999989e-02 0.000000000000000000e+00
-2.689890000000000114e+01 1.000000000000000000e+00 1.230000000000000017e-02 0.000000000000000000e+00
-2.689890000000000114e+01 1.000000000000000000e+00 1.099999999999999936e-02 0.000000000000000000e+00
-2.689890000000000114e+01 1.000000000000000000e+00 1.319999999999999993e-02 0.000000000000000000e+00
-2.689890000000000114e+01 1.000000000000000000e+00 1.119999999999999989e-02 0.000000000000000000e+00
-2.689890000000000114e+01 1.000000000000000000e+00 1.230000000000000017e-02 0.000000000000000000e+00
-2.689890000000000114e+01 1.000000000000000000e+00 1.319999999999999993e-02 0.000000000000000000e+00
-2.689890000000000114e+01 1.000000000000000000e+00 1.000000000000000021e-02 0.000000000000000000e+00
-2.689890000000000114e+01 1.000000000000000000e+00 1.569999999999999868e-02 0.000000000000000000e+00
-2.689890000000000114e+01 1.000000000000000000e+00 1.119999999999999989e-02 0.000000000000000000e+00
-2.689890000000000114e+01 1.000000000000000000e+00 1.290000000000000001e-02 0.000000000000000000e+00
-2.689890000000000114e+01 1.000000000000000000e+00 1.310000000000000053e-02 0.000000000000000000e+00
-2.689029000000000025e+01 9.996799125614801440e-01 9.499999999999999764e-03 3.771918971461709486e-02
-2.689890000000000114e+01 1.000000000000000000e+00 1.080000000000000057e-02 0.000000000000000000e+00
-2.689890000000000114e+01 1.000000000000000000e+00 1.159999999999999920e-02 0.000000000000000000e+00
-2.689890000000000114e+01 1.000000000000000000e+00 1.099999999999999936e-02 0.000000000000000000e+00
-2.689890000000000114e+01 1.000000000000000000e+00 1.269999999999999948e-02 0.000000000000000000e+00
-2.689890000000000114e+01 1.000000000000000000e+00 1.129999999999999928e-02 0.000000000000000000e+00
-2.687995800000000202e+01 9.992958076352564945e-01 8.899999999999999925e-03 5.415105169800495111e-02
-2.689890000000000114e+01 1.000000000000000000e+00 1.060000000000000005e-02 0.000000000000000000e+00
-2.689890000000000114e+01 1.000000000000000000e+00 1.319999999999999993e-02 0.000000000000000000e+00
-2.689890000000000114e+01 1.000000000000000000e+00 1.239999999999999956e-02 0.000000000000000000e+00
-2.689890000000000114e+01 1.000000000000000000e+00 1.149999999999999981e-02 0.000000000000000000e+00
-2.689890000000000114e+01 1.000000000000000000e+00 1.110000000000000049e-02 0.000000000000000000e+00
-2.689890000000000114e+01 1.000000000000000000e+00 1.020000000000000073e-02 0.000000000000000000e+00
-2.689890000000000114e+01 1.000000000000000000e+00 1.310000000000000053e-02 0.000000000000000000e+00
-2.689890000000000114e+01 1.000000000000000000e+00 1.420000000000000082e-02 0.000000000000000000e+00
-2.689890000000000114e+01 1.000000000000000000e+00 1.000000000000000021e-02 0.000000000000000000e+00
-2.689890000000000114e+01 1.000000000000000000e+00 1.020000000000000073e-02 0.000000000000000000e+00
-2.689890000000000114e+01 1.000000000000000000e+00 1.159999999999999920e-02 0.000000000000000000e+00
-2.689890000000000114e+01 1.000000000000000000e+00 1.290000000000000001e-02 0.000000000000000000e+00
-2.689890000000000114e+01 1.000000000000000000e+00 1.069999999999999944e-02 0.000000000000000000e+00
-2.689890000000000114e+01 1.000000000000000000e+00 1.179999999999999973e-02 0.000000000000000000e+00
-2.689890000000000114e+01 1.000000000000000000e+00 1.129999999999999928e-02 0.000000000000000000e+00
-2.689890000000000114e+01 1.000000000000000000e+00 1.209999999999999964e-02 0.000000000000000000e+00
-2.689890000000000114e+01 1.000000000000000000e+00 1.149999999999999981e-02 0.000000000000000000e+00
-2.689890000000000114e+01 1.000000000000000000e+00 1.290000000000000001e-02 0.000000000000000000e+00
-2.689890000000000114e+01 1.000000000000000000e+00 1.220000000000000077e-02 0.000000000000000000e+00
-2.689890000000000114e+01 1.000000000000000000e+00 1.269999999999999948e-02 0.000000000000000000e+00
-2.689890000000000114e+01 1.000000000000000000e+00 1.140000000000000041e-02 0.000000000000000000e+00
-2.689890000000000114e+01 1.000000000000000000e+00 1.129999999999999928e-02 0.000000000000000000e+00
-2.689890000000000114e+01 1.000000000000000000e+00 1.250000000000000069e-02 0.000000000000000000e+00
-2.689890000000000114e+01 1.000000000000000000e+00 1.370000000000000037e-02 0.000000000000000000e+00
-2.689890000000000114e+01 1.000000000000000000e+00 1.119999999999999989e-02 0.000000000000000000e+00
-2.689890000000000114e+01 1.000000000000000000e+00 1.299999999999999940e-02 0.000000000000000000e+00
-2.689890000000000114e+01 1.000000000000000000e+00 1.239999999999999956e-02 0.000000000000000000e+00
-2.689890000000000114e+01 1.000000000000000000e+00 1.020000000000000073e-02 0.000000000000000000e+00
-2.689890000000000114e+01 1.000000000000000000e+00 1.209999999999999964e-02 0.000000000000000000e+00
-2.689890000000000114e+01 1.000000000000000000e+00 1.359999999999999924e-02 0.000000000000000000e+00
-2.689890000000000114e+01 1.000000000000000000e+00 1.179999999999999973e-02 0.000000000000000000e+00
-2.689890000000000114e+01 1.000000000000000000e+00 1.069999999999999944e-02 0.000000000000000000e+00
-2.689890000000000114e+01 1.000000000000000000e+00 1.200000000000000025e-02 0.000000000000000000e+00
-2.689890000000000114e+01 1.000000000000000000e+00 1.110000000000000049e-02 0.000000000000000000e+00
-2.689890000000000114e+01 1.000000000000000000e+00 1.140000000000000041e-02 0.000000000000000000e+00
-2.689890000000000114e+01 1.000000000000000000e+00 1.269999999999999948e-02 0.000000000000000000e+00
-2.689890000000000114e+01 1.000000000000000000e+00 1.149999999999999981e-02 0.000000000000000000e+00
-2.689890000000000114e+01 1.000000000000000000e+00 1.170000000000000033e-02 0.000000000000000000e+00
-2.689890000000000114e+01 1.000000000000000000e+00 1.179999999999999973e-02 0.000000000000000000e+00
-2.689890000000000114e+01 1.000000000000000000e+00 1.209999999999999964e-02 0.000000000000000000e+00
-2.689890000000000114e+01 1.000000000000000000e+00 1.159999999999999920e-02 0.000000000000000000e+00
-2.689890000000000114e+01 1.000000000000000000e+00 1.149999999999999981e-02 0.000000000000000000e+00
-2.689890000000000114e+01 1.000000000000000000e+00 1.260000000000000009e-02 0.000000000000000000e+00
-2.689890000000000114e+01 1.000000000000000000e+00 1.250000000000000069e-02 0.000000000000000000e+00
-2.689890000000000114e+01 1.000000000000000000e+00 1.260000000000000009e-02 0.000000000000000000e+00
-2.689890000000000114e+01 1.000000000000000000e+00 1.280000000000000061e-02 0.000000000000000000e+00
-2.689890000000000114e+01 1.000000000000000000e+00 1.269999999999999948e-02 0.000000000000000000e+00
-2.689890000000000114e+01 1.000000000000000000e+00 1.510000000000000057e-02 0.000000000000000000e+00
-2.689890000000000114e+01 1.000000000000000000e+00 1.159999999999999920e-02 0.000000000000000000e+00
-2.689890000000000114e+01 1.000000000000000000e+00 1.110000000000000049e-02 0.000000000000000000e+00
-2.689890000000000114e+01 1.000000000000000000e+00 1.230000000000000017e-02 0.000000000000000000e+00
-2.689890000000000114e+01 1.000000000000000000e+00 1.149999999999999981e-02 0.000000000000000000e+00
-2.689890000000000114e+01 1.000000000000000000e+00 1.030000000000000013e-02 0.000000000000000000e+00
-2.689890000000000114e+01 1.000000000000000000e+00 1.220000000000000077e-02 0.000000000000000000e+00
-2.689890000000000114e+01 1.000000000000000000e+00 1.460000000000000013e-02 0.000000000000000000e+00
-2.689890000000000114e+01 1.000000000000000000e+00 1.260000000000000009e-02 0.000000000000000000e+00
-2.689890000000000114e+01 1.000000000000000000e+00 1.129999999999999928e-02 0.000000000000000000e+00
-2.689890000000000114e+01 1.000000000000000000e+00 1.170000000000000033e-02 0.000000000000000000e+00
-2.689890000000000114e+01 1.000000000000000000e+00 1.039999999999999952e-02 0.000000000000000000e+00
-2.689890000000000114e+01 1.000000000000000000e+00 1.039999999999999952e-02 0.000000000000000000e+00
-2.689890000000000114e+01 1.000000000000000000e+00 1.209999999999999964e-02 0.000000000000000000e+00
-2.689890000000000114e+01 1.000000000000000000e+00 1.260000000000000009e-02 0.000000000000000000e+00
-2.689890000000000114e+01 1.000000000000000000e+00 1.149999999999999981e-02 0.000000000000000000e+00
-2.689890000000000114e+01 1.000000000000000000e+00 1.069999999999999944e-02 0.000000000000000000e+00
-2.689890000000000114e+01 1.000000000000000000e+00 1.039999999999999952e-02 0.000000000000000000e+00
-2.689890000000000114e+01 1.000000000000000000e+00 1.329999999999999932e-02 0.000000000000000000e+00
-2.689890000000000114e+01 1.000000000000000000e+00 1.099999999999999936e-02 0.000000000000000000e+00
-2.688856799999999936e+01 9.996158950737762394e-01 9.400000000000000369e-03 4.110125678237724206e-02
-2.689890000000000114e+01 1.000000000000000000e+00 1.400000000000000029e-02 0.000000000000000000e+00
-2.689890000000000114e+01 1.000000000000000000e+00 1.159999999999999920e-02 0.000000000000000000e+00
-2.689890000000000114e+01 1.000000000000000000e+00 1.110000000000000049e-02 0.000000000000000000e+00
-2.689890000000000114e+01 1.000000000000000000e+00 1.200000000000000025e-02 0.000000000000000000e+00
-2.689890000000000114e+01 1.000000000000000000e+00 1.200000000000000025e-02 0.000000000000000000e+00
-2.689890000000000114e+01 1.000000000000000000e+00 1.230000000000000017e-02 0.000000000000000000e+00
-2.689890000000000114e+01 1.000000000000000000e+00 1.209999999999999964e-02 0.000000000000000000e+00
-2.689890000000000114e+01 1.000000000000000000e+00 1.099999999999999936e-02 0.000000000000000000e+00
-2.689890000000000114e+01 1.000000000000000000e+00 1.020000000000000073e-02 0.000000000000000000e+00
-2.689890000000000114e+01 1.000000000000000000e+00 1.009999999999999960e-02 0.000000000000000000e+00
-2.689890000000000114e+01 1.000000000000000000e+00 1.170000000000000033e-02 0.000000000000000000e+00
-2.689890000000000114e+01 1.000000000000000000e+00 1.110000000000000049e-02 0.000000000000000000e+00
-2.689890000000000114e+01 1.000000000000000000e+00 1.129999999999999928e-02 0.000000000000000000e+00
-2.689890000000000114e+01 1.000000000000000000e+00 1.110000000000000049e-02 0.000000000000000000e+00
-2.689890000000000114e+01 1.000000000000000000e+00 1.280000000000000061e-02 0.000000000000000000e+00
-2.689890000000000114e+01 1.000000000000000000e+00 1.140000000000000041e-02 0.000000000000000000e+00
-2.689890000000000114e+01 1.000000000000000000e+00 1.060000000000000005e-02 0.000000000000000000e+00
-2.689890000000000114e+01 1.000000000000000000e+00 1.359999999999999924e-02 0.000000000000000000e+00
-2.689890000000000114e+01 1.000000000000000000e+00 1.089999999999999997e-02 0.000000000000000000e+00
-2.689890000000000114e+01 1.000000000000000000e+00 1.220000000000000077e-02 0.000000000000000000e+00
-2.689890000000000114e+01 1.000000000000000000e+00 1.050000000000000065e-02 0.000000000000000000e+00
-2.689890000000000114e+01 1.000000000000000000e+00 1.149999999999999981e-02 0.000000000000000000e+00
-2.689890000000000114e+01 1.000000000000000000e+00 1.099999999999999936e-02 0.000000000000000000e+00
-2.689890000000000114e+01 1.000000000000000000e+00 1.469999999999999953e-02 0.000000000000000000e+00
-2.689890000000000114e+01 1.000000000000000000e+00 1.099999999999999936e-02 0.000000000000000000e+00
-2.689890000000000114e+01 1.000000000000000000e+00 1.179999999999999973e-02 0.000000000000000000e+00
-2.689890000000000114e+01 1.000000000000000000e+00 1.549999999999999989e-02 0.000000000000000000e+00
-2.689890000000000114e+01 1.000000000000000000e+00 1.069999999999999944e-02 0.000000000000000000e+00
-2.689890000000000114e+01 1.000000000000000000e+00 1.060000000000000005e-02 0.000000000000000000e+00
-2.689890000000000114e+01 1.000000000000000000e+00 1.170000000000000033e-02 0.000000000000000000e+00
-2.689890000000000114e+01 1.000000000000000000e+00 1.349999999999999985e-02 0.000000000000000000e+00
-2.689890000000000114e+01 1.000000000000000000e+00 1.260000000000000009e-02 0.000000000000000000e+00
-2.689890000000000114e+01 1.000000000000000000e+00 1.200000000000000025e-02 0.000000000000000000e+00
-2.689890000000000114e+01 1.000000000000000000e+00 1.280000000000000061e-02 0.000000000000000000e+00
-2.689890000000000114e+01 1.000000000000000000e+00 1.119999999999999989e-02 0.000000000000000000e+00
-2.689029000000000025e+01 9.996799125614801440e-01 9.499999999999999764e-03 3.771918971461709486e-02
-2.689890000000000114e+01 1.000000000000000000e+00 1.129999999999999928e-02 0.000000000000000000e+00
-2.689890000000000114e+01 1.000000000000000000e+00 1.099999999999999936e-02 0.000000000000000000e+00
-2.689890000000000114e+01 1.000000000000000000e+00 1.149999999999999981e-02 0.000000000000000000e+00
-2.689890000000000114e+01 1.000000000000000000e+00 1.250000000000000069e-02 0.000000000000000000e+00
-2.689890000000000114e+01 1.000000000000000000e+00 1.080000000000000057e-02 0.000000000000000000e+00
-2.689890000000000114e+01 1.000000000000000000e+00 1.209999999999999964e-02 0.000000000000000000e+00
-2.689890000000000114e+01 1.000000000000000000e+00 1.190000000000000085e-02 0.000000000000000000e+00
-2.689890000000000114e+01 1.000000000000000000e+00 1.149999999999999981e-02 0.000000000000000000e+00
-2.689890000000000114e+01 1.000000000000000000e+00 1.319999999999999993e-02 0.000000000000000000e+00
-2.689890000000000114e+01 1.000000000000000000e+00 1.370000000000000037e-02 0.000000000000000000e+00
-2.689890000000000114e+01 1.000000000000000000e+00 1.190000000000000085e-02 0.000000000000000000e+00
-2.689890000000000114e+01 1.000000000000000000e+00 1.159999999999999920e-02 0.000000000000000000e+00
-2.689890000000000114e+01 1.000000000000000000e+00 1.080000000000000057e-02 0.000000000000000000e+00
-2.689890000000000114e+01 1.000000000000000000e+00 1.039999999999999952e-02 0.000000000000000000e+00
-2.689890000000000114e+01 1.000000000000000000e+00 1.329999999999999932e-02 0.000000000000000000e+00
-2.689890000000000114e+01 1.000000000000000000e+00 1.220000000000000077e-02 0.000000000000000000e+00
-2.689890000000000114e+01 1.000000000000000000e+00 1.250000000000000069e-02 0.000000000000000000e+00
-2.689890000000000114e+01 1.000000000000000000e+00 1.110000000000000049e-02 0.000000000000000000e+00
-2.689890000000000114e+01 1.000000000000000000e+00 1.020000000000000073e-02 0.000000000000000000e+00
-2.689890000000000114e+01 1.000000000000000000e+00 1.239999999999999956e-02 0.000000000000000000e+00
-2.689890000000000114e+01 1.000000000000000000e+00 1.080000000000000057e-02 0.000000000000000000e+00
-2.689890000000000114e+01 1.000000000000000000e+00 1.149999999999999981e-02 0.000000000000000000e+00
-2.689890000000000114e+01 1.000000000000000000e+00 1.379999999999999977e-02 0.000000000000000000e+00
-2.689890000000000114e+01 1.000000000000000000e+00 1.099999999999999936e-02 0.000000000000000000e+00
-2.689890000000000114e+01 1.000000000000000000e+00 1.170000000000000033e-02 0.000000000000000000e+00
-2.689890000000000114e+01 1.000000000000000000e+00 1.280000000000000061e-02 0.000000000000000000e+00
-2.689890000000000114e+01 1.000000000000000000e+00 1.069999999999999944e-02 0.000000000000000000e+00
-2.689890000000000114e+01 1.000000000000000000e+00 1.379999999999999977e-02 0.000000000000000000e+00
-2.689890000000000114e+01 1.000000000000000000e+00 1.080000000000000057e-02 0.000000000000000000e+00
-2.689890000000000114e+01 1.000000000000000000e+00 1.190000000000000085e-02 0.000000000000000000e+00
-2.689890000000000114e+01 1.000000000000000000e+00 1.080000000000000057e-02 0.000000000000000000e+00
-2.689890000000000114e+01 1.000000000000000000e+00 1.239999999999999956e-02 0.000000000000000000e+00
-2.689890000000000114e+01 1.000000000000000000e+00 1.099999999999999936e-02 0.000000000000000000e+00
-2.689890000000000114e+01 1.000000000000000000e+00 1.159999999999999920e-02 0.000000000000000000e+00
-2.689890000000000114e+01 1.000000000000000000e+00 1.140000000000000041e-02 0.000000000000000000e+00
-2.689890000000000114e+01 1.000000000000000000e+00 1.149999999999999981e-02 0.000000000000000000e+00
-2.689890000000000114e+01 1.000000000000000000e+00 1.230000000000000017e-02 0.000000000000000000e+00
-2.689890000000000114e+01 1.000000000000000000e+00 1.000000000000000021e-02 0.000000000000000000e+00
-2.689890000000000114e+01 1.000000000000000000e+00 1.170000000000000033e-02 0.000000000000000000e+00
-2.689890000000000114e+01 1.000000000000000000e+00 1.499999999999999944e-02 0.000000000000000000e+00
-2.689890000000000114e+01 1.000000000000000000e+00 1.179999999999999973e-02 0.000000000000000000e+00
-2.689890000000000114e+01 1.000000000000000000e+00 1.280000000000000061e-02 0.000000000000000000e+00
-2.689890000000000114e+01 1.000000000000000000e+00 1.179999999999999973e-02 0.000000000000000000e+00
-2.689890000000000114e+01 1.000000000000000000e+00 1.110000000000000049e-02 0.000000000000000000e+00
-2.688512399999999758e+01 9.994878600983682082e-01 9.199999999999999845e-03 4.695203897208690552e-02
-2.689890000000000114e+01 1.000000000000000000e+00 1.009999999999999960e-02 0.000000000000000000e+00
-2.689890000000000114e+01 1.000000000000000000e+00 1.250000000000000069e-02 0.000000000000000000e+00
-2.689890000000000114e+01 1.000000000000000000e+00 1.009999999999999960e-02 0.000000000000000000e+00
-2.689890000000000114e+01 1.000000000000000000e+00 1.230000000000000017e-02 0.000000000000000000e+00
-2.689890000000000114e+01 1.000000000000000000e+00 1.260000000000000009e-02 0.000000000000000000e+00
-2.689890000000000114e+01 1.000000000000000000e+00 1.170000000000000033e-02 0.000000000000000000e+00
-2.689890000000000114e+01 1.000000000000000000e+00 1.140000000000000041e-02 0.000000000000000000e+00
-2.689890000000000114e+01 1.000000000000000000e+00 1.220000000000000077e-02 0.000000000000000000e+00
-2.689890000000000114e+01 1.000000000000000000e+00 1.159999999999999920e-02 0.000000000000000000e+00
-2.689890000000000114e+01 1.000000000000000000e+00 1.170000000000000033e-02 0.000000000000000000e+00
-2.689890000000000114e+01 1.000000000000000000e+00 1.190000000000000085e-02 0.000000000000000000e+00
-2.689890000000000114e+01 1.000000000000000000e+00 1.239999999999999956e-02 0.000000000000000000e+00
-2.689890000000000114e+01 1.000000000000000000e+00 1.209999999999999964e-02 0.000000000000000000e+00
-2.689890000000000114e+01 1.000000000000000000e+00 1.179999999999999973e-02 0.000000000000000000e+00
-2.689890000000000114e+01 1.000000000000000000e+00 1.280000000000000061e-02 0.000000000000000000e+00
-2.689890000000000114e+01 1.000000000000000000e+00 1.220000000000000077e-02 0.000000000000000000e+00
-2.688856799999999936e+01 9.996158950737762394e-01 9.400000000000000369e-03 4.110125678237724206e-02
-2.689890000000000114e+01 1.000000000000000000e+00 1.209999999999999964e-02 0.000000000000000000e+00
-2.689890000000000114e+01 1.000000000000000000e+00 1.069999999999999944e-02 0.000000000000000000e+00
-2.689890000000000114e+01 1.000000000000000000e+00 1.149999999999999981e-02 0.000000000000000000e+00
-2.689890000000000114e+01 1.000000000000000000e+00 1.089999999999999997e-02 0.000000000000000000e+00
-2.689373400000000203e+01 9.998079475368881752e-01 9.700000000000000289e-03 2.952310589721519885e-02
-2.689890000000000114e+01 1.000000000000000000e+00 1.140000000000000041e-02 0.000000000000000000e+00
-2.689890000000000114e+01 1.000000000000000000e+00 1.310000000000000053e-02 0.000000000000000000e+00
-2.689890000000000114e+01 1.000000000000000000e+00 1.209999999999999964e-02 0.000000000000000000e+00
-2.689890000000000114e+01 1.000000000000000000e+00 1.179999999999999973e-02 0.000000000000000000e+00
-2.689890000000000114e+01 1.000000000000000000e+00 1.060000000000000005e-02 0.000000000000000000e+00
-2.689890000000000114e+01 1.000000000000000000e+00 1.099999999999999936e-02 0.000000000000000000e+00
-2.689890000000000114e+01 1.000000000000000000e+00 1.200000000000000025e-02 0.000000000000000000e+00
-2.689890000000000114e+01 1.000000000000000000e+00 1.370000000000000037e-02 0.000000000000000000e+00
-2.689890000000000114e+01 1.000000000000000000e+00 1.239999999999999956e-02 0.000000000000000000e+00
-2.689890000000000114e+01 1.000000000000000000e+00 1.060000000000000005e-02 0.000000000000000000e+00
-2.689890000000000114e+01 1.000000000000000000e+00 1.069999999999999944e-02 0.000000000000000000e+00
-2.689890000000000114e+01 1.000000000000000000e+00 1.069999999999999944e-02 0.000000000000000000e+00
-2.689890000000000114e+01 1.000000000000000000e+00 1.129999999999999928e-02 0.000000000000000000e+00
-2.689890000000000114e+01 1.000000000000000000e+00 1.269999999999999948e-02 0.000000000000000000e+00
-2.689890000000000114e+01 1.000000000000000000e+00 1.220000000000000077e-02 0.000000000000000000e+00
-2.689890000000000114e+01 1.000000000000000000e+00 1.149999999999999981e-02 0.000000000000000000e+00
-2.689890000000000114e+01 1.000000000000000000e+00 1.089999999999999997e-02 0.000000000000000000e+00
-2.689890000000000114e+01 1.000000000000000000e+00 1.050000000000000065e-02 0.000000000000000000e+00
-2.689890000000000114e+01 1.000000000000000000e+00 1.269999999999999948e-02 0.000000000000000000e+00
-2.689890000000000114e+01 1.000000000000000000e+00 1.080000000000000057e-02 0.000000000000000000e+00
-2.689890000000000114e+01 1.000000000000000000e+00 1.529999999999999936e-02 0.000000000000000000e+00
-2.689890000000000114e+01 1.000000000000000000e+00 1.020000000000000073e-02 0.000000000000000000e+00
-2.689890000000000114e+01 1.000000000000000000e+00 1.030000000000000013e-02 0.000000000000000000e+00
-2.689890000000000114e+01 1.000000000000000000e+00 1.140000000000000041e-02 0.000000000000000000e+00
-2.689890000000000114e+01 1.000000000000000000e+00 1.039999999999999952e-02 0.000000000000000000e+00
-2.689890000000000114e+01 1.000000000000000000e+00 1.179999999999999973e-02 0.000000000000000000e+00
-2.689890000000000114e+01 1.000000000000000000e+00 1.170000000000000033e-02 0.000000000000000000e+00
-2.689890000000000114e+01 1.000000000000000000e+00 1.260000000000000009e-02 0.000000000000000000e+00
-2.689890000000000114e+01 1.000000000000000000e+00 1.039999999999999952e-02 0.000000000000000000e+00
-2.689890000000000114e+01 1.000000000000000000e+00 1.039999999999999952e-02 0.000000000000000000e+00
-2.689890000000000114e+01 1.000000000000000000e+00 1.080000000000000057e-02 0.000000000000000000e+00
-2.689890000000000114e+01 1.000000000000000000e+00 1.299999999999999940e-02 0.000000000000000000e+00
-2.689890000000000114e+01 1.000000000000000000e+00 1.000000000000000021e-02 0.000000000000000000e+00
-2.689890000000000114e+01 1.000000000000000000e+00 1.290000000000000001e-02 0.000000000000000000e+00
-2.689890000000000114e+01 1.000000000000000000e+00 1.170000000000000033e-02 0.000000000000000000e+00
-2.689890000000000114e+01 1.000000000000000000e+00 1.290000000000000001e-02 0.000000000000000000e+00
-2.689890000000000114e+01 1.000000000000000000e+00 1.009999999999999960e-02 0.000000000000000000e+00
-2.689890000000000114e+01 1.000000000000000000e+00 1.209999999999999964e-02 0.000000000000000000e+00
-2.689890000000000114e+01 1.000000000000000000e+00 1.200000000000000025e-02 0.000000000000000000e+00
-2.689890000000000114e+01 1.000000000000000000e+00 1.170000000000000033e-02 0.000000000000000000e+00
-2.689890000000000114e+01 1.000000000000000000e+00 1.200000000000000025e-02 0.000000000000000000e+00
-2.688684600000000202e+01 9.995518775860723348e-01 9.299999999999999239e-03 4.415765927590906831e-02
-2.689890000000000114e+01 1.000000000000000000e+00 1.200000000000000025e-02 0.000000000000000000e+00
-2.689890000000000114e+01 1.000000000000000000e+00 1.060000000000000005e-02 0.000000000000000000e+00
-2.689545599999999936e+01 9.998719650245919688e-01 9.799999999999999684e-03 2.422945165026913622e-02
-2.689890000000000114e+01 1.000000000000000000e+00 1.190000000000000085e-02 0.000000000000000000e+00
-2.689890000000000114e+01 1.000000000000000000e+00 1.209999999999999964e-02 0.000000000000000000e+00
-2.689890000000000114e+01 1.000000000000000000e+00 1.099999999999999936e-02 0.000000000000000000e+00
-2.689890000000000114e+01 1.000000000000000000e+00 1.400000000000000029e-02 0.000000000000000000e+00
-2.689890000000000114e+01 1.000000000000000000e+00 1.179999999999999973e-02 0.000000000000000000e+00
-2.689890000000000114e+01 1.000000000000000000e+00 1.239999999999999956e-02 0.000000000000000000e+00
-2.689890000000000114e+01 1.000000000000000000e+00 1.080000000000000057e-02 0.000000000000000000e+00
-2.689890000000000114e+01 1.000000000000000000e+00 1.030000000000000013e-02 0.000000000000000000e+00
-2.689890000000000114e+01 1.000000000000000000e+00 1.290000000000000001e-02 0.000000000000000000e+00
-2.689890000000000114e+01 1.000000000000000000e+00 1.340000000000000045e-02 0.000000000000000000e+00
-2.689890000000000114e+01 1.000000000000000000e+00 1.250000000000000069e-02 0.000000000000000000e+00
-2.689890000000000114e+01 1.000000000000000000e+00 1.200000000000000025e-02 0.000000000000000000e+00
-2.689890000000000114e+01 1.000000000000000000e+00 1.159999999999999920e-02 0.000000000000000000e+00
-2.689890000000000114e+01 1.000000000000000000e+00 1.060000000000000005e-02 0.000000000000000000e+00
-2.689890000000000114e+01 1.000000000000000000e+00 1.179999999999999973e-02 0.000000000000000000e+00
-2.689890000000000114e+01 1.000000000000000000e+00 1.280000000000000061e-02 0.000000000000000000e+00
-2.689890000000000114e+01 1.000000000000000000e+00 1.310000000000000053e-02 0.000000000000000000e+00
-2.689890000000000114e+01 1.000000000000000000e+00 1.239999999999999956e-02 0.000000000000000000e+00
-2.689890000000000114e+01 1.000000000000000000e+00 1.379999999999999977e-02 0.000000000000000000e+00
-2.689890000000000114e+01 1.000000000000000000e+00 1.060000000000000005e-02 0.000000000000000000e+00
-2.689890000000000114e+01 1.000000000000000000e+00 1.310000000000000053e-02 0.000000000000000000e+00
-2.689890000000000114e+01 1.000000000000000000e+00 1.089999999999999997e-02 0.000000000000000000e+00
-2.689890000000000114e+01 1.000000000000000000e+00 1.050000000000000065e-02 0.000000000000000000e+00
-2.689890000000000114e+01 1.000000000000000000e+00 1.050000000000000065e-02 0.000000000000000000e+00
-2.689890000000000114e+01 1.000000000000000000e+00 1.230000000000000017e-02 0.000000000000000000e+00
-2.689890000000000114e+01 1.000000000000000000e+00 1.379999999999999977e-02 0.000000000000000000e+00
-2.689890000000000114e+01 1.000000000000000000e+00 1.200000000000000025e-02 0.000000000000000000e+00
-2.689890000000000114e+01 1.000000000000000000e+00 1.269999999999999948e-02 0.000000000000000000e+00
-2.689890000000000114e+01 1.000000000000000000e+00 1.329999999999999932e-02 0.000000000000000000e+00
-2.689890000000000114e+01 1.000000000000000000e+00 1.170000000000000033e-02 0.000000000000000000e+00
-2.689890000000000114e+01 1.000000000000000000e+00 1.420000000000000082e-02 0.000000000000000000e+00
-2.689890000000000114e+01 1.000000000000000000e+00 1.149999999999999981e-02 0.000000000000000000e+00
-2.689890000000000114e+01 1.000000000000000000e+00 1.220000000000000077e-02 0.000000000000000000e+00
-2.689890000000000114e+01 1.000000000000000000e+00 1.129999999999999928e-02 0.000000000000000000e+00
-2.689545599999999936e+01 9.998719650245919688e-01 9.799999999999999684e-03 2.422945165026913622e-02
-2.689890000000000114e+01 1.000000000000000000e+00 1.110000000000000049e-02 0.000000000000000000e+00
-2.689890000000000114e+01 1.000000000000000000e+00 1.280000000000000061e-02 0.000000000000000000e+00
-2.689890000000000114e+01 1.000000000000000000e+00 1.329999999999999932e-02 0.000000000000000000e+00
-2.689890000000000114e+01 1.000000000000000000e+00 1.260000000000000009e-02 0.000000000000000000e+00
-2.689890000000000114e+01 1.000000000000000000e+00 1.400000000000000029e-02 0.000000000000000000e+00
-2.689890000000000114e+01 1.000000000000000000e+00 1.319999999999999993e-02 0.000000000000000000e+00
-2.689890000000000114e+01 1.000000000000000000e+00 1.209999999999999964e-02 0.000000000000000000e+00
-2.689201199999999758e+01 9.997439300491840486e-01 9.599999999999999159e-03 3.391416759462582281e-02
-2.689890000000000114e+01 1.000000000000000000e+00 1.170000000000000033e-02 0.000000000000000000e+00
-2.689890000000000114e+01 1.000000000000000000e+00 1.089999999999999997e-02 0.000000000000000000e+00
-2.689890000000000114e+01 1.000000000000000000e+00 1.220000000000000077e-02 0.000000000000000000e+00
-2.689373400000000203e+01 9.998079475368881752e-01 9.700000000000000289e-03 2.952310589721519885e-02
-2.689890000000000114e+01 1.000000000000000000e+00 1.200000000000000025e-02 0.000000000000000000e+00
-2.689890000000000114e+01 1.000000000000000000e+00 1.269999999999999948e-02 0.000000000000000000e+00
-2.689890000000000114e+01 1.000000000000000000e+00 1.290000000000000001e-02 0.000000000000000000e+00
-2.689890000000000114e+01 1.000000000000000000e+00 1.230000000000000017e-02 0.000000000000000000e+00
-2.689890000000000114e+01 1.000000000000000000e+00 1.110000000000000049e-02 0.000000000000000000e+00
-2.689890000000000114e+01 1.000000000000000000e+00 1.209999999999999964e-02 0.000000000000000000e+00
-2.689029000000000025e+01 9.996799125614801440e-01 9.499999999999999764e-03 3.771918971461709486e-02
-2.689890000000000114e+01 1.000000000000000000e+00 1.269999999999999948e-02 0.000000000000000000e+00
-2.689890000000000114e+01 1.000000000000000000e+00 1.179999999999999973e-02 0.000000000000000000e+00
-2.689890000000000114e+01 1.000000000000000000e+00 1.159999999999999920e-02 0.000000000000000000e+00
-2.689890000000000114e+01 1.000000000000000000e+00 1.050000000000000065e-02 0.000000000000000000e+00
-2.689890000000000114e+01 1.000000000000000000e+00 1.129999999999999928e-02 0.000000000000000000e+00
-2.689545599999999936e+01 9.998719650245919688e-01 9.799999999999999684e-03 2.422945165026913622e-02
-2.689890000000000114e+01 1.000000000000000000e+00 1.170000000000000033e-02 0.000000000000000000e+00
-2.688168000000000291e+01 9.993598251229605101e-01 8.999999999999999320e-03 5.192025353629096257e-02
-2.689890000000000114e+01 1.000000000000000000e+00 1.119999999999999989e-02 0.000000000000000000e+00
-2.689890000000000114e+01 1.000000000000000000e+00 1.269999999999999948e-02 0.000000000000000000e+00
-2.689890000000000114e+01 1.000000000000000000e+00 1.060000000000000005e-02 0.000000000000000000e+00
-2.689890000000000114e+01 1.000000000000000000e+00 1.050000000000000065e-02 0.000000000000000000e+00
-2.689890000000000114e+01 1.000000000000000000e+00 1.009999999999999960e-02 0.000000000000000000e+00
-2.689890000000000114e+01 1.000000000000000000e+00 1.140000000000000041e-02 0.000000000000000000e+00
-2.689890000000000114e+01 1.000000000000000000e+00 1.129999999999999928e-02 0.000000000000000000e+00
-2.689890000000000114e+01 1.000000000000000000e+00 1.030000000000000013e-02 0.000000000000000000e+00
-2.689890000000000114e+01 1.000000000000000000e+00 1.149999999999999981e-02 0.000000000000000000e+00
-2.689890000000000114e+01 1.000000000000000000e+00 1.239999999999999956e-02 0.000000000000000000e+00
-2.689890000000000114e+01 1.000000000000000000e+00 1.359999999999999924e-02 0.000000000000000000e+00
-2.689890000000000114e+01 1.000000000000000000e+00 1.209999999999999964e-02 0.000000000000000000e+00
-2.689890000000000114e+01 1.000000000000000000e+00 1.009999999999999960e-02 0.000000000000000000e+00
-2.689890000000000114e+01 1.000000000000000000e+00 1.190000000000000085e-02 0.000000000000000000e+00
-2.689890000000000114e+01 1.000000000000000000e+00 1.239999999999999956e-02 0.000000000000000000e+00
-2.689890000000000114e+01 1.000000000000000000e+00 1.280000000000000061e-02 0.000000000000000000e+00
-2.689890000000000114e+01 1.000000000000000000e+00 1.190000000000000085e-02 0.000000000000000000e+00
-2.689890000000000114e+01 1.000000000000000000e+00 1.039999999999999952e-02 0.000000000000000000e+00
-2.689890000000000114e+01 1.000000000000000000e+00 1.089999999999999997e-02 0.000000000000000000e+00
-2.689890000000000114e+01 1.000000000000000000e+00 1.140000000000000041e-02 0.000000000000000000e+00
-2.689890000000000114e+01 1.000000000000000000e+00 1.110000000000000049e-02 0.000000000000000000e+00
-2.689890000000000114e+01 1.000000000000000000e+00 1.009999999999999960e-02 0.000000000000000000e+00
-2.689890000000000114e+01 1.000000000000000000e+00 1.039999999999999952e-02 0.000000000000000000e+00
-2.689890000000000114e+01 1.000000000000000000e+00 1.209999999999999964e-02 0.000000000000000000e+00
-2.689890000000000114e+01 1.000000000000000000e+00 1.310000000000000053e-02 0.000000000000000000e+00
-2.689890000000000114e+01 1.000000000000000000e+00 1.260000000000000009e-02 0.000000000000000000e+00
-2.689890000000000114e+01 1.000000000000000000e+00 1.149999999999999981e-02 0.000000000000000000e+00
-2.689890000000000114e+01 1.000000000000000000e+00 1.039999999999999952e-02 0.000000000000000000e+00
-2.689890000000000114e+01 1.000000000000000000e+00 1.159999999999999920e-02 0.000000000000000000e+00
-2.689890000000000114e+01 1.000000000000000000e+00 1.290000000000000001e-02 0.000000000000000000e+00
-2.689890000000000114e+01 1.000000000000000000e+00 1.030000000000000013e-02 0.000000000000000000e+00
-2.689890000000000114e+01 1.000000000000000000e+00 1.060000000000000005e-02 0.000000000000000000e+00
-2.689890000000000114e+01 1.000000000000000000e+00 1.310000000000000053e-02 0.000000000000000000e+00
-2.689890000000000114e+01 1.000000000000000000e+00 1.379999999999999977e-02 0.000000000000000000e+00
-2.689890000000000114e+01 1.000000000000000000e+00 1.039999999999999952e-02 0.000000000000000000e+00
-2.689890000000000114e+01 1.000000000000000000e+00 1.030000000000000013e-02 0.000000000000000000e+00
-2.689890000000000114e+01 1.000000000000000000e+00 1.039999999999999952e-02 0.000000000000000000e+00
-2.689890000000000114e+01 1.000000000000000000e+00 1.239999999999999956e-02 0.000000000000000000e+00
-2.689890000000000114e+01 1.000000000000000000e+00 1.140000000000000041e-02 0.000000000000000000e+00
-2.689890000000000114e+01 1.000000000000000000e+00 1.250000000000000069e-02 0.000000000000000000e+00
-2.689890000000000114e+01 1.000000000000000000e+00 1.009999999999999960e-02 0.000000000000000000e+00
-2.689890000000000114e+01 1.000000000000000000e+00 1.089999999999999997e-02 0.000000000000000000e+00
-2.689890000000000114e+01 1.000000000000000000e+00 1.190000000000000085e-02 0.000000000000000000e+00
-2.689890000000000114e+01 1.000000000000000000e+00 1.230000000000000017e-02 0.000000000000000000e+00
-2.689890000000000114e+01 1.000000000000000000e+00 1.310000000000000053e-02 0.000000000000000000e+00
-2.689890000000000114e+01 1.000000000000000000e+00 1.060000000000000005e-02 0.000000000000000000e+00
-2.689890000000000114e+01 1.000000000000000000e+00 1.209999999999999964e-02 0.000000000000000000e+00
-2.689890000000000114e+01 1.000000000000000000e+00 1.089999999999999997e-02 0.000000000000000000e+00
-2.689890000000000114e+01 1.000000000000000000e+00 1.089999999999999997e-02 0.000000000000000000e+00
-2.689890000000000114e+01 1.000000000000000000e+00 1.140000000000000041e-02 0.000000000000000000e+00
-2.689890000000000114e+01 1.000000000000000000e+00 1.230000000000000017e-02 0.000000000000000000e+00
-2.689890000000000114e+01 1.000000000000000000e+00 1.310000000000000053e-02 0.000000000000000000e+00
-2.689890000000000114e+01 1.000000000000000000e+00 1.260000000000000009e-02 0.000000000000000000e+00
-2.689890000000000114e+01 1.000000000000000000e+00 1.140000000000000041e-02 0.000000000000000000e+00
-2.689890000000000114e+01 1.000000000000000000e+00 1.060000000000000005e-02 0.000000000000000000e+00
-2.689890000000000114e+01 1.000000000000000000e+00 1.119999999999999989e-02 0.000000000000000000e+00
-2.689890000000000114e+01 1.000000000000000000e+00 1.159999999999999920e-02 0.000000000000000000e+00
-2.689890000000000114e+01 1.000000000000000000e+00 1.230000000000000017e-02 0.000000000000000000e+00
-2.689890000000000114e+01 1.000000000000000000e+00 1.149999999999999981e-02 0.000000000000000000e+00
-2.689890000000000114e+01 1.000000000000000000e+00 1.269999999999999948e-02 0.000000000000000000e+00
-2.689890000000000114e+01 1.000000000000000000e+00 1.340000000000000045e-02 0.000000000000000000e+00
-2.689890000000000114e+01 1.000000000000000000e+00 1.060000000000000005e-02 0.000000000000000000e+00
-2.689890000000000114e+01 1.000000000000000000e+00 1.080000000000000057e-02 0.000000000000000000e+00
-2.689890000000000114e+01 1.000000000000000000e+00 1.329999999999999932e-02 0.000000000000000000e+00
-2.689890000000000114e+01 1.000000000000000000e+00 1.209999999999999964e-02 0.000000000000000000e+00
-2.689890000000000114e+01 1.000000000000000000e+00 1.020000000000000073e-02 0.000000000000000000e+00
-2.689890000000000114e+01 1.000000000000000000e+00 1.179999999999999973e-02 0.000000000000000000e+00
-2.689890000000000114e+01 1.000000000000000000e+00 1.230000000000000017e-02 0.000000000000000000e+00
-2.689890000000000114e+01 1.000000000000000000e+00 1.420000000000000082e-02 0.000000000000000000e+00
-2.689890000000000114e+01 1.000000000000000000e+00 1.220000000000000077e-02 0.000000000000000000e+00
-2.689890000000000114e+01 1.000000000000000000e+00 1.020000000000000073e-02 0.000000000000000000e+00
-2.689890000000000114e+01 1.000000000000000000e+00 1.379999999999999977e-02 0.000000000000000000e+00
-2.689890000000000114e+01 1.000000000000000000e+00 1.140000000000000041e-02 0.000000000000000000e+00
-2.689890000000000114e+01 1.000000000000000000e+00 1.310000000000000053e-02 0.000000000000000000e+00
-2.689890000000000114e+01 1.000000000000000000e+00 1.020000000000000073e-02 0.000000000000000000e+00
-2.689890000000000114e+01 1.000000000000000000e+00 1.260000000000000009e-02 0.000000000000000000e+00
-2.689890000000000114e+01 1.000000000000000000e+00 1.179999999999999973e-02 0.000000000000000000e+00
-2.689890000000000114e+01 1.000000000000000000e+00 1.000000000000000021e-02 0.000000000000000000e+00
-2.689890000000000114e+01 1.000000000000000000e+00 1.540000000000000049e-02 0.000000000000000000e+00
-2.689890000000000114e+01 1.000000000000000000e+00 1.190000000000000085e-02 0.000000000000000000e+00
-2.689890000000000114e+01 1.000000000000000000e+00 1.190000000000000085e-02 0.000000000000000000e+00
-2.689890000000000114e+01 1.000000000000000000e+00 1.069999999999999944e-02 0.000000000000000000e+00
-2.689890000000000114e+01 1.000000000000000000e+00 1.200000000000000025e-02 0.000000000000000000e+00
-2.689890000000000114e+01 1.000000000000000000e+00 1.230000000000000017e-02 0.000000000000000000e+00
-2.689890000000000114e+01 1.000000000000000000e+00 1.280000000000000061e-02 0.000000000000000000e+00
-2.689890000000000114e+01 1.000000000000000000e+00 1.030000000000000013e-02 0.000000000000000000e+00
-2.689890000000000114e+01 1.000000000000000000e+00 1.200000000000000025e-02 0.000000000000000000e+00
-2.689890000000000114e+01 1.000000000000000000e+00 1.129999999999999928e-02 0.000000000000000000e+00
-2.689890000000000114e+01 1.000000000000000000e+00 1.119999999999999989e-02 0.000000000000000000e+00
-2.689890000000000114e+01 1.000000000000000000e+00 1.400000000000000029e-02 0.000000000000000000e+00
-2.689890000000000114e+01 1.000000000000000000e+00 1.290000000000000001e-02 0.000000000000000000e+00
-2.689890000000000114e+01 1.000000000000000000e+00 1.099999999999999936e-02 0.000000000000000000e+00
-2.689890000000000114e+01 1.000000000000000000e+00 1.119999999999999989e-02 0.000000000000000000e+00
-2.689717800000000025e+01 9.999359825122959844e-01 9.900000000000000813e-03 1.721999999999996450e-02
-2.689890000000000114e+01 1.000000000000000000e+00 1.179999999999999973e-02 0.000000000000000000e+00
-2.689890000000000114e+01 1.000000000000000000e+00 1.080000000000000057e-02 0.000000000000000000e+00
-2.689890000000000114e+01 1.000000000000000000e+00 1.329999999999999932e-02 0.000000000000000000e+00
-2.689890000000000114e+01 1.000000000000000000e+00 1.009999999999999960e-02 0.000000000000000000e+00
-2.689890000000000114e+01 1.000000000000000000e+00 1.310000000000000053e-02 0.000000000000000000e+00
-2.689890000000000114e+01 1.000000000000000000e+00 1.009999999999999960e-02 0.000000000000000000e+00
-2.689890000000000114e+01 1.000000000000000000e+00 1.400000000000000029e-02 0.000000000000000000e+00
-2.689890000000000114e+01 1.000000000000000000e+00 1.190000000000000085e-02 0.000000000000000000e+00
-2.689890000000000114e+01 1.000000000000000000e+00 1.179999999999999973e-02 0.000000000000000000e+00
-2.689890000000000114e+01 1.000000000000000000e+00 1.209999999999999964e-02 0.000000000000000000e+00
-2.689890000000000114e+01 1.000000000000000000e+00 1.340000000000000045e-02 0.000000000000000000e+00
-2.689890000000000114e+01 1.000000000000000000e+00 1.009999999999999960e-02 0.000000000000000000e+00
-2.689890000000000114e+01 1.000000000000000000e+00 1.220000000000000077e-02 0.000000000000000000e+00
-2.689890000000000114e+01 1.000000000000000000e+00 1.200000000000000025e-02 0.000000000000000000e+00
-2.689890000000000114e+01 1.000000000000000000e+00 1.299999999999999940e-02 0.000000000000000000e+00
-2.689890000000000114e+01 1.000000000000000000e+00 1.119999999999999989e-02 0.000000000000000000e+00
-2.689890000000000114e+01 1.000000000000000000e+00 1.020000000000000073e-02 0.000000000000000000e+00
-2.689890000000000114e+01 1.000000000000000000e+00 1.190000000000000085e-02 0.000000000000000000e+00
-2.689890000000000114e+01 1.000000000000000000e+00 1.230000000000000017e-02 0.000000000000000000e+00
-2.689890000000000114e+01 1.000000000000000000e+00 1.140000000000000041e-02 0.000000000000000000e+00
-2.689890000000000114e+01 1.000000000000000000e+00 1.069999999999999944e-02 0.000000000000000000e+00
-2.689890000000000114e+01 1.000000000000000000e+00 1.039999999999999952e-02 0.000000000000000000e+00
-2.689890000000000114e+01 1.000000000000000000e+00 1.009999999999999960e-02 0.000000000000000000e+00
-2.689890000000000114e+01 1.000000000000000000e+00 1.089999999999999997e-02 0.000000000000000000e+00
-2.689890000000000114e+01 1.000000000000000000e+00 1.089999999999999997e-02 0.000000000000000000e+00
-2.689890000000000114e+01 1.000000000000000000e+00 1.230000000000000017e-02 0.000000000000000000e+00
-2.689890000000000114e+01 1.000000000000000000e+00 1.209999999999999964e-02 0.000000000000000000e+00
-2.689890000000000114e+01 1.000000000000000000e+00 1.089999999999999997e-02 0.000000000000000000e+00
-2.689890000000000114e+01 1.000000000000000000e+00 1.209999999999999964e-02 0.000000000000000000e+00
-2.689890000000000114e+01 1.000000000000000000e+00 1.039999999999999952e-02 0.000000000000000000e+00
-2.689890000000000114e+01 1.000000000000000000e+00 1.129999999999999928e-02 0.000000000000000000e+00
-2.689890000000000114e+01 1.000000000000000000e+00 1.099999999999999936e-02 0.000000000000000000e+00
-2.689890000000000114e+01 1.000000000000000000e+00 1.089999999999999997e-02 0.000000000000000000e+00
-2.689890000000000114e+01 1.000000000000000000e+00 1.129999999999999928e-02 0.000000000000000000e+00
-2.689890000000000114e+01 1.000000000000000000e+00 1.050000000000000065e-02 0.000000000000000000e+00
-2.689890000000000114e+01 1.000000000000000000e+00 1.039999999999999952e-02 0.000000000000000000e+00
-2.689890000000000114e+01 1.000000000000000000e+00 1.200000000000000025e-02 0.000000000000000000e+00
-2.689890000000000114e+01 1.000000000000000000e+00 1.379999999999999977e-02 0.000000000000000000e+00
-2.689373400000000203e+01 9.998079475368881752e-01 9.700000000000000289e-03 2.952310589721519885e-02
-2.689890000000000114e+01 1.000000000000000000e+00 1.269999999999999948e-02 0.000000000000000000e+00
-2.689890000000000114e+01 1.000000000000000000e+00 1.200000000000000025e-02 0.000000000000000000e+00
-2.689890000000000114e+01 1.000000000000000000e+00 1.149999999999999981e-02 0.000000000000000000e+00
-2.689890000000000114e+01 1.000000000000000000e+00 1.099999999999999936e-02 0.000000000000000000e+00
-2.689890000000000114e+01 1.000000000000000000e+00 1.269999999999999948e-02 0.000000000000000000e+00
-2.689890000000000114e+01 1.000000000000000000e+00 1.230000000000000017e-02 0.000000000000000000e+00
-2.689890000000000114e+01 1.000000000000000000e+00 1.119999999999999989e-02 0.000000000000000000e+00
-2.689717800000000025e+01 9.999359825122959844e-01 9.900000000000000813e-03 1.721999999999996450e-02
-2.689890000000000114e+01 1.000000000000000000e+00 1.099999999999999936e-02 0.000000000000000000e+00
-2.689890000000000114e+01 1.000000000000000000e+00 1.230000000000000017e-02 0.000000000000000000e+00
-2.688340200000000024e+01 9.994238426106643036e-01 9.100000000000000450e-03 4.952876519577471132e-02
-2.689890000000000114e+01 1.000000000000000000e+00 1.119999999999999989e-02 0.000000000000000000e+00
-2.689890000000000114e+01 1.000000000000000000e+00 1.170000000000000033e-02 0.000000000000000000e+00
-2.689890000000000114e+01 1.000000000000000000e+00 1.379999999999999977e-02 0.000000000000000000e+00
-2.689890000000000114e+01 1.000000000000000000e+00 1.020000000000000073e-02 0.000000000000000000e+00
-2.689890000000000114e+01 1.000000000000000000e+00 1.200000000000000025e-02 0.000000000000000000e+00
-2.689890000000000114e+01 1.000000000000000000e+00 1.299999999999999940e-02 0.000000000000000000e+00
-2.689890000000000114e+01 1.000000000000000000e+00 1.250000000000000069e-02 0.000000000000000000e+00
-2.689890000000000114e+01 1.000000000000000000e+00 1.039999999999999952e-02 0.000000000000000000e+00
-2.689890000000000114e+01 1.000000000000000000e+00 1.159999999999999920e-02 0.000000000000000000e+00
-2.689890000000000114e+01 1.000000000000000000e+00 1.110000000000000049e-02 0.000000000000000000e+00
-2.689029000000000025e+01 9.996799125614801440e-01 9.499999999999999764e-03 3.771918971461709486e-02
-2.689890000000000114e+01 1.000000000000000000e+00 1.269999999999999948e-02 0.000000000000000000e+00
-2.689890000000000114e+01 1.000000000000000000e+00 1.159999999999999920e-02 0.000000000000000000e+00
-2.689890000000000114e+01 1.000000000000000000e+00 1.069999999999999944e-02 0.000000000000000000e+00
-2.689890000000000114e+01 1.000000000000000000e+00 1.290000000000000001e-02 0.000000000000000000e+00
-2.689890000000000114e+01 1.000000000000000000e+00 1.110000000000000049e-02 0.000000000000000000e+00
-2.689890000000000114e+01 1.000000000000000000e+00 1.260000000000000009e-02 0.000000000000000000e+00
-2.689890000000000114e+01 1.000000000000000000e+00 1.230000000000000017e-02 0.000000000000000000e+00
-2.689890000000000114e+01 1.000000000000000000e+00 1.179999999999999973e-02 0.000000000000000000e+00
-2.689890000000000114e+01 1.000000000000000000e+00 1.299999999999999940e-02 0.000000000000000000e+00
-2.689890000000000114e+01 1.000000000000000000e+00 1.030000000000000013e-02 0.000000000000000000e+00
-2.689890000000000114e+01 1.000000000000000000e+00 1.129999999999999928e-02 0.000000000000000000e+00
-2.689890000000000114e+01 1.000000000000000000e+00 1.299999999999999940e-02 0.000000000000000000e+00
-2.689890000000000114e+01 1.000000000000000000e+00 1.220000000000000077e-02 0.000000000000000000e+00
-2.689890000000000114e+01 1.000000000000000000e+00 1.239999999999999956e-02 0.000000000000000000e+00
-2.689890000000000114e+01 1.000000000000000000e+00 1.200000000000000025e-02 0.000000000000000000e+00
-2.689545599999999936e+01 9.998719650245919688e-01 9.799999999999999684e-03 2.422945165026913622e-02
-2.689890000000000114e+01 1.000000000000000000e+00 1.179999999999999973e-02 0.000000000000000000e+00
-2.689890000000000114e+01 1.000000000000000000e+00 1.119999999999999989e-02 0.000000000000000000e+00
-2.689890000000000114e+01 1.000000000000000000e+00 1.230000000000000017e-02 0.000000000000000000e+00
-2.689890000000000114e+01 1.000000000000000000e+00 1.110000000000000049e-02 0.000000000000000000e+00
-2.689890000000000114e+01 1.000000000000000000e+00 1.310000000000000053e-02 0.000000000000000000e+00
-2.689890000000000114e+01 1.000000000000000000e+00 1.089999999999999997e-02 0.000000000000000000e+00
-2.689890000000000114e+01 1.000000000000000000e+00 1.220000000000000077e-02 0.000000000000000000e+00
-2.689890000000000114e+01 1.000000000000000000e+00 1.190000000000000085e-02 0.000000000000000000e+00
-2.689890000000000114e+01 1.000000000000000000e+00 1.039999999999999952e-02 0.000000000000000000e+00
-2.689890000000000114e+01 1.000000000000000000e+00 1.099999999999999936e-02 0.000000000000000000e+00
-2.689890000000000114e+01 1.000000000000000000e+00 1.209999999999999964e-02 0.000000000000000000e+00
-2.689890000000000114e+01 1.000000000000000000e+00 1.239999999999999956e-02 0.000000000000000000e+00
-2.689890000000000114e+01 1.000000000000000000e+00 1.089999999999999997e-02 0.000000000000000000e+00
-2.689890000000000114e+01 1.000000000000000000e+00 1.230000000000000017e-02 0.000000000000000000e+00
-2.689890000000000114e+01 1.000000000000000000e+00 1.230000000000000017e-02 0.000000000000000000e+00
-2.689890000000000114e+01 1.000000000000000000e+00 1.230000000000000017e-02 0.000000000000000000e+00
-2.689890000000000114e+01 1.000000000000000000e+00 1.260000000000000009e-02 0.000000000000000000e+00
-2.689890000000000114e+01 1.000000000000000000e+00 1.239999999999999956e-02 0.000000000000000000e+00
-2.689890000000000114e+01 1.000000000000000000e+00 1.119999999999999989e-02 0.000000000000000000e+00
-2.689890000000000114e+01 1.000000000000000000e+00 1.039999999999999952e-02 0.000000000000000000e+00
-2.689890000000000114e+01 1.000000000000000000e+00 1.009999999999999960e-02 0.000000000000000000e+00
-2.689890000000000114e+01 1.000000000000000000e+00 1.060000000000000005e-02 0.000000000000000000e+00
-2.689890000000000114e+01 1.000000000000000000e+00 1.220000000000000077e-02 0.000000000000000000e+00
-2.689890000000000114e+01 1.000000000000000000e+00 1.179999999999999973e-02 0.000000000000000000e+00
-2.689890000000000114e+01 1.000000000000000000e+00 1.060000000000000005e-02 0.000000000000000000e+00
-2.689890000000000114e+01 1.000000000000000000e+00 1.409999999999999969e-02 0.000000000000000000e+00
-2.689890000000000114e+01 1.000000000000000000e+00 1.260000000000000009e-02 0.000000000000000000e+00
-2.689890000000000114e+01 1.000000000000000000e+00 1.290000000000000001e-02 0.000000000000000000e+00
-2.687479200000000290e+01 9.991037551721446697e-01 8.600000000000000006e-03 6.005218215700564716e-02
-2.689890000000000114e+01 1.000000000000000000e+00 1.159999999999999920e-02 0.000000000000000000e+00
-2.689890000000000114e+01 1.000000000000000000e+00 1.140000000000000041e-02 0.000000000000000000e+00
-2.689201199999999758e+01 9.997439300491840486e-01 9.599999999999999159e-03 3.391416759462582281e-02
-2.689890000000000114e+01 1.000000000000000000e+00 1.009999999999999960e-02 0.000000000000000000e+00
-2.689890000000000114e+01 1.000000000000000000e+00 1.080000000000000057e-02 0.000000000000000000e+00
-2.689890000000000114e+01 1.000000000000000000e+00 1.280000000000000061e-02 0.000000000000000000e+00
-2.689890000000000114e+01 1.000000000000000000e+00 1.149999999999999981e-02 0.000000000000000000e+00
-2.689890000000000114e+01 1.000000000000000000e+00 1.159999999999999920e-02 0.000000000000000000e+00
-2.689890000000000114e+01 1.000000000000000000e+00 1.140000000000000041e-02 0.000000000000000000e+00
-2.689890000000000114e+01 1.000000000000000000e+00 1.269999999999999948e-02 0.000000000000000000e+00
-2.689890000000000114e+01 1.000000000000000000e+00 1.170000000000000033e-02 0.000000000000000000e+00
-2.689890000000000114e+01 1.000000000000000000e+00 1.239999999999999956e-02 0.000000000000000000e+00
-2.689890000000000114e+01 1.000000000000000000e+00 1.299999999999999940e-02 0.000000000000000000e+00
-2.689201199999999758e+01 9.997439300491840486e-01 9.599999999999999159e-03 3.391416759462582281e-02
-2.689890000000000114e+01 1.000000000000000000e+00 1.119999999999999989e-02 0.000000000000000000e+00
-2.689890000000000114e+01 1.000000000000000000e+00 1.009999999999999960e-02 0.000000000000000000e+00
-2.689890000000000114e+01 1.000000000000000000e+00 1.359999999999999924e-02 0.000000000000000000e+00
-2.689890000000000114e+01 1.000000000000000000e+00 1.239999999999999956e-02 0.000000000000000000e+00
-2.689890000000000114e+01 1.000000000000000000e+00 1.250000000000000069e-02 0.000000000000000000e+00
-2.689890000000000114e+01 1.000000000000000000e+00 1.200000000000000025e-02 0.000000000000000000e+00
-2.689890000000000114e+01 1.000000000000000000e+00 1.179999999999999973e-02 0.000000000000000000e+00
-2.689890000000000114e+01 1.000000000000000000e+00 1.280000000000000061e-02 0.000000000000000000e+00
-2.688856799999999936e+01 9.996158950737762394e-01 9.400000000000000369e-03 4.110125678237724206e-02
-2.689890000000000114e+01 1.000000000000000000e+00 1.230000000000000017e-02 0.000000000000000000e+00
-2.689890000000000114e+01 1.000000000000000000e+00 1.030000000000000013e-02 0.000000000000000000e+00
-2.689890000000000114e+01 1.000000000000000000e+00 1.280000000000000061e-02 0.000000000000000000e+00
-2.689890000000000114e+01 1.000000000000000000e+00 1.089999999999999997e-02 0.000000000000000000e+00
-2.689890000000000114e+01 1.000000000000000000e+00 1.200000000000000025e-02 0.000000000000000000e+00
-2.688340200000000024e+01 9.994238426106643036e-01 9.100000000000000450e-03 4.952876519577471132e-02
-2.689890000000000114e+01 1.000000000000000000e+00 1.209999999999999964e-02 0.000000000000000000e+00
-2.689890000000000114e+01 1.000000000000000000e+00 1.239999999999999956e-02 0.000000000000000000e+00
-2.689890000000000114e+01 1.000000000000000000e+00 1.260000000000000009e-02 0.000000000000000000e+00
-2.689890000000000114e+01 1.000000000000000000e+00 1.089999999999999997e-02 0.000000000000000000e+00
-2.689890000000000114e+01 1.000000000000000000e+00 1.089999999999999997e-02 0.000000000000000000e+00
-2.689890000000000114e+01 1.000000000000000000e+00 1.329999999999999932e-02 0.000000000000000000e+00
-2.689890000000000114e+01 1.000000000000000000e+00 1.099999999999999936e-02 0.000000000000000000e+00
-2.689890000000000114e+01 1.000000000000000000e+00 1.099999999999999936e-02 0.000000000000000000e+00
-2.689890000000000114e+01 1.000000000000000000e+00 1.159999999999999920e-02 0.000000000000000000e+00
-2.689890000000000114e+01 1.000000000000000000e+00 1.190000000000000085e-02 0.000000000000000000e+00
-2.689890000000000114e+01 1.000000000000000000e+00 1.379999999999999977e-02 0.000000000000000000e+00
-2.689890000000000114e+01 1.000000000000000000e+00 1.280000000000000061e-02 0.000000000000000000e+00
-2.689890000000000114e+01 1.000000000000000000e+00 1.190000000000000085e-02 0.000000000000000000e+00
-2.689890000000000114e+01 1.000000000000000000e+00 1.050000000000000065e-02 0.000000000000000000e+00
