-2.426054600000001571e+01 9.168762660619809157e-01 0.000000000000000000e+00 7.548355517500872081e-01
-2.419448800000001398e+01 9.143797430083149269e-01 1.000000000000000048e-04 7.273769585672517080e-01
-2.381405400000000583e+01 9.000020408163267316e-01 1.000000000000000048e-04 8.596449564767768559e-01
-2.433704400000000589e+01 9.197673469387757095e-01 0.000000000000000000e+00 8.110441528316594262e-01
-2.429325799999999091e+01 9.181125472411183486e-01 0.000000000000000000e+00 6.684256850241470094e-01
-2.398784200000001832e+01 9.065699924414216682e-01 0.000000000000000000e+00 7.689844859503495167e-01
-2.364082000000002637e+01 8.934550264550273901e-01 0.000000000000000000e+00 8.744976608247039263e-01
-2.428852000000001965e+01 9.179334845049137437e-01 0.000000000000000000e+00 6.644422392450147763e-01
-2.432169200000002363e+01 9.191871504157227424e-01 2.000000000000000096e-04 7.211787289758848640e-01
-2.465822000000002490e+01 9.319055177626615061e-01 0.000000000000000000e+00 6.053864991336803669e-01
-2.424609400000001003e+01 9.163300831443692562e-01 0.000000000000000000e+00 6.983711244305449428e-01
-2.418166200000002419e+01 9.138950113378693230e-01 0.000000000000000000e+00 6.455854138858948543e-01
-2.475423800000001151e+01 9.355343159486020355e-01 0.000000000000000000e+00 5.809392810254645489e-01
-2.513062599999999946e+01 9.497591080876794933e-01 1.000000000000000048e-04 5.588768669827774982e-01
-2.436389000000001559e+01 9.207819349962212963e-01 0.000000000000000000e+00 6.642311228371149401e-01
-2.497658200000001116e+01 9.439373393801968604e-01 1.000000000000000048e-04 5.667160563823968600e-01
-2.491176800000001634e+01 9.414878306878312619e-01 0.000000000000000000e+00 5.305289624287797823e-01
-2.515164400000000811e+01 9.505534391534394834e-01 2.000000000000000096e-04 6.334622232994441271e-01
-2.527245800000000386e+01 9.551193499622072647e-01 2.999999999999999737e-04 5.663939688195414046e-01
-2.547568000000000410e+01 9.627996976568405918e-01 2.999999999999999737e-04 4.797641129142573013e-01
-2.568844600000000966e+01 9.708407407407411149e-01 5.999999999999999474e-04 4.473864113883541105e-01
-2.596980199999999783e+01 9.814739984882840940e-01 1.000000000000000021e-03 2.936212051558468317e-01
-2.584304600000000818e+01 9.766835222978083042e-01 2.000000000000000096e-04 2.818797821767288214e-01
-2.589796000000000831e+01 9.787588813303101931e-01 8.000000000000000383e-04 3.208473327130694774e-01
-2.543170800000001819e+01 9.611378684807262429e-01 4.000000000000000192e-04 4.744250818824739535e-01
-2.604074199999998740e+01 9.841550264550259497e-01 1.799999999999999951e-03 3.081855459677409481e-01
-2.600861400000000501e+01 9.829408163265307419e-01 8.999999999999999754e-04 2.208492721612217435e-01
-2.526983200000001162e+01 9.550201058201062132e-01 2.999999999999999737e-04 5.597154246055885407e-01
-2.487253599999999665e+01 9.400051398337111452e-01 2.000000000000000096e-04 7.006456975093647843e-01
-2.602812400000000181e+01 9.836781557067271198e-01 6.999999999999999929e-04 2.150618154593856857e-01
-2.582226400000000055e+01 9.758981103552532010e-01 5.999999999999999474e-04 3.368301791704539916e-01
-2.603091600000000128e+01 9.837836734693877760e-01 1.199999999999999895e-03 2.681870433978209012e-01
-2.599246200000001039e+01 9.823303854875287122e-01 1.100000000000000066e-03 2.679849275046961576e-01
-2.548853000000000790e+01 9.632853363567651650e-01 4.000000000000000192e-04 5.117095138510294738e-01
-2.552542600000001016e+01 9.646797430083148273e-01 4.000000000000000192e-04 5.124456422752259321e-01
-2.590686200000000383e+01 9.790953136810280899e-01 1.000000000000000021e-03 3.669139944857585101e-01
-2.537017600000000428e+01 9.588123960695390524e-01 2.000000000000000096e-04 5.191556200235339924e-01
-2.558878400000000397e+01 9.670742252456538957e-01 1.000000000000000048e-04 3.516481238023847489e-01
-2.563080200000000985e+01 9.686622071050645655e-01 4.000000000000000192e-04 4.603911525315108610e-01
-2.585497000000000511e+01 9.771341647770220851e-01 1.799999999999999951e-03 3.986220613284947034e-01
-2.579380600000000712e+01 9.748226001511718364e-01 5.000000000000000104e-04 3.469849511538979359e-01
-2.582914399999999233e+01 9.761581254724108758e-01 8.000000000000000383e-04 3.776440460528830978e-01
-2.594337600000000776e+01 9.804752834467123090e-01 1.100000000000000066e-03 3.330351506063499167e-01
-2.574510200000000637e+01 9.729819349962208763e-01 5.000000000000000104e-04 4.011748811285236749e-01
-2.595401600000001707e+01 9.808773998488290458e-01 6.999999999999999929e-04 2.962964427117488198e-01
-2.580290800000001283e+01 9.751665910808772209e-01 6.999999999999999929e-04 3.697717837485250403e-01
-2.615102800000000371e+01 9.883230536659108889e-01 1.699999999999999905e-03 1.729652549216203761e-01
-2.550376199999999116e+01 9.638609977324259503e-01 5.000000000000000104e-04 5.682769645519726298e-01
-2.591196800000000167e+01 9.792882842025699697e-01 1.299999999999999940e-03 3.741990327851931197e-01
-2.592222800000000049e+01 9.796760393046106685e-01 1.100000000000000066e-03 3.334333547147974031e-01
-2.600473200000000773e+01 9.827941043083903150e-01 2.999999999999999737e-04 2.067694978189065780e-01
-2.487976200000001015e+01 9.402782312925173080e-01 2.000000000000000096e-04 6.175670247483796560e-01
-2.583628000000000569e+01 9.764278155706729301e-01 6.999999999999999929e-04 3.502958207289980086e-01
-2.608681800000000806e+01 9.858963718820864530e-01 1.399999999999999986e-03 2.240093758770113630e-01
-2.600079000000000562e+01 9.826451247165535197e-01 1.899999999999999996e-03 3.444105072072390916e-01
-2.622955199999999465e+01 9.912907029478456034e-01 2.399999999999999790e-03 1.713006315212996788e-01
-2.623128599999999722e+01 9.913562358276643005e-01 2.099999999999999870e-03 1.534689946773380442e-01
-2.608067600000000752e+01 9.856642479213910679e-01 1.500000000000000031e-03 2.559475353120700958e-01
-2.576010800000000955e+01 9.735490551776269097e-01 8.000000000000000383e-04 4.621151838748399077e-01
-2.597617000000000331e+01 9.817146636432351192e-01 1.299999999999999940e-03 3.379002092543620384e-01
-2.621930800000000161e+01 9.909035525321240323e-01 3.299999999999999982e-03 1.961371040158322310e-01
-2.571505000000000507e+01 9.718461829176116007e-01 1.100000000000000066e-03 4.858752829750250801e-01
-2.609593000000000984e+01 9.862407407407410842e-01 2.099999999999999870e-03 2.830943710660687729e-01
-2.615799799999999919e+01 9.885864701436128943e-01 1.699999999999999905e-03 1.979154670993950871e-01
-2.599104200000000375e+01 9.822767195767196924e-01 1.100000000000000066e-03 2.697722335900447077e-01
-2.622793200000000269e+01 9.912294784580499840e-01 2.899999999999999800e-03 1.780213634212016727e-01
-2.618952799999999925e+01 9.897780801209371537e-01 1.799999999999999951e-03 1.718213272589005913e-01
-2.629273600000000499e+01 9.936786092214665578e-01 2.799999999999999972e-03 1.185594472376325509e-01
-2.618205199999999877e+01 9.894955404383974917e-01 1.799999999999999951e-03 1.694389115387444356e-01
-2.619389399999999313e+01 9.899430839002264504e-01 1.500000000000000031e-03 1.565976984363295910e-01
-2.622210999999999714e+01 9.910094482237338243e-01 3.099999999999999891e-03 1.939995425903181803e-01
-2.626728599999999858e+01 9.927167800453513546e-01 3.000000000000000062e-03 1.435443330807453788e-01
-2.614523200000000713e+01 9.881040060468634367e-01 2.099999999999999870e-03 2.142317120325655522e-01
-2.630791199999999819e+01 9.942521541950112285e-01 3.000000000000000062e-03 1.093989578367071114e-01
-2.629928400000000721e+01 9.939260770975059112e-01 3.599999999999999901e-03 1.335961264181692032e-01
-2.637260000000000204e+01 9.966969009826153192e-01 4.899999999999999842e-03 9.040503248708020578e-02
-2.625485600000000375e+01 9.922470143613001392e-01 2.700000000000000143e-03 1.456702602150182491e-01
-2.633962200000000209e+01 9.954505668934240381e-01 4.300000000000000003e-03 1.096408236843461753e-01
-2.632018200000000263e+01 9.947158730158730533e-01 3.599999999999999901e-03 1.114472837105718733e-01
-2.622697800000000612e+01 9.911934240362814119e-01 1.799999999999999951e-03 1.297651114806123718e-01
-2.620410000000000039e+01 9.903287981859409950e-01 1.100000000000000066e-03 1.146480869373050632e-01
-2.633480600000000038e+01 9.952685563114134215e-01 4.199999999999999740e-03 1.102137957413557023e-01
-2.622515399999999985e+01 9.911244897959183842e-01 1.699999999999999905e-03 1.380636154206830446e-01
-2.633537799999999862e+01 9.952901738473166615e-01 4.000000000000000083e-03 1.075085747860389518e-01
-2.619821599999999506e+01 9.901064247921388395e-01 2.000000000000000042e-03 1.674544477302605527e-01
-2.637438599999999767e+01 9.967643990929704323e-01 5.599999999999999943e-03 1.009384300982891502e-01
-2.632711199999999607e+01 9.949777777777776278e-01 3.799999999999999992e-03 1.087389918078791734e-01
-2.627864399999999989e+01 9.931460317460316656e-01 2.700000000000000143e-03 1.311835650583339508e-01
-2.624181799999999498e+01 9.917542705971275074e-01 2.200000000000000133e-03 1.477467861039298835e-01
-2.634407599999999761e+01 9.956188964474677050e-01 4.199999999999999740e-03 1.056244759666641470e-01
-2.632243400000000122e+01 9.948009826152683921e-01 3.899999999999999821e-03 1.157617513462349812e-01
-2.631681999999999988e+01 9.945888133030990064e-01 2.399999999999999790e-03 9.639245747767759276e-02
-2.632133200000000173e+01 9.947593348450491924e-01 3.500000000000000073e-03 1.056056863329748741e-01
-2.633208199999999977e+01 9.951656084656084200e-01 4.199999999999999740e-03 1.137565044249777002e-01
-2.597705399999999898e+01 9.817480725623581872e-01 1.299999999999999940e-03 2.928162175436425096e-01
-2.627966799999999381e+01 9.931847316704457418e-01 2.500000000000000052e-03 1.161227501701140585e-01
-2.629622800000000282e+01 9.938105820105820332e-01 2.500000000000000052e-03 1.007463021152590066e-01
-2.629002399999999895e+01 9.935761148904005413e-01 2.299999999999999961e-03 1.021745081967734836e-01
-2.626216599999999346e+01 9.925232804232801964e-01 3.299999999999999982e-03 1.604352414873714550e-01
-2.636960000000000193e+01 9.965835222978079999e-01 5.199999999999999761e-03 9.713538193800734521e-02
-2.636885800000000657e+01 9.965554799697659005e-01 4.700000000000000185e-03 8.718269819549399891e-02
-2.627630599999999816e+01 9.930576719576718059e-01 2.399999999999999790e-03 1.148532922972398118e-01
-2.638681400000000110e+01 9.972340891912320204e-01 5.899999999999999863e-03 8.970353080221518671e-02
-2.632789800000000469e+01 9.950074829931974119e-01 4.199999999999999740e-03 1.261818168558788700e-01
-2.637380200000000130e+01 9.967423280423280962e-01 5.300000000000000024e-03 9.408696812905231743e-02
-2.633265599999999651e+01 9.951873015873013983e-01 4.300000000000000003e-03 1.168833764955913013e-01
-2.642727000000000359e+01 9.987630385487529239e-01 8.099999999999999561e-03 6.831245726938754703e-02
-2.640009200000000078e+01 9.977359032501890157e-01 6.599999999999999964e-03 8.388797927395071075e-02
-2.638026399999999683e+01 9.969865457294027067e-01 5.899999999999999863e-03 9.808642604222804484e-02
-2.640084000000000231e+01 9.977641723356009962e-01 6.599999999999999964e-03 8.317098853165959260e-02
-2.625625000000000142e+01 9.922996976568405625e-01 2.700000000000000143e-03 1.474419875644986111e-01
-2.633719999999999928e+01 9.953590325018896179e-01 3.599999999999999901e-03 9.534390702116575522e-02
-2.646000000000000085e+01 1.000000000000000000e+00 1.050000000000000065e-02 0.000000000000000000e+00
-2.645295199999999980e+01 9.997336356764927601e-01 9.599999999999999159e-03 3.470195313689381639e-02
-2.641317399999999438e+01 9.982303099017382220e-01 7.300000000000000065e-03 7.773445944919593620e-02
-2.642652200000000207e+01 9.987347694633409434e-01 8.099999999999999561e-03 6.947165046392593524e-02
-2.644713400000000547e+01 9.995137566137567431e-01 9.100000000000000450e-03 4.261723514393171708e-02
-2.646000000000000085e+01 1.000000000000000000e+00 1.030000000000000013e-02 0.000000000000000000e+00
-2.618913399999999214e+01 9.897631897203322815e-01 2.700000000000000143e-03 2.185350991017096511e-01
-2.633665999999999840e+01 9.953386243386243004e-01 3.000000000000000062e-03 8.115176205633858886e-02
-2.643533199999999894e+01 9.990677248677247713e-01 8.600000000000000006e-03 6.144712250908522522e-02
-2.646000000000000085e+01 1.000000000000000000e+00 2.639999999999999986e-02 0.000000000000000000e+00
-2.634547000000000239e+01 9.956715797430083503e-01 3.500000000000000073e-03 8.446543193472293154e-02
-2.646000000000000085e+01 1.000000000000000000e+00 1.159999999999999920e-02 0.000000000000000000e+00
-2.644942800000000105e+01 9.996004535147392511e-01 9.400000000000000369e-03 4.205598980868133219e-02
-2.639182400000000328e+01 9.974234315948602436e-01 6.199999999999999782e-03 8.792804808708179487e-02
-2.641242599999999996e+01 9.982020408163264635e-01 7.300000000000000065e-03 7.861974283623972271e-02
-2.646000000000000085e+01 1.000000000000000000e+00 1.919999999999999832e-02 0.000000000000000000e+00
-2.642123599999999684e+01 9.985349962207104024e-01 7.799999999999999642e-03 7.335790982118713111e-02
-2.640537800000000246e+01 9.979356764928194456e-01 6.899999999999999883e-03 8.190184761300782490e-02
-2.644061799999999707e+01 9.992674981103550902e-01 8.899999999999999925e-03 5.540891584894625660e-02
-2.644841400000000320e+01 9.995621315192744216e-01 9.299999999999999239e-03 4.301010691651131063e-02
-2.646000000000000085e+01 1.000000000000000000e+00 1.009999999999999960e-02 0.000000000000000000e+00
-2.640537800000000246e+01 9.979356764928194456e-01 6.899999999999999883e-03 8.190184761300782490e-02
-2.644414200000000292e+01 9.994006802721089322e-01 9.100000000000000450e-03 5.067925916083374643e-02
-2.640185400000000016e+01 9.978024943310657147e-01 6.700000000000000226e-03 8.326887133457165635e-02
-2.646000000000000085e+01 1.000000000000000000e+00 1.269999999999999948e-02 0.000000000000000000e+00
-2.634084400000000059e+01 9.954967498110355306e-01 4.899999999999999842e-03 1.270569794393149043e-01
-2.646000000000000085e+01 1.000000000000000000e+00 1.110000000000000049e-02 0.000000000000000000e+00
-2.630080200000000090e+01 9.939834467120181039e-01 3.099999999999999891e-03 1.128475918478488438e-01
-2.643255600000000172e+01 9.989628117913832428e-01 8.399999999999999481e-03 6.361669039622989963e-02
-2.642299800000000332e+01 9.986015873015874345e-01 7.900000000000000772e-03 7.212926384644716138e-02
-2.645471399999999917e+01 9.998002267573695701e-01 9.700000000000000289e-03 3.020889232920648954e-02
-2.645471399999999917e+01 9.998002267573695701e-01 9.700000000000000289e-03 3.020889232920648954e-02
-2.638951999999999742e+01 9.973363567649280448e-01 6.000000000000000125e-03 8.675488284223444035e-02
-2.640185400000000016e+01 9.978024943310657147e-01 6.700000000000000226e-03 8.326887133457165635e-02
-2.643004600000000082e+01 9.988679516250944523e-01 8.300000000000000086e-03 6.651993461369437588e-02
-2.631750400000000667e+01 9.946146636432352528e-01 4.799999999999999580e-03 1.708835659598422763e-01
-2.642828400000000144e+01 9.988013605442177534e-01 8.200000000000000691e-03 6.803485844503859292e-02
-2.646000000000000085e+01 1.000000000000000000e+00 1.009999999999999960e-02 0.000000000000000000e+00
-2.646000000000000085e+01 1.000000000000000000e+00 1.060000000000000005e-02 0.000000000000000000e+00
-2.644061799999999707e+01 9.992674981103550902e-01 8.899999999999999925e-03 5.540891584894625660e-02
-2.642652200000000207e+01 9.987347694633409434e-01 8.099999999999999561e-03 6.947165046392593524e-02
-2.639907799999999582e+01 9.976975812547239642e-01 6.499999999999999702e-03 8.376927859522101394e-02
-2.641594999999999871e+01 9.983352229780800835e-01 7.499999999999999722e-03 7.668120744848554160e-02
-2.640788799999999981e+01 9.980305366591080141e-01 7.000000000000000146e-03 8.034412511443601856e-02
-2.644766600000000167e+01 9.995338624338624411e-01 9.299999999999999239e-03 4.518338887581438423e-02
-2.639128200000000390e+01 9.974029478458050768e-01 6.100000000000000387e-03 8.637449630603548367e-02
-2.646000000000000085e+01 1.000000000000000000e+00 1.009999999999999960e-02 0.000000000000000000e+00
-2.640714000000000183e+01 9.980022675736961446e-01 7.000000000000000146e-03 8.115176205633858886e-02
-2.646000000000000085e+01 1.000000000000000000e+00 1.069999999999999944e-02 0.000000000000000000e+00
-2.641418799999999933e+01 9.982686318972032735e-01 7.400000000000000328e-03 7.767671320117422451e-02
-2.640361600000000308e+01 9.978690854119426357e-01 6.799999999999999621e-03 8.260717155259164612e-02
-2.646000000000000085e+01 1.000000000000000000e+00 1.969999999999999876e-02 0.000000000000000000e+00
-2.644766600000000167e+01 9.995338624338624411e-01 9.299999999999999239e-03 4.518338887581438423e-02
-2.644237999999999644e+01 9.993340891912319002e-01 8.999999999999999320e-03 5.312629891460241699e-02
-2.646000000000000085e+01 1.000000000000000000e+00 1.039999999999999952e-02 0.000000000000000000e+00
-2.646000000000000085e+01 1.000000000000000000e+00 1.030000000000000013e-02 0.000000000000000000e+00
-2.643004600000000082e+01 9.988679516250944523e-01 8.300000000000000086e-03 6.651993461369437588e-02
-2.624968800000000257e+01 9.920517006802721527e-01 4.199999999999999740e-03 2.464230874661787196e-01
-2.646000000000000085e+01 1.000000000000000000e+00 1.280000000000000061e-02 0.000000000000000000e+00
-2.639656800000000203e+01 9.976027210884353957e-01 6.400000000000000307e-03 8.500207826336382555e-02
-2.642652200000000207e+01 9.987347694633409434e-01 8.099999999999999561e-03 6.947165046392593524e-02
-2.646000000000000085e+01 1.000000000000000000e+00 1.969999999999999876e-02 0.000000000000000000e+00
-2.644061799999999707e+01 9.992674981103550902e-01 8.899999999999999925e-03 5.540891584894625660e-02
-2.641771199999999808e+01 9.984018140589567825e-01 7.599999999999999985e-03 7.563115343360211906e-02
-2.645295199999999980e+01 9.997336356764927601e-01 9.599999999999999159e-03 3.470195313689381639e-02
-2.640009200000000078e+01 9.977359032501890157e-01 6.599999999999999964e-03 8.388797927395071075e-02
-2.643004600000000082e+01 9.988679516250944523e-01 8.300000000000000086e-03 6.651993461369437588e-02
-2.645295199999999980e+01 9.997336356764927601e-01 9.599999999999999159e-03 3.470195313689381639e-02
-2.636661399999999844e+01 9.964706727135297371e-01 4.700000000000000185e-03 8.838430892781024006e-02
-2.646000000000000085e+01 1.000000000000000000e+00 1.510000000000000057e-02 0.000000000000000000e+00
-2.642828400000000144e+01 9.988013605442177534e-01 8.200000000000000691e-03 6.803485844503859292e-02
-2.646000000000000085e+01 1.000000000000000000e+00 2.089999999999999844e-02 0.000000000000000000e+00
-2.646000000000000085e+01 1.000000000000000000e+00 1.039999999999999952e-02 0.000000000000000000e+00
-2.646000000000000085e+01 1.000000000000000000e+00 1.000000000000000021e-02 0.000000000000000000e+00
-2.643356999999999957e+01 9.990011337868480723e-01 8.500000000000000611e-03 6.323294356200111210e-02
-2.645193800000000195e+01 9.996953136810280416e-01 9.499999999999999764e-03 3.595285009986073921e-02
-2.644414200000000292e+01 9.994006802721089322e-01 9.100000000000000450e-03 5.067925916083374643e-02
-2.643330399999999969e+01 9.989910808767951123e-01 8.399999999999999481e-03 6.227557187634105013e-02
-2.641242599999999996e+01 9.982020408163264635e-01 7.300000000000000065e-03 7.861974283623972271e-02
-2.646000000000000085e+01 1.000000000000000000e+00 1.250000000000000069e-02 0.000000000000000000e+00
-2.645647600000000210e+01 9.998668178382464911e-01 9.799999999999999684e-03 2.479227282681448208e-02
-2.646000000000000085e+01 1.000000000000000000e+00 1.129999999999999928e-02 0.000000000000000000e+00
-2.645898599999999945e+01 9.999616780045350595e-01 9.900000000000000813e-03 1.014000000000014196e-02
-2.642550800000000422e+01 9.986964474678761139e-01 8.000000000000000167e-03 6.971764943272490411e-02
-2.644766600000000167e+01 9.995338624338624411e-01 9.299999999999999239e-03 4.518338887581438423e-02
-2.642652200000000207e+01 9.987347694633409434e-01 8.099999999999999561e-03 6.947165046392593524e-02
-2.643533199999999894e+01 9.990677248677247713e-01 8.600000000000000006e-03 6.144712250908522522e-02
-2.646000000000000085e+01 1.000000000000000000e+00 1.140000000000000041e-02 0.000000000000000000e+00
-2.646000000000000085e+01 1.000000000000000000e+00 1.039999999999999952e-02 0.000000000000000000e+00
-2.641594999999999871e+01 9.983352229780800835e-01 7.499999999999999722e-03 7.668120744848554160e-02
-2.641771199999999808e+01 9.984018140589567825e-01 7.599999999999999985e-03 7.563115343360211906e-02
-2.642022199999999899e+01 9.984966742252455729e-01 7.700000000000000247e-03 7.351731134002900681e-02
-2.643356999999999957e+01 9.990011337868480723e-01 8.500000000000000611e-03 6.323294356200111210e-02
-2.633482000000000767e+01 9.952690854119428110e-01 4.400000000000000265e-03 1.212163188667105679e-01
-2.646000000000000085e+01 1.000000000000000000e+00 1.030000000000000013e-02 0.000000000000000000e+00
-2.646000000000000085e+01 1.000000000000000000e+00 1.340000000000000045e-02 0.000000000000000000e+00
-2.646000000000000085e+01 1.000000000000000000e+00 1.119999999999999989e-02 0.000000000000000000e+00
-2.646000000000000085e+01 1.000000000000000000e+00 1.149999999999999981e-02 0.000000000000000000e+00
-2.644312800000000507e+01 9.993623582766441027e-01 8.999999999999999320e-03 5.136849264251079628e-02
-2.643079400000000234e+01 9.988962207105064328e-01 8.300000000000000086e-03 6.526758878229391159e-02
-2.643709399999999832e+01 9.991343159486015812e-01 8.699999999999999400e-03 5.955518927597351631e-02
-2.646000000000000085e+01 1.000000000000000000e+00 1.110000000000000049e-02 0.000000000000000000e+00
-2.646000000000000085e+01 1.000000000000000000e+00 1.149999999999999981e-02 0.000000000000000000e+00
-2.643709399999999832e+01 9.991343159486015812e-01 8.699999999999999400e-03 5.955518927597351631e-02
-2.646000000000000085e+01 1.000000000000000000e+00 1.650000000000000078e-02 0.000000000000000000e+00
-2.646000000000000085e+01 1.000000000000000000e+00 1.039999999999999952e-02 0.000000000000000000e+00
-2.646000000000000085e+01 1.000000000000000000e+00 1.239999999999999956e-02 0.000000000000000000e+00
-2.643004600000000082e+01 9.988679516250944523e-01 8.300000000000000086e-03 6.651993461369437588e-02
-2.646000000000000085e+01 1.000000000000000000e+00 1.060000000000000005e-02 0.000000000000000000e+00
-2.646000000000000085e+01 1.000000000000000000e+00 1.020000000000000073e-02 0.000000000000000000e+00
-2.643004600000000082e+01 9.988679516250944523e-01 8.300000000000000086e-03 6.651993461369437588e-02
-2.646000000000000085e+01 1.000000000000000000e+00 1.020000000000000073e-02 0.000000000000000000e+00
-2.646000000000000085e+01 1.000000000000000000e+00 1.329999999999999932e-02 0.000000000000000000e+00
-2.643431800000000109e+01 9.990294028722600528e-01 8.500000000000000611e-03 6.187112768007470287e-02
-2.646000000000000085e+01 1.000000000000000000e+00 1.080000000000000057e-02 0.000000000000000000e+00
-2.645823800000000148e+01 9.999334089191231900e-01 9.900000000000000813e-03 1.762000000000009392e-02
-2.643859000000000137e+01 9.991908541194255422e-01 8.699999999999999400e-03 5.651816102150336585e-02
-2.646000000000000085e+01 1.000000000000000000e+00 1.020000000000000073e-02 0.000000000000000000e+00
-2.646000000000000085e+01 1.000000000000000000e+00 1.000000000000000021e-02 0.000000000000000000e+00
-2.644590400000000230e+01 9.994672713529857422e-01 9.199999999999999845e-03 4.804267866946443366e-02
-2.646000000000000085e+01 1.000000000000000000e+00 1.290000000000000001e-02 0.000000000000000000e+00
-2.646000000000000085e+01 1.000000000000000000e+00 1.580000000000000154e-02 0.000000000000000000e+00
-2.646000000000000085e+01 1.000000000000000000e+00 1.060000000000000005e-02 0.000000000000000000e+00
-2.645823800000000148e+01 9.999334089191231900e-01 9.900000000000000813e-03 1.762000000000009392e-02
-2.644766600000000167e+01 9.995338624338624411e-01 9.299999999999999239e-03 4.518338887581438423e-02
-2.646000000000000085e+01 1.000000000000000000e+00 1.009999999999999960e-02 0.000000000000000000e+00
-2.644237999999999644e+01 9.993340891912319002e-01 8.999999999999999320e-03 5.312629891460241699e-02
-2.646000000000000085e+01 1.000000000000000000e+00 1.319999999999999993e-02 0.000000000000000000e+00
-2.645295199999999980e+01 9.997336356764927601e-01 9.599999999999999159e-03 3.470195313689381639e-02
-2.646000000000000085e+01 1.000000000000000000e+00 1.000000000000000021e-02 0.000000000000000000e+00
-2.642652200000000207e+01 9.987347694633409434e-01 8.099999999999999561e-03 6.947165046392593524e-02
-2.645119000000000042e+01 9.996670445956160611e-01 9.499999999999999764e-03 3.859536136884775259e-02
-2.646000000000000085e+01 1.000000000000000000e+00 1.140000000000000041e-02 0.000000000000000000e+00
-2.646000000000000085e+01 1.000000000000000000e+00 1.099999999999999936e-02 0.000000000000000000e+00
-2.642299800000000332e+01 9.986015873015874345e-01 7.900000000000000772e-03 7.212926384644716138e-02
-2.646000000000000085e+01 1.000000000000000000e+00 1.239999999999999956e-02 0.000000000000000000e+00
-2.646000000000000085e+01 1.000000000000000000e+00 1.110000000000000049e-02 0.000000000000000000e+00
-2.644766600000000167e+01 9.995338624338624411e-01 9.299999999999999239e-03 4.518338887581438423e-02
-2.646000000000000085e+01 1.000000000000000000e+00 1.060000000000000005e-02 0.000000000000000000e+00
-2.646000000000000085e+01 1.000000000000000000e+00 1.379999999999999977e-02 0.000000000000000000e+00
-2.645823800000000148e+01 9.999334089191231900e-01 9.900000000000000813e-03 1.762000000000009392e-02
-2.646000000000000085e+01 1.000000000000000000e+00 1.089999999999999997e-02 0.000000000000000000e+00
-2.646000000000000085e+01 1.000000000000000000e+00 1.110000000000000049e-02 0.000000000000000000e+00
-2.646000000000000085e+01 1.000000000000000000e+00 1.030000000000000013e-02 0.000000000000000000e+00
-2.644061799999999707e+01 9.992674981103550902e-01 8.899999999999999925e-03 5.540891584894625660e-02
-2.646000000000000085e+01 1.000000000000000000e+00 1.190000000000000085e-02 0.000000000000000000e+00
-2.646000000000000085e+01 1.000000000000000000e+00 1.050000000000000065e-02 0.000000000000000000e+00
-2.646000000000000085e+01 1.000000000000000000e+00 1.060000000000000005e-02 0.000000000000000000e+00
-2.646000000000000085e+01 1.000000000000000000e+00 1.050000000000000065e-02 0.000000000000000000e+00
-2.646000000000000085e+01 1.000000000000000000e+00 1.069999999999999944e-02 0.000000000000000000e+00
-2.646000000000000085e+01 1.000000000000000000e+00 1.050000000000000065e-02 0.000000000000000000e+00
-2.644590400000000230e+01 9.994672713529857422e-01 9.199999999999999845e-03 4.804267866946443366e-02
-2.643533199999999894e+01 9.990677248677247713e-01 8.600000000000000006e-03 6.144712250908522522e-02
-2.646000000000000085e+01 1.000000000000000000e+00 1.179999999999999973e-02 0.000000000000000000e+00
-2.646000000000000085e+01 1.000000000000000000e+00 1.050000000000000065e-02 0.000000000000000000e+00
-2.646000000000000085e+01 1.000000000000000000e+00 1.209999999999999964e-02 0.000000000000000000e+00
-2.645823800000000148e+01 9.999334089191231900e-01 9.900000000000000813e-03 1.762000000000009392e-02
-2.646000000000000085e+01 1.000000000000000000e+00 1.039999999999999952e-02 0.000000000000000000e+00
-2.645471399999999917e+01 9.998002267573695701e-01 9.700000000000000289e-03 3.020889232920648954e-02
-2.646000000000000085e+01 1.000000000000000000e+00 1.170000000000000033e-02 0.000000000000000000e+00
-2.646000000000000085e+01 1.000000000000000000e+00 1.220000000000000077e-02 0.000000000000000000e+00
-2.646000000000000085e+01 1.000000000000000000e+00 1.190000000000000085e-02 0.000000000000000000e+00
-2.646000000000000085e+01 1.000000000000000000e+00 1.060000000000000005e-02 0.000000000000000000e+00
-2.646000000000000085e+01 1.000000000000000000e+00 1.089999999999999997e-02 0.000000000000000000e+00
-2.644061799999999707e+01 9.992674981103550902e-01 8.899999999999999925e-03 5.540891584894625660e-02
-2.646000000000000085e+01 1.000000000000000000e+00 1.209999999999999964e-02 0.000000000000000000e+00
-2.645119000000000042e+01 9.996670445956160611e-01 9.499999999999999764e-03 3.859536136884775259e-02
-2.646000000000000085e+01 1.000000000000000000e+00 1.020000000000000073e-02 0.000000000000000000e+00
-2.646000000000000085e+01 1.000000000000000000e+00 1.129999999999999928e-02 0.000000000000000000e+00
-2.646000000000000085e+01 1.000000000000000000e+00 1.129999999999999928e-02 0.000000000000000000e+00
-2.645017600000000257e+01 9.996287226001512316e-01 9.400000000000000369e-03 3.967838665667742376e-02
-2.643533199999999894e+01 9.990677248677247713e-01 8.600000000000000006e-03 6.144712250908522522e-02
-2.646000000000000085e+01 1.000000000000000000e+00 1.080000000000000057e-02 0.000000000000000000e+00
-2.646000000000000085e+01 1.000000000000000000e+00 1.129999999999999928e-02 0.000000000000000000e+00
-2.644489000000000445e+01 9.994289493575209127e-01 9.100000000000000450e-03 4.880617923289194693e-02
-2.646000000000000085e+01 1.000000000000000000e+00 1.030000000000000013e-02 0.000000000000000000e+00
-2.644414200000000292e+01 9.994006802721089322e-01 9.100000000000000450e-03 5.067925916083374643e-02
-2.646000000000000085e+01 1.000000000000000000e+00 1.080000000000000057e-02 0.000000000000000000e+00
-2.645898599999999945e+01 9.999616780045350595e-01 9.900000000000000813e-03 1.014000000000014196e-02
-2.646000000000000085e+01 1.000000000000000000e+00 1.020000000000000073e-02 0.000000000000000000e+00
-2.645898599999999945e+01 9.999616780045350595e-01 9.900000000000000813e-03 1.014000000000014196e-02
-2.644916200000000472e+01 9.995904006046865131e-01 9.299999999999999239e-03 4.070712041554013644e-02
-2.645295199999999980e+01 9.997336356764927601e-01 9.599999999999999159e-03 3.470195313689381639e-02
-2.646000000000000085e+01 1.000000000000000000e+00 1.099999999999999936e-02 0.000000000000000000e+00
-2.645647600000000210e+01 9.998668178382464911e-01 9.799999999999999684e-03 2.479227282681448208e-02
-2.645722400000000007e+01 9.998950869236583605e-01 9.799999999999999684e-03 2.024041920754068163e-02
-2.643180800000000019e+01 9.989345427059712623e-01 8.399999999999999481e-03 6.492140964507087109e-02
-2.646000000000000085e+01 1.000000000000000000e+00 1.119999999999999989e-02 0.000000000000000000e+00
-2.646000000000000085e+01 1.000000000000000000e+00 1.220000000000000077e-02 0.000000000000000000e+00
-2.646000000000000085e+01 1.000000000000000000e+00 1.200000000000000025e-02 0.000000000000000000e+00
-2.646000000000000085e+01 1.000000000000000000e+00 1.089999999999999997e-02 0.000000000000000000e+00
-2.646000000000000085e+01 1.000000000000000000e+00 1.060000000000000005e-02 0.000000000000000000e+00
-2.644590400000000230e+01 9.994672713529857422e-01 9.199999999999999845e-03 4.804267866946443366e-02
-2.644237999999999644e+01 9.993340891912319002e-01 8.999999999999999320e-03 5.312629891460241699e-02
-2.641493600000000086e+01 9.982969009826152540e-01 7.400000000000000328e-03 7.676321657005988341e-02
-2.646000000000000085e+01 1.000000000000000000e+00 1.140000000000000041e-02 0.000000000000000000e+00
-2.645898599999999945e+01 9.999616780045350595e-01 9.900000000000000813e-03 1.014000000000014196e-02
-2.646000000000000085e+01 1.000000000000000000e+00 1.050000000000000065e-02 0.000000000000000000e+00
-2.645471399999999917e+01 9.998002267573695701e-01 9.700000000000000289e-03 3.020889232920648954e-02
-2.643682800000000199e+01 9.991242630385488432e-01 8.600000000000000006e-03 5.855387242324486263e-02
-2.645647600000000210e+01 9.998668178382464911e-01 9.799999999999999684e-03 2.479227282681448208e-02
-2.646000000000000085e+01 1.000000000000000000e+00 1.080000000000000057e-02 0.000000000000000000e+00
-2.646000000000000085e+01 1.000000000000000000e+00 1.129999999999999928e-02 0.000000000000000000e+00
-2.646000000000000085e+01 1.000000000000000000e+00 1.159999999999999920e-02 0.000000000000000000e+00
-2.643533199999999894e+01 9.990677248677247713e-01 8.600000000000000006e-03 6.144712250908522522e-02
-2.645647600000000210e+01 9.998668178382464911e-01 9.799999999999999684e-03 2.479227282681448208e-02
-2.646000000000000085e+01 1.000000000000000000e+00 1.030000000000000013e-02 0.000000000000000000e+00
-2.646000000000000085e+01 1.000000000000000000e+00 1.030000000000000013e-02 0.000000000000000000e+00
-2.646000000000000085e+01 1.000000000000000000e+00 1.030000000000000013e-02 0.000000000000000000e+00
-2.646000000000000085e+01 1.000000000000000000e+00 1.009999999999999960e-02 0.000000000000000000e+00
-2.646000000000000085e+01 1.000000000000000000e+00 1.069999999999999944e-02 0.000000000000000000e+00
-2.643709399999999832e+01 9.991343159486015812e-01 8.699999999999999400e-03 5.955518927597351631e-02
-2.645823800000000148e+01 9.999334089191231900e-01 9.900000000000000813e-03 1.762000000000009392e-02
-2.646000000000000085e+01 1.000000000000000000e+00 1.039999999999999952e-02 0.000000000000000000e+00
-2.646000000000000085e+01 1.000000000000000000e+00 1.110000000000000049e-02 0.000000000000000000e+00
-2.646000000000000085e+01 1.000000000000000000e+00 1.020000000000000073e-02 0.000000000000000000e+00
-2.646000000000000085e+01 1.000000000000000000e+00 1.099999999999999936e-02 0.000000000000000000e+00
-2.642123599999999684e+01 9.985349962207104024e-01 7.799999999999999642e-03 7.335790982118713111e-02
-2.646000000000000085e+01 1.000000000000000000e+00 1.099999999999999936e-02 0.000000000000000000e+00
-2.646000000000000085e+01 1.000000000000000000e+00 1.000000000000000021e-02 0.000000000000000000e+00
-2.643608000000000047e+01 9.990959939531367517e-01 8.600000000000000006e-03 6.002264219240634885e-02
-2.646000000000000085e+01 1.000000000000000000e+00 1.129999999999999928e-02 0.000000000000000000e+00
-2.643356999999999957e+01 9.990011337868480723e-01 8.500000000000000611e-03 6.323294356200111210e-02
-2.644590400000000230e+01 9.994672713529857422e-01 9.199999999999999845e-03 4.804267866946443366e-02
-2.646000000000000085e+01 1.000000000000000000e+00 1.099999999999999936e-02 0.000000000000000000e+00
-2.646000000000000085e+01 1.000000000000000000e+00 1.009999999999999960e-02 0.000000000000000000e+00
-2.646000000000000085e+01 1.000000000000000000e+00 1.099999999999999936e-02 0.000000000000000000e+00
-2.646000000000000085e+01 1.000000000000000000e+00 1.000000000000000021e-02 0.000000000000000000e+00
-2.643533199999999894e+01 9.990677248677247713e-01 8.600000000000000006e-03 6.144712250908522522e-02
-2.646000000000000085e+01 1.000000000000000000e+00 1.190000000000000085e-02 0.000000000000000000e+00
-2.646000000000000085e+01 1.000000000000000000e+00 1.099999999999999936e-02 0.000000000000000000e+00
-2.643004600000000082e+01 9.988679516250944523e-01 8.300000000000000086e-03 6.651993461369437588e-02
-2.646000000000000085e+01 1.000000000000000000e+00 1.220000000000000077e-02 0.000000000000000000e+00
-2.646000000000000085e+01 1.000000000000000000e+00 1.020000000000000073e-02 0.000000000000000000e+00
-2.644237999999999644e+01 9.993340891912319002e-01 8.999999999999999320e-03 5.312629891460241699e-02
-2.646000000000000085e+01 1.000000000000000000e+00 1.000000000000000021e-02 0.000000000000000000e+00
-2.645722400000000007e+01 9.998950869236583605e-01 9.799999999999999684e-03 2.024041920754068163e-02
-2.641317399999999438e+01 9.982303099017382220e-01 7.300000000000000065e-03 7.773445944919593620e-02
-2.645119000000000042e+01 9.996670445956160611e-01 9.499999999999999764e-03 3.859536136884775259e-02
-2.646000000000000085e+01 1.000000000000000000e+00 1.009999999999999960e-02 0.000000000000000000e+00
-2.646000000000000085e+01 1.000000000000000000e+00 1.179999999999999973e-02 0.000000000000000000e+00
-2.645119000000000042e+01 9.996670445956160611e-01 9.499999999999999764e-03 3.859536136884775259e-02
-2.643180800000000019e+01 9.989345427059712623e-01 8.399999999999999481e-03 6.492140964507087109e-02
-2.646000000000000085e+01 1.000000000000000000e+00 1.099999999999999936e-02 0.000000000000000000e+00
-2.646000000000000085e+01 1.000000000000000000e+00 1.039999999999999952e-02 0.000000000000000000e+00
-2.643885599999999769e+01 9.992009070294783912e-01 8.800000000000000530e-03 5.754667902378660105e-02
-2.645823800000000148e+01 9.999334089191231900e-01 9.900000000000000813e-03 1.762000000000009392e-02
-2.646000000000000085e+01 1.000000000000000000e+00 1.009999999999999960e-02 0.000000000000000000e+00
-2.643004600000000082e+01 9.988679516250944523e-01 8.300000000000000086e-03 6.651993461369437588e-02
-2.646000000000000085e+01 1.000000000000000000e+00 1.000000000000000021e-02 0.000000000000000000e+00
-2.646000000000000085e+01 1.000000000000000000e+00 1.069999999999999944e-02 0.000000000000000000e+00
-2.646000000000000085e+01 1.000000000000000000e+00 1.030000000000000013e-02 0.000000000000000000e+00
-2.644766600000000167e+01 9.995338624338624411e-01 9.299999999999999239e-03 4.518338887581438423e-02
-2.644665200000000382e+01 9.994955404383977227e-01 9.199999999999999845e-03 4.603359879676861832e-02
-2.646000000000000085e+01 1.000000000000000000e+00 1.080000000000000057e-02 0.000000000000000000e+00
-2.646000000000000085e+01 1.000000000000000000e+00 1.020000000000000073e-02 0.000000000000000000e+00
-2.646000000000000085e+01 1.000000000000000000e+00 1.099999999999999936e-02 0.000000000000000000e+00
-2.645444799999999574e+01 9.997901738473164990e-01 9.599999999999999159e-03 2.835103361556198451e-02
-2.646000000000000085e+01 1.000000000000000000e+00 1.050000000000000065e-02 0.000000000000000000e+00
-2.646000000000000085e+01 1.000000000000000000e+00 1.099999999999999936e-02 0.000000000000000000e+00
-2.644061799999999707e+01 9.992674981103550902e-01 8.899999999999999925e-03 5.540891584894625660e-02
-2.644414200000000292e+01 9.994006802721089322e-01 9.100000000000000450e-03 5.067925916083374643e-02
-2.645823800000000148e+01 9.999334089191231900e-01 9.900000000000000813e-03 1.762000000000009392e-02
-2.644942800000000105e+01 9.996004535147392511e-01 9.400000000000000369e-03 4.205598980868133219e-02
-2.646000000000000085e+01 1.000000000000000000e+00 1.039999999999999952e-02 0.000000000000000000e+00
-2.646000000000000085e+01 1.000000000000000000e+00 1.009999999999999960e-02 0.000000000000000000e+00
-2.643180800000000019e+01 9.989345427059712623e-01 8.399999999999999481e-03 6.492140964507087109e-02
-2.646000000000000085e+01 1.000000000000000000e+00 1.110000000000000049e-02 0.000000000000000000e+00
-2.645017600000000257e+01 9.996287226001512316e-01 9.400000000000000369e-03 3.967838665667742376e-02
-2.644590400000000230e+01 9.994672713529857422e-01 9.199999999999999845e-03 4.804267866946443366e-02
-2.644414200000000292e+01 9.994006802721089322e-01 9.100000000000000450e-03 5.067925916083374643e-02
-2.643180800000000019e+01 9.989345427059712623e-01 8.399999999999999481e-03 6.492140964507087109e-02
-2.646000000000000085e+01 1.000000000000000000e+00 1.069999999999999944e-02 0.000000000000000000e+00
-2.646000000000000085e+01 1.000000000000000000e+00 1.149999999999999981e-02 0.000000000000000000e+00
-2.643255600000000172e+01 9.989628117913832428e-01 8.399999999999999481e-03 6.361669039622989963e-02
-2.643431800000000109e+01 9.990294028722600528e-01 8.500000000000000611e-03 6.187112768007470287e-02
-2.646000000000000085e+01 1.000000000000000000e+00 1.159999999999999920e-02 0.000000000000000000e+00
-2.646000000000000085e+01 1.000000000000000000e+00 1.000000000000000021e-02 0.000000000000000000e+00
-2.644590400000000230e+01 9.994672713529857422e-01 9.199999999999999845e-03 4.804267866946443366e-02
-2.645823800000000148e+01 9.999334089191231900e-01 9.900000000000000813e-03 1.762000000000009392e-02
-2.645017600000000257e+01 9.996287226001512316e-01 9.400000000000000369e-03 3.967838665667742376e-02
-2.645546200000000070e+01 9.998284958427815505e-01 9.700000000000000289e-03 2.665065723979704107e-02
-2.645193800000000195e+01 9.996953136810280416e-01 9.499999999999999764e-03 3.595285009986073921e-02
-2.645295199999999980e+01 9.997336356764927601e-01 9.599999999999999159e-03 3.470195313689381639e-02
-2.645823800000000148e+01 9.999334089191231900e-01 9.900000000000000813e-03 1.762000000000009392e-02
-2.646000000000000085e+01 1.000000000000000000e+00 1.069999999999999944e-02 0.000000000000000000e+00
-2.645471399999999917e+01 9.998002267573695701e-01 9.700000000000000289e-03 3.020889232920648954e-02
-2.646000000000000085e+01 1.000000000000000000e+00 1.039999999999999952e-02 0.000000000000000000e+00
-2.646000000000000085e+01 1.000000000000000000e+00 1.089999999999999997e-02 0.000000000000000000e+00
-2.646000000000000085e+01 1.000000000000000000e+00 1.099999999999999936e-02 0.000000000000000000e+00
-2.646000000000000085e+01 1.000000000000000000e+00 1.050000000000000065e-02 0.000000000000000000e+00
-2.643608000000000047e+01 9.990959939531367517e-01 8.600000000000000006e-03 6.002264219240634885e-02
-2.646000000000000085e+01 1.000000000000000000e+00 1.060000000000000005e-02 0.000000000000000000e+00
-2.645017600000000257e+01 9.996287226001512316e-01 9.400000000000000369e-03 3.967838665667742376e-02
-2.646000000000000085e+01 1.000000000000000000e+00 1.000000000000000021e-02 0.000000000000000000e+00
-2.645647600000000210e+01 9.998668178382464911e-01 9.799999999999999684e-03 2.479227282681448208e-02
-2.646000000000000085e+01 1.000000000000000000e+00 1.020000000000000073e-02 0.000000000000000000e+00
-2.646000000000000085e+01 1.000000000000000000e+00 1.039999999999999952e-02 0.000000000000000000e+00
-2.643004600000000082e+01 9.988679516250944523e-01 8.300000000000000086e-03 6.651993461369437588e-02
-2.644590400000000230e+01 9.994672713529857422e-01 9.199999999999999845e-03 4.804267866946443366e-02
-2.645295199999999980e+01 9.997336356764927601e-01 9.599999999999999159e-03 3.470195313689381639e-02
-2.646000000000000085e+01 1.000000000000000000e+00 1.149999999999999981e-02 0.000000000000000000e+00
-2.646000000000000085e+01 1.000000000000000000e+00 1.080000000000000057e-02 0.000000000000000000e+00
-2.646000000000000085e+01 1.000000000000000000e+00 1.009999999999999960e-02 0.000000000000000000e+00
-2.646000000000000085e+01 1.000000000000000000e+00 1.000000000000000021e-02 0.000000000000000000e+00
-2.643356999999999957e+01 9.990011337868480723e-01 8.500000000000000611e-03 6.323294356200111210e-02
-2.646000000000000085e+01 1.000000000000000000e+00 1.000000000000000021e-02 0.000000000000000000e+00
-2.646000000000000085e+01 1.000000000000000000e+00 1.080000000000000057e-02 0.000000000000000000e+00
-2.646000000000000085e+01 1.000000000000000000e+00 1.140000000000000041e-02 0.000000000000000000e+00
-2.645119000000000042e+01 9.996670445956160611e-01 9.499999999999999764e-03 3.859536136884775259e-02
-2.646000000000000085e+01 1.000000000000000000e+00 1.000000000000000021e-02 0.000000000000000000e+00
-2.646000000000000085e+01 1.000000000000000000e+00 1.020000000000000073e-02 0.000000000000000000e+00
-2.645647600000000210e+01 9.998668178382464911e-01 9.799999999999999684e-03 2.479227282681448208e-02
-2.646000000000000085e+01 1.000000000000000000e+00 1.020000000000000073e-02 0.000000000000000000e+00
-2.646000000000000085e+01 1.000000000000000000e+00 1.050000000000000065e-02 0.000000000000000000e+00
-2.645370000000000132e+01 9.997619047619047405e-01 9.599999999999999159e-03 3.169492837739987939e-02
-2.646000000000000085e+01 1.000000000000000000e+00 1.030000000000000013e-02 0.000000000000000000e+00
-2.646000000000000085e+01 1.000000000000000000e+00 1.030000000000000013e-02 0.000000000000000000e+00
-2.645647600000000210e+01 9.998668178382464911e-01 9.799999999999999684e-03 2.479227282681448208e-02
-2.642476000000000269e+01 9.986681783824641334e-01 8.000000000000000167e-03 7.083506521946986156e-02
-2.646000000000000085e+01 1.000000000000000000e+00 1.099999999999999936e-02 0.000000000000000000e+00
-2.646000000000000085e+01 1.000000000000000000e+00 1.099999999999999936e-02 0.000000000000000000e+00
-2.646000000000000085e+01 1.000000000000000000e+00 1.030000000000000013e-02 0.000000000000000000e+00
-2.646000000000000085e+01 1.000000000000000000e+00 1.129999999999999928e-02 0.000000000000000000e+00
-2.646000000000000085e+01 1.000000000000000000e+00 1.170000000000000033e-02 0.000000000000000000e+00
-2.645295199999999980e+01 9.997336356764927601e-01 9.599999999999999159e-03 3.470195313689381639e-02
-2.643885599999999769e+01 9.992009070294783912e-01 8.800000000000000530e-03 5.754667902378660105e-02
-2.644136599999999859e+01 9.992957671957670707e-01 8.899999999999999925e-03 5.375061798094404181e-02
-2.646000000000000085e+01 1.000000000000000000e+00 1.000000000000000021e-02 0.000000000000000000e+00
-2.646000000000000085e+01 1.000000000000000000e+00 1.119999999999999989e-02 0.000000000000000000e+00
-2.646000000000000085e+01 1.000000000000000000e+00 1.039999999999999952e-02 0.000000000000000000e+00
-2.645823800000000148e+01 9.999334089191231900e-01 9.900000000000000813e-03 1.762000000000009392e-02
-2.646000000000000085e+01 1.000000000000000000e+00 1.000000000000000021e-02 0.000000000000000000e+00
-2.646000000000000085e+01 1.000000000000000000e+00 1.050000000000000065e-02 0.000000000000000000e+00
-2.646000000000000085e+01 1.000000000000000000e+00 1.099999999999999936e-02 0.000000000000000000e+00
-2.643079400000000234e+01 9.988962207105064328e-01 8.300000000000000086e-03 6.526758878229391159e-02
-2.644665200000000382e+01 9.994955404383977227e-01 9.199999999999999845e-03 4.603359879676861832e-02
-2.645370000000000132e+01 9.997619047619047405e-01 9.599999999999999159e-03 3.169492837739987939e-02
-2.646000000000000085e+01 1.000000000000000000e+00 1.190000000000000085e-02 0.000000000000000000e+00
-2.646000000000000085e+01 1.000000000000000000e+00 1.009999999999999960e-02 0.000000000000000000e+00
-2.643180800000000019e+01 9.989345427059712623e-01 8.399999999999999481e-03 6.492140964507087109e-02
-2.646000000000000085e+01 1.000000000000000000e+00 1.110000000000000049e-02 0.000000000000000000e+00
-2.646000000000000085e+01 1.000000000000000000e+00 1.009999999999999960e-02 0.000000000000000000e+00
-2.645647600000000210e+01 9.998668178382464911e-01 9.799999999999999684e-03 2.479227282681448208e-02
-2.644237999999999644e+01 9.993340891912319002e-01 8.999999999999999320e-03 5.312629891460241699e-02
-2.645471399999999917e+01 9.998002267573695701e-01 9.700000000000000289e-03 3.020889232920648954e-02
-2.644942800000000105e+01 9.996004535147392511e-01 9.400000000000000369e-03 4.205598980868133219e-02
-2.644414200000000292e+01 9.994006802721089322e-01 9.100000000000000450e-03 5.067925916083374643e-02
-2.646000000000000085e+01 1.000000000000000000e+00 1.060000000000000005e-02 0.000000000000000000e+00
-2.643885599999999769e+01 9.992009070294783912e-01 8.800000000000000530e-03 5.754667902378660105e-02
-2.645546200000000070e+01 9.998284958427815505e-01 9.700000000000000289e-03 2.665065723979704107e-02
-2.646000000000000085e+01 1.000000000000000000e+00 1.089999999999999997e-02 0.000000000000000000e+00
-2.644237999999999644e+01 9.993340891912319002e-01 8.999999999999999320e-03 5.312629891460241699e-02
-2.646000000000000085e+01 1.000000000000000000e+00 1.009999999999999960e-02 0.000000000000000000e+00
-2.644942800000000105e+01 9.996004535147392511e-01 9.400000000000000369e-03 4.205598980868133219e-02
-2.646000000000000085e+01 1.000000000000000000e+00 1.039999999999999952e-02 0.000000000000000000e+00
-2.645471399999999917e+01 9.998002267573695701e-01 9.700000000000000289e-03 3.020889232920648954e-02
-2.646000000000000085e+01 1.000000000000000000e+00 1.009999999999999960e-02 0.000000000000000000e+00
-2.646000000000000085e+01 1.000000000000000000e+00 1.260000000000000009e-02 0.000000000000000000e+00
-2.646000000000000085e+01 1.000000000000000000e+00 1.000000000000000021e-02 0.000000000000000000e+00
-2.646000000000000085e+01 1.000000000000000000e+00 1.009999999999999960e-02 0.000000000000000000e+00
-2.646000000000000085e+01 1.000000000000000000e+00 1.000000000000000021e-02 0.000000000000000000e+00
-2.645295199999999980e+01 9.997336356764927601e-01 9.599999999999999159e-03 3.470195313689381639e-02
-2.644766600000000167e+01 9.995338624338624411e-01 9.299999999999999239e-03 4.518338887581438423e-02
-2.643356999999999957e+01 9.990011337868480723e-01 8.500000000000000611e-03 6.323294356200111210e-02
-2.645823800000000148e+01 9.999334089191231900e-01 9.900000000000000813e-03 1.762000000000009392e-02
-2.646000000000000085e+01 1.000000000000000000e+00 1.129999999999999928e-02 0.000000000000000000e+00
-2.646000000000000085e+01 1.000000000000000000e+00 1.050000000000000065e-02 0.000000000000000000e+00
-2.646000000000000085e+01 1.000000000000000000e+00 1.000000000000000021e-02 0.000000000000000000e+00
-2.646000000000000085e+01 1.000000000000000000e+00 1.000000000000000021e-02 0.000000000000000000e+00
-2.645823800000000148e+01 9.999334089191231900e-01 9.900000000000000813e-03 1.762000000000009392e-02
-2.644590400000000230e+01 9.994672713529857422e-01 9.199999999999999845e-03 4.804267866946443366e-02
-2.646000000000000085e+01 1.000000000000000000e+00 1.089999999999999997e-02 0.000000000000000000e+00
-2.644942800000000105e+01 9.996004535147392511e-01 9.400000000000000369e-03 4.205598980868133219e-02
-2.644061799999999707e+01 9.992674981103550902e-01 8.899999999999999925e-03 5.540891584894625660e-02
-2.646000000000000085e+01 1.000000000000000000e+00 1.080000000000000057e-02 0.000000000000000000e+00
-2.645295199999999980e+01 9.997336356764927601e-01 9.599999999999999159e-03 3.470195313689381639e-02
-2.646000000000000085e+01 1.000000000000000000e+00 1.039999999999999952e-02 0.000000000000000000e+00
-2.646000000000000085e+01 1.000000000000000000e+00 1.050000000000000065e-02 0.000000000000000000e+00
-2.646000000000000085e+01 1.000000000000000000e+00 1.000000000000000021e-02 0.000000000000000000e+00
-2.645898599999999945e+01 9.999616780045350595e-01 9.900000000000000813e-03 1.014000000000014196e-02
-2.643885599999999769e+01 9.992009070294783912e-01 8.800000000000000530e-03 5.754667902378660105e-02
-2.645295199999999980e+01 9.997336356764927601e-01 9.599999999999999159e-03 3.470195313689381639e-02
-2.645647600000000210e+01 9.998668178382464911e-01 9.799999999999999684e-03 2.479227282681448208e-02
-2.645295199999999980e+01 9.997336356764927601e-01 9.599999999999999159e-03 3.470195313689381639e-02
-2.645295199999999980e+01 9.997336356764927601e-01 9.599999999999999159e-03 3.470195313689381639e-02
-2.643885599999999769e+01 9.992009070294783912e-01 8.800000000000000530e-03 5.754667902378660105e-02
-2.645546200000000070e+01 9.998284958427815505e-01 9.700000000000000289e-03 2.665065723979704107e-02
-2.646000000000000085e+01 1.000000000000000000e+00 1.030000000000000013e-02 0.000000000000000000e+00
-2.644237999999999644e+01 9.993340891912319002e-01 8.999999999999999320e-03 5.312629891460241699e-02
-2.646000000000000085e+01 1.000000000000000000e+00 1.030000000000000013e-02 0.000000000000000000e+00
-2.646000000000000085e+01 1.000000000000000000e+00 1.020000000000000073e-02 0.000000000000000000e+00
-2.642123599999999684e+01 9.985349962207104024e-01 7.799999999999999642e-03 7.335790982118713111e-02
-2.646000000000000085e+01 1.000000000000000000e+00 1.030000000000000013e-02 0.000000000000000000e+00
-2.646000000000000085e+01 1.000000000000000000e+00 1.119999999999999989e-02 0.000000000000000000e+00
-2.644942800000000105e+01 9.996004535147392511e-01 9.400000000000000369e-03 4.205598980868133219e-02
-2.645823800000000148e+01 9.999334089191231900e-01 9.900000000000000813e-03 1.762000000000009392e-02
-2.646000000000000085e+01 1.000000000000000000e+00 1.140000000000000041e-02 0.000000000000000000e+00
-2.644942800000000105e+01 9.996004535147392511e-01 9.400000000000000369e-03 4.205598980868133219e-02
-2.646000000000000085e+01 1.000000000000000000e+00 1.030000000000000013e-02 0.000000000000000000e+00
-2.646000000000000085e+01 1.000000000000000000e+00 1.039999999999999952e-02 0.000000000000000000e+00
-2.646000000000000085e+01 1.000000000000000000e+00 1.089999999999999997e-02 0.000000000000000000e+00
-2.644590400000000230e+01 9.994672713529857422e-01 9.199999999999999845e-03 4.804267866946443366e-02
-2.645823800000000148e+01 9.999334089191231900e-01 9.900000000000000813e-03 1.762000000000009392e-02
-2.646000000000000085e+01 1.000000000000000000e+00 1.000000000000000021e-02 0.000000000000000000e+00
-2.641947399999999746e+01 9.984684051398335924e-01 7.700000000000000247e-03 7.452424542090746451e-02
-2.644489000000000445e+01 9.994289493575209127e-01 9.100000000000000450e-03 4.880617923289194693e-02
-2.643960399999999922e+01 9.992291761148903717e-01 8.800000000000000530e-03 5.597556451008132983e-02
-2.646000000000000085e+01 1.000000000000000000e+00 1.039999999999999952e-02 0.000000000000000000e+00
-2.646000000000000085e+01 1.000000000000000000e+00 1.030000000000000013e-02 0.000000000000000000e+00
-2.645898599999999945e+01 9.999616780045350595e-01 9.900000000000000813e-03 1.014000000000014196e-02
-2.646000000000000085e+01 1.000000000000000000e+00 1.030000000000000013e-02 0.000000000000000000e+00
-2.644414200000000292e+01 9.994006802721089322e-01 9.100000000000000450e-03 5.067925916083374643e-02
-2.644942800000000105e+01 9.996004535147392511e-01 9.400000000000000369e-03 4.205598980868133219e-02
-2.645370000000000132e+01 9.997619047619047405e-01 9.599999999999999159e-03 3.169492837739987939e-02
-2.646000000000000085e+01 1.000000000000000000e+00 1.119999999999999989e-02 0.000000000000000000e+00
-2.646000000000000085e+01 1.000000000000000000e+00 1.179999999999999973e-02 0.000000000000000000e+00
-2.646000000000000085e+01 1.000000000000000000e+00 1.050000000000000065e-02 0.000000000000000000e+00
-2.643180800000000019e+01 9.989345427059712623e-01 8.399999999999999481e-03 6.492140964507087109e-02
-2.644942800000000105e+01 9.996004535147392511e-01 9.400000000000000369e-03 4.205598980868133219e-02
-2.646000000000000085e+01 1.000000000000000000e+00 1.009999999999999960e-02 0.000000000000000000e+00
-2.644942800000000105e+01 9.996004535147392511e-01 9.400000000000000369e-03 4.205598980868133219e-02
-2.644590400000000230e+01 9.994672713529857422e-01 9.199999999999999845e-03 4.804267866946443366e-02
-2.645823800000000148e+01 9.999334089191231900e-01 9.900000000000000813e-03 1.762000000000009392e-02
-2.646000000000000085e+01 1.000000000000000000e+00 1.050000000000000065e-02 0.000000000000000000e+00
-2.643180800000000019e+01 9.989345427059712623e-01 8.399999999999999481e-03 6.492140964507087109e-02
-2.646000000000000085e+01 1.000000000000000000e+00 1.200000000000000025e-02 0.000000000000000000e+00
-2.646000000000000085e+01 1.000000000000000000e+00 1.170000000000000033e-02 0.000000000000000000e+00
-2.644766600000000167e+01 9.995338624338624411e-01 9.299999999999999239e-03 4.518338887581438423e-02
-2.646000000000000085e+01 1.000000000000000000e+00 1.000000000000000021e-02 0.000000000000000000e+00
-2.646000000000000085e+01 1.000000000000000000e+00 1.000000000000000021e-02 0.000000000000000000e+00
-2.644766600000000167e+01 9.995338624338624411e-01 9.299999999999999239e-03 4.518338887581438423e-02
-2.646000000000000085e+01 1.000000000000000000e+00 1.030000000000000013e-02 0.000000000000000000e+00
-2.646000000000000085e+01 1.000000000000000000e+00 1.050000000000000065e-02 0.000000000000000000e+00
-2.646000000000000085e+01 1.000000000000000000e+00 1.089999999999999997e-02 0.000000000000000000e+00
-2.644387599999999949e+01 9.993906273620558611e-01 8.999999999999999320e-03 4.953695716586324627e-02
-2.646000000000000085e+01 1.000000000000000000e+00 1.089999999999999997e-02 0.000000000000000000e+00
-2.645471399999999917e+01 9.998002267573695701e-01 9.700000000000000289e-03 3.020889232920648954e-02
-2.646000000000000085e+01 1.000000000000000000e+00 1.089999999999999997e-02 0.000000000000000000e+00
-2.646000000000000085e+01 1.000000000000000000e+00 1.030000000000000013e-02 0.000000000000000000e+00
-2.643709399999999832e+01 9.991343159486015812e-01 8.699999999999999400e-03 5.955518927597351631e-02
-2.646000000000000085e+01 1.000000000000000000e+00 1.110000000000000049e-02 0.000000000000000000e+00
-2.645193800000000195e+01 9.996953136810280416e-01 9.499999999999999764e-03 3.595285009986073921e-02
-2.644942800000000105e+01 9.996004535147392511e-01 9.400000000000000369e-03 4.205598980868133219e-02
-2.646000000000000085e+01 1.000000000000000000e+00 1.179999999999999973e-02 0.000000000000000000e+00
-2.646000000000000085e+01 1.000000000000000000e+00 1.009999999999999960e-02 0.000000000000000000e+00
-2.644766600000000167e+01 9.995338624338624411e-01 9.299999999999999239e-03 4.518338887581438423e-02
-2.646000000000000085e+01 1.000000000000000000e+00 1.000000000000000021e-02 0.000000000000000000e+00
-2.646000000000000085e+01 1.000000000000000000e+00 1.250000000000000069e-02 0.000000000000000000e+00
-2.646000000000000085e+01 1.000000000000000000e+00 1.129999999999999928e-02 0.000000000000000000e+00
-2.644590400000000230e+01 9.994672713529857422e-01 9.199999999999999845e-03 4.804267866946443366e-02
-2.646000000000000085e+01 1.000000000000000000e+00 1.149999999999999981e-02 0.000000000000000000e+00
-2.645647600000000210e+01 9.998668178382464911e-01 9.799999999999999684e-03 2.479227282681448208e-02
-2.646000000000000085e+01 1.000000000000000000e+00 1.069999999999999944e-02 0.000000000000000000e+00
-2.645295199999999980e+01 9.997336356764927601e-01 9.599999999999999159e-03 3.470195313689381639e-02
-2.643255600000000172e+01 9.989628117913832428e-01 8.399999999999999481e-03 6.361669039622989963e-02
-2.646000000000000085e+01 1.000000000000000000e+00 1.020000000000000073e-02 0.000000000000000000e+00
-2.644942800000000105e+01 9.996004535147392511e-01 9.400000000000000369e-03 4.205598980868133219e-02
-2.646000000000000085e+01 1.000000000000000000e+00 1.080000000000000057e-02 0.000000000000000000e+00
-2.646000000000000085e+01 1.000000000000000000e+00 1.080000000000000057e-02 0.000000000000000000e+00
-2.646000000000000085e+01 1.000000000000000000e+00 1.080000000000000057e-02 0.000000000000000000e+00
-2.644237999999999644e+01 9.993340891912319002e-01 8.999999999999999320e-03 5.312629891460241699e-02
-2.645471399999999917e+01 9.998002267573695701e-01 9.700000000000000289e-03 3.020889232920648954e-02
-2.645370000000000132e+01 9.997619047619047405e-01 9.599999999999999159e-03 3.169492837739987939e-02
-2.645647600000000210e+01 9.998668178382464911e-01 9.799999999999999684e-03 2.479227282681448208e-02
-2.646000000000000085e+01 1.000000000000000000e+00 1.039999999999999952e-02 0.000000000000000000e+00
-2.643709399999999832e+01 9.991343159486015812e-01 8.699999999999999400e-03 5.955518927597351631e-02
-2.646000000000000085e+01 1.000000000000000000e+00 1.030000000000000013e-02 0.000000000000000000e+00
-2.645370000000000132e+01 9.997619047619047405e-01 9.599999999999999159e-03 3.169492837739987939e-02
-2.645193800000000195e+01 9.996953136810280416e-01 9.499999999999999764e-03 3.595285009986073921e-02
-2.645471399999999917e+01 9.998002267573695701e-01 9.700000000000000289e-03 3.020889232920648954e-02
-2.646000000000000085e+01 1.000000000000000000e+00 1.110000000000000049e-02 0.000000000000000000e+00
-2.646000000000000085e+01 1.000000000000000000e+00 1.069999999999999944e-02 0.000000000000000000e+00
-2.646000000000000085e+01 1.000000000000000000e+00 1.170000000000000033e-02 0.000000000000000000e+00
-2.646000000000000085e+01 1.000000000000000000e+00 1.000000000000000021e-02 0.000000000000000000e+00
-2.646000000000000085e+01 1.000000000000000000e+00 1.099999999999999936e-02 0.000000000000000000e+00
-2.644312800000000507e+01 9.993623582766441027e-01 8.999999999999999320e-03 5.136849264251079628e-02
-2.646000000000000085e+01 1.000000000000000000e+00 1.110000000000000049e-02 0.000000000000000000e+00
-2.646000000000000085e+01 1.000000000000000000e+00 1.080000000000000057e-02 0.000000000000000000e+00
-2.644414200000000292e+01 9.994006802721089322e-01 9.100000000000000450e-03 5.067925916083374643e-02
-2.646000000000000085e+01 1.000000000000000000e+00 1.000000000000000021e-02 0.000000000000000000e+00
-2.644312800000000507e+01 9.993623582766441027e-01 8.999999999999999320e-03 5.136849264251079628e-02
-2.646000000000000085e+01 1.000000000000000000e+00 1.119999999999999989e-02 0.000000000000000000e+00
-2.646000000000000085e+01 1.000000000000000000e+00 1.009999999999999960e-02 0.000000000000000000e+00
-2.646000000000000085e+01 1.000000000000000000e+00 1.000000000000000021e-02 0.000000000000000000e+00
-2.645119000000000042e+01 9.996670445956160611e-01 9.499999999999999764e-03 3.859536136884775259e-02
-2.646000000000000085e+01 1.000000000000000000e+00 1.000000000000000021e-02 0.000000000000000000e+00
-2.646000000000000085e+01 1.000000000000000000e+00 1.119999999999999989e-02 0.000000000000000000e+00
-2.646000000000000085e+01 1.000000000000000000e+00 1.060000000000000005e-02 0.000000000000000000e+00
-2.646000000000000085e+01 1.000000000000000000e+00 1.310000000000000053e-02 0.000000000000000000e+00
-2.644942800000000105e+01 9.996004535147392511e-01 9.400000000000000369e-03 4.205598980868133219e-02
-2.646000000000000085e+01 1.000000000000000000e+00 1.110000000000000049e-02 0.000000000000000000e+00
-2.646000000000000085e+01 1.000000000000000000e+00 1.080000000000000057e-02 0.000000000000000000e+00
-2.644665200000000382e+01 9.994955404383977227e-01 9.199999999999999845e-03 4.603359879676861832e-02
-2.644312800000000507e+01 9.993623582766441027e-01 8.999999999999999320e-03 5.136849264251079628e-02
-2.646000000000000085e+01 1.000000000000000000e+00 1.140000000000000041e-02 0.000000000000000000e+00
-2.645823800000000148e+01 9.999334089191231900e-01 9.900000000000000813e-03 1.762000000000009392e-02
-2.646000000000000085e+01 1.000000000000000000e+00 1.080000000000000057e-02 0.000000000000000000e+00
-2.643709399999999832e+01 9.991343159486015812e-01 8.699999999999999400e-03 5.955518927597351631e-02
-2.644136599999999859e+01 9.992957671957670707e-01 8.899999999999999925e-03 5.375061798094404181e-02
-2.646000000000000085e+01 1.000000000000000000e+00 1.140000000000000041e-02 0.000000000000000000e+00
-2.646000000000000085e+01 1.000000000000000000e+00 1.129999999999999928e-02 0.000000000000000000e+00
-2.646000000000000085e+01 1.000000000000000000e+00 1.030000000000000013e-02 0.000000000000000000e+00
-2.645471399999999917e+01 9.998002267573695701e-01 9.700000000000000289e-03 3.020889232920648954e-02
-2.646000000000000085e+01 1.000000000000000000e+00 1.000000000000000021e-02 0.000000000000000000e+00
-2.644766600000000167e+01 9.995338624338624411e-01 9.299999999999999239e-03 4.518338887581438423e-02
-2.645295199999999980e+01 9.997336356764927601e-01 9.599999999999999159e-03 3.470195313689381639e-02
-2.646000000000000085e+01 1.000000000000000000e+00 1.039999999999999952e-02 0.000000000000000000e+00
-2.645823800000000148e+01 9.999334089191231900e-01 9.900000000000000813e-03 1.762000000000009392e-02
-2.644590400000000230e+01 9.994672713529857422e-01 9.199999999999999845e-03 4.804267866946443366e-02
-2.644766600000000167e+01 9.995338624338624411e-01 9.299999999999999239e-03 4.518338887581438423e-02
-2.644237999999999644e+01 9.993340891912319002e-01 8.999999999999999320e-03 5.312629891460241699e-02
-2.642123599999999684e+01 9.985349962207104024e-01 7.799999999999999642e-03 7.335790982118713111e-02
-2.643885599999999769e+01 9.992009070294783912e-01 8.800000000000000530e-03 5.754667902378660105e-02
-2.644766600000000167e+01 9.995338624338624411e-01 9.299999999999999239e-03 4.518338887581438423e-02
-2.646000000000000085e+01 1.000000000000000000e+00 1.050000000000000065e-02 0.000000000000000000e+00
-2.646000000000000085e+01 1.000000000000000000e+00 1.069999999999999944e-02 0.000000000000000000e+00
-2.644942800000000105e+01 9.996004535147392511e-01 9.400000000000000369e-03 4.205598980868133219e-02
-2.646000000000000085e+01 1.000000000000000000e+00 1.000000000000000021e-02 0.000000000000000000e+00
-2.644942800000000105e+01 9.996004535147392511e-01 9.400000000000000369e-03 4.205598980868133219e-02
-2.645647600000000210e+01 9.998668178382464911e-01 9.799999999999999684e-03 2.479227282681448208e-02
-2.646000000000000085e+01 1.000000000000000000e+00 1.129999999999999928e-02 0.000000000000000000e+00
-2.643180800000000019e+01 9.989345427059712623e-01 8.399999999999999481e-03 6.492140964507087109e-02
-2.646000000000000085e+01 1.000000000000000000e+00 1.000000000000000021e-02 0.000000000000000000e+00
-2.646000000000000085e+01 1.000000000000000000e+00 1.099999999999999936e-02 0.000000000000000000e+00
-2.646000000000000085e+01 1.000000000000000000e+00 1.050000000000000065e-02 0.000000000000000000e+00
-2.643885599999999769e+01 9.992009070294783912e-01 8.800000000000000530e-03 5.754667902378660105e-02
-2.645370000000000132e+01 9.997619047619047405e-01 9.599999999999999159e-03 3.169492837739987939e-02
-2.646000000000000085e+01 1.000000000000000000e+00 1.119999999999999989e-02 0.000000000000000000e+00
-2.646000000000000085e+01 1.000000000000000000e+00 1.069999999999999944e-02 0.000000000000000000e+00
-2.646000000000000085e+01 1.000000000000000000e+00 1.009999999999999960e-02 0.000000000000000000e+00
-2.643533199999999894e+01 9.990677248677247713e-01 8.600000000000000006e-03 6.144712250908522522e-02
-2.644590400000000230e+01 9.994672713529857422e-01 9.199999999999999845e-03 4.804267866946443366e-02
-2.645119000000000042e+01 9.996670445956160611e-01 9.499999999999999764e-03 3.859536136884775259e-02
-2.646000000000000085e+01 1.000000000000000000e+00 1.089999999999999997e-02 0.000000000000000000e+00
-2.646000000000000085e+01 1.000000000000000000e+00 1.069999999999999944e-02 0.000000000000000000e+00
-2.646000000000000085e+01 1.000000000000000000e+00 1.000000000000000021e-02 0.000000000000000000e+00
-2.643180800000000019e+01 9.989345427059712623e-01 8.399999999999999481e-03 6.492140964507087109e-02
-2.643709399999999832e+01 9.991343159486015812e-01 8.699999999999999400e-03 5.955518927597351631e-02
-2.645119000000000042e+01 9.996670445956160611e-01 9.499999999999999764e-03 3.859536136884775259e-02
-2.646000000000000085e+01 1.000000000000000000e+00 1.020000000000000073e-02 0.000000000000000000e+00
-2.646000000000000085e+01 1.000000000000000000e+00 1.039999999999999952e-02 0.000000000000000000e+00
-2.643180800000000019e+01 9.989345427059712623e-01 8.399999999999999481e-03 6.492140964507087109e-02
-2.646000000000000085e+01 1.000000000000000000e+00 1.050000000000000065e-02 0.000000000000000000e+00
-2.646000000000000085e+01 1.000000000000000000e+00 1.159999999999999920e-02 0.000000000000000000e+00
-2.645370000000000132e+01 9.997619047619047405e-01 9.599999999999999159e-03 3.169492837739987939e-02
-2.646000000000000085e+01 1.000000000000000000e+00 1.069999999999999944e-02 0.000000000000000000e+00
-2.642123599999999684e+01 9.985349962207104024e-01 7.799999999999999642e-03 7.335790982118713111e-02
-2.646000000000000085e+01 1.000000000000000000e+00 1.030000000000000013e-02 0.000000000000000000e+00
-2.646000000000000085e+01 1.000000000000000000e+00 1.000000000000000021e-02 0.000000000000000000e+00
-2.644841400000000320e+01 9.995621315192744216e-01 9.299999999999999239e-03 4.301010691651131063e-02
-2.646000000000000085e+01 1.000000000000000000e+00 1.060000000000000005e-02 0.000000000000000000e+00
-2.645823800000000148e+01 9.999334089191231900e-01 9.900000000000000813e-03 1.762000000000009392e-02
-2.644590400000000230e+01 9.994672713529857422e-01 9.199999999999999845e-03 4.804267866946443366e-02
-2.645898599999999945e+01 9.999616780045350595e-01 9.900000000000000813e-03 1.014000000000014196e-02
-2.646000000000000085e+01 1.000000000000000000e+00 1.140000000000000041e-02 0.000000000000000000e+00
-2.644766600000000167e+01 9.995338624338624411e-01 9.299999999999999239e-03 4.518338887581438423e-02
-2.644766600000000167e+01 9.995338624338624411e-01 9.299999999999999239e-03 4.518338887581438423e-02
-2.642198399999999836e+01 9.985632653061223829e-01 7.799999999999999642e-03 7.231633471537918245e-02
-2.646000000000000085e+01 1.000000000000000000e+00 1.009999999999999960e-02 0.000000000000000000e+00
-2.646000000000000085e+01 1.000000000000000000e+00 1.159999999999999920e-02 0.000000000000000000e+00
-2.644942800000000105e+01 9.996004535147392511e-01 9.400000000000000369e-03 4.205598980868133219e-02
-2.646000000000000085e+01 1.000000000000000000e+00 1.179999999999999973e-02 0.000000000000000000e+00
-2.645823800000000148e+01 9.999334089191231900e-01 9.900000000000000813e-03 1.762000000000009392e-02
-2.645268599999999637e+01 9.997235827664396890e-01 9.499999999999999764e-03 3.308296586316062521e-02
-2.646000000000000085e+01 1.000000000000000000e+00 1.009999999999999960e-02 0.000000000000000000e+00
-2.644665200000000382e+01 9.994955404383977227e-01 9.199999999999999845e-03 4.603359879676861832e-02
-2.646000000000000085e+01 1.000000000000000000e+00 1.080000000000000057e-02 0.000000000000000000e+00
-2.646000000000000085e+01 1.000000000000000000e+00 1.009999999999999960e-02 0.000000000000000000e+00
-2.646000000000000085e+01 1.000000000000000000e+00 1.020000000000000073e-02 0.000000000000000000e+00
-2.646000000000000085e+01 1.000000000000000000e+00 1.179999999999999973e-02 0.000000000000000000e+00
-2.646000000000000085e+01 1.000000000000000000e+00 1.089999999999999997e-02 0.000000000000000000e+00
-2.645722400000000007e+01 9.998950869236583605e-01 9.799999999999999684e-03 2.024041920754068163e-02
-2.646000000000000085e+01 1.000000000000000000e+00 1.030000000000000013e-02 0.000000000000000000e+00
-2.646000000000000085e+01 1.000000000000000000e+00 1.050000000000000065e-02 0.000000000000000000e+00
-2.646000000000000085e+01 1.000000000000000000e+00 1.020000000000000073e-02 0.000000000000000000e+00
-2.644061799999999707e+01 9.992674981103550902e-01 8.899999999999999925e-03 5.540891584894625660e-02
-2.646000000000000085e+01 1.000000000000000000e+00 1.080000000000000057e-02 0.000000000000000000e+00
-2.646000000000000085e+01 1.000000000000000000e+00 1.089999999999999997e-02 0.000000000000000000e+00
-2.646000000000000085e+01 1.000000000000000000e+00 1.020000000000000073e-02 0.000000000000000000e+00
-2.644414200000000292e+01 9.994006802721089322e-01 9.100000000000000450e-03 5.067925916083374643e-02
-2.646000000000000085e+01 1.000000000000000000e+00 1.009999999999999960e-02 0.000000000000000000e+00
-2.646000000000000085e+01 1.000000000000000000e+00 1.110000000000000049e-02 0.000000000000000000e+00
-2.644766600000000167e+01 9.995338624338624411e-01 9.299999999999999239e-03 4.518338887581438423e-02
-2.646000000000000085e+01 1.000000000000000000e+00 1.060000000000000005e-02 0.000000000000000000e+00
-2.646000000000000085e+01 1.000000000000000000e+00 1.050000000000000065e-02 0.000000000000000000e+00
-2.644414200000000292e+01 9.994006802721089322e-01 9.100000000000000450e-03 5.067925916083374643e-02
-2.646000000000000085e+01 1.000000000000000000e+00 1.069999999999999944e-02 0.000000000000000000e+00
-2.646000000000000085e+01 1.000000000000000000e+00 1.159999999999999920e-02 0.000000000000000000e+00
-2.645471399999999917e+01 9.998002267573695701e-01 9.700000000000000289e-03 3.020889232920648954e-02
-2.646000000000000085e+01 1.000000000000000000e+00 1.080000000000000057e-02 0.000000000000000000e+00
-2.643255600000000172e+01 9.989628117913832428e-01 8.399999999999999481e-03 6.361669039622989963e-02
-2.645647600000000210e+01 9.998668178382464911e-01 9.799999999999999684e-03 2.479227282681448208e-02
-2.646000000000000085e+01 1.000000000000000000e+00 1.020000000000000073e-02 0.000000000000000000e+00
-2.646000000000000085e+01 1.000000000000000000e+00 1.030000000000000013e-02 0.000000000000000000e+00
-2.646000000000000085e+01 1.000000000000000000e+00 1.050000000000000065e-02 0.000000000000000000e+00
-2.644061799999999707e+01 9.992674981103550902e-01 8.899999999999999925e-03 5.540891584894625660e-02
-2.646000000000000085e+01 1.000000000000000000e+00 1.060000000000000005e-02 0.000000000000000000e+00
-2.646000000000000085e+01 1.000000000000000000e+00 1.050000000000000065e-02 0.000000000000000000e+00
-2.646000000000000085e+01 1.000000000000000000e+00 1.000000000000000021e-02 0.000000000000000000e+00
-2.643533199999999894e+01 9.990677248677247713e-01 8.600000000000000006e-03 6.144712250908522522e-02
-2.646000000000000085e+01 1.000000000000000000e+00 1.020000000000000073e-02 0.000000000000000000e+00
-2.646000000000000085e+01 1.000000000000000000e+00 1.209999999999999964e-02 0.000000000000000000e+00
-2.645119000000000042e+01 9.996670445956160611e-01 9.499999999999999764e-03 3.859536136884775259e-02
-2.645119000000000042e+01 9.996670445956160611e-01 9.499999999999999764e-03 3.859536136884775259e-02
-2.642299800000000332e+01 9.986015873015874345e-01 7.900000000000000772e-03 7.212926384644716138e-02
-2.646000000000000085e+01 1.000000000000000000e+00 1.009999999999999960e-02 0.000000000000000000e+00
-2.643885599999999769e+01 9.992009070294783912e-01 8.800000000000000530e-03 5.754667902378660105e-02
-2.646000000000000085e+01 1.000000000000000000e+00 1.149999999999999981e-02 0.000000000000000000e+00
-2.646000000000000085e+01 1.000000000000000000e+00 1.159999999999999920e-02 0.000000000000000000e+00
-2.643709399999999832e+01 9.991343159486015812e-01 8.699999999999999400e-03 5.955518927597351631e-02
-2.644061799999999707e+01 9.992674981103550902e-01 8.899999999999999925e-03 5.540891584894625660e-02
-2.646000000000000085e+01 1.000000000000000000e+00 1.050000000000000065e-02 0.000000000000000000e+00
-2.646000000000000085e+01 1.000000000000000000e+00 1.089999999999999997e-02 0.000000000000000000e+00
-2.646000000000000085e+01 1.000000000000000000e+00 1.110000000000000049e-02 0.000000000000000000e+00
-2.643356999999999957e+01 9.990011337868480723e-01 8.500000000000000611e-03 6.323294356200111210e-02
-2.643533199999999894e+01 9.990677248677247713e-01 8.600000000000000006e-03 6.144712250908522522e-02
-2.645471399999999917e+01 9.998002267573695701e-01 9.700000000000000289e-03 3.020889232920648954e-02
-2.646000000000000085e+01 1.000000000000000000e+00 1.009999999999999960e-02 0.000000000000000000e+00
-2.646000000000000085e+01 1.000000000000000000e+00 1.050000000000000065e-02 0.000000000000000000e+00
-2.646000000000000085e+01 1.000000000000000000e+00 1.119999999999999989e-02 0.000000000000000000e+00
-2.646000000000000085e+01 1.000000000000000000e+00 1.020000000000000073e-02 0.000000000000000000e+00
-2.646000000000000085e+01 1.000000000000000000e+00 1.050000000000000065e-02 0.000000000000000000e+00
-2.645471399999999917e+01 9.998002267573695701e-01 9.700000000000000289e-03 3.020889232920648954e-02
-2.646000000000000085e+01 1.000000000000000000e+00 1.110000000000000049e-02 0.000000000000000000e+00
-2.645471399999999917e+01 9.998002267573695701e-01 9.700000000000000289e-03 3.020889232920648954e-02
-2.645295199999999980e+01 9.997336356764927601e-01 9.599999999999999159e-03 3.470195313689381639e-02
-2.645119000000000042e+01 9.996670445956160611e-01 9.499999999999999764e-03 3.859536136884775259e-02
-2.643960399999999922e+01 9.992291761148903717e-01 8.800000000000000530e-03 5.597556451008132983e-02
-2.646000000000000085e+01 1.000000000000000000e+00 1.009999999999999960e-02 0.000000000000000000e+00
-2.643180800000000019e+01 9.989345427059712623e-01 8.399999999999999481e-03 6.492140964507087109e-02
-2.646000000000000085e+01 1.000000000000000000e+00 1.129999999999999928e-02 0.000000000000000000e+00
-2.646000000000000085e+01 1.000000000000000000e+00 1.099999999999999936e-02 0.000000000000000000e+00
-2.644237999999999644e+01 9.993340891912319002e-01 8.999999999999999320e-03 5.312629891460241699e-02
-2.646000000000000085e+01 1.000000000000000000e+00 1.170000000000000033e-02 0.000000000000000000e+00
-2.646000000000000085e+01 1.000000000000000000e+00 1.060000000000000005e-02 0.000000000000000000e+00
-2.646000000000000085e+01 1.000000000000000000e+00 1.060000000000000005e-02 0.000000000000000000e+00
-2.646000000000000085e+01 1.000000000000000000e+00 1.190000000000000085e-02 0.000000000000000000e+00
-2.646000000000000085e+01 1.000000000000000000e+00 1.050000000000000065e-02 0.000000000000000000e+00
-2.646000000000000085e+01 1.000000000000000000e+00 1.110000000000000049e-02 0.000000000000000000e+00
-2.645823800000000148e+01 9.999334089191231900e-01 9.900000000000000813e-03 1.762000000000009392e-02
-2.646000000000000085e+01 1.000000000000000000e+00 1.020000000000000073e-02 0.000000000000000000e+00
-2.644665200000000382e+01 9.994955404383977227e-01 9.199999999999999845e-03 4.603359879676861832e-02
-2.643180800000000019e+01 9.989345427059712623e-01 8.399999999999999481e-03 6.492140964507087109e-02
-2.646000000000000085e+01 1.000000000000000000e+00 1.020000000000000073e-02 0.000000000000000000e+00
-2.642123599999999684e+01 9.985349962207104024e-01 7.799999999999999642e-03 7.335790982118713111e-02
-2.646000000000000085e+01 1.000000000000000000e+00 1.000000000000000021e-02 0.000000000000000000e+00
-2.644414200000000292e+01 9.994006802721089322e-01 9.100000000000000450e-03 5.067925916083374643e-02
-2.645295199999999980e+01 9.997336356764927601e-01 9.599999999999999159e-03 3.470195313689381639e-02
-2.645797199999999449e+01 9.999233560090700079e-01 9.799999999999999684e-03 1.426751682542001451e-02
-2.646000000000000085e+01 1.000000000000000000e+00 1.080000000000000057e-02 0.000000000000000000e+00
-2.646000000000000085e+01 1.000000000000000000e+00 1.020000000000000073e-02 0.000000000000000000e+00
-2.645193800000000195e+01 9.996953136810280416e-01 9.499999999999999764e-03 3.595285009986073921e-02
-2.646000000000000085e+01 1.000000000000000000e+00 1.179999999999999973e-02 0.000000000000000000e+00
-2.645092400000000410e+01 9.996569916855632121e-01 9.400000000000000369e-03 3.713370632531271670e-02
-2.646000000000000085e+01 1.000000000000000000e+00 1.000000000000000021e-02 0.000000000000000000e+00
-2.646000000000000085e+01 1.000000000000000000e+00 1.030000000000000013e-02 0.000000000000000000e+00
-2.646000000000000085e+01 1.000000000000000000e+00 1.170000000000000033e-02 0.000000000000000000e+00
-2.643709399999999832e+01 9.991343159486015812e-01 8.699999999999999400e-03 5.955518927597351631e-02
-2.643859000000000137e+01 9.991908541194255422e-01 8.699999999999999400e-03 5.651816102150336585e-02
-2.644590400000000230e+01 9.994672713529857422e-01 9.199999999999999845e-03 4.804267866946443366e-02
-2.646000000000000085e+01 1.000000000000000000e+00 1.110000000000000049e-02 0.000000000000000000e+00
-2.646000000000000085e+01 1.000000000000000000e+00 1.149999999999999981e-02 0.000000000000000000e+00
-2.646000000000000085e+01 1.000000000000000000e+00 1.089999999999999997e-02 0.000000000000000000e+00
-2.643079400000000234e+01 9.988962207105064328e-01 8.300000000000000086e-03 6.526758878229391159e-02
-2.645119000000000042e+01 9.996670445956160611e-01 9.499999999999999764e-03 3.859536136884775259e-02
-2.646000000000000085e+01 1.000000000000000000e+00 1.000000000000000021e-02 0.000000000000000000e+00
-2.646000000000000085e+01 1.000000000000000000e+00 1.039999999999999952e-02 0.000000000000000000e+00
-2.645017600000000257e+01 9.996287226001512316e-01 9.400000000000000369e-03 3.967838665667742376e-02
-2.646000000000000085e+01 1.000000000000000000e+00 1.230000000000000017e-02 0.000000000000000000e+00
-2.646000000000000085e+01 1.000000000000000000e+00 1.000000000000000021e-02 0.000000000000000000e+00
-2.646000000000000085e+01 1.000000000000000000e+00 1.020000000000000073e-02 0.000000000000000000e+00
-2.646000000000000085e+01 1.000000000000000000e+00 1.140000000000000041e-02 0.000000000000000000e+00
-2.646000000000000085e+01 1.000000000000000000e+00 1.089999999999999997e-02 0.000000000000000000e+00
-2.646000000000000085e+01 1.000000000000000000e+00 1.020000000000000073e-02 0.000000000000000000e+00
-2.646000000000000085e+01 1.000000000000000000e+00 1.020000000000000073e-02 0.000000000000000000e+00
-2.646000000000000085e+01 1.000000000000000000e+00 1.060000000000000005e-02 0.000000000000000000e+00
-2.646000000000000085e+01 1.000000000000000000e+00 1.050000000000000065e-02 0.000000000000000000e+00
-2.646000000000000085e+01 1.000000000000000000e+00 1.099999999999999936e-02 0.000000000000000000e+00
-2.643784199999999984e+01 9.991625850340135617e-01 8.699999999999999400e-03 5.806140459057431563e-02
-2.644942800000000105e+01 9.996004535147392511e-01 9.400000000000000369e-03 4.205598980868133219e-02
-2.646000000000000085e+01 1.000000000000000000e+00 1.039999999999999952e-02 0.000000000000000000e+00
-2.645295199999999980e+01 9.997336356764927601e-01 9.599999999999999159e-03 3.470195313689381639e-02
-2.646000000000000085e+01 1.000000000000000000e+00 1.110000000000000049e-02 0.000000000000000000e+00
-2.642550800000000422e+01 9.986964474678761139e-01 8.000000000000000167e-03 6.971764943272490411e-02
-2.643533199999999894e+01 9.990677248677247713e-01 8.600000000000000006e-03 6.144712250908522522e-02
-2.644061799999999707e+01 9.992674981103550902e-01 8.899999999999999925e-03 5.540891584894625660e-02
-2.645823800000000148e+01 9.999334089191231900e-01 9.900000000000000813e-03 1.762000000000009392e-02
-2.646000000000000085e+01 1.000000000000000000e+00 1.080000000000000057e-02 0.000000000000000000e+00
-2.646000000000000085e+01 1.000000000000000000e+00 1.119999999999999989e-02 0.000000000000000000e+00
-2.646000000000000085e+01 1.000000000000000000e+00 1.039999999999999952e-02 0.000000000000000000e+00
-2.641947399999999746e+01 9.984684051398335924e-01 7.700000000000000247e-03 7.452424542090746451e-02
-2.642652200000000207e+01 9.987347694633409434e-01 8.099999999999999561e-03 6.947165046392593524e-02
-2.643356999999999957e+01 9.990011337868480723e-01 8.500000000000000611e-03 6.323294356200111210e-02
-2.645471399999999917e+01 9.998002267573695701e-01 9.700000000000000289e-03 3.020889232920648954e-02
-2.645017600000000257e+01 9.996287226001512316e-01 9.400000000000000369e-03 3.967838665667742376e-02
-2.646000000000000085e+01 1.000000000000000000e+00 1.000000000000000021e-02 0.000000000000000000e+00
-2.646000000000000085e+01 1.000000000000000000e+00 1.050000000000000065e-02 0.000000000000000000e+00
-2.646000000000000085e+01 1.000000000000000000e+00 1.239999999999999956e-02 0.000000000000000000e+00
-2.646000000000000085e+01 1.000000000000000000e+00 1.069999999999999944e-02 0.000000000000000000e+00
-2.646000000000000085e+01 1.000000000000000000e+00 1.069999999999999944e-02 0.000000000000000000e+00
-2.646000000000000085e+01 1.000000000000000000e+00 1.080000000000000057e-02 0.000000000000000000e+00
-2.645471399999999917e+01 9.998002267573695701e-01 9.700000000000000289e-03 3.020889232920648954e-02
-2.643533199999999894e+01 9.990677248677247713e-01 8.600000000000000006e-03 6.144712250908522522e-02
-2.645119000000000042e+01 9.996670445956160611e-01 9.499999999999999764e-03 3.859536136884775259e-02
-2.646000000000000085e+01 1.000000000000000000e+00 1.230000000000000017e-02 0.000000000000000000e+00
-2.644942800000000105e+01 9.996004535147392511e-01 9.400000000000000369e-03 4.205598980868133219e-02
-2.645647600000000210e+01 9.998668178382464911e-01 9.799999999999999684e-03 2.479227282681448208e-02
-2.645647600000000210e+01 9.998668178382464911e-01 9.799999999999999684e-03 2.479227282681448208e-02
-2.646000000000000085e+01 1.000000000000000000e+00 1.050000000000000065e-02 0.000000000000000000e+00
-2.646000000000000085e+01 1.000000000000000000e+00 1.080000000000000057e-02 0.000000000000000000e+00
-2.646000000000000085e+01 1.000000000000000000e+00 1.209999999999999964e-02 0.000000000000000000e+00
-2.644489000000000445e+01 9.994289493575209127e-01 9.100000000000000450e-03 4.880617923289194693e-02
-2.646000000000000085e+01 1.000000000000000000e+00 1.190000000000000085e-02 0.000000000000000000e+00
-2.645119000000000042e+01 9.996670445956160611e-01 9.499999999999999764e-03 3.859536136884775259e-02
-2.644136599999999859e+01 9.992957671957670707e-01 8.899999999999999925e-03 5.375061798094404181e-02
-2.646000000000000085e+01 1.000000000000000000e+00 1.069999999999999944e-02 0.000000000000000000e+00
-2.646000000000000085e+01 1.000000000000000000e+00 1.030000000000000013e-02 0.000000000000000000e+00
-2.646000000000000085e+01 1.000000000000000000e+00 1.009999999999999960e-02 0.000000000000000000e+00
-2.645471399999999917e+01 9.998002267573695701e-01 9.700000000000000289e-03 3.020889232920648954e-02
-2.646000000000000085e+01 1.000000000000000000e+00 1.000000000000000021e-02 0.000000000000000000e+00
-2.645471399999999917e+01 9.998002267573695701e-01 9.700000000000000289e-03 3.020889232920648954e-02
-2.646000000000000085e+01 1.000000000000000000e+00 1.129999999999999928e-02 0.000000000000000000e+00
-2.646000000000000085e+01 1.000000000000000000e+00 1.009999999999999960e-02 0.000000000000000000e+00
-2.644766600000000167e+01 9.995338624338624411e-01 9.299999999999999239e-03 4.518338887581438423e-02
-2.646000000000000085e+01 1.000000000000000000e+00 1.110000000000000049e-02 0.000000000000000000e+00
-2.643533199999999894e+01 9.990677248677247713e-01 8.600000000000000006e-03 6.144712250908522522e-02
-2.644237999999999644e+01 9.993340891912319002e-01 8.999999999999999320e-03 5.312629891460241699e-02
-2.646000000000000085e+01 1.000000000000000000e+00 1.009999999999999960e-02 0.000000000000000000e+00
-2.646000000000000085e+01 1.000000000000000000e+00 1.039999999999999952e-02 0.000000000000000000e+00
-2.646000000000000085e+01 1.000000000000000000e+00 1.050000000000000065e-02 0.000000000000000000e+00
-2.646000000000000085e+01 1.000000000000000000e+00 1.060000000000000005e-02 0.000000000000000000e+00
-2.646000000000000085e+01 1.000000000000000000e+00 1.140000000000000041e-02 0.000000000000000000e+00
-2.646000000000000085e+01 1.000000000000000000e+00 1.000000000000000021e-02 0.000000000000000000e+00
-2.644766600000000167e+01 9.995338624338624411e-01 9.299999999999999239e-03 4.518338887581438423e-02
-2.645017600000000257e+01 9.996287226001512316e-01 9.400000000000000369e-03 3.967838665667742376e-02
-2.644942800000000105e+01 9.996004535147392511e-01 9.400000000000000369e-03 4.205598980868133219e-02
-2.644942800000000105e+01 9.996004535147392511e-01 9.400000000000000369e-03 4.205598980868133219e-02
-2.644489000000000445e+01 9.994289493575209127e-01 9.100000000000000450e-03 4.880617923289194693e-02
-2.645823800000000148e+01 9.999334089191231900e-01 9.900000000000000813e-03 1.762000000000009392e-02
-2.645471399999999917e+01 9.998002267573695701e-01 9.700000000000000289e-03 3.020889232920648954e-02
-2.646000000000000085e+01 1.000000000000000000e+00 1.030000000000000013e-02 0.000000000000000000e+00
-2.642476000000000269e+01 9.986681783824641334e-01 8.000000000000000167e-03 7.083506521946986156e-02
-2.643004600000000082e+01 9.988679516250944523e-01 8.300000000000000086e-03 6.651993461369437588e-02
-2.646000000000000085e+01 1.000000000000000000e+00 1.260000000000000009e-02 0.000000000000000000e+00
-2.645898599999999945e+01 9.999616780045350595e-01 9.900000000000000813e-03 1.014000000000014196e-02
-2.644766600000000167e+01 9.995338624338624411e-01 9.299999999999999239e-03 4.518338887581438423e-02
-2.646000000000000085e+01 1.000000000000000000e+00 1.089999999999999997e-02 0.000000000000000000e+00
-2.646000000000000085e+01 1.000000000000000000e+00 1.069999999999999944e-02 0.000000000000000000e+00
-2.645295199999999980e+01 9.997336356764927601e-01 9.599999999999999159e-03 3.470195313689381639e-02
-2.644590400000000230e+01 9.994672713529857422e-01 9.199999999999999845e-03 4.804267866946443366e-02
-2.646000000000000085e+01 1.000000000000000000e+00 1.179999999999999973e-02 0.000000000000000000e+00
-2.644414200000000292e+01 9.994006802721089322e-01 9.100000000000000450e-03 5.067925916083374643e-02
-2.645647600000000210e+01 9.998668178382464911e-01 9.799999999999999684e-03 2.479227282681448208e-02
-2.645119000000000042e+01 9.996670445956160611e-01 9.499999999999999764e-03 3.859536136884775259e-02
-2.646000000000000085e+01 1.000000000000000000e+00 1.030000000000000013e-02 0.000000000000000000e+00
-2.646000000000000085e+01 1.000000000000000000e+00 1.050000000000000065e-02 0.000000000000000000e+00
-2.644414200000000292e+01 9.994006802721089322e-01 9.100000000000000450e-03 5.067925916083374643e-02
-2.646000000000000085e+01 1.000000000000000000e+00 1.089999999999999997e-02 0.000000000000000000e+00
-2.646000000000000085e+01 1.000000000000000000e+00 1.140000000000000041e-02 0.000000000000000000e+00
-2.646000000000000085e+01 1.000000000000000000e+00 1.000000000000000021e-02 0.000000000000000000e+00
-2.643709399999999832e+01 9.991343159486015812e-01 8.699999999999999400e-03 5.955518927597351631e-02
-2.644414200000000292e+01 9.994006802721089322e-01 9.100000000000000450e-03 5.067925916083374643e-02
-2.644414200000000292e+01 9.994006802721089322e-01 9.100000000000000450e-03 5.067925916083374643e-02
-2.644237999999999644e+01 9.993340891912319002e-01 8.999999999999999320e-03 5.312629891460241699e-02
-2.643885599999999769e+01 9.992009070294783912e-01 8.800000000000000530e-03 5.754667902378660105e-02
-2.646000000000000085e+01 1.000000000000000000e+00 1.020000000000000073e-02 0.000000000000000000e+00
-2.646000000000000085e+01 1.000000000000000000e+00 1.159999999999999920e-02 0.000000000000000000e+00
-2.645119000000000042e+01 9.996670445956160611e-01 9.499999999999999764e-03 3.859536136884775259e-02
-2.646000000000000085e+01 1.000000000000000000e+00 1.200000000000000025e-02 0.000000000000000000e+00
-2.644942800000000105e+01 9.996004535147392511e-01 9.400000000000000369e-03 4.205598980868133219e-02
-2.646000000000000085e+01 1.000000000000000000e+00 1.039999999999999952e-02 0.000000000000000000e+00
-2.646000000000000085e+01 1.000000000000000000e+00 1.099999999999999936e-02 0.000000000000000000e+00
-2.645471399999999917e+01 9.998002267573695701e-01 9.700000000000000289e-03 3.020889232920648954e-02
-2.646000000000000085e+01 1.000000000000000000e+00 1.030000000000000013e-02 0.000000000000000000e+00
-2.641141199999999856e+01 9.981637188208616340e-01 7.199999999999999803e-03 7.865385524851691013e-02
