-8.311850600000002487e+01 6.486801868032728846e-01 0.000000000000000000e+00 2.406688961611664457e+00
-8.360395200000006355e+01 6.524687438541290074e-01 0.000000000000000000e+00 2.370947690525474272e+00
-8.398048600000011277e+01 6.554073210400305216e-01 0.000000000000000000e+00 2.818981844317181018e+00
-8.420620000000002392e+01 6.571688565479480992e-01 0.000000000000000000e+00 2.791223139728813418e+00
-8.249363600000003771e+01 6.438035256620373570e-01 0.000000000000000000e+00 2.605541273358714438e+00
-8.407822400000003427e+01 6.561700958677894047e-01 0.000000000000000000e+00 3.279621776700181179e+00
-8.366192400000005591e+01 6.529211736390118093e-01 0.000000000000000000e+00 2.805906831542517743e+00
-8.343970600000005788e+01 6.511869218978766360e-01 0.000000000000000000e+00 3.226291467724375917e+00
-8.333370000000003586e+01 6.503596212738461668e-01 0.000000000000000000e+00 2.605852436654108484e+00
-8.410316400000003512e+01 6.563647346388337134e-01 0.000000000000000000e+00 2.696738307679305890e+00
-8.292956000000002348e+01 6.472055991034443290e-01 0.000000000000000000e+00 2.310256434059023256e+00
-8.297831800000003000e+01 6.475861202421201446e-01 0.000000000000000000e+00 2.194169616952061030e+00
-8.428327800000006675e+01 6.577703949278420614e-01 0.000000000000000000e+00 2.446035448076843810e+00
-8.456629200000006108e+01 6.599791157437328026e-01 0.000000000000000000e+00 2.342596430781689332e+00
-8.246986800000004791e+01 6.436180335084616955e-01 0.000000000000000000e+00 2.287753084829627692e+00
-8.556716000000007227e+01 6.677901709761911997e-01 0.000000000000000000e+00 2.972925594138344785e+00
-8.510634600000001626e+01 6.641938489777953203e-01 0.000000000000000000e+00 2.377410963034274349e+00
-8.543533600000006345e+01 6.667613794222962964e-01 0.000000000000000000e+00 2.126916118908483977e+00
-8.348174200000003964e+01 6.515149826588876314e-01 0.000000000000000000e+00 2.745889159488776432e+00
-8.619174800000008929e+01 6.726646313101520835e-01 0.000000000000000000e+00 2.982767286014988084e+00
-8.641928800000003719e+01 6.744404174353886283e-01 0.000000000000000000e+00 2.809313767937505979e+00
-8.431289400000004264e+01 6.580015265173866368e-01 0.000000000000000000e+00 2.465567245316127476e+00
-8.606351000000005058e+01 6.716638259083406171e-01 0.000000000000000000e+00 2.174741852438462519e+00
-8.626283400000008328e+01 6.732194064375960352e-01 0.000000000000000000e+00 2.477953507044623027e+00
-8.574525800000003528e+01 6.691800978344683015e-01 0.000000000000000000e+00 2.410709212934917467e+00
-8.646279600000006837e+01 6.747799660982033432e-01 0.000000000000000000e+00 2.656351139770798397e+00
-8.576086799999998789e+01 6.693019226626957252e-01 0.000000000000000000e+00 2.499895519953349687e+00
-8.565034200000000908e+01 6.684393466880191870e-01 0.000000000000000000e+00 2.545665427372020506e+00
-8.614584000000002106e+01 6.723063523726576785e-01 0.000000000000000000e+00 2.154549383809228225e+00
-8.474566400000004762e+01 6.613789852561524629e-01 0.000000000000000000e+00 2.805127130899611299e+00
-8.612798800000004462e+01 6.721670303461669826e-01 0.000000000000000000e+00 2.890770156765923193e+00
-8.519801200000004826e+01 6.649092362106160392e-01 0.000000000000000000e+00 2.367664010906406880e+00
-8.670114400000005617e+01 6.766401008937465988e-01 0.000000000000000000e+00 2.781770409464759730e+00
-8.673255800000008264e+01 6.768852645807389434e-01 0.000000000000000000e+00 2.987950983235532210e+00
-8.638593400000009126e+01 6.741801134430309705e-01 0.000000000000000000e+00 2.311510254664292052e+00
-8.720826600000003737e+01 6.805978235420824252e-01 0.000000000000000000e+00 2.650261759369394454e+00
-8.724053200000004438e+01 6.808496364765859177e-01 0.000000000000000000e+00 2.554189982448526131e+00
-8.683798800000005258e+01 6.777080699388460250e-01 0.000000000000000000e+00 2.041576627589371196e+00
-8.865465400000007890e+01 6.918858420975415591e-01 0.000000000000000000e+00 2.621018049237410441e+00
-8.855311600000005967e+01 6.910934110015394261e-01 0.000000000000000000e+00 2.508791955444095390e+00
-8.816364400000004764e+01 6.880538620265536087e-01 0.000000000000000000e+00 2.607974774864065814e+00
-8.708339400000005526e+01 6.796232873505093641e-01 0.000000000000000000e+00 2.264917929068994251e+00
-8.749214200000005803e+01 6.828132716482957498e-01 0.000000000000000000e+00 3.055079254875676220e+00
-8.883861400000006370e+01 6.933215176517234513e-01 0.000000000000000000e+00 2.363237477263644859e+00
-8.842441000000006568e+01 6.900889531961656997e-01 0.000000000000000000e+00 2.378542710178106923e+00
-8.936392600000007747e+01 6.974212001735677902e-01 0.000000000000000000e+00 2.582359990498864111e+00
-8.840652600000001371e+01 6.899493814326786989e-01 0.000000000000000000e+00 2.058526740545139067e+00
-8.853037400000005164e+01 6.909159260403890945e-01 0.000000000000000000e+00 2.377849966069211174e+00
-8.929564000000004853e+01 6.968882770332496257e-01 0.000000000000000000e+00 2.459531580433866438e+00
-8.911643600000002152e+01 6.954897186400572640e-01 0.000000000000000000e+00 2.864630117520595043e+00
-8.786985000000008483e+01 6.857610110602277986e-01 0.000000000000000000e+00 2.226002543742363393e+00
-8.735434600000003513e+01 6.817378729275733740e-01 0.000000000000000000e+00 2.057856040130852548e+00
-8.827455800000005581e+01 6.889194660623034761e-01 0.000000000000000000e+00 2.831026111478795126e+00
-8.823108600000001900e+01 6.885801983536089521e-01 0.000000000000000000e+00 2.678004888047831766e+00
-8.913860200000004852e+01 6.956627083352847629e-01 0.000000000000000000e+00 2.545117367140700360e+00
-8.941033000000000186e+01 6.977833500344948758e-01 0.000000000000000000e+00 2.513403082445886838e+00
-8.973987600000000953e+01 7.003552196592962575e-01 0.000000000000000000e+00 2.228100704210886907e+00
-8.890202400000003990e+01 6.938163871173173014e-01 0.000000000000000000e+00 2.566399325751189675e+00
-8.923230600000005097e+01 6.963940006930204873e-01 0.000000000000000000e+00 2.276671683290981463e+00
-8.827852000000005717e+01 6.889503866240869190e-01 0.000000000000000000e+00 2.149152234456341848e+00
-8.931113000000006252e+01 6.970091653477435978e-01 0.000000000000000000e+00 2.188331039048855509e+00
-8.845753800000005640e+01 6.903474934209914426e-01 0.000000000000000000e+00 2.311796970865090728e+00
-9.017769600000006847e+01 7.037720900177005801e-01 0.000000000000000000e+00 2.668198431050169628e+00
-8.856988000000002614e+01 6.912242419701752905e-01 0.000000000000000000e+00 2.540006120091250263e+00
-8.851560800000002871e+01 6.908006880254233817e-01 0.000000000000000000e+00 2.266884941882435722e+00
-8.991931600000002334e+01 7.017556198628320807e-01 0.000000000000000000e+00 2.459136708697717832e+00
-8.949983600000007300e+01 6.984818800201043620e-01 0.000000000000000000e+00 1.991083183683562741e+00
-8.918182600000005777e+01 6.960000405822621694e-01 0.000000000000000000e+00 2.306488128780648683e+00
-8.942098400000007530e+01 6.978664968455100537e-01 0.000000000000000000e+00 2.199930670657829435e+00
-8.939413600000008842e+01 6.976569675060957376e-01 0.000000000000000000e+00 2.377594729911094884e+00
-8.918132600000005539e+01 6.959961384417039376e-01 0.000000000000000000e+00 2.379367321501727695e+00
-8.970080000000007203e+01 7.000502595703904651e-01 0.000000000000000000e+00 2.701645652470944459e+00
-9.059121800000006886e+01 7.069993319535369247e-01 0.000000000000000000e+00 2.481051470988243413e+00
-9.035469600000006096e+01 7.051534477753120811e-01 0.000000000000000000e+00 3.108979200359285766e+00
-8.974261000000004174e+01 7.003765565638688795e-01 0.000000000000000000e+00 2.241546288871036019e+00
-8.982903200000006905e+01 7.010510181465149371e-01 0.000000000000000000e+00 2.405081908132078894e+00
-8.846486200000002498e+01 6.904046519758880729e-01 0.000000000000000000e+00 2.377388000815222835e+00
-8.858960000000001855e+01 6.913781423937915838e-01 0.000000000000000000e+00 2.645240844240917433e+00
-8.972636400000003221e+01 7.002497682128510093e-01 0.000000000000000000e+00 2.317717192181421471e+00
-8.962905800000007162e+01 6.994903648345340841e-01 0.000000000000000000e+00 2.475630272373261054e+00
-8.949427000000007126e+01 6.984384413914102030e-01 0.000000000000000000e+00 2.743324717152050063e+00
-8.975226000000003523e+01 7.004518678766425976e-01 0.000000000000000000e+00 2.642978769983946208e+00
-8.986122200000004057e+01 7.013022379556531627e-01 0.000000000000000000e+00 2.202978493206711796e+00
-8.929542400000002544e+01 6.968865913085283692e-01 0.000000000000000000e+00 2.844537292195499667e+00
-8.861496000000003903e+01 6.915760589629049715e-01 0.000000000000000000e+00 2.660266216950947005e+00
-8.944636400000007370e+01 6.980645695002455353e-01 0.000000000000000000e+00 2.627476547253595474e+00
-8.775248400000002391e+01 6.848450538027140988e-01 0.000000000000000000e+00 2.358327013792582250e+00
-8.933013400000004367e+01 6.971574779060804028e-01 0.000000000000000000e+00 2.547060707902622845e+00
-8.949413600000004010e+01 6.984373956177403198e-01 0.000000000000000000e+00 2.636558045324941091e+00
-8.942779000000007272e+01 6.979196127827885787e-01 0.000000000000000000e+00 2.249451919127111399e+00
-9.033403400000007366e+01 7.049921957188840516e-01 0.000000000000000000e+00 2.336903462700981482e+00
-8.978139200000005360e+01 7.006792221941271492e-01 0.000000000000000000e+00 2.446368327929167474e+00
-8.930540600000006179e+01 6.969644936426330206e-01 0.000000000000000000e+00 2.481661693294159754e+00
-8.955119800000005625e+01 6.988827235068072463e-01 0.000000000000000000e+00 2.342082963361606929e+00
-8.857346400000005815e+01 6.912522125136969509e-01 0.000000000000000000e+00 2.235184729650013136e+00
-8.899700000000005673e+01 6.945576065206333638e-01 0.000000000000000000e+00 2.398555922957719133e+00
-9.012910600000002148e+01 7.033928799982519520e-01 0.000000000000000000e+00 2.074157778488571413e+00
-9.015831400000004692e+01 7.036208274411014374e-01 0.000000000000000000e+00 2.949667128250032633e+00
-8.939143600000005563e+01 6.976358959470810861e-01 0.000000000000000000e+00 2.322726690310942477e+00
-8.878992800000006014e+01 6.929415584212880175e-01 0.000000000000000000e+00 2.421472574510616038e+00
