9.251525354926334321e-01
9.140083808103393048e-01
7.648730950307405241e-01
4.744869245166993994e-04
5.932021196215850889e-01
2.246599494409059761e-01
1.895010690898605299e-01
1.998795138677922356e-01
1.819230184080305457e-01
1.288011936483634268e-01
9.874584384374585078e-02
-1.094069337017339744e-01
4.481303468741542062e-01
1.351478781456196543e-01
-2.318464098583803423e-01
2.272710005311151249e-01
9.591721014744143681e-02
1.032663497127192798e-01
1.342770765993567261e+00
-2.447279077834317029e-01
-1.714099479924247604e-01
-1.010172799234098084e-01
-1.160207204073702425e-01
-2.521942313866040730e-01
-1.383627428889903643e-01
-2.045921544812406012e-01
-2.241271805177154353e-01
-9.491290042193349652e-02
-1.480794615876759590e-01
-1.991184106984733304e-01
-4.596028876569267785e-02
-3.003682812053251605e-02
-1.529697403923594157e-01
-1.518914702674929174e-01
-1.390315211143549889e-01
-1.532629508560279241e-01
-1.011604824375186701e-01
-2.063429861379258157e-01
-4.976488070319118329e-02
-1.728662426997021051e-01
-2.506530001772032668e-01
-9.149365607750543916e-02
-2.279868808581296813e-01
1.063894964488212302e+00
-8.000042018818086242e-02
-4.761421958792878134e-02
-8.554086113578961148e-02
-5.387445131483753480e-02
-2.559324204790765223e-02
-3.600399049554719316e-02
-1.004849493442611652e-01
-1.105794253196632354e-01
-2.845339329836736320e-01
-4.817216720068293739e-02
1.099573424686278278e+00
-1.070134573901261876e-01
-2.179789738983521075e-01
-1.148209663261779701e-01
-6.934623035876809338e-02
1.009809622918299787e+00
1.028152686480739098e+00
-1.548198444698817289e-01
1.047575608350841403e+00
-6.422890454589476328e-02
-1.533625124229673065e-01
-8.856701732329172461e-02
-7.585184413311495122e-02
-2.767822745203685295e-03
-1.833509506677535039e-01
-2.593619406700839805e-02
-5.336654264899765715e-02
-1.208237878583623137e-01
-1.703491996344375370e-01
-9.900836887845072820e-02
1.049299456078041759e+00
1.166638245516342876e+00
-1.325664327568429057e-01
1.163216166526546358e+00
-9.176526521809905135e-02
-5.457832633820941526e-02
-5.175453618766652497e-02
-3.399885719789479122e-02
-5.466847690183642555e-02
-1.772835718710460418e-01
-1.586958877841835869e-01
-1.962715603684274737e-02
-1.564145201160113408e-01
-2.502649997533664683e-01
-1.553053786834104888e-01
-8.971855137274818703e-02
-3.119643569426714391e-01
1.001703925720682120e+00
1.151553443482105976e+00
1.050254040709508896e+00
-1.737930816191380901e-01
1.087765403552986676e+00
1.228694403091166620e+00
-3.943089661824653730e-02
-1.907917382085883296e-01
1.065070623193856703e+00
-2.284762458584169154e-01
-2.457694174791416608e-01
-3.992630050364184141e-02
-4.014801362042501320e-02
-1.375812457000392119e-01
-1.243559710901902399e-01
-1.655125761295925257e-01
-4.531785979618258714e-02
1.079565912927463289e+00
-4.884205117012186542e-02
1.156391262353815064e+00
-1.139326935493406023e-01
1.016141132287346593e+00
-1.017135631878960389e-01
-3.796608281209343794e-01
1.006357586460795428e+00
-2.775453512378838750e-01
-1.579382633646379541e-01
1.005932143485494645e+00
1.119473556362443611e+00
