-3.698000000000000176e-01
-1.089999999999999997e-01
8.227999999999999758e-01
-2.016999999999999904e-01
6.337000000000000410e-01
-5.967999999999999972e-01
-2.159000000000000086e-01
-7.581999999999999851e-01
3.672000000000000264e-01
6.918999999999999595e-01
-9.145999999999999686e-01
7.973000000000000087e-01
9.003999999999999782e-01
9.059999999999999998e-02
7.319999999999999840e-01
5.588999999999999524e-01
-6.926999999999999824e-01
4.696000000000000174e-01
3.511000000000000232e-01
-7.391999999999999682e-01
-5.784000000000000252e-01
-3.669999999999999929e-01
-1.446000000000000063e-01
-2.497000000000000053e-01
-1.313000000000000000e-01
4.804999999999999827e-01
-7.096999999999999975e-01
3.749999999999999861e-02
7.841000000000000192e-01
-5.342000000000000082e-01
-4.037000000000000033e-01
-7.941000000000000281e-01
-8.838000000000000300e-01
-7.872999999999999998e-01
-8.991000000000000103e-01
-3.500000000000000073e-03
-2.371000000000000052e-01
-5.165999999999999481e-01
-2.740000000000000213e-01
5.275999999999999579e-01
-3.039000000000000035e-01
7.848000000000000531e-01
7.019999999999999574e-01
-7.739000000000000323e-01
-8.414000000000000368e-01
6.005000000000000338e-01
9.651999999999999469e-01
4.213999999999999968e-01
7.366000000000000325e-01
7.036999999999999922e-01
6.207000000000000295e-01
1.494999999999999940e-01
4.490999999999999992e-01
3.448999999999999844e-01
-1.839999999999999969e-01
1.039999999999999952e-02
8.423000000000000487e-01
9.506000000000000005e-01
1.619999999999999912e-02
3.240999999999999992e-01
3.080999999999999850e-01
3.679999999999999938e-02
7.468000000000000194e-01
6.712000000000000188e-01
4.769999999999999796e-01
3.600999999999999757e-01
8.490000000000000324e-02
6.160999999999999810e-01
5.372999999999999998e-01
-3.700000000000000164e-03
4.057999999999999940e-01
-8.899999999999999578e-02
1.640000000000000069e-01
4.773999999999999910e-01
-4.455999999999999961e-01
9.697000000000000064e-01
5.340000000000000302e-02
-8.669999999999999929e-02
8.443000000000000504e-01
7.030000000000000138e-02
-8.894999999999999574e-01
-1.111000000000000043e-01
-6.883000000000000229e-01
2.331999999999999906e-01
5.223999999999999755e-01
8.100000000000000533e-01
4.400999999999999912e-01
9.139000000000000457e-01
2.548000000000000265e-01
5.083999999999999631e-01
3.800000000000000044e-01
-3.837999999999999745e-01
-9.693000000000000504e-01
6.759999999999999343e-02
-1.409999999999999865e-01
7.811000000000000165e-01
-2.691999999999999948e-01
3.059000000000000052e-01
2.381000000000000061e-01
-7.820000000000000562e-02
2.016999999999999904e-01
2.523000000000000242e-01
1.228000000000000064e-01
-1.899999999999999996e-03
9.050000000000000266e-01
-6.736999999999999655e-01
6.583999999999999853e-01
-5.110999999999999988e-01
5.838999999999999746e-01
-3.251000000000000001e-01
-7.229999999999999760e-01
-9.896000000000000352e-01
-1.711000000000000021e-01
9.318999999999999506e-01
5.051999999999999824e-01
2.872999999999999998e-01
7.344000000000000528e-01
1.370000000000000107e-01
-6.219000000000000083e-01
-1.242000000000000048e-01
4.013999999999999790e-01
-3.516000000000000236e-01
-9.468999999999999639e-01
-4.192000000000000171e-01
-2.731000000000000094e-01
5.029000000000000137e-01
4.425000000000000044e-01
-2.595999999999999974e-01
-6.280000000000000027e-01
5.695999999999999952e-01
8.455000000000000293e-01
3.358999999999999764e-01
-3.109999999999999987e-01
3.202999999999999736e-01
1.152999999999999997e-01
-4.057999999999999940e-01
-5.830999999999999517e-01
8.352000000000000535e-01
-8.911999999999999922e-01
-8.971000000000000085e-01
-8.479999999999999760e-01
-4.495000000000000107e-01
-3.538000000000000034e-01
-4.161000000000000254e-01
6.347000000000000419e-01
-9.657000000000000028e-01
-7.460999999999999854e-01
-3.866999999999999882e-01
4.815999999999999726e-01
4.656000000000000139e-01
1.092999999999999944e-01
8.386000000000000121e-01
-8.971999999999999975e-01
-6.513999999999999790e-01
-5.185999999999999499e-01
-4.400999999999999912e-01
-9.189000000000000501e-01
3.099999999999999978e-02
2.681999999999999940e-01
3.486000000000000210e-01
