7.398000000000000131e-01
3.209000000000000186e-01
1.269999999999999948e-02
-7.507000000000000339e-01
-8.011000000000000343e-01
6.097000000000000197e-01
5.353999999999999870e-01
-8.518999999999999906e-01
8.018999999999999462e-01
-4.657999999999999918e-01
-4.250000000000000305e-02
7.080000000000000182e-02
-6.510000000000000508e-02
-7.974999999999999867e-01
-2.223999999999999866e-01
-7.631000000000000005e-01
6.936999999999999833e-01
-8.925999999999999490e-01
9.354999999999999982e-01
-3.682000000000000273e-01
6.441000000000000059e-01
-4.489000000000000212e-01
3.871999999999999886e-01
-2.722999999999999865e-01
-4.653999999999999804e-01
-2.883999999999999897e-01
-6.830000000000000515e-01
4.250000000000000305e-02
1.004000000000000031e-01
-1.241000000000000020e-01
1.098999999999999977e-01
-9.457999999999999741e-01
8.938000000000000389e-01
8.083000000000000185e-01
-4.803000000000000047e-01
7.528000000000000247e-01
-3.109999999999999917e-02
-5.663000000000000256e-01
-9.357999999999999652e-01
5.916000000000000147e-01
-5.170000000000000290e-02
9.054999999999999716e-01
3.980000000000000204e-01
-2.852000000000000091e-01
-6.159999999999999920e-01
-2.257000000000000117e-01
-8.393000000000000460e-01
-7.449999999999999956e-01
-1.753000000000000114e-01
-5.621000000000000441e-01
-2.253000000000000003e-01
7.921000000000000263e-01
-3.044000000000000039e-01
-1.617999999999999994e-01
-7.498000000000000220e-01
2.797999999999999932e-01
-4.630000000000000088e-02
2.500000000000000139e-02
-6.848999999999999533e-01
5.694000000000000172e-01
-2.326000000000000012e-01
-7.226000000000000201e-01
-6.605999999999999650e-01
4.671000000000000152e-01
-4.379000000000000115e-01
2.708999999999999742e-01
3.869000000000000217e-01
9.804000000000000492e-01
6.684999999999999831e-01
5.101999999999999869e-01
8.708000000000000185e-01
6.736999999999999655e-01
-8.054999999999999938e-01
-5.747999999999999776e-01
-1.213000000000000050e-01
-3.648000000000000131e-01
3.444999999999999729e-01
-3.478999999999999870e-01
-4.258000000000000118e-01
7.128999999999999782e-01
2.750000000000000222e-01
-5.812000000000000499e-01
-9.278999999999999471e-01
8.774999999999999467e-01
9.603000000000000425e-01
4.026000000000000134e-01
6.854999999999999982e-01
-4.773999999999999910e-01
2.366000000000000048e-01
4.334000000000000075e-01
-6.489999999999999936e-02
5.383000000000000007e-01
-1.998000000000000054e-01
9.212000000000000188e-01
4.041000000000000147e-01
7.047999999999999821e-01
4.111000000000000210e-01
-2.587999999999999745e-01
8.949999999999999623e-02
9.233999999999999986e-01
6.890000000000000291e-02
8.104000000000000092e-01
2.696999999999999953e-01
8.335000000000000187e-01
-7.128999999999999782e-01
-3.270000000000000129e-01
8.211000000000000520e-01
-3.798000000000000265e-01
3.489999999999999769e-01
-5.799999999999999600e-03
6.017000000000000126e-01
7.530999999999999917e-01
-8.399999999999999481e-03
6.532000000000000028e-01
-3.578000000000000069e-01
-2.454000000000000070e-01
-3.990000000000000213e-01
-4.734999999999999765e-01
6.803000000000000158e-01
-7.309999999999999831e-02
-3.019000000000000017e-01
-4.767000000000000126e-01
1.499999999999999944e-01
-9.382000000000000339e-01
5.617999999999999661e-01
-6.933000000000000274e-01
-5.563000000000000167e-01
-2.459999999999999964e-01
-2.629000000000000226e-01
3.443999999999999839e-01
6.146000000000000352e-01
-3.457999999999999963e-01
7.459999999999999964e-02
4.495000000000000107e-01
3.701999999999999735e-01
6.389000000000000234e-01
-5.755000000000000115e-01
-4.225999999999999757e-01
2.283000000000000029e-01
-5.897999999999999909e-01
1.303999999999999881e-01
9.121000000000000218e-01
8.192000000000000393e-01
9.675000000000000266e-01
8.873999999999999666e-01
5.934000000000000385e-01
5.957999999999999963e-01
-1.535999999999999865e-01
-7.035000000000000142e-01
2.916000000000000258e-01
-1.824999999999999956e-01
8.899000000000000243e-01
7.760000000000000231e-01
-2.093000000000000138e-01
1.173000000000000015e-01
7.559000000000000163e-01
-3.997999999999999887e-01
2.000000000000000042e-03
5.539999999999999786e-02
-6.189999999999999669e-02
