3.320000000000000034e-02
-1.567999999999999949e-01
3.744000000000000106e-01
1.325999999999999956e-01
9.556000000000000050e-01
3.100999999999999868e-01
-8.310999999999999499e-01
-3.274000000000000243e-01
9.410000000000000309e-02
8.960000000000000187e-01
-3.133000000000000229e-01
-6.643999999999999906e-01
-3.351999999999999980e-01
8.792999999999999705e-01
-9.807000000000000162e-01
-3.406000000000000139e-01
7.979000000000000536e-01
-8.504000000000000448e-01
-8.315000000000000169e-01
-8.458999999999999853e-01
3.907999999999999807e-01
-2.595000000000000084e-01
-1.832999999999999907e-01
8.245000000000000107e-01
8.048999999999999488e-01
1.464000000000000024e-01
-9.417999999999999705e-01
-1.413000000000000089e-01
-6.064000000000000501e-01
7.845999999999999641e-01
-9.627000000000000002e-01
9.338999999999999524e-01
1.185999999999999971e-01
-8.899000000000000243e-01
-7.009999999999999565e-02
9.372000000000000330e-01
3.362999999999999878e-01
1.708000000000000074e-01
-7.470000000000000251e-02
7.386000000000000343e-01
8.074999999999999956e-01
-2.661000000000000032e-01
-1.910999999999999921e-01
2.857999999999999985e-01
6.860000000000000542e-01
-8.545000000000000373e-01
9.042999999999999927e-01
-2.751000000000000112e-01
-4.098999999999999866e-01
1.193000000000000033e-01
-7.749999999999999944e-02
8.909000000000000252e-01
5.917999999999999927e-01
-9.276999999999999691e-01
-1.542000000000000037e-01
2.379999999999999893e-01
-9.721999999999999531e-01
-8.381999999999999451e-01
3.827999999999999736e-01
6.273999999999999577e-01
9.310000000000000497e-01
8.060000000000000497e-01
-5.554000000000000048e-01
7.994999999999999885e-01
7.540000000000000036e-01
8.994999999999999662e-01
-5.407999999999999474e-01
-2.718999999999999750e-01
-9.600000000000000200e-02
-7.589999999999999525e-02
2.615000000000000102e-01
5.203999999999999737e-01
-1.502999999999999892e-01
-5.842000000000000526e-01
9.962999999999999634e-01
