6.271999999999999797e-01
-2.882000000000000117e-01
-3.171999999999999820e-01
7.077999999999999847e-01
-3.260000000000000120e-01
7.664999999999999591e-01
5.525999999999999801e-01
-6.475999999999999535e-01
-6.825999999999999845e-01
-8.177999999999999714e-01
-8.177999999999999714e-01
-6.980000000000000093e-02
-2.577999999999999736e-01
8.241000000000000547e-01
4.041000000000000147e-01
-7.237000000000000099e-01
-4.546000000000000041e-01
6.429000000000000270e-01
7.284000000000000474e-01
-7.099999999999999367e-02
-1.132999999999999979e-01
-2.101000000000000090e-01
8.890000000000000679e-02
9.251000000000000334e-01
-4.682000000000000051e-01
-2.462999999999999912e-01
9.324000000000000066e-01
-4.313000000000000167e-01
6.749000000000000554e-01
-8.860999999999999988e-01
-6.070999999999999730e-01
-1.351999999999999869e-01
3.382999999999999896e-01
-2.242999999999999994e-01
-5.390000000000000346e-01
-7.811000000000000165e-01
6.369000000000000217e-01
-7.754999999999999671e-01
-1.733999999999999986e-01
-4.487999999999999767e-01
9.789999999999999813e-01
-2.838999999999999857e-01
2.769999999999999893e-02
6.400000000000000133e-02
-9.278999999999999471e-01
-2.450000000000000094e-02
-3.549999999999999684e-02
-7.050999999999999490e-01
2.770000000000000240e-01
8.957000000000000517e-01
-5.965000000000000302e-01
-6.383999999999999675e-01
-4.779999999999999805e-01
-9.311000000000000387e-01
-3.680999999999999828e-01
-5.455999999999999739e-01
-9.341000000000000414e-01
1.199999999999999895e-03
4.915999999999999814e-01
9.470000000000000639e-02
6.684999999999999831e-01
6.373999999999999666e-01
-9.504000000000000226e-01
9.453000000000000291e-01
1.768000000000000127e-01
-1.048000000000000043e-01
5.200000000000000178e-01
3.428999999999999826e-01
8.012000000000000233e-01
-3.281000000000000028e-01
7.862000000000000099e-01
7.983999999999999986e-01
-6.714999999999999858e-01
6.949999999999999512e-01
8.739999999999999991e-01
