2.460000000000000034e-02
1.743000000000000105e-01
-8.223000000000000309e-01
-3.290000000000000147e-01
8.578000000000000069e-01
-7.993999999999999995e-01
9.736000000000000210e-01
5.635999999999999899e-01
6.080999999999999739e-01
7.496000000000000441e-01
6.693999999999999950e-01
-8.698000000000000176e-01
-2.091999999999999971e-01
-8.931000000000000050e-01
-5.072999999999999732e-01
-9.016999999999999460e-01
-8.084000000000000075e-01
-8.415000000000000258e-01
-7.811000000000000165e-01
8.229999999999999816e-02
8.298999999999999710e-01
9.586999999999999966e-01
-7.639999999999999569e-02
-1.464000000000000024e-01
-7.992000000000000215e-01
-8.479999999999999760e-01
-1.426000000000000045e-01
-8.318999999999999728e-01
-6.419000000000000261e-01
-5.132999999999999785e-01
-9.780999999999999694e-01
2.831000000000000183e-01
-9.149000000000000465e-01
6.727999999999999536e-01
-5.073999999999999622e-01
-2.857000000000000095e-01
6.532000000000000028e-01
6.703999999999999959e-01
1.242000000000000048e-01
-8.100000000000000533e-01
7.315000000000000391e-01
-6.743999999999999995e-01
-5.228000000000000425e-01
4.541000000000000036e-01
-1.600999999999999923e-01
-7.399999999999999911e-01
-5.290000000000000258e-02
6.403999999999999693e-01
-6.334999999999999520e-01
-6.940000000000000335e-02
-3.774000000000000132e-01
5.766999999999999904e-01
-4.600000000000000200e-01
-8.029999999999999638e-02
2.667999999999999816e-01
-1.461999999999999966e-01
4.893000000000000127e-01
3.931000000000000050e-01
-5.829999999999999766e-02
2.544000000000000150e-01
5.535999999999999810e-01
-2.316999999999999893e-01
7.076999999999999957e-01
-5.315999999999999615e-01
-4.025000000000000244e-01
-7.752000000000000002e-01
-2.497999999999999943e-01
3.378999999999999782e-01
2.738999999999999768e-01
5.042999999999999705e-01
-5.092999999999999750e-01
9.304999999999999938e-01
4.320999999999999841e-01
-4.971999999999999753e-01
3.956000000000000072e-01
