9.790999999999999703e-01
-1.107999999999999957e-01
-1.875999999999999890e-01
1.539000000000000090e-01
9.828999999999999959e-01
8.605000000000000426e-01
-5.251000000000000112e-01
-4.069999999999999729e-01
3.548999999999999932e-01
8.333000000000000407e-01
-8.881000000000000005e-01
-9.587999999999999856e-01
2.464999999999999969e-01
1.519999999999999997e-02
-2.763999999999999790e-01
-3.462999999999999967e-01
9.869999999999999885e-01
-5.430000000000000104e-02
-9.845000000000000417e-01
-7.860000000000000320e-01
2.197000000000000064e-01
-8.517000000000000126e-01
-8.476000000000000201e-01
5.767999999999999794e-01
1.419999999999999873e-01
6.593999999999999861e-01
9.124999999999999778e-01
-1.739999999999999880e-01
6.909999999999999476e-01
-5.862000000000000544e-01
7.123000000000000442e-01
8.138999999999999568e-01
6.072999999999999510e-01
-7.140000000000000513e-02
8.702999999999999625e-01
-1.476999999999999980e-01
6.097000000000000197e-01
-2.467000000000000026e-01
2.210000000000000159e-02
4.502999999999999781e-01
-7.939000000000000501e-01
8.267999999999999794e-01
-6.733000000000000096e-01
-9.628999999999999782e-01
4.894999999999999907e-01
4.253000000000000114e-01
9.866000000000000325e-01
4.951999999999999735e-01
-6.675999999999999712e-01
9.928000000000000158e-01
-1.480000000000000066e-02
7.835999999999999632e-01
8.480000000000000038e-02
6.078999999999999959e-01
7.433999999999999497e-01
-4.615000000000000213e-01
2.084999999999999909e-01
6.545999999999999597e-01
-3.524999999999999800e-01
6.159999999999999920e-01
-7.320000000000000118e-02
7.759000000000000341e-01
7.684999999999999609e-01
-2.179999999999999993e-02
2.972000000000000197e-01
-7.270000000000000073e-02
6.919999999999999762e-02
-3.271000000000000019e-01
5.200000000000000178e-01
-2.283999999999999919e-01
-1.140000000000000041e-01
3.524999999999999800e-01
6.461000000000000076e-01
3.724999999999999978e-01
-4.037000000000000033e-01
