9.331000000000000405e-01
-8.681999999999999718e-01
-7.879999999999999505e-02
8.166999999999999815e-01
-6.257000000000000339e-01
3.459999999999999742e-01
-3.304000000000000270e-01
-7.860000000000000320e-02
4.855999999999999761e-01
9.446999999999999842e-01
-2.228999999999999870e-01
8.846000000000000529e-01
-1.173000000000000015e-01
-8.142000000000000348e-01
6.199999999999999956e-01
7.473999999999999533e-01
-5.201000000000000068e-01
9.778999999999999915e-01
5.154999999999999583e-01
-3.338999999999999746e-01
-8.014000000000000012e-01
-9.782999999999999474e-01
-6.746999999999999664e-01
7.201999999999999513e-01
6.130999999999999783e-01
-1.542000000000000037e-01
7.123000000000000442e-01
7.010999999999999455e-01
7.252999999999999448e-01
-4.053999999999999826e-01
6.539999999999999980e-02
8.569999999999999840e-02
2.636999999999999900e-01
-7.884999999999999787e-01
8.807000000000000384e-01
6.952000000000000401e-01
-4.499999999999999660e-03
1.370999999999999996e-01
-7.174000000000000377e-01
6.069999999999999840e-01
3.547000000000000153e-01
-8.528000000000000025e-01
4.677999999999999936e-01
4.666000000000000147e-01
9.455999999999999961e-01
9.900999999999999801e-01
7.685999999999999499e-01
3.173000000000000265e-01
9.010000000000000231e-01
5.500000000000000444e-01
8.665000000000000480e-01
-1.575999999999999901e-01
-7.207000000000000073e-01
6.829999999999999960e-02
-3.693000000000000171e-01
-2.018000000000000071e-01
6.508000000000000451e-01
-6.140999999999999792e-01
-7.473999999999999533e-01
-6.983000000000000318e-01
2.506999999999999784e-01
8.497000000000000108e-01
5.157000000000000473e-01
2.381000000000000061e-01
-9.349999999999999978e-02
-2.903000000000000025e-01
8.931999999999999940e-01
3.408999999999999808e-01
5.109999999999999959e-02
5.887999999999999901e-01
-5.560000000000000497e-01
-2.280999999999999972e-01
1.609999999999999973e-02
-5.790999999999999481e-01
1.635999999999999954e-01
