7.060999999999999499e-01
-6.317000000000000393e-01
-2.363999999999999990e-01
7.711999999999999966e-01
-7.620000000000000107e-01
8.729000000000000092e-01
-8.921000000000000041e-01
-1.161999999999999977e-01
7.391999999999999682e-01
4.456999999999999851e-01
9.952999999999999625e-01
-5.889999999999999680e-01
7.520999999999999908e-01
9.729999999999999760e-02
-3.816999999999999837e-01
5.266999999999999460e-01
-9.539999999999999591e-01
-1.537000000000000033e-01
-4.772000000000000131e-01
-1.756999999999999951e-01
1.370999999999999996e-01
5.707999999999999741e-01
-8.017999999999999572e-01
3.099999999999999978e-02
9.333000000000000185e-01
-3.839000000000000190e-01
-5.004999999999999449e-01
9.780999999999999694e-01
2.151000000000000134e-01
-2.712999999999999856e-01
1.512999999999999901e-01
-4.445999999999999952e-01
-4.700000000000000011e-02
-6.271999999999999797e-01
8.640000000000000457e-02
7.289999999999999813e-01
-5.543000000000000149e-01
2.802000000000000046e-01
-6.091999999999999638e-01
4.429999999999999910e-02
7.042000000000000481e-01
3.687000000000000277e-01
-5.208000000000000407e-01
9.516000000000000014e-01
3.860000000000000236e-02
-6.167000000000000259e-01
-7.629000000000000226e-01
5.290000000000000258e-02
-2.172999999999999932e-01
7.708000000000000407e-01
-6.421000000000000041e-01
6.602999999999999980e-01
-2.477000000000000035e-01
8.225999999999999979e-01
6.070999999999999730e-01
8.702999999999999625e-01
3.399999999999999811e-03
-5.877999999999999892e-01
3.007000000000000228e-01
-7.203000000000000513e-01
7.255000000000000338e-01
-6.252999999999999670e-01
-7.707000000000000517e-01
-1.170000000000000033e-02
4.227000000000000202e-01
-1.194999999999999951e-01
-2.177999999999999936e-01
-6.810000000000000497e-01
-6.472999999999999865e-01
4.998000000000000220e-01
3.482999999999999985e-01
8.068999999999999506e-01
-9.216999999999999638e-01
-9.211000000000000298e-01
-3.618999999999999995e-01
