1.396000000000000019e-01
5.157000000000000473e-01
-3.125999999999999890e-01
-3.765999999999999903e-01
5.258000000000000451e-01
-9.473000000000000309e-01
-7.967999999999999527e-01
5.632000000000000339e-01
-5.208000000000000407e-01
8.413000000000000478e-01
5.076000000000000512e-01
5.693000000000000282e-01
-7.850000000000000033e-02
-3.083000000000000185e-01
-7.439999999999999947e-01
3.417000000000000037e-01
-6.572000000000000064e-01
6.278000000000000247e-01
7.770000000000000240e-01
-1.231000000000000011e-01
9.978000000000000203e-01
-6.389000000000000234e-01
-8.499999999999999778e-01
-6.156000000000000361e-01
-8.159999999999999476e-01
6.108999999999999986e-01
8.477999999999999980e-01
4.514000000000000234e-01
-2.149000000000000077e-01
-6.172999999999999599e-01
6.885999999999999899e-01
-4.190999999999999726e-01
1.502000000000000002e-01
5.369000000000000439e-01
5.759999999999999842e-02
-1.779999999999999916e-01
-6.722000000000000197e-01
-5.533000000000000140e-01
9.564000000000000279e-01
9.792999999999999483e-01
1.904000000000000137e-01
-5.714000000000000190e-01
-9.340000000000000524e-01
2.635000000000000120e-01
6.217000000000000304e-01
-2.808999999999999830e-01
-5.253999999999999782e-01
-6.705999999999999739e-01
3.936999999999999944e-01
-5.369000000000000439e-01
-1.580000000000000016e-01
-1.980000000000000093e-01
8.736000000000000432e-01
-2.336999999999999911e-01
9.472000000000000419e-01
-2.424000000000000044e-01
-5.097000000000000419e-01
6.056000000000000272e-01
-9.694000000000000394e-01
5.009000000000000119e-01
6.513999999999999790e-01
3.750999999999999890e-01
5.395999999999999686e-01
4.954000000000000070e-01
3.941000000000000059e-01
6.442999999999999838e-01
-7.130000000000000226e-02
2.987000000000000210e-01
-7.038999999999999702e-01
-9.130000000000000338e-01
7.280999999999999694e-01
-7.711999999999999966e-01
9.368999999999999551e-01
-4.954999999999999960e-01
2.600000000000000089e-01
