-9.855000000000000426e-01
-4.149999999999999800e-01
8.227999999999999758e-01
-1.862000000000000044e-01
-8.226999999999999869e-01
4.133999999999999897e-01
4.827000000000000179e-01
-5.631000000000000449e-01
-8.241000000000000547e-01
-5.734000000000000208e-01
1.930000000000000118e-02
1.140000000000000041e-02
-3.720999999999999863e-01
2.797000000000000042e-01
-4.689999999999999725e-02
8.954999999999999627e-01
-3.705999999999999850e-01
5.033999999999999586e-01
-6.551000000000000156e-01
5.554000000000000048e-01
-6.114000000000000545e-01
2.570000000000000062e-02
-3.078000000000000180e-01
2.354999999999999871e-01
-4.787000000000000144e-01
-3.845999999999999974e-01
8.054999999999999938e-01
-6.872000000000000330e-01
-1.166999999999999982e-01
9.389999999999999736e-02
4.872000000000000219e-01
7.624999999999999556e-01
-3.054999999999999938e-01
2.348999999999999977e-01
7.049999999999999600e-01
-3.477999999999999980e-01
-3.981000000000000094e-01
9.387999999999999678e-01
-5.335999999999999632e-01
9.321000000000000396e-01
-7.087999999999999856e-01
9.101000000000000201e-01
-3.628000000000000114e-01
-6.827999999999999625e-01
7.603999999999999648e-01
3.589999999999999858e-01
-4.345999999999999863e-01
-8.822999999999999732e-01
-6.651000000000000245e-01
-6.236000000000000432e-01
-4.542999999999999816e-01
-8.927000000000000490e-01
1.260999999999999899e-01
1.006999999999999978e-01
1.149999999999999981e-02
3.912999999999999812e-01
-8.468999999999999861e-01
-5.553000000000000158e-01
-4.406999999999999806e-01
-6.208000000000000185e-01
-4.336999999999999744e-01
5.573000000000000176e-01
-8.486000000000000210e-01
4.312000000000000277e-01
-5.543000000000000149e-01
8.434000000000000385e-01
-6.549000000000000377e-01
-7.589000000000000190e-01
9.679999999999999716e-02
4.922000000000000264e-01
-8.435000000000000275e-01
-1.461999999999999966e-01
-7.823999999999999844e-01
4.784999999999999809e-01
-2.864999999999999769e-01
