4.418896877174922633e-01
-3.936871403737137176e-01
1.569848324517316707e-01
1.541536065842200820e+00
8.133336641980848380e-02
8.329232254681201431e-01
2.114165896024201019e-01
1.161951417928524383e-01
1.356873415491462453e-01
8.653133039290923645e-02
1.085015542371545738e-01
9.523314581266595358e-02
1.809731084113954669e-01
2.671961888847874111e-01
2.280371074816215093e-01
1.234631161369034308e-01
7.619388694733063294e-02
8.469691820947419791e-02
1.002237221712769299e+00
1.294529960341769537e-01
2.304281913856253972e-01
1.763376376708011006e-01
8.392035882140357061e-02
1.295116909617640699e+00
9.684249033882260660e-01
9.896183118141207435e-01
-8.268197516398283209e-02
4.230025741583177262e-02
1.097530160712498981e+00
-6.635975815365450841e-04
-5.132902502387769184e-02
9.844390300313794473e-01
1.062098623931355679e+00
1.071378914637839630e+00
9.969517691948898142e-01
1.084767762429280413e+00
2.574244418654051368e-03
-1.190143040457002609e-02
3.519224906693154092e-04
-5.639937281253438323e-02
-1.140882505651868439e-01
-1.274494092359643627e-04
-1.420691737736923810e-01
7.859933766215313478e-01
2.581390801481074897e-03
1.075131021591323455e-01
8.236131873357414868e-02
3.855487411805801762e-02
2.813163218153439532e-02
2.040241815723530805e-01
-2.251146772938749166e-02
-1.043552419943302723e-02
3.909630213161310180e-02
2.682989412127351897e-02
1.487887032443961921e-01
1.269850906797287404e-01
1.361563265874210782e-01
1.959671578918324997e-01
1.253639747084871470e-01
6.691375301954780030e-02
9.645874135997782595e-02
2.051527000641968357e-01
5.291757454986582843e-02
-4.689250745684729604e-02
-1.704898872387548489e-02
-1.060742123320530111e-01
-1.000022226136512010e-02
9.198804105238607420e-02
1.339419125451183079e-01
9.863222213698889795e-04
8.996304441729782719e-02
1.347156976054106337e-01
1.671766438056681015e-01
4.983314343927638251e-02
1.105768140830994950e-01
-1.074278555994070787e-02
5.699181184375406301e-02
9.823894300893273868e-02
-5.433950463004677024e-03
4.886672478194235142e-02
9.989729252634646506e-02
-6.317824738009449222e-03
5.753522564338046236e-02
2.037579551715072365e-02
1.416545878655109947e-01
7.559900027258814603e-02
1.259709017705125944e-01
5.355821484228583118e-02
-2.288307588344640556e-02
-2.574698991163764609e-03
8.404297282509605449e-02
1.233884534536617145e-01
1.085033769633165085e-01
1.563609474649027276e-01
9.921074175680047458e-02
-8.027629011122243419e-03
4.053040183775007133e-02
8.409210286126093947e-02
1.599260502839547071e-01
-2.110678182922672702e-02
1.296006935033425789e-01
3.069790257907498154e-02
3.228064698474463617e-02
9.137225426760765823e-02
1.060936437148846528e-01
1.233366307227761416e+00
-4.637225353671958761e-02
-1.003658775660489465e-02
-6.218058521495842955e-02
1.940399641290517204e-03
-6.975132145097803771e-02
6.686492246960191732e-01
-4.941050167747229604e-02
-6.708044561392273453e-02
-1.130599292260106165e-01
-6.214514124331128181e-02
-8.667826795176541976e-02
-1.429791704479767972e-02
8.146690783686542092e-01
-1.643716883445887622e-01
5.469335543192710425e-01
-1.425344421637939341e-01
-1.003565068100752966e-01
-1.172859516550175674e-01
-1.620415739438319513e-01
-9.966339320596077911e-02
-6.117740265008948797e-02
-7.079040543507041094e-02
7.357234793592202227e-01
-1.147285356123658034e-01
1.043272673372551917e+00
-1.138844838000926812e-01
5.913310761477218458e-01
-3.187387682581962339e-02
-3.192092336108900974e-02
-6.896527091041609880e-02
-1.834324930975522461e-01
-1.317201954383833973e-01
-8.765945927793068748e-02
-3.148229620719521921e-02
-1.160461599589453358e-01
5.715102791952383354e-01
-1.942920855095742194e-01
1.709521343656938697e-01
-1.381832552064914676e-01
-1.491574975878314502e-01
-5.398052072946364355e-01
-7.038536542498182412e-03
-1.698197192876679251e-01
-1.252944275082553405e-01
-4.487407344767459227e-02
9.897208044236421864e-01
-7.099400667134210356e-03
1.748295300445610462e-02
-1.143715489898792237e-01
-2.032368318778518534e-01
-8.722701866930607228e-02
-1.053555140133249218e-01
6.538442188075972439e-01
-8.727962688150357751e-02
-1.491379999640257692e-01
-1.163595967558052474e-01
-7.190777129138838097e-02
-1.318501150904121677e-01
-6.057616759153142127e-02
6.798375359020316644e-01
-1.022520272669080466e-01
-5.382611596729995618e-02
1.041631282412200932e+00
2.335059613480338914e-01
6.137433498761574180e-01
-8.391978591168762491e-02
-1.628936893635608840e-01
-1.231546235804799883e-01
-1.210340162171564538e-01
-1.772172770972884337e-01
-1.187514782674372743e-01
-7.953868434202175652e-02
-8.096508793238507695e-02
-1.252609153840851530e-01
9.606197638179352349e-01
-7.386855924467385093e-02
2.430724248215645478e-01
-1.554298926993791519e-01
-4.603577584024236974e-02
-2.878978109945331751e-02
-8.647676024810106721e-02
-9.320062997035810648e-02
-4.066156654724794456e-02
8.005336980024323479e-01
-7.991718654311268100e-02
-9.792671694037093089e-02
-1.243283471969720971e-01
-6.286754656552337450e-02
-7.884287469069266308e-02
-1.041686638417447935e-01
-4.605012231948031609e-02
-5.506221737179996245e-02
-1.613141537596009256e-02
-3.889535483913279801e-02
-1.284103576617749431e-01
6.068557011175946814e-01
-7.507531444053869296e-02
-6.894520762682007642e-02
-2.239407511247101107e-02
-4.840530402277346544e-01
-1.243795126612722290e-01
-9.432222429487462090e-02
-5.909322443625090321e-02
-3.221325971555011325e-02
5.993016220833039531e-01
5.893639525709005733e-01
-6.030289143743037400e-02
-1.251923316335197545e-01
-8.661140152424935679e-02
-2.227865828776091628e-01
-1.053887964227196300e-01
-1.166447724984671398e-02
-1.727519244722224567e-01
-1.333510622969099335e-01
-2.968351562305900429e-02
-9.197058248346218212e-02
-9.076711562824189838e-02
6.057920413576274310e-01
-1.674648299223731318e-01
6.162661323091429555e-01
-2.760307729835680471e-02
-9.155249069432912223e-02
-2.567366321753796962e-02
-3.941448851710262907e-02
-6.898532314861134662e-02
-1.574716625022244132e-01
-6.287128805026356848e-02
-5.205036522384460379e-02
-1.705222007343653104e-02
-6.608301467170338284e-02
5.756909929397465708e-01
-4.305448515565660911e-02
8.244386348773588002e-01
8.995043527178737675e-01
1.823547764654673831e-01
-5.016618231636955638e-01
1.011602730956687957e+00
-5.546526517326610950e-02
-6.064267911492972341e-02
-4.360521063925171942e-02
5.231276137353188700e-03
-9.018000162461235758e-02
1.040331280827064830e+00
-4.359258868718596941e-02
-6.745817210915316942e-02
-6.518206467808762561e-02
1.042518621125537281e+00
-4.699354292671424627e-03
-1.404397225187424270e-01
-8.384934055184184443e-02
-8.517982575321862704e-02
-5.097908063094665210e-02
1.068198299689337993e+00
-1.395690527093582448e-02
1.288746397861569764e-03
1.000246630541746784e+00
-6.062235414124218444e-03
1.063651377375676166e+00
-8.508715471836886257e-02
-1.886035938511012311e-01
1.018061047018917087e+00
-3.906295332719138952e-02
-6.529326371066873635e-02
-1.528656224498404007e-02
-1.357971040089962778e-01
-5.447245870893747260e-02
-2.645574660930052543e-02
-3.569979189598303237e-02
-4.424207552335295696e-02
-9.788113981508858585e-02
-5.133274951712772649e-02
1.048274998622209742e+00
-8.825308428820892448e-02
-1.411502016207578925e-01
-4.203900585300630183e-02
-7.216560451113691876e-02
-6.421364311293116002e-03
-1.511504489437023131e-03
-2.054900199737657446e-02
-7.134041333303274557e-02
1.022515639897888295e+00
-4.632102121717203425e-02
-2.939862652933969075e-02
-4.853046614131706349e-02
-6.304009562843156111e-02
-3.272876330002492257e-02
-1.106216879198200914e-01
-2.100541258029338387e-02
-1.857428420303900351e-03
-6.402242876288544160e-02
-1.198471363673124512e-01
-1.185856458793252272e-01
-6.146428037688132133e-04
1.002687138232094100e+00
1.005584187875967928e+00
-3.872859743706273672e-02
-4.894517460082817989e-02
-3.607165917348470474e-02
-1.225379362954881479e-01
-3.089879686016708954e-03
-1.574002204659308637e-02
-5.908909661261881052e-02
-9.693565858086573839e-02
-4.379736481222931688e-02
1.025519369062655617e+00
-3.786856961660303375e-04
-8.610936281427628014e-02
-1.077914598334017010e-02
1.008315354094032834e+00
1.001719037366833431e+00
-1.912234659067926432e-02
-5.367577271931534000e-02
-1.366069900655533520e-01
4.337596306634564948e-03
-9.376153322036344384e-02
-1.172910951396491652e-01
-6.191525026849302102e-03
-4.572451791590633613e-02
-3.699739828331159719e-02
-3.723520331244371123e-02
-5.110177988208603611e-02
-1.209983395369434167e-01
-1.186183525463936211e-01
-9.576827827407645433e-02
-6.860928488068872289e-02
-1.079425974758505824e-01
-5.455252478948801470e-02
-9.785510419354405409e-02
-2.237120676269526223e-02
-8.650431562916591210e-02
9.969952699435064014e-01
-9.105904644027908862e-03
-1.141019526496695261e-02
-2.855552423401777964e-02
-1.464890768320853132e-01
-3.590832983920825422e-02
-2.857387025473892561e-02
-2.366375357764432391e-02
-1.158767764480774370e-01
-1.744386356718757025e-01
-4.804247687542050754e-02
-2.722114002183313036e-02
-2.099082828935494582e-02
-3.196755581145709069e-02
1.015141979893670277e+00
-3.546803707145837481e-02
-5.243797414765065390e-02
-7.970326092087497150e-02
-6.845257741069060708e-02
-2.073258275809216483e-02
-1.184871402373795929e-01
-8.222710145838302287e-02
-4.022110829805557175e-02
2.282152958015884470e-03
-4.105662117185157785e-03
1.028342543845269130e+00
-1.249093105912333669e-02
-2.382851107683781750e-02
-1.284153240452412803e-01
-1.454713923904725204e-01
-3.824714010275485215e-02
-6.701355250887634785e-02
-3.689544803808579576e-02
2.689824003349133297e-01
-3.000480500713244639e-02
-9.279703888353543761e-02
-5.240676066210774725e-02
6.373347213157716240e-01
-7.491920338270494084e-02
-1.227919163386026052e-01
-1.330636857896007885e-01
-1.425099469065491953e-01
-7.138308158784413548e-02
-8.883011271640051110e-02
-2.024752483714519977e-02
-4.260649499696313458e-01
6.185128541551415671e-01
-9.741437724838793166e-02
-9.113723227978315355e-02
-1.220385281270619654e-01
-1.028982378442624135e-01
-1.308395283648601803e-01
-7.576064608975923050e-03
-3.521751780145949973e-02
-9.846826443922045147e-02
-1.195863013307047751e-01
-2.052876464055359423e-02
-3.779729034101720481e-02
-3.245319838138110285e-02
-1.013544478295951290e-01
-8.084738577545656779e-02
-1.863444689665295917e-01
-1.561361533477482466e-01
-1.011817908539756200e-01
1.044354329395642322e+00
-4.346454022714301563e-02
-5.215752862679976648e-02
-5.628478970368556294e-02
-3.663135047031286506e-02
-6.800137383742409225e-02
-6.939551972003665803e-02
-6.906486206545794926e-02
-7.179623625142272925e-02
1.020134225373485082e+00
-5.485702896837958004e-02
-5.471815007498084110e-02
-1.335701572990730390e-01
-9.891270847754402018e-02
-1.797870977355780775e-01
-1.186699385907467319e-01
-8.438747617376222976e-02
-8.250330341463603390e-02
-9.242959531410070706e-02
-9.740526313127104152e-02
1.016718233151794326e+00
-2.656363512684941502e-02
-1.772169677035693724e-01
-9.811224642755660141e-02
-1.079568448603160230e-01
-4.938236138573256356e-02
-9.201416394735183191e-02
-1.050363703874861027e-01
-1.361808662170067297e-01
-8.384709398006799652e-02
-1.378345562610504282e-01
-1.186842684283475058e-01
-1.307619109001773028e-01
-8.179752543179678870e-02
-9.881159607203290896e-02
-2.016379572995896374e-01
-8.227991865650083336e-02
-3.350423170383400734e-02
-1.534022507694695059e-01
-1.203371549300980975e-01
-6.684574609284432700e-02
-4.467654985612096868e-02
-1.034308928811679962e-01
-1.143681749120305929e-01
-8.100041147470579683e-02
-7.313239316504691057e-02
-2.427099503420135709e-02
-8.559828048929657429e-02
-6.523665264619613047e-02
-1.042805049348966284e-01
-9.645279766372767682e-02
-8.349286575149013345e-02
-1.209420883548584236e-01
-8.071582357839965360e-02
-3.141542350680263940e-02
-4.600480527050600232e-02
-1.501879476639343958e-01
-1.425761254228118946e-01
-1.274872081987684369e-01
-1.141109074537701301e-01
-7.630665307952469445e-02
-5.558329727975318962e-02
-7.335684931291193422e-02
-4.419670118201792647e-02
-8.422542847751174344e-02
-6.954471073956060290e-02
-1.556056976673213521e-01
-1.362810411565069935e-01
1.009724201012156763e+00
-6.086832888067404690e-02
-1.020790668927816919e-01
-1.057732186724186368e-01
-1.356028514591409440e-01
-1.288004641569729103e-01
-9.990950269505456671e-02
-7.720648652671682766e-02
1.001125762755932902e+00
-4.979029302439039184e-02
-4.566946028586951062e-02
-8.275494607683006598e-02
-7.112701944302504686e-02
-6.360787241331096464e-02
-8.012013089003669486e-02
-7.846751223571779565e-02
-2.511792861360978221e-02
-2.534908094728715970e-03
1.038720962209641385e+00
-2.820955759536961441e-02
-9.874409851921391035e-02
-1.161940908547347412e-01
1.031838488525360642e+00
1.050860477438221086e+00
-6.185869475982151006e-02
-1.024061086070320453e-01
-5.691262408386564553e-02
-4.423152134815388353e-02
-5.016594904751684597e-02
-2.696955790976986525e-02
-2.066208569974171128e-01
-1.364503207334145929e-01
-6.947239193296855797e-02
-2.647002244942886495e-02
-9.785591643530497374e-02
-7.173811335871922712e-02
-1.111386045028842223e-01
-1.344823117281298275e-01
-1.130124651358829363e-01
-1.313055072630455768e-02
-1.263126972102464607e-01
-1.156578602962351210e-01
-5.456105755622037146e-02
-7.333716252667341062e-02
-3.220718051525877507e-02
-1.036138326771016971e-01
-5.800986108831047983e-02
-1.017217584187329882e-02
-1.297327071434155044e-01
-9.833616688055517308e-02
-1.248703387899031542e-01
-9.337764129902126342e-02
-1.009629466443963675e-01
-8.539391289881863301e-02
-1.340984863583361553e-01
-1.901451596951350409e-01
-3.002676849654175792e-02
-9.717344117903345402e-02
-1.651734757793114558e-02
-5.979693915340263816e-02
-9.555376775882823415e-02
-7.143611537934267675e-02
-1.450233134836154299e-02
-6.294347685868674491e-02
-7.737831065422841326e-02
-7.433194788844517398e-02
-4.579976806144927387e-02
-1.173450312692580905e-01
-6.928382734096835693e-02
-9.160877685929558201e-02
-1.394411051570978721e-01
-1.581282847801842861e-01
-6.601756183366448705e-02
-1.068838480484534115e-01
-1.270344121152792438e-01
-7.458626902495632538e-02
-6.773392817675243094e-02
-3.044661934591730290e-02
-1.869127768879535745e-01
-1.161273968442136095e-01
-9.978682857128332029e-02
-1.614991447096157384e-01
-1.179470183722703541e-01
-8.366696658217075144e-02
-1.334040918913381897e-02
-4.831887315769922003e-02
-1.161547172822595814e-01
-1.206667411949502583e-01
-9.319135341019377239e-02
-1.410469844345602353e-01
-5.514188471211944192e-02
-1.441352653234245773e-01
-1.368028079536870723e-01
-1.347577928117563439e-01
-8.887177787731318336e-04
-1.152139031779964434e-01
-1.239209535678248847e-01
-1.379972735758820956e-01
-4.247886167805250968e-02
-6.267094209681095540e-02
-6.760670064663974743e-02
-1.310711407602108969e-01
-3.357132748550824275e-02
-1.373232355137098404e-01
-8.469456325434258914e-02
-6.339707648447087673e-02
-8.813975084610188582e-02
-7.156253936716230890e-02
-4.333530384129025137e-02
-1.179253227302919094e-01
-1.160487836229735087e-01
-1.688192810974902536e-01
-1.024714633803956859e-01
-9.297198636353380674e-02
-3.330615852800643262e-02
-4.225587869106309930e-02
-1.840170783025677215e-01
-1.685210329821615893e-01
-8.933127014654473896e-02
-3.948687194092687786e-02
-5.439820631767591091e-02
-4.600279641476631015e-02
-4.478034073594915759e-02
-1.174011453062236421e-01
-9.629878539043203178e-02
-6.032834845812896918e-02
-7.759834731946703423e-02
-8.219193077514926060e-02
-9.777877637494188090e-02
-1.021224581767367634e-01
-7.854076850831931411e-02
-8.321149202436382841e-02
