-8.353165200000005086e+01 6.408017803703586202e-01 0.000000000000000000e+00 2.392122061025407032e+00
-8.337736400000000003e+01 6.396181808278784686e-01 0.000000000000000000e+00 2.687725420661999820e+00
-8.348708600000004765e+01 6.404598983237305143e-01 0.000000000000000000e+00 2.295679875133934011e+00
-8.242572800000003497e+01 6.323178338520457631e-01 0.000000000000000000e+00 2.325555389387031990e+00
-8.223586800000001062e+01 6.308613485185444736e-01 0.000000000000000000e+00 2.504125398434923877e+00
-8.318684000000004630e+01 6.381566017081065079e-01 0.000000000000000000e+00 2.433784164214197521e+00
-8.303061800000004666e+01 6.369581657459754132e-01 0.000000000000000000e+00 3.356068647652120873e+00
-8.328226200000003132e+01 6.388886186863711458e-01 0.000000000000000000e+00 2.815890951988537338e+00
-8.304047000000008438e+01 6.370337440326377942e-01 0.000000000000000000e+00 2.286237667925718142e+00
-8.234502400000003774e+01 6.316987240218822075e-01 0.000000000000000000e+00 2.882046685604526814e+00
-8.163222600000005968e+01 6.262305904879683638e-01 0.000000000000000000e+00 3.134652938326923266e+00
-8.264023600000005843e+01 6.339634029867696752e-01 0.000000000000000000e+00 2.332136911427029613e+00
-8.336573000000001343e+01 6.395289321690248441e-01 0.000000000000000000e+00 2.949371211929344927e+00
-8.239001400000003628e+01 6.320438587272134701e-01 0.000000000000000000e+00 2.900134650758355193e+00
-8.188032200000004934e+01 6.281338254258187481e-01 0.000000000000000000e+00 2.769287691792810424e+00
-8.372322800000004861e+01 6.422714297659700700e-01 0.000000000000000000e+00 2.756983121555410143e+00
-8.363747599999999238e+01 6.416135948859613691e-01 0.000000000000000000e+00 2.260828173686212139e+00
-8.232754600000001233e+01 6.315646439067501561e-01 0.000000000000000000e+00 2.577205103937522779e+00
-8.240532000000004587e+01 6.321612766378560400e-01 0.000000000000000000e+00 2.385966023194459495e+00
-8.332121200000003114e+01 6.391874183479104854e-01 0.000000000000000000e+00 2.504206491037337834e+00
-8.427418000000002962e+01 6.464979835817452614e-01 0.000000000000000000e+00 2.895570019700766551e+00
-8.315702400000004957e+01 6.379278722932552048e-01 0.000000000000000000e+00 2.240470523413970128e+00
-8.427576600000003282e+01 6.465101503664230087e-01 0.000000000000000000e+00 2.764798992537314870e+00
-8.397792200000006346e+01 6.442252803692080088e-01 0.000000000000000000e+00 2.458337340873158805e+00
-8.402399200000003532e+01 6.445787001485946410e-01 0.000000000000000000e+00 2.629287111189393844e+00
-8.285416600000004905e+01 6.356045380726007554e-01 0.000000000000000000e+00 2.759487241061243434e+00
-8.346226400000001888e+01 6.402694797050209052e-01 0.000000000000000000e+00 2.039559529468669918e+00
-8.377318800000006149e+01 6.426546911546866525e-01 0.000000000000000000e+00 2.482351925549395766e+00
-8.342221800000002929e+01 6.399622722275881692e-01 0.000000000000000000e+00 2.400466815559427758e+00
-8.352678200000006825e+01 6.407644208234601901e-01 0.000000000000000000e+00 2.364702133350141011e+00
-8.337173600000005536e+01 6.395750063864117374e-01 0.000000000000000000e+00 2.711931395005441114e+00
-8.407998000000003458e+01 6.450082045247247375e-01 0.000000000000000000e+00 3.033531726978615062e+00
-8.465851200000004440e+01 6.494463345835105317e-01 0.000000000000000000e+00 2.558188109560152856e+00
-8.368871800000006544e+01 6.420066909644368547e-01 0.000000000000000000e+00 2.699608952766038072e+00
-8.382636600000006410e+01 6.430626389955427236e-01 0.000000000000000000e+00 2.421089500814361806e+00
-8.493301000000003853e+01 6.515521088965589014e-01 0.000000000000000000e+00 2.763259401631896761e+00
-8.507986600000009503e+01 6.526786948553533474e-01 0.000000000000000000e+00 2.520722061865559471e+00
-8.479700600000003874e+01 6.505087725892931827e-01 0.000000000000000000e+00 2.774356218045927136e+00
-8.476423400000005870e+01 6.502573666198974145e-01 0.000000000000000000e+00 2.950803139712538492e+00
-8.551056800000004898e+01 6.559827670459649207e-01 0.000000000000000000e+00 3.148178611366684088e+00
-8.544683400000005236e+01 6.554938402775811745e-01 0.000000000000000000e+00 2.790738387943849208e+00
-8.574171000000002607e+01 6.577559416638733003e-01 0.000000000000000000e+00 2.554110159600353036e+00
-8.600921400000002848e+01 6.598080624510473946e-01 0.000000000000000000e+00 2.344453119966618981e+00
-8.623892000000007840e+01 6.615702209890084173e-01 0.000000000000000000e+00 2.482947422770450441e+00
-8.658475000000005650e+01 6.642232091006941008e-01 0.000000000000000000e+00 3.044986914884558526e+00
-8.666334200000001431e+01 6.648261170082598870e-01 0.000000000000000000e+00 2.603926418500656759e+00
-8.677587400000008699e+01 6.656893910393862912e-01 0.000000000000000000e+00 2.377634841543422084e+00
-8.717823200000006523e+01 6.687760260642298116e-01 0.000000000000000000e+00 1.944390972909334936e+00
-8.938202400000007231e+01 6.856821185854929945e-01 0.000000000000000000e+00 2.841635221051285853e+00
-8.675551200000008123e+01 6.655331867079802288e-01 0.000000000000000000e+00 2.983718642979027003e+00
-8.654944400000006510e+01 6.639523638927272708e-01 0.000000000000000000e+00 2.658772932601682903e+00
-8.820932200000004286e+01 6.766858936641434452e-01 0.000000000000000000e+00 2.641371910888794527e+00
-8.805805399999999850e+01 6.755254616435593107e-01 0.000000000000000000e+00 2.748639306760838785e+00
-8.783172600000004593e+01 6.737892169761171557e-01 0.000000000000000000e+00 2.529246006967612814e+00
-8.780521200000006843e+01 6.735858184080543154e-01 0.000000000000000000e+00 2.259832499258082716e+00
-8.851533000000004847e+01 6.790333926841266576e-01 0.000000000000000000e+00 2.840339784820175684e+00
-8.793638600000002725e+01 6.745921020230158938e-01 0.000000000000000000e+00 2.548309836267992345e+00
-8.807749599999998225e+01 6.756746083192882724e-01 0.000000000000000000e+00 2.486927763200567298e+00
-8.893969800000004966e+01 6.822888744496758973e-01 0.000000000000000000e+00 2.822763063081807466e+00
-8.757738400000003764e+01 6.718380666933122525e-01 0.000000000000000000e+00 2.865910361569163456e+00
-8.820333600000002150e+01 6.766399728740540853e-01 0.000000000000000000e+00 2.749623397298934790e+00
-8.853379600000002370e+01 6.791750521077460911e-01 0.000000000000000000e+00 2.872747521310559993e+00
-8.832649000000004946e+01 6.775847321427891368e-01 0.000000000000000000e+00 2.555750077943673038e+00
-8.750675200000004850e+01 6.712962228500812811e-01 0.000000000000000000e+00 2.577565491530190211e+00
-8.872112400000003163e+01 6.806121135454059612e-01 0.000000000000000000e+00 2.855471928980560126e+00
-8.686755999999998323e+01 6.663927477985099879e-01 0.000000000000000000e+00 2.722149889741969808e+00
-8.739055600000007473e+01 6.704048409380858331e-01 0.000000000000000000e+00 3.208893793984890941e+00
-8.835349600000000692e+01 6.777919050223659703e-01 0.000000000000000000e+00 3.153449836528082084e+00
-8.625921800000003259e+01 6.617259343530625948e-01 0.000000000000000000e+00 2.619097531993982209e+00
-8.797019400000003486e+01 6.748514555264132353e-01 0.000000000000000000e+00 2.898727809906136432e+00
-8.883583000000004404e+01 6.814920651237510452e-01 0.000000000000000000e+00 2.886708480119168030e+00
-8.804776200000004849e+01 6.754465079563565233e-01 0.000000000000000000e+00 2.229183371368959055e+00
-8.797799200000004305e+01 6.749112768296401388e-01 0.000000000000000000e+00 2.520424563148283337e+00
-8.680238400000003196e+01 6.658927589219894028e-01 0.000000000000000000e+00 2.537154967883227918e+00
-8.795661000000004037e+01 6.747472477060705298e-01 0.000000000000000000e+00 2.378081390214567215e+00
-8.883077000000007217e+01 6.814532480175281570e-01 0.000000000000000000e+00 3.083696306284705368e+00
-8.827386000000004174e+01 6.771809882098797084e-01 0.000000000000000000e+00 2.307592723724414263e+00
-8.690117600000004927e+01 6.666506283998534510e-01 0.000000000000000000e+00 2.453004866644544535e+00
-8.736279400000003648e+01 6.701918685066694525e-01 0.000000000000000000e+00 3.053308481896351623e+00
-8.830207200000008072e+01 6.773974127554859281e-01 0.000000000000000000e+00 2.710821180592233759e+00
-8.811033200000007071e+01 6.759265052560362586e-01 0.000000000000000000e+00 2.452215897644950182e+00
-8.705874800000006530e+01 6.678594207045540632e-01 0.000000000000000000e+00 2.661789042953606632e+00
-8.671076000000006445e+01 6.651898777874868385e-01 0.000000000000000000e+00 2.840254216037213730e+00
-8.861213400000008278e+01 6.797760114886367555e-01 0.000000000000000000e+00 2.514175307574267659e+00
-8.698106400000004612e+01 6.672634783962863025e-01 0.000000000000000000e+00 2.886561554021592979e+00
-8.875287800000005234e+01 6.808557100653681582e-01 0.000000000000000000e+00 2.431835181964103310e+00
-8.857916600000001495e+01 6.795231019317266030e-01 0.000000000000000000e+00 2.368919106550026576e+00
-8.688241200000005904e+01 6.665066829095037670e-01 0.000000000000000000e+00 2.933597162697335836e+00
-8.896278200000008951e+01 6.824659602362480593e-01 0.000000000000000000e+00 3.439036748752284378e+00
-8.883542800000002160e+01 6.814889812350746201e-01 0.000000000000000000e+00 2.575416070105484234e+00
-8.880822200000002908e+01 6.812802740825242287e-01 0.000000000000000000e+00 2.856592989664789251e+00
-8.783330600000003585e+01 6.738013377326057540e-01 0.000000000000000000e+00 2.360660461161860013e+00
-8.650000400000006096e+01 6.635730916137412283e-01 0.000000000000000000e+00 2.624471679163505211e+00
-8.821982000000004120e+01 6.767664276525090505e-01 0.000000000000000000e+00 2.740920012025748864e+00
-8.719189200000005258e+01 6.688808169083023669e-01 0.000000000000000000e+00 2.869679724208141103e+00
-8.905272800000003031e+01 6.831559688205048886e-01 0.000000000000000000e+00 2.550482387174803467e+00
-8.732556400000005681e+01 6.699062635927001130e-01 0.000000000000000000e+00 2.766865846043866206e+00
-8.685908400000003837e+01 6.663277253099043618e-01 0.000000000000000000e+00 2.675256626176829133e+00
-8.658530400000005045e+01 6.642274590368298925e-01 0.000000000000000000e+00 2.397502782628440077e+00
-8.685722600000003979e+01 6.663134719139829354e-01 0.000000000000000000e+00 2.382932527036399684e+00
-8.754443600000008985e+01 6.715853105637002995e-01 0.000000000000000000e+00 2.799593707301764489e+00
-8.865791600000004280e+01 6.801272219149417930e-01 0.000000000000000000e+00 2.544888363200940251e+00
-8.772805000000008135e+01 6.729938805522469591e-01 0.000000000000000000e+00 2.670375575805505886e+00
-8.864490000000002112e+01 6.800273714298429306e-01 0.000000000000000000e+00 2.424310287171352662e+00
-8.707689400000005264e+01 6.679986252914164035e-01 0.000000000000000000e+00 2.608562002942609315e+00
-8.784228000000004499e+01 6.738701805609152995e-01 0.000000000000000000e+00 2.625373963164990165e+00
-8.910131600000006813e+01 6.835287050966252220e-01 0.000000000000000000e+00 2.900299730477886584e+00
-8.916740200000002403e+01 6.840356749151741411e-01 0.000000000000000000e+00 2.781254555741768719e+00
-8.833555600000011054e+01 6.776542807366667809e-01 0.000000000000000000e+00 2.263102368557307731e+00
-8.811336800000005098e+01 6.759497955197699692e-01 0.000000000000000000e+00 2.536045946469034362e+00
-8.684466400000006558e+01 6.662171042285336409e-01 0.000000000000000000e+00 3.181492214450649669e+00
-8.872254600000007940e+01 6.806230222262461549e-01 0.000000000000000000e+00 2.341436755473618625e+00
-8.842565000000006137e+01 6.783454246829238032e-01 0.000000000000000000e+00 2.343788794286341570e+00
-8.877966800000005776e+01 6.810612259301342952e-01 0.000000000000000000e+00 2.763621789925954086e+00
-8.829785200000002021e+01 6.773650395957500070e-01 0.000000000000000000e+00 2.618146646681830170e+00
-8.641664800000006608e+01 6.629336373239523850e-01 0.000000000000000000e+00 2.317354848318717409e+00
-8.673918000000006145e+01 6.654078979769849633e-01 0.000000000000000000e+00 2.562924415505841491e+00
-8.879554000000007363e+01 6.811829858332911769e-01 0.000000000000000000e+00 2.585252891679921561e+00
-8.757731600000005301e+01 6.718375450405014160e-01 0.000000000000000000e+00 2.517143278919597549e+00
-8.745534200000007274e+01 6.709018379823089573e-01 0.000000000000000000e+00 2.403337280422935152e+00
-8.713767400000001828e+01 6.684648908479852158e-01 0.000000000000000000e+00 2.279832853461237985e+00
-8.726236400000001936e+01 6.694214333331545141e-01 0.000000000000000000e+00 2.742417549252572861e+00
-8.842667600000005734e+01 6.783532955032766099e-01 0.000000000000000000e+00 2.761695007009538294e+00
-8.865910400000005609e+01 6.801363354964030661e-01 0.000000000000000000e+00 2.517691170634498210e+00
-8.749785800000006475e+01 6.712279937309612032e-01 0.000000000000000000e+00 2.636730960759991138e+00
-8.857101200000002450e+01 6.794605496226074903e-01 0.000000000000000000e+00 2.523228600255527976e+00
-8.744694400000004464e+01 6.708374138601621572e-01 0.000000000000000000e+00 2.523874004215652889e+00
-8.716520400000001700e+01 6.686760835227523181e-01 0.000000000000000000e+00 2.959606653700844081e+00
-8.740252400000004229e+01 6.704966518328044911e-01 0.000000000000000000e+00 2.656933540647597791e+00
-8.893087600000009729e+01 6.822211976688264956e-01 0.000000000000000000e+00 2.871865460155882843e+00
-8.619595800000003294e+01 6.612406438116253948e-01 0.000000000000000000e+00 2.492959358972967721e+00
-8.731429800000007901e+01 6.698198379961174398e-01 0.000000000000000000e+00 2.379000622618708594e+00
-8.691556400000004601e+01 6.667610039975486735e-01 0.000000000000000000e+00 2.499468798495092514e+00
-8.811794800000004102e+01 6.759849303708571622e-01 0.000000000000000000e+00 2.522618265459179998e+00
-8.743784600000005014e+01 6.707676197826093478e-01 0.000000000000000000e+00 2.316932150274094049e+00
-8.849924800000007963e+01 6.789100217943482285e-01 0.000000000000000000e+00 2.630281636357903796e+00
-8.620160200000002249e+01 6.612839409949302638e-01 0.000000000000000000e+00 2.809352710450065960e+00
-8.740921800000003827e+01 6.705480039492189848e-01 0.000000000000000000e+00 2.818939011540305462e+00
-8.690934600000007038e+01 6.667133034508107015e-01 0.000000000000000000e+00 2.880510185009494961e+00
-8.808952400000006833e+01 6.757668794958998637e-01 0.000000000000000000e+00 2.551943977137523412e+00
-8.723298600000003944e+01 6.691960639761148633e-01 0.000000000000000000e+00 2.728687370266242862e+00
-8.825478600000005258e+01 6.770346645964214760e-01 0.000000000000000000e+00 2.316239777412667955e+00
-8.838173400000002289e+01 6.780085290234585393e-01 0.000000000000000000e+00 2.726574106461117974e+00
-8.819571400000005212e+01 6.765815017310439217e-01 0.000000000000000000e+00 2.547753408814371845e+00
-8.800203200000004244e+01 6.750956964410240735e-01 0.000000000000000000e+00 2.940600328761308280e+00
-8.800133000000009531e+01 6.750903111428884218e-01 0.000000000000000000e+00 2.495364435621710619e+00
-8.667148199999999747e+01 6.648885619182708373e-01 0.000000000000000000e+00 2.322859274986304623e+00
-8.739812200000001496e+01 6.704628824846632362e-01 0.000000000000000000e+00 2.346583517276024100e+00
-8.809665400000001512e+01 6.758215763273955901e-01 0.000000000000000000e+00 3.153173287610594233e+00
-8.861403200000009406e+01 6.797905717391529157e-01 0.000000000000000000e+00 3.209411471675329697e+00
-8.718666400000005012e+01 6.688407110127817523e-01 0.000000000000000000e+00 2.838839720500420327e+00
-8.767344400000006033e+01 6.725749780023617674e-01 0.000000000000000000e+00 2.447392216931930431e+00
-8.801526200000002120e+01 6.751971885982041011e-01 0.000000000000000000e+00 2.574624269332980830e+00
-8.847445400000005122e+01 6.787198179738549442e-01 0.000000000000000000e+00 2.168200239337369606e+00
-8.672548400000006552e+01 6.653028309637771809e-01 0.000000000000000000e+00 2.559041425439446016e+00
-8.675150800000005802e+01 6.655024705630556703e-01 0.000000000000000000e+00 2.483542478224899597e+00
-8.729825000000005275e+01 6.696967279327440403e-01 0.000000000000000000e+00 2.750385700536775779e+00
-8.797412600000006933e+01 6.748816193330674507e-01 0.000000000000000000e+00 2.161091010784351507e+00
-8.752713800000006472e+01 6.714526112942441616e-01 0.000000000000000000e+00 2.392745484942585765e+00
-8.848747600000010038e+01 6.788197144871432887e-01 0.000000000000000000e+00 2.498854642242029911e+00
-8.733713600000008626e+01 6.699950366269322721e-01 0.000000000000000000e+00 2.531010946881969481e+00
-8.791898800000001302e+01 6.744586356170731989e-01 0.000000000000000000e+00 2.865392686938318612e+00
-8.865317000000004555e+01 6.800908136172867380e-01 0.000000000000000000e+00 2.649375404551499447e+00
-8.720019200000001547e+01 6.689444892366916973e-01 0.000000000000000000e+00 2.417493497580593065e+00
-8.854313800000002743e+01 6.792467179983263659e-01 0.000000000000000000e+00 2.977954750074437662e+00
-8.772205200000004766e+01 6.729478677057790792e-01 0.000000000000000000e+00 2.851300864924497080e+00
-8.804787000000004582e+01 6.754473364637620936e-01 0.000000000000000000e+00 2.737712784571836977e+00
-8.700961800000004587e+01 6.674825265486763470e-01 0.000000000000000000e+00 2.052490680911434051e+00
-8.872498000000001639e+01 6.806416943283299936e-01 0.000000000000000000e+00 2.493395901823921346e+00
-8.728348000000002571e+01 6.695834218736698151e-01 0.000000000000000000e+00 2.290984248542687673e+00
-8.829883999999999844e+01 6.773726189042376111e-01 0.000000000000000000e+00 3.024591038053698000e+00
-8.779782800000005238e+01 6.735291730498820240e-01 0.000000000000000000e+00 2.612334106668717570e+00
-8.787528600000004531e+01 6.741233816296898773e-01 0.000000000000000000e+00 2.460871188639248697e+00
-8.825182600000003674e+01 6.770119573564172821e-01 0.000000000000000000e+00 2.984107671257959726e+00
-8.756235400000005598e+01 6.717227660793730903e-01 0.000000000000000000e+00 2.763721850357856447e+00
-8.834938000000003910e+01 6.777603296845768899e-01 0.000000000000000000e+00 2.986395712682307746e+00
-8.658305800000005092e+01 6.642102291513404255e-01 0.000000000000000000e+00 2.059657338431209794e+00
-8.828454400000008206e+01 6.772629490721107093e-01 0.000000000000000000e+00 2.882896080712216147e+00
-8.825004400000001681e+01 6.769982869842255946e-01 0.000000000000000000e+00 2.718428303204004859e+00
-8.830175800000000663e+01 6.773950039469173179e-01 0.000000000000000000e+00 3.018508459594311688e+00
-8.708652800000005811e+01 6.680725312205376687e-01 0.000000000000000000e+00 2.608676311115999180e+00
-8.776958000000006166e+01 6.733124723351410212e-01 0.000000000000000000e+00 3.178746447290443200e+00
-8.780762400000004675e+01 6.736043217401114225e-01 0.000000000000000000e+00 2.569633005873158904e+00
-8.767032600000008813e+01 6.725510586867090579e-01 0.000000000000000000e+00 2.348999695405288968e+00
-8.899815200000006143e+01 6.827372964115662191e-01 0.000000000000000000e+00 3.123764697823716130e+00
-8.796316200000001118e+01 6.747975104886737574e-01 0.000000000000000000e+00 3.196343804177049552e+00
-8.743864200000007258e+01 6.707737261890429625e-01 0.000000000000000000e+00 2.453696089665630353e+00
-8.879714200000002222e+01 6.811952753598063959e-01 0.000000000000000000e+00 2.939859118358215007e+00
-8.833215600000005452e+01 6.776281980961211815e-01 0.000000000000000000e+00 2.676673621498191658e+00
-8.743082400000004384e+01 6.707137514585186366e-01 0.000000000000000000e+00 2.209400082892835293e+00
-8.706446200000003444e+01 6.679032548833994110e-01 0.000000000000000000e+00 2.519918157512583523e+00
-8.768326400000005094e+01 6.726503108053479840e-01 0.000000000000000000e+00 2.719124409928812103e+00
-8.743561800000006201e+01 6.707505279816874388e-01 0.000000000000000000e+00 2.400940944518766162e+00
-8.686258200000003171e+01 6.663545597442063206e-01 0.000000000000000000e+00 2.631029294777190053e+00
-8.753321000000005370e+01 6.714991918217118050e-01 0.000000000000000000e+00 3.182834231713247419e+00
-8.806871200000004762e+01 6.756072230503038512e-01 0.000000000000000000e+00 2.306813553182717857e+00
-8.766705000000007431e+01 6.725259272954072776e-01 0.000000000000000000e+00 2.272414631104227922e+00
-8.768742400000006398e+01 6.726822236831916380e-01 0.000000000000000000e+00 2.693854582440814660e+00
-8.918406600000004403e+01 6.841635105393050198e-01 0.000000000000000000e+00 2.973723519588452824e+00
-8.875223200000007751e+01 6.808507543636648229e-01 0.000000000000000000e+00 2.799512333466005920e+00
-8.874828400000005502e+01 6.808204678151728029e-01 0.000000000000000000e+00 2.927409126183876609e+00
-8.687190600000008089e+01 6.664260875502193704e-01 0.000000000000000000e+00 2.691534441777917674e+00
-8.689833200000008162e+01 6.666288110381741738e-01 0.000000000000000000e+00 2.488399201745669309e+00
-8.705797600000006753e+01 6.678534984108773775e-01 0.000000000000000000e+00 2.471477819513554497e+00
-8.683414000000000499e+01 6.661363707846810200e-01 0.000000000000000000e+00 2.313864189898129808e+00
-8.784084200000005183e+01 6.738591491382377452e-01 0.000000000000000000e+00 2.905488178428172308e+00
-8.755129000000003714e+01 6.716378900984930622e-01 0.000000000000000000e+00 2.250235532161470875e+00
-8.819355200000002526e+01 6.765649162402029848e-01 0.000000000000000000e+00 2.837012380260885536e+00
-8.865960000000004015e+01 6.801401404933765660e-01 0.000000000000000000e+00 2.709920178853534534e+00
-8.719227400000004025e+01 6.688837473696811475e-01 0.000000000000000000e+00 2.791125759433591202e+00
-8.840493800000007241e+01 6.781865353738146807e-01 0.000000000000000000e+00 2.827433572165058528e+00
-8.755019599999999969e+01 6.716294976253290860e-01 0.000000000000000000e+00 2.497189736763703927e+00
-8.793515400000002558e+01 6.745826509015007133e-01 0.000000000000000000e+00 2.866911642648150238e+00
-8.772095000000007303e+01 6.729394138616966448e-01 0.000000000000000000e+00 2.592162141763497019e+00
-8.783624800000005450e+01 6.738239068880422789e-01 0.000000000000000000e+00 2.624091142575161406e+00
-8.783390000000005671e+01 6.738058945233363906e-01 0.000000000000000000e+00 2.435654969179519735e+00
-8.811324200000004225e+01 6.759488289277967299e-01 0.000000000000000000e+00 2.896039387713482238e+00
-8.783412800000000686e+01 6.738076435945254961e-01 0.000000000000000000e+00 2.774767902281434662e+00
-8.801869200000005833e+01 6.752235013796954455e-01 0.000000000000000000e+00 2.482255940363665925e+00
-8.775965200000005950e+01 6.732363110247491234e-01 0.000000000000000000e+00 2.668961345303305865e+00
-8.775857800000002840e+01 6.732280719788825696e-01 0.000000000000000000e+00 2.732932199966204401e+00
-8.715393000000004520e+01 6.685895965552507425e-01 0.000000000000000000e+00 2.694007324815880455e+00
-8.703137000000002388e+01 6.676493940772463276e-01 0.000000000000000000e+00 3.047250080387929660e+00
-8.796342000000005612e+01 6.747994897008096071e-01 0.000000000000000000e+00 2.602186477219151417e+00
-8.813304600000004996e+01 6.761007526376074939e-01 0.000000000000000000e+00 2.912498982231408018e+00
-8.857456800000001351e+01 6.794878289960716300e-01 0.000000000000000000e+00 2.999834864440900528e+00
-8.728728000000005238e+01 6.696125730601616421e-01 0.000000000000000000e+00 2.491462723101844912e+00
-8.647425400000004458e+01 6.633755539684358382e-01 0.000000000000000000e+00 2.627375339388006381e+00
-8.717355000000003429e+01 6.687401087339259753e-01 0.000000000000000000e+00 2.189900466604900675e+00
-8.728623800000003996e+01 6.696045794979709198e-01 0.000000000000000000e+00 2.482571690188473124e+00
-8.692435800000001223e+01 6.668284659801819725e-01 0.000000000000000000e+00 2.357297705629405105e+00
-8.842930600000006791e+01 6.783734711928748329e-01 0.000000000000000000e+00 3.266852813305493264e+00
-8.791599000000000785e+01 6.744356368652042466e-01 0.000000000000000000e+00 2.735920740977174415e+00
-8.743286800000005599e+01 6.707294317283053475e-01 0.000000000000000000e+00 3.093132226837874477e+00
-8.791425000000009504e+01 6.744222886903377123e-01 0.000000000000000000e+00 3.009925344404557279e+00
-8.755207800000002294e+01 6.716439351340074415e-01 0.000000000000000000e+00 2.670021148918622966e+00
-8.857179200000010155e+01 6.794665332872037444e-01 0.000000000000000000e+00 2.313459729220120220e+00
-8.713679400000003739e+01 6.684581400469030710e-01 0.000000000000000000e+00 2.409869504569603915e+00
-8.697061800000007281e+01 6.671833433188938400e-01 0.000000000000000000e+00 2.639573293659795095e+00
-8.857436800000004951e+01 6.794862947230987382e-01 0.000000000000000000e+00 2.793512892213968701e+00
-8.886296000000005790e+01 6.817001892525718088e-01 0.000000000000000000e+00 3.413407484457355867e+00
-8.780518200000005891e+01 6.735855882671082373e-01 0.000000000000000000e+00 2.303713316040216785e+00
-8.826330400000004772e+01 6.771000092823519223e-01 0.000000000000000000e+00 3.458400426422421070e+00
-8.741778800000003002e+01 6.706137475461224629e-01 0.000000000000000000e+00 2.006807983007499185e+00
-8.805533600000006800e+01 6.755046108738533839e-01 0.000000000000000000e+00 2.855674735938738884e+00
-8.805665600000006066e+01 6.755147370754768232e-01 0.000000000000000000e+00 2.632545487144111629e+00
-8.766591600000003837e+01 6.725172279676486786e-01 0.000000000000000000e+00 3.009276115200995250e+00
-8.824756000000003553e+01 6.769792313138980333e-01 0.000000000000000000e+00 2.989742223474839644e+00
-8.827978800000002479e+01 6.772264640608065545e-01 0.000000000000000000e+00 2.524619639369643842e+00
-8.836241800000004787e+01 6.778603489397027060e-01 0.000000000000000000e+00 2.879394197101012853e+00
-8.765402800000001093e+01 6.724260307821188221e-01 0.000000000000000000e+00 2.770170993303008533e+00
-8.873300600000003158e+01 6.807032647027464467e-01 0.000000000000000000e+00 3.121263588395965627e+00
-8.769050000000002854e+01 6.727058208015198604e-01 0.000000000000000000e+00 2.736700649108024574e+00
-8.813924600000004261e+01 6.761483150997780189e-01 0.000000000000000000e+00 3.229460486305739231e+00
-8.798556800000002909e+01 6.749693950898665307e-01 0.000000000000000000e+00 3.245177266138574268e+00
-8.820580200000004822e+01 6.766588904598144216e-01 0.000000000000000000e+00 2.557890172809922369e+00
-8.782277200000004314e+01 6.737205275751050326e-01 0.000000000000000000e+00 2.831252532831119773e+00
-8.775084800000001906e+01 6.731687723284666136e-01 0.000000000000000000e+00 3.160827806623965230e+00
-8.744054600000008293e+01 6.707883324677483827e-01 0.000000000000000000e+00 2.455977639133391843e+00
-8.802656200000006947e+01 6.752838750211928032e-01 0.000000000000000000e+00 2.503767927202696253e+00
-8.814940600000004167e+01 6.762262561668188621e-01 0.000000000000000000e+00 2.786539589599989597e+00
-8.790231600000005585e+01 6.743307386220238620e-01 0.000000000000000000e+00 2.877073966836880992e+00
-8.835175199999999052e+01 6.777785261620391521e-01 0.000000000000000000e+00 2.850483193435205731e+00
-8.801340800000006936e+01 6.751829658877424034e-01 0.000000000000000000e+00 2.798312418629947729e+00
-8.775153200000004006e+01 6.731740195420352624e-01 0.000000000000000000e+00 2.282562137354609444e+00
-8.731427800000007267e+01 6.698196845688200174e-01 0.000000000000000000e+00 2.620411737235662120e+00
-8.651815600000003315e+01 6.637123422287926067e-01 0.000000000000000000e+00 2.433641446674866593e+00
-8.775444800000003909e+01 6.731963892419851048e-01 0.000000000000000000e+00 2.470826712116632518e+00
-8.795190400000005582e+01 6.747111462630102086e-01 0.000000000000000000e+00 2.652757912933311868e+00
-8.788200800000005586e+01 6.741749485443206957e-01 0.000000000000000000e+00 2.597744052744942245e+00
-8.784469400000007511e+01 6.738886992357026040e-01 0.000000000000000000e+00 2.828864904452031315e+00
-8.805058000000005336e+01 6.754681258625495621e-01 0.000000000000000000e+00 3.075900111078598176e+00
-8.798718000000000927e+01 6.749817613300307384e-01 0.000000000000000000e+00 2.642557506689610758e+00
-8.646365000000004386e+01 6.632942068153944160e-01 0.000000000000000000e+00 2.236806943417604998e+00
-8.747033400000006509e+01 6.710168470843832500e-01 0.000000000000000000e+00 2.554028820867576766e+00
-8.777238000000005513e+01 6.733339521567663910e-01 0.000000000000000000e+00 2.794647074734702308e+00
-8.780461000000003935e+01 6.735812002464046655e-01 0.000000000000000000e+00 2.702107319250565354e+00
-8.846007000000008702e+01 6.786094730616194504e-01 0.000000000000000000e+00 2.562692375296738767e+00
-8.850781200000005811e+01 6.789757193630624466e-01 0.000000000000000000e+00 3.062960561790971870e+00
-8.710990000000003874e+01 6.682518263601908703e-01 0.000000000000000000e+00 2.506388264681538303e+00
-8.801679600000004200e+01 6.752089564719090387e-01 0.000000000000000000e+00 2.994686952828021553e+00
-8.826648400000010497e+01 6.771244042226269855e-01 0.000000000000000000e+00 2.542295894798854761e+00
-8.872094800000003545e+01 6.806107633851895544e-01 0.000000000000000000e+00 2.911203187703835127e+00
-8.809953800000003810e+01 6.758437005436700451e-01 0.000000000000000000e+00 3.317333281654364807e+00
-8.749815200000006143e+01 6.712302491122318360e-01 0.000000000000000000e+00 2.192247421083779901e+00
-8.784924600000006478e+01 6.739236192885735832e-01 0.000000000000000000e+00 2.809659942305825719e+00
-8.700789800000005414e+01 6.674693318011065690e-01 0.000000000000000000e+00 2.509542688992308701e+00
-8.737520800000007171e+01 6.702871008301189981e-01 0.000000000000000000e+00 2.557346066170470333e+00
-8.749333800000005112e+01 6.711933191617657224e-01 0.000000000000000000e+00 2.384828159609124310e+00
-8.777674799999999777e+01 6.733674606785016170e-01 0.000000000000000000e+00 2.706079789654356027e+00
-8.704769200000004048e+01 6.677746060945929374e-01 0.000000000000000000e+00 2.004774103583742750e+00
-8.777477000000003216e+01 6.733522867187964334e-01 0.000000000000000000e+00 2.678820372586758758e+00
-8.731351399999999785e+01 6.698138236460616790e-01 0.000000000000000000e+00 2.177297353384361589e+00
-8.737339200000006656e+01 6.702731696315219478e-01 0.000000000000000000e+00 2.722479739141571820e+00
-8.753201800000002208e+01 6.714900475547910252e-01 0.000000000000000000e+00 2.775757274064361457e+00
-8.775260000000005789e+01 6.731822125597124451e-01 0.000000000000000000e+00 3.217965579227178186e+00
-8.752102400000008231e+01 6.714057085694522531e-01 0.000000000000000000e+00 2.741067227795948025e+00
-8.902765400000005513e+01 6.829636170178494670e-01 0.000000000000000000e+00 3.039428301088642037e+00
-8.708105199999999968e+01 6.680305228265297490e-01 0.000000000000000000e+00 2.313552826565473008e+00
-8.830530000000001678e+01 6.774221759212736282e-01 0.000000000000000000e+00 2.442189825926433411e+00
