-6.391000000000000014e-01
-5.937000000000000055e-01
8.994999999999999662e-01
1.373000000000000054e-01
9.468999999999999639e-01
1.663000000000000034e-01
4.257000000000000228e-01
-9.550999999999999490e-01
-7.358999999999999986e-01
4.562999999999999834e-01
-4.087000000000000077e-01
-2.028999999999999970e-01
7.279999999999999805e-01
-7.012000000000000455e-01
1.463000000000000134e-01
4.209999999999999853e-02
3.245000000000000107e-01
-8.216999999999999860e-01
-2.298999999999999932e-01
2.318999999999999950e-01
2.185999999999999888e-01
2.829999999999999877e-02
7.934999999999999831e-01
-7.873999999999999888e-01
1.028000000000000025e-01
3.801999999999999824e-01
-2.076999999999999957e-01
-3.605999999999999761e-01
4.414000000000000146e-01
3.500000000000000333e-02
-4.648999999999999799e-01
7.886999999999999567e-01
-8.216999999999999860e-01
-1.416000000000000036e-01
-6.679999999999999827e-02
6.187000000000000277e-01
-2.394000000000000017e-01
-2.836000000000000187e-01
-6.542999999999999927e-01
7.550000000000000044e-01
-1.534000000000000086e-01
9.706000000000000183e-01
-6.197000000000000286e-01
-7.102000000000000535e-01
7.496000000000000441e-01
-5.433999999999999941e-01
-8.306999999999999940e-01
1.781999999999999973e-01
-2.308999999999999941e-01
5.127000000000000446e-01
-9.421000000000000485e-01
-9.593000000000000416e-01
7.351999999999999647e-01
-5.950999999999999623e-01
-5.040000000000000036e-01
-5.639999999999999875e-02
-5.991999999999999549e-01
-4.951999999999999735e-01
-7.354000000000000536e-01
-8.951999999999999957e-01
-2.883999999999999897e-01
-6.531000000000000139e-01
1.406000000000000028e-01
-5.883000000000000451e-01
9.905000000000000471e-01
-1.274000000000000132e-01
4.303000000000000158e-01
1.763000000000000123e-01
2.021999999999999909e-01
-1.983999999999999930e-01
8.776000000000000467e-01
-8.651999999999999691e-01
1.033000000000000029e-01
-4.480999999999999983e-01
4.174999999999999822e-01
2.220000000000000098e-02
4.386999999999999789e-01
-7.683999999999999719e-01
-7.136000000000000121e-01
-7.588000000000000300e-01
-8.700999999999999845e-01
-9.485000000000000098e-01
-7.620999999999999996e-01
-7.379000000000000004e-01
9.737999999999999989e-01
1.640000000000000138e-02
-6.967999999999999750e-01
-9.296999999999999709e-01
-4.495999999999999996e-01
9.556999999999999940e-01
-3.277999999999999803e-01
5.672000000000000375e-01
5.993000000000000549e-01
-1.408999999999999975e-01
-2.139999999999999888e-02
5.661000000000000476e-01
8.306999999999999940e-01
-9.959000000000000075e-01
9.815000000000000391e-01
9.406999999999999806e-01
4.953000000000000180e-01
4.006000000000000116e-01
-7.631999999999999895e-01
-8.185999999999999943e-01
4.168000000000000038e-01
3.570000000000000256e-02
-9.078000000000000513e-01
-8.020000000000000462e-01
5.436999999999999611e-01
7.399999999999999634e-02
2.876000000000000223e-01
8.357999999999999874e-01
-1.580999999999999905e-01
7.900000000000000078e-02
-4.254000000000000004e-01
-4.560000000000000164e-02
-6.473999999999999755e-01
2.384999999999999898e-01
9.828000000000000069e-01
8.264000000000000234e-01
-6.800000000000000488e-02
3.084999999999999964e-01
-4.460999999999999965e-01
-4.516999999999999904e-01
-6.922000000000000375e-01
-8.683999999999999497e-01
8.942999999999999838e-01
-9.459999999999999520e-01
4.850000000000000144e-02
3.110999999999999877e-01
1.764999999999999902e-01
-6.886999999999999789e-01
4.727999999999999980e-01
-6.078999999999999959e-01
4.238999999999999990e-01
-9.485999999999999988e-01
4.385999999999999899e-01
-7.084000000000000297e-01
5.145999999999999464e-01
-2.520999999999999908e-01
2.286999999999999866e-01
1.223999999999999949e-01
-4.440000000000000058e-01
7.514999999999999458e-01
-3.736999999999999766e-01
-8.920000000000000151e-02
-4.585000000000000187e-01
6.312999999999999723e-01
-2.723999999999999755e-01
-7.810000000000000275e-01
-4.015000000000000235e-01
-1.658000000000000029e-01
7.996999999999999664e-01
-9.242000000000000215e-01
1.549000000000000099e-01
-6.746999999999999664e-01
-2.525000000000000022e-01
8.790000000000000036e-01
2.031000000000000028e-01
4.969000000000000083e-01
-1.592000000000000082e-01
9.586000000000000076e-01
7.568000000000000282e-01
8.449999999999999734e-01
-1.598999999999999866e-01
-4.918000000000000149e-01
5.384999999999999787e-01
-5.527999999999999581e-01
2.232000000000000095e-01
-5.843000000000000416e-01
4.259999999999999898e-02
-9.612000000000000544e-01
7.260999999999999677e-01
2.038999999999999979e-01
5.786000000000000032e-01
5.350000000000000311e-01
1.398000000000000076e-01
1.338000000000000023e-01
-3.348999999999999755e-01
-5.341000000000000192e-01
-8.840000000000000635e-02
-3.207999999999999741e-01
5.480000000000000426e-01
6.160000000000000198e-02
2.911000000000000254e-01
-2.228999999999999870e-01
-5.747999999999999776e-01
-1.962000000000000133e-01
3.352999999999999869e-01
-5.228000000000000425e-01
1.532000000000000028e-01
-1.539000000000000090e-01
3.840000000000000080e-01
-5.600000000000000533e-01
1.426999999999999935e-01
-1.824000000000000066e-01
-6.112999999999999545e-01
2.686000000000000054e-01
-2.227000000000000091e-01
9.468999999999999639e-01
2.230000000000000038e-02
3.678000000000000158e-01
2.074000000000000010e-01
-9.234999999999999876e-01
1.980000000000000163e-02
9.880999999999999783e-01
3.019999999999999907e-01
-3.930000000000000160e-01
7.794999999999999707e-01
-2.434999999999999942e-01
