-7.218507783920813381e-01
1.047573289069019919e+00
1.573047737345394825e+00
3.934358379755725221e-01
-1.258771145934511615e-01
6.210101999425499120e-01
-1.600122908402527577e-01
7.896752275669233212e-01
-2.854674700001939014e-01
2.123650621400926530e-01
-1.316072909751159203e-01
-5.747814786728681069e-01
5.063419253421825861e-01
-3.898509665602759022e-02
-1.139374663588926667e-01
-1.916060887650315459e-01
1.145011532596727388e+00
1.037606423681147305e+00
1.236017696212908135e+00
1.136939038284959347e+00
-2.317127850793969657e-01
-1.305498994738722440e-01
4.562957457096337294e-02
-5.261739721906006501e-02
-1.904564106566126180e-01
-3.453533572815125074e-01
4.960133476259218771e-02
-3.904610788639391039e-01
4.356607081139333981e-02
-7.181099875113028386e-02
7.237079890680364613e-02
2.042633016670143686e-02
-1.106792192927401747e-01
-7.516462250081883123e-02
-7.770876836530947462e-02
1.244138499574760193e+00
1.177890458148205921e+00
-1.159353228924056151e-01
-1.492949157153876660e-01
-6.025024137480870789e-02
1.507655115242226562e-01
1.174353239357923018e+00
1.083648793794879661e-01
-3.293016547057973642e-01
6.652286218491786085e-02
1.099562177086738923e-01
-3.362213909393702571e-01
1.057051349885752334e+00
1.104600115070030419e+00
1.408702381391189751e-01
1.155158305239404770e+00
-2.371234730236432831e-01
-1.605964277899382953e-01
1.071972974389805211e+00
-4.159741731980269308e-01
-1.472847962226183360e-01
1.161982157732198706e+00
1.014690966986787402e+00
2.044310037696696891e-01
-1.580790538725541927e-02
-2.627927005393369542e-01
-3.843381169290403521e-01
1.246334415628253423e+00
-3.240914476281632206e-01
-5.590593538883380925e-02
-1.519800435717684473e-01
9.481707991280363679e-01
1.114652910640218098e+00
1.166253747812737940e+00
1.249002708586783417e+00
-5.882547009351175860e-02
-2.053258774877018689e-01
1.195805833878591962e+00
8.828740432386082970e-01
-3.488679170023804010e-01
1.050809755391920230e+00
1.082348082717252469e+00
1.125505216355693561e+00
1.127972683895895001e+00
-4.092179917003121448e-01
1.017296499154398459e+00
-2.343980579095366334e-01
-4.248827806617635483e-01
-1.205882130875109703e-01
1.108264957912353355e+00
-5.880635967005767156e-02
1.331158767738488846e+00
1.320488819544413994e+00
-3.147381445474999873e-01
-1.589675418523283645e-01
-3.482744208239761385e-01
8.105409503833833629e-01
-8.502503015786656848e-02
1.024122682639089454e+00
1.073643856106052709e-02
1.208545048959195345e+00
-2.334551672836967240e-01
-6.382977439471645780e-05
-3.328868531011348608e-01
-7.800873593559082275e-02
-1.756211436259008107e-01
-2.674837892497019531e-01
1.292148240816050953e+00
-7.758824522113320563e-03
1.182088098201622861e+00
8.525795097893449359e-01
-1.085564432113991507e-01
1.021267490191940963e+00
-1.085973929775722602e-01
-1.583378099173864406e-01
1.153527877668163032e-01
4.070579855835153131e-03
1.160506791379773528e+00
1.084978938591523834e+00
6.047167136531301779e-01
-1.793284345922899203e-02
3.527615472592871004e-02
2.239960113231648578e-02
-4.871479133380582360e-02
-2.005502663018871035e-01
-3.407096321709461306e-01
-1.539223458705289982e-01
-3.875412227369203211e-01
-1.597050678110698008e-01
-2.203292058197009462e-01
-1.664387054942867983e-01
-9.437256076197969579e-02
-1.202107983721780043e-01
6.161544631007592754e-01
6.490890788886845009e-01
-8.962507236201054661e-02
1.022876240245081947e+00
-1.384828748474172810e-01
-9.490066775704814050e-02
4.430393885314484748e-01
1.374805813914707353e-01
-5.999965326186165182e-01
-4.796497665476768257e-01
-4.434627347102598760e-01
-2.284308883119841038e-01
5.415508674125665278e-01
-1.822052882959514508e-01
1.957172633242894866e-01
4.630397267034220277e-01
-2.132674729011489467e-01
3.462313378303410460e-01
1.669034086959012786e+00
1.068199937411376643e+00
7.290612768030809709e-01
-2.173135599852814293e-01
8.308047132250226396e-02
-3.221245449279954570e-02
1.990074226681874392e-01
6.370961113093681627e-02
1.619020792989668556e-01
8.932898119615265697e-01
2.241363220385524657e-01
-1.964755500344317063e-01
2.357006905878697434e-02
9.561206168991343013e-02
4.717030565926615820e-02
1.856816976365508465e-01
6.881331707355928806e-01
1.037242841527503678e-01
-1.549077012930548392e-02
-1.083882255013167706e-01
-1.451508402163332323e-01
-2.718959324672154051e-02
1.718683811902434189e-01
5.786621886832264972e-01
9.356852131232764602e-01
4.126887818928531154e-02
1.190427047697044438e+00
6.209844914794874354e-02
-1.463491975873443818e-01
6.031860216103498984e-02
-4.736036551981903653e-01
-5.889802978873319439e-02
-9.553320976223146632e-02
9.851302736302922636e-01
-4.355511814870740017e-01
-1.064178271470527237e-01
-2.676813718755246541e-01
1.141245507096340317e+00
-1.839769433046916647e-01
-7.996915365755663530e-02
-1.868019247123475501e-01
-4.766200759622316041e-02
8.892321140085711340e-02
1.150551655926325800e+00
-1.569522627723643204e-01
9.263008711340565970e-02
3.839549214045415160e-01
6.601445900097254738e-01
3.606357313849552493e-01
-3.188234878262233285e-02
-8.995090280570910979e-02
-1.863773585973230729e-01
-1.210187926812901771e-01
7.053574786629489279e-02
-1.694578052158824122e-01
-2.859428268128653139e-01
-4.699599506610090127e-02
-1.104475336964900606e-01
-7.318212568874568613e-02
1.409118502009429452e+00
1.101723153011371137e+00
9.726437700836902955e-01
-1.930568117660854538e-02
1.379240803241741087e-01
-1.277696886130930409e-01
-2.223315592553326003e-01
-7.787891372068163343e-02
-1.679876193434202691e-01
-9.420135175687475160e-01
3.267325712118151482e-01
-3.864472467298529085e-02
-2.541403038349606680e-01
1.888920033561249934e-01
-3.958519863355324658e-02
1.048150106440804086e+00
5.636783161666434477e-02
-2.198682200316977586e-01
-1.747299783718405108e-01
-1.723163354598910013e-01
-2.670837830951962588e-01
6.656409126099380735e-01
4.790956884602309285e-01
-3.300909200505477425e-01
-3.432140274904186827e-01
7.102803918270323980e-01
3.097356718438200596e-01
-2.629683182244556550e-01
-2.462237816572936944e-01
-1.572797846188358356e-02
3.669923663654519469e-02
1.176132681351262699e+00
1.888745893540952625e-01
-5.550753002173762773e-01
6.810246880119706914e-01
-3.663061343394464764e-01
-1.767428352552545892e-02
-1.523159144311133362e-01
-1.801948120636132772e-02
-3.964466386336767956e-01
4.572963941495726825e-01
-8.422951962406387272e-02
1.147735801271570155e+00
-1.138391738189939717e-01
1.057707553650353960e+00
-6.730199955951288171e-02
-2.307326618827613141e-01
7.701576659111621925e-01
9.427778688850522171e-01
-8.936649251795075743e-02
9.873088870984719767e-01
1.175717634957350155e+00
-1.739437078908209477e-01
-1.380023748400521777e-01
-1.024605859683357101e-01
-1.952098058559186000e-01
-3.342719454401512583e-03
-3.769641347894663042e-02
-3.301590369251949930e-02
-2.064667230109500373e-01
-1.171017032390391510e-01
-1.917934611013090984e-01
-2.396508942127059116e-01
-1.020701340082632025e-01
2.648779141143196153e-02
-1.347842542236422358e-01
1.084440512322698558e+00
-4.825770865738554516e-01
2.206169491552074091e-01
-8.111281161014208263e-02
-1.629004050890770772e-01
-1.409045714503752433e-01
-4.902055323154946853e-01
5.006810708229047016e-03
-1.053476077922560622e-01
4.732864150502310019e-01
1.040498493604042451e+00
1.065927919035842386e+00
-1.365376906808066504e-01
-4.582769128237706990e-01
-1.011950085666900312e-01
-1.307019258305374132e-01
-1.278191116409280736e-01
-5.973173005637276434e-02
1.043362006208913506e+00
5.506077879929115459e-01
-2.182206659858612063e-01
-3.938799353130889580e-02
-1.466011758456768621e-01
-1.609681871761451388e-01
-1.560772109798959362e-01
-8.156320562448805822e-02
1.120946174537343215e-01
-2.093631622904703130e-02
-2.217390583087704981e-01
-1.208889965038970893e-01
-8.831270150545937614e-02
-2.066003815440724811e-01
-1.110162897351745920e-01
-2.500090514951958109e-01
-1.639228958074327724e-01
-1.405100852487078944e-01
-8.252607513720440491e-02
3.991190954615287528e-02
6.952930575026906590e-01
-2.549072726697993452e-01
-1.305075274987095302e-01
-2.850494368305135917e-01
1.067576490917302001e+00
-2.348100426735512739e-02
9.834025815786412439e-01
-1.531058662064030684e-01
-1.381080063751731479e-02
-1.231596726074482145e-01
-6.964392536385616284e-02
5.443923870366744466e-02
-4.554709862066028472e-03
-1.642729616014592109e-01
-6.471003842091246905e-02
1.144079426225618645e+00
6.042826443886278875e-02
-1.688834590384281353e-01
-1.992087108337511903e-01
-1.689400499777570508e-01
-8.526616164722787550e-02
-2.793371817159876619e-02
-1.123325651083803972e-01
1.063063402479258457e+00
-1.222206912139926632e-01
5.842386645579695365e-02
1.027839070992351722e+00
7.207248769795022991e-02
-3.240921474760336679e-02
-2.611290263427671898e-01
-1.325080821483977656e-01
5.327963358530817678e-02
-1.980180025428155896e-02
-1.223790973552151828e-01
-9.378575205960024141e-02
-1.356551321290565548e-01
-2.140573604157666177e-01
-4.420456995668772121e-02
1.226768887095306848e+00
-1.730202083135374269e-01
-1.067527760868903913e-01
1.212390369557046155e+00
5.646083553877445649e-02
5.732256114564650111e-03
-1.182465234143885852e-01
1.077657808645398951e+00
-1.177481476129372540e-01
-4.154569749146459767e-02
1.910909975172352723e-03
-9.046956895559199463e-02
-1.033900219380194385e-01
