7.334559100541266918e-01
3.199033323379855132e-01
3.511304199960567640e-01
1.448628678121990365e-01
-1.812749356235272558e-01
1.740984273499521784e-01
1.825886863034816843e-01
2.286977978560508773e-01
1.424184982161479929e-01
3.131031493517471009e-01
1.126764646150462262e-01
3.133865367694574355e-01
1.368276147731926906e-01
1.422839961641745310e-01
3.060341135582413941e-01
1.765330943303867195e-01
1.098625617334306970e+00
7.685053685671036638e-02
2.229492882846170476e-01
2.757680687010256870e-02
2.212281278146447649e-01
8.533483940438280069e-02
6.559222033019210252e-02
6.064363176979904735e-02
1.874829802740454188e-01
7.073579798337367719e-02
2.422530976995225516e-01
6.665241519379393187e-02
1.974363398730816233e-01
1.956516571587673670e-01
2.592670349387029560e-01
1.648661476387110469e-01
1.913618573633420750e-01
9.845751383079401342e-02
2.658555153576920571e-02
9.535180546109225941e-02
6.357004471108448906e-02
2.039048668478630477e-01
2.282994373606158922e-01
2.051148056419339061e-01
1.778456732686578001e-01
8.304944336240500935e-02
7.985168053020945400e-02
6.858835272026943264e-02
1.963839248658645342e-01
2.384011924453151021e-01
8.107237692673460727e-02
2.148190734244528888e-01
1.081199662995234512e+00
6.291783261028041085e-01
-1.399674618649680846e-01
2.856558692704777580e-02
-8.396267759755914051e-02
-1.584558974899072936e-01
-1.029605965751742291e-01
-7.997213812901503294e-02
1.569823264131815777e-02
-1.106674109537680861e-01
2.613530578180966665e-02
-1.163039286393900140e-01
-7.102964949886951540e-02
-4.445436072540698974e-02
4.829832101883653472e-02
-1.046097029573851700e-01
-3.535560041657517805e-03
6.156942027129845563e-02
5.011281898721886563e-02
-6.416193251775383077e-02
-1.177940919731764458e-01
-4.463138849709893941e-02
-1.174650631023588521e-01
4.424647409445503499e-02
1.951162852115891078e-02
8.166436138022963309e-01
-1.358855846663776512e-01
6.212264812269417680e-02
-2.064914139240680430e-02
4.571383586941729638e-02
-1.610227171687418080e-01
-1.005848504141940297e-01
-4.636319786470689819e-02
-8.898991418730961556e-04
-1.009943807066587262e-01
2.752387154871455827e-02
-1.041757966705247618e-01
-1.005319940064150486e-01
-1.085652357736550111e-01
-3.958870333081732085e-05
-1.626453639047037436e-02
-1.863470785972164145e-02
-1.051444985022172013e-01
1.018524482775504447e+00
-9.475433982789678578e-02
-1.846456378169677726e-01
-1.136034658962977451e-01
-3.621600832556259170e-02
-7.215833576709063113e-02
-7.688082442674594452e-02
-2.041283698863257390e-01
-9.380214324772513657e-02
-8.136647259722769310e-02
-8.532045799989509960e-02
-7.968728280778432371e-02
-5.769060163741074332e-02
-5.268550030075479923e-02
-8.518533784979170215e-03
-7.127626478494483719e-02
-1.839733898006720714e-03
-8.982762008617213578e-02
-5.848266682282707296e-02
-5.456552125469454895e-02
-4.988077232700744573e-02
-6.017506817620950355e-02
-6.701321323997888602e-02
-1.031155988041054933e-01
-8.925531490142600555e-02
-8.950897311681305091e-02
-9.598012266986284680e-02
-3.358773293989925079e-04
-7.819786102324685628e-02
-8.286311865138878963e-02
-2.192434407655060313e-01
-3.605535965189645559e-02
-7.717750208267219747e-02
-9.357403987605485141e-02
-1.891034449662044592e-01
-5.358580360781441121e-02
-7.093048855012505649e-02
-9.071919689520935304e-02
-7.876736980498426355e-02
-6.314499655303079662e-02
-1.645431383954510107e-01
-1.156595873325139134e-01
-8.402740605352848613e-02
-1.122406636046073686e-01
-3.304923372576228785e-02
-9.022526074596234902e-02
-4.725300754816060683e-02
-8.871277949419476005e-02
-5.965276151566650115e-02
-4.887472049862476298e-02
-6.005154164558451635e-02
-4.816889782164707201e-02
-6.102285423821968841e-02
-5.680316227083967440e-02
-1.044611940533742289e-01
6.688446532227239061e-01
-1.154555471565367752e-01
-1.122459846518283622e-01
-1.007420816497096167e-01
-8.125125509633721044e-02
-8.521567842633158418e-02
-1.040543164306528268e-01
-6.052477651407654757e-02
-6.090952588829522812e-02
-4.335866592065179548e-02
-5.952522034094150094e-02
-7.929274608687442161e-02
-6.713619791018914096e-02
5.061624720471185057e-01
-2.337228366651058348e-02
-6.508380722694478981e-02
-1.009128165657195986e-01
-1.022458695732202799e-01
-5.117940213861926768e-02
-4.376470638683849917e-02
-1.217484647862706187e-01
-8.830990251792186774e-02
-5.292586704184404356e-02
-6.162113202797068340e-02
-9.193103699198727774e-02
-5.730431190639465044e-02
-1.837706197240271400e-01
-2.378582744073864941e-02
-7.676797867904633366e-02
-1.078370934032666095e-01
-1.629416412447732831e-01
-9.039132210795969291e-02
-5.721881075318853427e-02
-6.334020244504662278e-02
-1.004095269301546189e-01
-8.126741612530691272e-02
-8.522416577869569576e-02
-6.650577833699898578e-02
-1.793173087782314740e-02
-9.165279149511187939e-02
-1.112720673200496835e-01
-2.091332963424350280e-02
-5.345196357427324518e-02
-5.934596323444408378e-02
-7.637516185819497039e-02
-7.822743199966679384e-02
-5.223922751944217596e-02
-1.936861503261393391e-01
-9.206552502250307801e-02
-1.479052864713526760e-01
-1.321990609887885304e-02
-5.090367840238927549e-02
-8.671455256656070143e-02
-8.133197926229265851e-02
-9.208529613698514249e-02
-6.630116707126947062e-02
-7.406475357257234771e-02
-9.020787709988065117e-02
-1.065547378961366198e-01
-6.417788147329651915e-02
-5.527248486424006513e-02
-8.640289609514090197e-02
-8.251291187376558200e-02
-5.831432298804141434e-02
-6.693037386469261052e-02
-1.966679227543705610e-01
-1.882655541320690240e-01
-7.219022460502982907e-02
-2.257440888614113406e-01
-6.290224016594891943e-02
-6.025309654610280091e-02
-1.192874248513327295e-01
-1.066708466230147784e-02
-1.202359056570561149e-02
-2.080210071374518632e-01
-1.045678570341546376e-01
-7.649411508520652381e-02
-6.446097936889884361e-02
-6.463811475106405469e-02
-1.075683667991875481e-01
-4.667951591143762458e-02
-6.792268617823168930e-02
-7.192524983659578930e-02
-8.650226762365169353e-02
-8.094864039020489843e-02
-2.152891185618785730e-01
-1.129982407560274210e-01
-6.282832804060539678e-02
-7.886816723532970308e-02
-1.879186804753462392e-01
-3.200560413118955921e-02
-6.953360981584495726e-02
-8.783554479493095590e-02
-6.981234367987657063e-02
-3.184466678328084360e-02
1.036106900819970367e+00
-9.072998877145280194e-02
-8.085480247447329738e-02
-4.979176782911213378e-02
-6.313488315456834699e-02
9.743620417624222485e-01
-9.253367531633113763e-02
-9.228389225655385386e-02
-5.162138469637593541e-02
-6.167931779791548108e-02
6.958237325913170512e-03
-3.384822530085788983e-02
-9.122605123504158586e-02
-4.755097260729831965e-02
-5.411520980983350326e-02
-1.165096678798831775e-01
-9.353473319326108260e-02
-1.396122880793468010e-02
-8.183372235900823743e-02
-8.984622941482210690e-02
-4.541566199146707811e-02
-1.149670756928384691e-01
-1.497448157699572957e-01
-5.733546605532142959e-02
-2.308878703156237028e-02
-4.490046619541566281e-02
-5.815559289121063902e-02
-1.242863425896020418e-01
-9.788745205078040745e-02
-8.778480027566344657e-02
-1.175507771324628553e-01
-8.208388259270292531e-02
-1.269358156293595163e-01
-6.136728495612885081e-02
9.390060520010402589e-01
-5.256511830323807449e-02
-2.511734207676397448e-02
-1.073804328254451650e-02
-7.427030920781857448e-02
-6.045307897993945634e-02
-8.627867211710671391e-02
-5.220226800060682321e-02
-3.598084433592753373e-02
3.438006772234991626e-03
-4.296165333706424005e-02
-7.138263923147498968e-02
-7.856021707327517922e-02
-6.965983649554809143e-02
-1.327859604511833214e-01
-8.102409744057877117e-02
-9.965046948272192340e-02
-6.771376293172702565e-02
-9.709043066131958777e-02
-6.956862126606178087e-02
-5.932094918744868633e-02
-5.310026541714808757e-02
-1.021080862725424754e-01
-5.148176703958803890e-02
-1.197421452349022308e-01
-3.983757077975934313e-02
-5.151178491805205595e-02
-8.568202745219798133e-02
-6.973989829999874268e-02
-6.792241205625978995e-02
-3.523835749932433675e-02
-9.021016110523887022e-02
-6.700492536918059572e-02
-9.759394963498564668e-02
-2.583824231952970563e-02
-1.060331478434757141e-01
-4.364480814487014387e-02
-4.567943081329209343e-02
-1.007643900180326957e-01
-1.606129970425120013e-02
-2.893048453639329026e-02
-6.033623778579941255e-02
-6.864670337698006164e-02
-3.402231518483062392e-03
-2.399673877341695558e-02
-5.563523921598671762e-02
-4.766681798050072943e-02
-1.237679938885953707e-01
-1.125531288246765932e-01
-5.613133920036493529e-02
-4.092910013112295575e-02
-3.402661680382280257e-02
-2.535761587946994827e-02
-2.591620568912463354e-02
-5.822134201305433077e-02
-7.143011173456889629e-02
-2.395213984031838855e-02
-1.136961885500265140e-01
-7.107871949127475553e-02
-5.951595924248700986e-02
-4.739891475179005068e-03
-1.030799375328295131e-01
-5.725232032461263082e-02
-4.437082391944401072e-02
-2.189578761871466966e-02
-5.986427187748034895e-02
-1.021185019368915647e-01
-1.078976398230534761e-01
-9.217984187202851731e-02
-5.914563956210728418e-02
-1.267434822921352788e-01
-4.166259473563579951e-02
-1.452620790966103470e-01
-8.603783808616913276e-02
-1.133707440943800548e-01
-6.470656948822782473e-02
-8.892625515694745075e-02
-1.537607095776194477e-01
-1.173662750874848310e-01
-1.223316119719165262e-01
-4.814500464259040269e-02
-1.070251378155936545e-01
-9.586835303107155148e-02
-1.119129700216088125e-01
-4.426873943126669042e-02
-1.104679005603502878e-01
-1.297498474511555866e-01
-1.483324997272655876e-01
-6.490762691838256049e-02
-2.079719698378628134e-01
-4.770653375358553661e-02
-1.529186186118260959e-01
-1.391476144441249341e-01
-1.573724885045601207e-01
-1.184172205701565506e-01
-1.858375978662183403e-01
-3.789210046993864156e-02
-5.419213867801606077e-02
-6.252295147077688298e-02
-8.930151730225782680e-02
-1.321280333189004952e-01
-7.651959055537037313e-02
1.093585750384491018e+00
-1.345118544296554919e-01
-9.051548564132756713e-02
-1.381948483403793726e-01
-2.310989488316791268e-02
-7.962832026568697485e-02
-1.082426920055769431e-01
-8.445952695810454713e-02
9.906866490971383277e-01
-1.599191141703396601e-01
3.653122888291680109e-02
-4.043238252528093268e-02
-5.917179232132167843e-02
-1.367376259415922224e-01
9.920556632614488946e-01
1.011287738292502958e+00
-6.269213257771942549e-02
-5.074563571141933738e-02
1.057251937155109012e+00
-9.467113104909075094e-02
-1.476681007994288808e-01
-5.726916871948971310e-02
-3.027080764114205291e-02
-4.316827473855119890e-02
-1.186941900782525344e-04
1.005371140130163932e+00
-6.298684342277618975e-02
9.944081554751543761e-01
1.100953080512359294e+00
-5.462454359375163576e-02
-6.258481626938884601e-02
-2.041368670873128927e-02
-5.828967150360211957e-02
1.022979689401068093e+00
-3.849707259598442871e-02
9.737418002298706687e-01
-5.872694883027429480e-02
1.035713073382612759e+00
1.048837976044657339e+00
1.118404205950142893e+00
1.017862909527642357e+00
-6.035780443435841136e-02
1.059454290815079469e+00
-4.571005173813237621e-02
1.017890997398170683e+00
-1.182776094170632231e-01
-1.359321545360272707e-03
7.391651532138766162e-03
-2.067911635560239769e-01
9.892405829764772118e-01
1.085268180845528674e+00
-2.195619328402779180e-01
1.059218424048787632e+00
-5.914455515707327249e-02
-7.122513666938976029e-02
1.091585304348861252e+00
-1.095887072785469429e-01
9.915417507579441514e-01
-8.232598302617413766e-02
-1.553365930728387578e-01
-5.532465969722678845e-02
1.044986038621246394e+00
-1.813121634266852966e-01
1.070405186441788725e+00
-3.246438449720934205e-02
-6.149131867595693246e-02
-9.193186763101887649e-02
1.058411856424783526e+00
1.056547024954811231e+00
1.115941690141914577e+00
-7.819474980650903406e-02
9.346596132031848025e-01
3.371468023501630884e-01
-1.099469690940712285e-01
-1.040271625885259010e-01
-1.366484622184687137e-01
-1.025300879211805960e-01
9.829746107946857325e-01
-1.862977663290200092e-01
-1.208761724653722169e-01
-4.281709885219370237e-02
1.006003941372228372e+00
1.104356857339644948e+00
9.747909906736110797e-01
-6.845939873073372817e-02
9.750726269322061990e-01
1.137270678506166366e+00
9.469577920882581434e-01
-1.486604390539871257e-01
-5.986789411632098545e-02
-1.084638627218004470e-01
1.032327391638255154e+00
1.079139045079278825e+00
5.150412266329577882e-02
1.104851621111512028e+00
9.474175365186583431e-01
-2.364378955534226501e-01
9.888824487172948041e-01
7.791318276178406388e-02
-1.847435087216998673e-01
5.586488935944199791e-02
1.013515499230643213e+00
-1.062161680393006735e-01
