-8.689000000000000057e-01
2.215999999999999914e-01
-4.565000000000000169e-01
-4.912000000000000255e-01
1.092000000000000054e-01
5.056000000000000494e-01
2.873999999999999888e-01
9.008000000000000451e-01
6.719000000000000528e-01
1.502000000000000002e-01
1.199999999999999956e-01
1.000000000000000021e-03
-5.030000000000000027e-01
-3.498999999999999888e-01
9.352000000000000313e-01
-9.039000000000000368e-01
4.320000000000000229e-02
-4.164999999999999813e-01
-7.259999999999999787e-01
2.218999999999999861e-01
-4.729999999999999760e-01
-6.156000000000000361e-01
4.062000000000000055e-01
-1.230000000000000017e-02
3.578000000000000069e-01
-4.270000000000000184e-02
-6.370999999999999996e-01
7.950000000000000122e-02
-9.469999999999999529e-01
6.522999999999999909e-01
1.205999999999999989e-01
-2.109000000000000041e-01
-4.585000000000000187e-01
3.553999999999999937e-01
6.619000000000000439e-01
-1.778000000000000136e-01
-4.576999999999999957e-01
9.878000000000000114e-01
9.287999999999999590e-01
-3.068000000000000171e-01
-1.517000000000000015e-01
9.474000000000000199e-01
8.134000000000000119e-01
-6.740000000000000158e-02
3.118000000000000216e-01
7.800000000000000266e-01
-4.235999999999999766e-01
7.983999999999999986e-01
-8.123000000000000220e-01
-9.202000000000000179e-01
-2.834999999999999742e-01
-8.675000000000000488e-01
6.937999999999999723e-01
5.203999999999999737e-01
-3.192999999999999727e-01
-1.899000000000000132e-01
3.148000000000000242e-01
3.482000000000000095e-01
-1.441999999999999948e-01
9.684000000000000385e-01
8.139999999999999458e-01
3.910000000000000142e-01
9.515000000000000124e-01
-3.144000000000000128e-01
2.687999999999999834e-01
-9.434000000000000163e-01
7.701999999999999957e-01
-8.110000000000000542e-02
-3.145000000000000018e-01
6.347000000000000419e-01
6.972000000000000419e-01
7.518000000000000238e-01
5.678999999999999604e-01
7.711999999999999966e-01
3.765000000000000013e-01
