2.857000000000000095e-01
9.877000000000000224e-01
-3.242999999999999772e-01
-9.913999999999999480e-01
-4.788999999999999924e-01
-1.083999999999999964e-01
-9.938000000000000167e-01
-6.300999999999999934e-01
8.429999999999999993e-02
-5.597999999999999643e-01
9.358999999999999542e-01
-7.250999999999999668e-01
5.240000000000000213e-02
-9.171000000000000263e-01
8.963999999999999746e-01
7.193000000000000504e-01
-9.741999999999999549e-01
7.067999999999999838e-01
-4.743999999999999884e-01
-2.323999999999999955e-01
-2.411000000000000087e-01
-5.294999999999999707e-01
-3.272999999999999798e-01
-5.917999999999999927e-01
-4.489000000000000212e-01
-5.675999999999999934e-01
-6.172999999999999599e-01
-9.385999999999999899e-01
-7.681999999999999940e-01
-3.750999999999999890e-01
3.084999999999999964e-01
-6.424999999999999600e-01
-9.235999999999999766e-01
2.343999999999999972e-01
-3.946999999999999953e-01
8.981000000000000094e-01
-2.350000000000000006e-02
5.108000000000000318e-01
-9.628999999999999782e-01
-2.590000000000000080e-01
-5.160000000000000003e-02
6.535999999999999588e-01
-9.758999999999999897e-01
6.868999999999999551e-01
5.214999999999999636e-01
-3.125000000000000000e-01
-7.778000000000000469e-01
-5.334999999999999742e-01
5.451000000000000290e-01
7.188999999999999835e-01
-8.760000000000000009e-01
9.083999999999999853e-01
5.390000000000000346e-01
-2.916000000000000258e-01
8.316000000000000059e-01
3.299999999999999982e-03
8.133000000000000229e-01
4.401999999999999802e-01
-6.700000000000000226e-03
5.207000000000000517e-01
7.489000000000000101e-01
5.524000000000000021e-01
2.921000000000000263e-01
-2.610000000000000167e-02
-1.804000000000000048e-01
-4.811000000000000276e-01
-4.153999999999999915e-01
-3.387999999999999901e-01
5.453000000000000069e-01
-6.124000000000000554e-01
-1.699999999999999905e-03
1.580000000000000154e-02
4.309000000000000052e-01
-6.481999999999999984e-01
9.100000000000000450e-03
