-1.978999999999999926e-01
2.627999999999999781e-01
-8.080000000000000515e-01
-2.490999999999999881e-01
-4.820999999999999730e-01
4.540000000000000147e-01
-6.685999999999999721e-01
-5.639999999999999458e-01
7.456000000000000405e-01
-8.396000000000000130e-01
4.608999999999999764e-01
-7.248999999999999888e-01
8.188999999999999613e-01
-9.921999999999999709e-01
1.062000000000000027e-01
7.920000000000000373e-01
7.600999999999999979e-01
-1.728999999999999981e-01
1.854999999999999982e-01
-5.231999999999999984e-01
-6.048000000000000043e-01
-7.036000000000000032e-01
5.264999999999999680e-01
-3.896000000000000019e-01
1.976999999999999869e-01
-3.750000000000000000e-01
7.691000000000000059e-01
7.549000000000000155e-01
-8.269999999999999574e-02
-5.138000000000000345e-01
4.150000000000000216e-02
-5.299000000000000377e-01
6.776999999999999691e-01
1.135000000000000037e-01
8.023000000000000131e-01
-7.231999999999999540e-01
1.696000000000000008e-01
8.160000000000000586e-02
-2.165999999999999870e-01
-4.517999999999999794e-01
4.023999999999999799e-01
8.786000000000000476e-01
1.388000000000000067e-01
5.269999999999999685e-02
-4.348000000000000198e-01
7.755999999999999561e-01
1.656999999999999862e-01
-2.539000000000000146e-01
1.446999999999999953e-01
2.898000000000000020e-01
1.996999999999999886e-01
9.950999999999999845e-01
-8.669000000000000039e-01
-4.560000000000000164e-02
6.854999999999999982e-01
2.589000000000000190e-01
3.106999999999999762e-01
-4.354999999999999982e-01
9.173999999999999932e-01
-8.779000000000000137e-01
2.844999999999999751e-01
2.457999999999999907e-01
-5.609999999999999709e-02
-2.710000000000000187e-01
-9.888000000000000123e-01
-8.447999999999999954e-01
4.658999999999999808e-01
4.043999999999999817e-01
4.819999999999999840e-01
-1.318999999999999895e-01
-8.784999999999999476e-01
-2.980000000000000010e-02
6.900000000000000577e-02
2.978999999999999981e-01
-4.499999999999999660e-03
