-8.480999999999999650e-01
7.069999999999999896e-02
-4.707000000000000073e-01
3.197999999999999732e-01
1.927999999999999992e-01
4.222000000000000197e-01
2.979999999999999871e-01
5.223999999999999755e-01
6.263999999999999568e-01
6.353999999999999648e-01
7.544999999999999485e-01
-5.480000000000000426e-01
-6.425999999999999490e-01
-1.299999999999999940e-02
-3.523999999999999910e-01
6.696999999999999620e-01
9.310000000000000220e-02
-6.926999999999999824e-01
9.804000000000000492e-01
-1.801000000000000101e-01
5.999999999999999474e-04
3.190999999999999948e-01
-9.542000000000000481e-01
9.981999999999999762e-01
8.500000000000000611e-02
6.203999999999999515e-01
-6.183999999999999497e-01
9.448999999999999622e-01
-7.950000000000000122e-02
-2.883999999999999897e-01
3.351999999999999980e-01
7.873999999999999888e-01
-1.792999999999999872e-01
-5.464999999999999858e-01
1.005999999999999950e-01
9.045999999999999597e-01
8.235000000000000098e-01
-9.011000000000000121e-01
2.910000000000000087e-02
-9.500000000000000111e-02
5.635000000000000009e-01
-7.117999999999999883e-01
6.434999999999999609e-01
-3.175999999999999934e-01
-4.379000000000000115e-01
-7.228999999999999870e-01
6.955999999999999961e-01
3.993999999999999773e-01
8.743999999999999551e-01
5.623000000000000220e-01
7.910000000000000364e-02
8.830000000000000349e-02
3.822999999999999732e-01
6.516999999999999460e-01
-4.298000000000000154e-01
-7.580000000000000626e-02
1.062000000000000027e-01
9.153000000000000025e-01
4.530000000000000138e-01
-4.080000000000000293e-02
-2.516999999999999793e-01
8.824999999999999512e-01
-3.849000000000000199e-01
4.485999999999999988e-01
-4.106000000000000205e-01
9.389999999999999458e-01
-1.144000000000000017e-01
4.361999999999999766e-01
2.932000000000000162e-01
-1.776999999999999968e-01
-1.217000000000000026e-01
-6.724999999999999867e-01
8.084000000000000075e-01
-8.609999999999999598e-02
-1.260000000000000009e-02
