7.210999999999999632e-01
5.063999999999999613e-01
-1.066000000000000003e-01
1.857000000000000040e-01
-3.992999999999999883e-01
-6.532000000000000028e-01
9.454000000000000181e-01
-7.148999999999999799e-01
5.604999999999999982e-01
3.295000000000000151e-01
8.610999999999999766e-01
-5.100999999999999979e-01
5.298000000000000487e-01
-8.827000000000000401e-01
-1.434999999999999887e-01
9.445000000000000062e-01
-3.343999999999999750e-01
6.771000000000000352e-01
5.865000000000000213e-01
-8.100000000000000255e-02
4.385999999999999899e-01
8.620999999999999774e-01
3.509999999999999787e-01
7.116999999999999993e-01
-5.870999999999999552e-01
-5.840999999999999526e-01
-5.308000000000000496e-01
6.561000000000000165e-01
-5.098000000000000309e-01
-7.960000000000000409e-01
-9.610000000000000486e-02
-5.741000000000000547e-01
-9.851999999999999647e-01
2.046999999999999931e-01
9.409999999999999476e-01
4.263000000000000123e-01
-8.420999999999999597e-01
-9.447999999999999732e-01
3.649000000000000021e-01
-5.129999999999999838e-02
-4.855999999999999761e-01
4.575000000000000178e-01
-5.773000000000000353e-01
6.591000000000000192e-01
-3.209999999999999659e-02
-5.584999999999999964e-01
5.006000000000000449e-01
-3.839000000000000190e-01
-7.902000000000000135e-01
-7.824999999999999734e-01
5.113999999999999657e-01
-8.764999999999999458e-01
-9.296999999999999709e-01
8.256000000000000005e-01
9.324000000000000066e-01
-8.721999999999999753e-01
-6.340999999999999970e-01
9.325999999999999845e-01
3.769999999999999740e-02
-1.625999999999999945e-01
-5.294999999999999707e-01
7.287000000000000144e-01
2.843999999999999861e-01
-3.941999999999999948e-01
-1.952000000000000124e-01
6.939999999999999503e-01
-6.861000000000000432e-01
3.047000000000000264e-01
4.630000000000000088e-02
-9.152000000000000135e-01
-5.627999999999999670e-01
-9.225999999999999757e-01
-7.731000000000000094e-01
-3.753000000000000225e-01
4.208000000000000074e-01
