-4.714999999999999747e-01
5.775000000000000133e-01
9.519999999999999574e-01
-6.832000000000000295e-01
4.405000000000000027e-01
-1.491999999999999993e-01
-4.179999999999999827e-01
9.665000000000000258e-01
2.640000000000000124e-01
-9.553000000000000380e-01
1.633999999999999897e-01
7.332999999999999519e-01
4.358000000000000207e-01
7.829999999999999460e-02
-5.340000000000000302e-01
-9.429999999999999494e-01
-6.982000000000000428e-01
6.219999999999999973e-01
8.528999999999999915e-01
-9.969999999999999696e-02
-9.667999999999999927e-01
-8.993999999999999773e-01
-2.530999999999999917e-01
7.307000000000000162e-01
-3.548999999999999932e-01
8.287999999999999812e-01
5.698999999999999622e-01
-2.437999999999999889e-01
-2.199999999999999872e-02
9.639999999999999958e-02
-7.994999999999999885e-01
-7.647000000000000464e-01
-8.264000000000000234e-01
-6.860000000000000542e-01
9.786000000000000254e-01
7.962000000000000188e-01
-2.316000000000000003e-01
3.285000000000000142e-01
-8.497999999999999998e-01
-1.713000000000000078e-01
5.767999999999999794e-01
9.878000000000000114e-01
-6.092999999999999527e-01
-2.993000000000000105e-01
2.250999999999999945e-01
-8.370999999999999552e-01
1.978999999999999926e-01
6.378000000000000336e-01
3.966999999999999971e-01
-8.322000000000000508e-01
1.653999999999999915e-01
-1.482999999999999874e-01
7.002000000000000446e-01
8.691999999999999726e-01
-7.712999999999999856e-01
5.545999999999999819e-01
9.081000000000000183e-01
-8.102000000000000313e-01
4.803000000000000047e-01
-1.239999999999999991e-01
9.278999999999999471e-01
7.670000000000000429e-02
5.950999999999999623e-01
-3.133000000000000229e-01
6.774000000000000021e-01
-8.457999999999999963e-01
4.163000000000000034e-01
-8.625000000000000444e-01
1.030000000000000013e-02
-3.508000000000000007e-01
5.261000000000000121e-01
8.774999999999999467e-01
8.081000000000000405e-01
6.894000000000000128e-01
-8.820999999999999952e-01
