-2.182999999999999940e-01
-7.621999999999999886e-01
3.331999999999999962e-01
-9.442000000000000393e-01
2.500000000000000000e-01
-6.470000000000000195e-01
8.774999999999999467e-01
-1.441000000000000059e-01
-1.678999999999999937e-01
9.268999999999999462e-01
-8.801999999999999824e-01
-8.214000000000000190e-01
1.499000000000000055e-01
-5.713000000000000300e-01
-1.976999999999999869e-01
-6.570000000000000284e-01
-5.017000000000000348e-01
3.724999999999999978e-01
8.082000000000000295e-01
-1.653999999999999915e-01
-1.408000000000000085e-01
-1.943999999999999895e-01
-4.721000000000000196e-01
-9.021000000000000130e-01
-9.468999999999999639e-01
-5.756999999999999895e-01
8.111000000000000432e-01
-2.780000000000000249e-01
-3.423999999999999821e-01
-3.318999999999999728e-01
-4.134999999999999787e-01
-3.946999999999999953e-01
-7.701999999999999957e-01
9.461000000000000520e-01
-6.006000000000000227e-01
9.895000000000000462e-01
9.922999999999999599e-01
2.987000000000000210e-01
9.213000000000000078e-01
3.956999999999999962e-01
-2.816000000000000170e-01
-6.578000000000000513e-01
-7.345000000000000417e-01
9.104999999999999760e-01
1.719999999999999862e-01
-5.971999999999999531e-01
1.439000000000000001e-01
-4.927000000000000268e-01
-5.221000000000000085e-01
1.615000000000000047e-01
-8.289999999999999591e-01
-7.274000000000000465e-01
9.970999999999999863e-01
8.394000000000000350e-01
-9.649999999999999689e-01
5.569999999999999951e-02
6.518000000000000460e-01
8.528999999999999915e-01
-8.060000000000000497e-02
-7.328000000000000069e-01
-3.333999999999999742e-01
-7.639000000000000234e-01
-9.268999999999999462e-01
6.585999999999999632e-01
6.287000000000000366e-01
-1.792999999999999872e-01
-2.220000000000000029e-01
-1.005999999999999950e-01
-5.469999999999999862e-02
7.320000000000000118e-02
3.870999999999999996e-01
3.307999999999999829e-01
-5.848999999999999755e-01
2.454999999999999960e-01
9.396999999999999797e-01
