-3.558000000000000052e-01
-7.120999999999999552e-01
7.000000000000000146e-03
9.357999999999999652e-01
-7.660000000000000142e-01
-1.663999999999999924e-01
-1.222000000000000031e-01
3.078000000000000180e-01
-3.734000000000000097e-01
-6.703000000000000069e-01
5.455999999999999739e-01
9.553000000000000380e-01
8.898000000000000353e-01
2.179999999999999993e-02
3.796999999999999820e-01
1.679999999999999896e-02
-9.804000000000000492e-01
-1.560999999999999888e-01
-5.433000000000000052e-01
5.587999999999999634e-01
-5.070000000000000201e-02
6.741000000000000325e-01
-2.957000000000000184e-01
-6.615999999999999659e-01
7.039999999999999591e-01
-2.091999999999999971e-01
-6.307000000000000384e-01
-4.376999999999999780e-01
2.086000000000000076e-01
-4.117000000000000104e-01
-8.571999999999999620e-01
-8.473000000000000531e-01
9.629999999999999671e-01
3.524999999999999800e-01
-1.054999999999999966e-01
-1.817000000000000004e-01
9.545000000000000151e-01
-8.941000000000000059e-01
-6.599999999999999964e-03
4.525000000000000133e-01
-1.439999999999999891e-01
6.626999999999999558e-01
4.804999999999999827e-01
-6.622999999999999998e-01
2.549999999999999836e-02
5.667999999999999705e-01
1.569999999999999868e-02
-3.939999999999999752e-02
9.149999999999999800e-02
-9.566000000000000059e-01
-7.265000000000000346e-01
7.999000000000000554e-01
2.735000000000000209e-01
5.151000000000000023e-01
9.548999999999999710e-01
-6.528000000000000469e-01
2.772000000000000020e-01
-5.618999999999999551e-01
-3.143000000000000238e-01
-5.917000000000000037e-01
-3.024000000000000021e-01
-8.691999999999999726e-01
-2.497000000000000053e-01
4.450000000000000067e-01
1.918999999999999873e-01
-4.009999999999999676e-02
3.389999999999999958e-02
3.062000000000000277e-01
-9.139000000000000457e-01
5.494999999999999885e-01
-3.916000000000000036e-01
-7.259999999999999787e-01
-7.550999999999999934e-01
4.368000000000000216e-01
1.242000000000000048e-01
