-7.401999999999999691e-01
9.896000000000000352e-01
5.300000000000000266e-01
-3.739999999999999991e-01
-9.965000000000000524e-01
-2.513000000000000234e-01
-4.607999999999999874e-01
-6.598000000000000531e-01
5.159000000000000252e-01
-5.795000000000000151e-01
4.323000000000000176e-01
7.796999999999999487e-01
8.114999999999999991e-01
-8.364000000000000323e-01
5.432000000000000162e-01
-5.474999999999999867e-01
-6.775999999999999801e-01
5.733000000000000318e-01
-2.576999999999999846e-01
-1.585999999999999910e-01
5.459000000000000519e-01
5.591000000000000414e-01
8.055999999999999828e-01
3.744999999999999996e-01
8.250000000000000389e-02
1.544000000000000095e-01
-2.550999999999999934e-01
9.503000000000000336e-01
-9.194999999999999840e-01
1.998000000000000054e-01
1.391999999999999904e-01
5.624000000000000110e-01
1.970999999999999974e-01
5.199999999999999761e-02
-3.907999999999999807e-01
2.079999999999999905e-01
9.808999999999999941e-01
-7.358999999999999986e-01
-8.031000000000000361e-01
-9.719999999999999474e-02
4.217000000000000193e-01
8.710999999999999854e-01
-6.439999999999999891e-02
-4.986999999999999766e-01
4.113999999999999879e-01
4.460000000000000075e-02
2.061999999999999944e-01
2.781000000000000139e-01
7.768000000000000460e-01
8.532999999999999474e-01
-2.954999999999999849e-01
-3.522000000000000131e-01
1.055999999999999994e-01
-6.909999999999999476e-02
-7.652999999999999803e-01
-4.786000000000000254e-01
4.683999999999999830e-01
-9.053999999999999826e-01
3.190999999999999948e-01
4.622999999999999887e-01
8.443000000000000504e-01
-2.561999999999999833e-01
-4.767000000000000126e-01
-7.580000000000000626e-02
-5.943000000000000504e-01
3.459999999999999742e-01
2.475999999999999868e-01
-9.489999999999999825e-02
-5.121999999999999886e-01
-2.406999999999999973e-01
-6.896999999999999797e-01
8.917000000000000481e-01
-7.953999999999999959e-01
5.370000000000000329e-01
6.209999999999999964e-01
