-7.298000000000000043e-01
-5.598999999999999533e-01
-8.169999999999999485e-02
1.408000000000000085e-01
8.697000000000000286e-01
-1.643000000000000016e-01
2.102999999999999869e-01
9.333000000000000185e-01
8.290999999999999481e-01
-8.088999999999999524e-01
7.914999999999999813e-01
-6.460000000000000464e-02
2.580999999999999961e-01
-6.928999999999999604e-01
8.989999999999999380e-02
-5.030000000000000027e-01
-9.609999999999999654e-01
5.987999999999999989e-01
4.719999999999999890e-02
-6.610000000000000320e-01
-4.042999999999999927e-01
-5.870000000000000218e-02
-2.818999999999999839e-01
-3.615999999999999770e-01
-3.916000000000000036e-01
-8.165000000000000036e-01
5.599999999999999943e-03
-1.580999999999999905e-01
-8.184000000000000163e-01
2.344999999999999862e-01
-5.725999999999999979e-01
9.896000000000000352e-01
8.690999999999999837e-01
3.464999999999999747e-01
3.652000000000000246e-01
-5.260000000000000092e-02
3.478999999999999870e-01
-7.489000000000000101e-01
1.370000000000000107e-01
-5.887999999999999901e-01
-9.334999999999999964e-01
-6.888999999999999568e-01
-3.986999999999999988e-01
-1.770000000000000046e-02
8.589999999999999858e-01
-4.343000000000000194e-01
-3.457000000000000073e-01
3.542000000000000148e-01
-6.624999999999999778e-01
-1.222000000000000031e-01
8.232000000000000428e-01
-4.915999999999999814e-01
-1.699999999999999905e-03
3.426000000000000156e-01
8.145999999999999908e-01
7.526000000000000467e-01
2.948000000000000065e-01
-2.706999999999999962e-01
-7.639000000000000234e-01
-8.175999999999999934e-01
2.908999999999999919e-01
-7.043000000000000371e-01
8.899999999999999925e-03
-2.851000000000000201e-01
-1.930000000000000049e-01
7.779000000000000359e-01
-2.818999999999999839e-01
-5.633000000000000229e-01
-4.783000000000000029e-01
5.282999999999999918e-01
-4.477999999999999758e-01
-9.659999999999999698e-01
-4.732999999999999985e-01
9.472000000000000419e-01
-1.638000000000000012e-01
