-2.374999999999999889e-01
-6.815999999999999837e-01
9.076999999999999513e-01
9.680999999999999606e-01
-1.449000000000000010e-01
-8.520999999999999686e-01
-5.905000000000000249e-01
-6.362999999999999767e-01
-8.606000000000000316e-01
-9.153000000000000025e-01
7.644999999999999574e-01
8.484000000000000430e-01
-8.881000000000000005e-01
-6.435999999999999499e-01
3.101999999999999758e-01
-9.901999999999999691e-01
1.666999999999999871e-01
-7.467000000000000304e-01
6.850000000000000533e-02
3.709999999999999964e-01
-6.578000000000000513e-01
-8.134000000000000119e-01
-3.299000000000000266e-01
6.825999999999999845e-01
3.168000000000000260e-01
2.490999999999999881e-01
1.721000000000000030e-01
-4.100000000000000346e-03
-1.340999999999999970e-01
-4.474000000000000199e-01
6.851000000000000423e-01
3.699999999999999817e-02
7.710000000000000187e-02
2.627999999999999781e-01
-8.193000000000000282e-01
-9.557999999999999829e-01
-3.454999999999999738e-01
-5.353999999999999870e-01
2.416999999999999982e-01
-5.605999999999999872e-01
-6.908999999999999586e-01
8.165000000000000036e-01
-1.824999999999999956e-01
-4.917000000000000259e-01
4.375000000000000000e-01
-7.521999999999999797e-01
4.375999999999999890e-01
9.858000000000000096e-01
4.908000000000000140e-01
4.536999999999999922e-01
6.559000000000000385e-01
-4.662000000000000033e-01
-1.093999999999999972e-01
-2.026000000000000023e-01
-1.039999999999999952e-02
4.658999999999999808e-01
2.893999999999999906e-01
-9.737000000000000099e-01
-9.196999999999999620e-01
-1.761999999999999955e-01
7.875999999999999668e-01
-6.394999999999999574e-01
-7.557000000000000384e-01
1.307000000000000106e-01
-3.113000000000000211e-01
-8.319999999999999618e-01
-9.106999999999999540e-01
-2.260999999999999954e-01
1.768000000000000127e-01
-5.666999999999999815e-01
-5.866000000000000103e-01
3.882999999999999785e-01
2.710000000000000187e-01
7.090000000000000469e-02
-8.469999999999999751e-01
