7.580999999999999961e-01
-5.637999999999999678e-01
7.497000000000000330e-01
-5.513000000000000123e-01
9.170000000000000373e-01
6.347000000000000419e-01
-4.880999999999999783e-01
4.889000000000000012e-01
9.937000000000000277e-01
-8.669999999999999929e-02
5.680000000000000326e-02
-4.757000000000000117e-01
-2.116000000000000103e-01
-2.318000000000000060e-01
5.510000000000000453e-01
-2.074999999999999900e-01
7.799000000000000377e-01
-3.486000000000000210e-01
8.024999999999999911e-01
-9.396999999999999797e-01
1.125000000000000028e-01
-2.863999999999999879e-01
-9.923999999999999488e-01
4.978000000000000203e-01
1.252000000000000057e-01
5.162999999999999812e-01
-7.320000000000000118e-02
5.059000000000000163e-01
-1.421000000000000041e-01
6.676999999999999602e-01
7.747000000000000552e-01
1.097000000000000058e-01
-6.114000000000000545e-01
-9.878000000000000114e-01
3.008000000000000118e-01
-9.684000000000000385e-01
9.009000000000000341e-01
-3.871999999999999886e-01
7.971000000000000307e-01
-2.602999999999999758e-01
-9.915000000000000480e-01
7.338999999999999968e-01
7.093000000000000416e-01
6.973000000000000309e-01
9.516000000000000014e-01
7.621999999999999886e-01
-1.009999999999999960e-02
3.121999999999999775e-01
-8.767000000000000348e-01
-1.736999999999999933e-01
2.641000000000000014e-01
-4.195999999999999730e-01
1.100000000000000066e-03
8.246999999999999886e-01
-2.931000000000000272e-01
7.438000000000000167e-01
5.219000000000000306e-01
4.480000000000000093e-01
-8.859000000000000208e-01
-5.559999999999999665e-02
-8.387999999999999901e-01
-4.050000000000000128e-02
-5.829999999999999627e-01
-9.859999999999999876e-01
-2.172999999999999932e-01
7.233000000000000540e-01
-8.909999999999999865e-02
9.203000000000000069e-01
3.875000000000000111e-01
-6.924000000000000155e-01
-9.874000000000000554e-01
-2.038999999999999979e-01
6.268000000000000238e-01
-4.018999999999999795e-01
-4.771000000000000241e-01
