2.134999999999999953e-01
3.729000000000000092e-01
-1.521000000000000130e-01
3.983999999999999764e-01
6.074000000000000510e-01
7.631999999999999895e-01
9.289999999999999647e-02
7.571999999999999842e-01
-6.525999999999999579e-01
-8.481999999999999540e-01
1.476999999999999980e-01
8.847000000000000419e-01
-6.383999999999999675e-01
-7.214000000000000412e-01
2.400000000000000050e-02
-7.552999999999999714e-01
-5.209000000000000297e-01
3.265000000000000124e-01
-6.541000000000000147e-01
9.232000000000000206e-01
1.097999999999999948e-01
-1.660000000000000087e-01
7.193000000000000504e-01
1.726999999999999924e-01
6.700000000000000400e-01
-7.934999999999999831e-01
-1.221000000000000002e-01
7.540000000000000036e-01
9.233999999999999986e-01
-9.603000000000000425e-01
8.197999999999999732e-01
5.564000000000000057e-01
-1.887999999999999956e-01
7.114000000000000323e-01
1.839999999999999969e-02
6.652000000000000135e-01
-6.857999999999999652e-01
-7.567000000000000393e-01
6.231999999999999762e-01
7.044000000000000261e-01
-9.883999999999999453e-01
-9.880999999999999783e-01
-7.438000000000000167e-01
7.942000000000000171e-01
4.726000000000000201e-01
6.138000000000000123e-01
-5.232999999999999874e-01
8.763999999999999568e-01
2.250000000000000056e-01
-7.045000000000000151e-01
-7.158999999999999808e-01
-6.930000000000000049e-02
5.818999999999999728e-01
-6.798999999999999488e-01
7.300000000000000065e-03
-1.653000000000000025e-01
2.745000000000000218e-01
-4.343000000000000194e-01
-2.847000000000000086e-01
3.803000000000000269e-01
-8.096999999999999753e-01
-4.053999999999999826e-01
-7.319999999999999840e-01
9.086999999999999522e-01
4.747000000000000108e-01
-3.620000000000000301e-02
7.077999999999999847e-01
-3.281000000000000028e-01
8.217999999999999750e-01
8.812999999999999723e-01
-1.741000000000000048e-01
8.642999999999999572e-01
-3.557000000000000162e-01
8.029999999999999638e-02
9.146999999999999575e-01
