5.401000000000000245e-01
-6.297000000000000375e-01
4.321999999999999731e-01
4.471999999999999864e-01
-7.514999999999999458e-01
-3.785999999999999921e-01
-3.716999999999999749e-01
3.042000000000000259e-01
6.716999999999999638e-01
-7.378000000000000114e-01
-2.750000000000000222e-01
-9.661999999999999478e-01
8.192000000000000393e-01
-8.780000000000000027e-01
8.608999999999999986e-01
-4.550000000000000155e-01
9.439999999999999780e-02
6.965000000000000080e-01
8.274000000000000243e-01
3.059999999999999942e-01
-8.959000000000000297e-01
-6.925999999999999934e-01
6.253999999999999559e-01
4.780000000000000221e-02
9.227999999999999536e-01
-4.950000000000000233e-02
-1.118999999999999995e-01
3.119999999999999996e-01
-2.544000000000000150e-01
-3.422000000000000042e-01
-3.755000000000000004e-01
-6.550000000000000266e-01
-6.876999999999999780e-01
2.308000000000000052e-01
2.987000000000000210e-01
7.460999999999999854e-01
6.999999999999999556e-01
2.278000000000000025e-01
-5.511000000000000343e-01
-1.953999999999999904e-01
4.179999999999999827e-01
-9.949999999999999956e-01
-1.642000000000000126e-01
5.746999999999999886e-01
4.179999999999999827e-01
8.804999999999999494e-01
-1.645999999999999963e-01
2.617999999999999772e-01
8.278999999999999693e-01
7.748000000000000442e-01
-7.009999999999999565e-02
2.973000000000000087e-01
-6.402999999999999803e-01
-2.177000000000000046e-01
-8.336000000000000076e-01
7.211999999999999522e-01
6.119999999999999746e-02
2.479999999999999982e-01
-8.446000000000000174e-01
-3.049999999999999933e-02
8.900000000000000133e-01
-9.882999999999999563e-01
-7.987999999999999545e-01
-1.458000000000000129e-01
4.542999999999999816e-01
5.193999999999999728e-01
3.420000000000000262e-01
-1.371999999999999886e-01
6.006000000000000227e-01
-5.949999999999999734e-01
4.950000000000000233e-02
-9.094999999999999751e-01
-8.500000000000000611e-03
3.795999999999999930e-01
-8.616000000000000325e-01
4.550000000000000155e-01
4.581000000000000072e-01
5.524000000000000021e-01
6.619000000000000439e-01
-8.589999999999999858e-01
2.681999999999999940e-01
7.197000000000000064e-01
-1.817999999999999894e-01
8.715000000000000524e-01
3.099999999999999978e-01
-4.653999999999999804e-01
8.447999999999999954e-01
1.006999999999999978e-01
9.160000000000000087e-02
-2.726000000000000090e-01
-6.402999999999999803e-01
-6.825999999999999845e-01
-3.175000000000000044e-01
2.656000000000000028e-01
1.209999999999999964e-02
3.204000000000000181e-01
-5.339000000000000412e-01
-1.619999999999999912e-02
6.308000000000000274e-01
3.682000000000000273e-01
-9.754000000000000448e-01
-5.523000000000000131e-01
9.327999999999999625e-01
8.558000000000000052e-01
-1.021999999999999992e-01
-5.464999999999999858e-01
9.495999999999999996e-01
-8.891000000000000014e-01
-9.905000000000000471e-01
1.236000000000000015e-01
5.160000000000000003e-02
3.639000000000000012e-01
2.383000000000000118e-01
-6.056000000000000272e-01
-6.795999999999999819e-01
5.699999999999999512e-01
4.127000000000000113e-01
-7.799000000000000377e-01
-3.785000000000000031e-01
-9.410000000000000309e-02
3.217999999999999750e-01
-8.597000000000000197e-01
-5.473999999999999977e-01
-9.340000000000000524e-01
-3.085999999999999854e-01
4.050000000000000266e-01
-3.740999999999999881e-01
-6.558000000000000496e-01
-6.696999999999999620e-01
9.156999999999999584e-01
-8.652999999999999581e-01
9.170000000000000373e-01
-7.872000000000000108e-01
2.086000000000000076e-01
1.203000000000000042e-01
2.053000000000000103e-01
-4.027999999999999914e-01
-6.444999999999999618e-01
3.917999999999999816e-01
6.862000000000000322e-01
5.591000000000000414e-01
6.308000000000000274e-01
9.483000000000000318e-01
4.531000000000000028e-01
-8.347999999999999865e-01
-4.890999999999999792e-01
-8.800999999999999934e-01
4.324999999999999956e-01
3.491000000000000214e-01
6.768999999999999462e-01
-9.650000000000000244e-02
-3.593000000000000083e-01
-4.692999999999999949e-01
7.134000000000000341e-01
2.197000000000000064e-01
-2.711999999999999966e-01
1.059999999999999970e-01
8.014000000000000012e-01
2.600000000000000089e-01
-5.836000000000000076e-01
1.776999999999999968e-01
2.610000000000000098e-01
-8.974999999999999645e-01
-7.501999999999999780e-01
-4.847000000000000197e-01
-3.709000000000000075e-01
-6.220999999999999863e-01
1.329999999999999932e-02
-2.851000000000000201e-01
-3.371999999999999997e-01
5.745999999999999996e-01
4.462999999999999745e-01
6.861000000000000432e-01
3.300000000000000155e-02
4.234999999999999876e-01
-8.999999999999999667e-02
-1.391000000000000014e-01
2.031999999999999917e-01
7.033000000000000362e-01
5.651000000000000467e-01
6.199999999999999956e-01
-5.191000000000000059e-01
-9.627999999999999892e-01
-8.594000000000000528e-01
-8.569999999999999840e-01
-8.924999999999999600e-01
6.289000000000000146e-01
6.532000000000000028e-01
-3.538000000000000034e-01
9.313000000000000167e-01
-9.382000000000000339e-01
-3.613999999999999990e-01
3.104000000000000092e-01
-5.630000000000000282e-02
1.665999999999999981e-01
-9.010000000000000231e-01
4.509000000000000230e-01
1.532999999999999918e-01
-3.815999999999999948e-01
7.654999999999999583e-01
