4.026000000000000134e-01
3.171999999999999820e-01
-6.414999999999999591e-01
-3.444999999999999729e-01
-3.204000000000000181e-01
1.923999999999999877e-01
1.310000000000000053e-01
6.035000000000000364e-01
8.981000000000000094e-01
2.391999999999999960e-01
1.710000000000000062e-02
9.901999999999999691e-01
4.895999999999999797e-01
-8.155999999999999917e-01
2.810000000000000275e-01
7.672999999999999821e-01
-9.809999999999999831e-01
-7.400999999999999801e-01
9.680999999999999606e-01
-7.533999999999999586e-01
-3.469999999999999751e-01
-7.667000000000000481e-01
6.064000000000000501e-01
1.640000000000000069e-01
5.548999999999999488e-01
8.441999999999999504e-01
3.498999999999999888e-01
-1.854000000000000092e-01
9.593000000000000416e-01
-3.557000000000000162e-01
-5.240000000000000213e-01
7.538000000000000256e-01
-8.085999999999999854e-01
7.137999999999999901e-01
5.739999999999999963e-02
-8.680999999999999828e-01
4.298000000000000154e-01
8.897000000000000464e-01
7.176000000000000156e-01
6.246000000000000441e-01
3.004000000000000004e-01
7.562999999999999723e-01
2.144999999999999962e-01
-7.395000000000000462e-01
-7.495000000000000551e-01
5.050000000000000322e-02
-5.188000000000000389e-01
-9.076999999999999513e-01
1.016999999999999987e-01
2.641000000000000014e-01
6.819999999999999674e-02
1.806999999999999995e-01
5.732000000000000428e-01
-2.305000000000000104e-01
8.582999999999999519e-01
2.854999999999999760e-01
1.419999999999999873e-01
7.170999999999999597e-01
-8.780000000000000304e-02
9.345999999999999863e-01
8.739000000000000101e-01
-7.720000000000000473e-02
8.119999999999999440e-02
-7.879999999999999505e-02
-8.178999999999999604e-01
-5.415999999999999703e-01
9.000000000000000222e-01
1.837000000000000022e-01
-3.615999999999999770e-01
2.500000000000000000e-01
4.139999999999999791e-01
-1.401000000000000023e-01
-4.380999999999999894e-01
2.970000000000000070e-02
-1.512000000000000011e-01
8.054000000000000048e-01
-3.573999999999999955e-01
9.706000000000000183e-01
4.989999999999999991e-01
5.605999999999999872e-01
-9.562000000000000499e-01
-1.799999999999999933e-01
3.835999999999999965e-01
-9.006999999999999451e-01
3.629999999999999893e-02
-2.723999999999999755e-01
1.055999999999999994e-01
1.927999999999999992e-01
-5.565999999999999837e-01
9.596999999999999975e-01
-5.891999999999999460e-01
-8.823999999999999622e-01
-3.114000000000000101e-01
-6.429999999999999605e-02
2.666000000000000036e-01
-2.775000000000000244e-01
-2.048000000000000098e-01
-6.169999999999999790e-02
4.793000000000000038e-01
7.919000000000000483e-01
1.480000000000000066e-02
-9.351000000000000423e-01
8.004999999999999893e-01
3.150999999999999912e-01
-5.379000000000000448e-01
-4.365999999999999881e-01
-5.654000000000000137e-01
-4.270000000000000184e-02
4.215999999999999748e-01
-4.869999999999999885e-01
-3.543999999999999928e-01
-4.859999999999999737e-02
-3.881999999999999895e-01
6.672000000000000153e-01
-3.365000000000000213e-01
6.926999999999999824e-01
-4.728999999999999870e-01
-6.254999999999999449e-01
4.978000000000000203e-01
-7.430000000000000493e-02
-7.791000000000000147e-01
-5.910999999999999588e-01
8.839000000000000190e-01
-6.513999999999999790e-01
-4.340999999999999859e-01
-9.395000000000000018e-01
8.572999999999999510e-01
-2.036000000000000032e-01
-3.318999999999999728e-01
-1.350999999999999979e-01
-3.059999999999999942e-01
7.789999999999999702e-02
-6.411000000000000032e-01
-2.449999999999999956e-01
9.516999999999999904e-01
-7.815999999999999615e-01
6.155000000000000471e-01
-9.765000000000000346e-01
-5.000999999999999890e-01
9.745000000000000329e-01
8.760999999999999899e-01
9.671999999999999487e-01
2.305999999999999994e-01
-2.665000000000000147e-01
-7.544999999999999485e-01
-8.859999999999999820e-02
-9.647999999999999909e-01
9.437999999999999723e-01
3.578000000000000069e-01
3.790000000000000036e-01
-5.010999999999999899e-01
7.560000000000000053e-02
7.969999999999999307e-02
5.889999999999999680e-01
-7.013000000000000345e-01
8.739000000000000101e-01
-3.774000000000000132e-01
1.580000000000000154e-02
-1.532000000000000028e-01
9.811999999999999611e-01
1.155000000000000054e-01
8.007999999999999563e-01
4.148999999999999910e-01
8.391999999999999460e-01
9.697000000000000064e-01
-3.780000000000000027e-02
-2.069000000000000006e-01
7.630000000000000115e-01
1.184000000000000052e-01
9.013999999999999790e-01
-5.345999999999999641e-01
2.494999999999999996e-01
8.003000000000000114e-01
-4.677999999999999936e-01
2.600999999999999979e-01
-2.212999999999999967e-01
4.858000000000000096e-01
6.452999999999999847e-01
9.217999999999999527e-01
-6.870000000000000551e-01
-9.986000000000000432e-01
-7.550999999999999934e-01
-8.537000000000000144e-01
-5.447999999999999510e-01
7.045000000000000151e-01
-5.034999999999999476e-01
9.337999999999999634e-01
-8.788000000000000256e-01
-8.494000000000000439e-01
8.519999999999999796e-02
-7.338000000000000078e-01
1.802999999999999881e-01
7.187999999999999945e-01
-1.123999999999999999e-01
-3.679999999999999938e-01
5.929999999999999716e-01
-1.696999999999999897e-01
6.867999999999999661e-01
8.094999999999999973e-01
-2.777000000000000024e-01
