1.581228450803020991e+00
1.924292084431646011e+00
-8.684542315946477964e-02
1.671852442418546580e+00
3.933297264639645241e-01
-5.688289627722886710e-01
-5.087665894634591651e-02
-1.373638403908649386e-01
-4.034601014725396340e-01
-8.581982583705382028e-01
-2.340240973953875425e-01
6.186203183036257380e-01
-5.609753021758328018e-01
-2.744141651855668274e-01
-5.723699399776016605e-01
-2.965548645864891641e-01
2.493077786066631718e-02
9.765497534424271153e-01
-1.111251193356882050e+00
-1.121103994472692628e-01
9.650854249217016845e-01
-4.486818325192911128e-01
7.165285720856777729e-01
7.842678099802848912e-01
1.300606382656096516e+00
-3.938044870950428711e-02
1.780379066596224469e+00
6.497648245365875708e-01
2.866055269361866276e-01
-5.093035548455353279e-02
-1.438172324616876496e-01
-2.861026934894124740e-01
-4.344087373148342590e-01
3.519084203908044439e-01
-7.437002604089473223e-01
-6.473545764300938643e-01
-6.340641735807549528e-01
9.648559665673737129e-01
-8.222745501191545126e-01
-1.680775970594014401e+00
1.359428938299296619e-01
-2.545242733848466776e-01
8.510477683418991024e-01
1.935978390947915573e-01
-1.100797227981934245e+00
-4.418681329135994429e-01
4.979281750026210984e-01
2.611767721906771422e-01
-2.825428183751261257e-01
3.556230511719211673e-01
-1.200749592787566655e-01
1.155600792281420153e-01
8.619745386135827525e-01
5.890377268474472627e-01
-8.952416571379071542e-01
-4.959236800822705571e-01
3.020287454600402155e-01
-4.565615173902936030e-01
1.770621643688112590e+00
3.763039056225950252e-02
-2.827508196858657397e-01
-3.155732755041828486e-01
1.500815781884100808e+00
-6.691791477066352245e-01
-6.971416060875339493e-01
3.058217413565978426e-01
-6.257602550225362936e-01
1.323461187204803879e+00
8.900347275341184972e-01
5.433745350996833645e-01
-1.092243005486164931e+00
1.505962560496711067e+00
-1.050847461598434673e+00
-2.340535803562172612e-01
-5.391433054510783585e-01
-2.697012759201152313e-02
1.531461477415202888e+00
2.051118486366674543e-01
1.242143893024162532e-01
1.229541615522533465e-01
6.681784806761131845e-01
7.657292809325748628e-01
6.554323238065060675e-01
-3.182640333498921725e-01
4.858528464154573956e-01
3.505651425252904324e-02
2.915102840257438599e-01
5.005114217166113377e-01
-3.110187602998330525e-01
1.831735999445024854e+00
-1.643423431982534155e-01
-1.592604793581440248e-01
2.035366847163627355e-02
-3.160375339182802112e-01
1.675621677813405042e-01
4.705294325579940096e-01
1.160787001700483989e+00
7.629316173614482111e-01
1.232907799317195102e-01
3.956685950727281131e-01
-1.068816978386623595e-01
9.897704816288782625e-01
8.300815493163666847e-01
1.711465973481788527e+00
1.145845963442553517e+00
8.182762359086580561e-01
-4.690402291229518461e-01
2.561118697688387069e-01
-4.678901319590517693e-01
1.336483567984215970e+00
7.240624196210410091e-01
8.344336198347883649e-01
-4.420696609770474739e-01
1.008603090875708208e+00
2.184543416062193766e-01
-3.598699127326435709e-01
-3.426386174960642517e-02
2.283870601288785496e-01
-3.572293488286847341e-01
-4.163674507184865758e-01
