-7.708508800000005579e+01 6.031102410873423469e-01 0.000000000000000000e+00 3.433085686546095250e+00
-7.666983400000006554e+01 5.998613125779466149e-01 0.000000000000000000e+00 3.378263130699925565e+00
-7.691015200000005336e+01 6.017415497376632505e-01 0.000000000000000000e+00 2.844128611097009873e+00
-7.722071400000000096e+01 6.041713727754540741e-01 0.000000000000000000e+00 2.536512260861158996e+00
-7.704801800000005585e+01 6.028202070844349558e-01 0.000000000000000000e+00 2.585697704033172784e+00
-7.651610200000006046e+01 5.986585203649722464e-01 0.000000000000000000e+00 2.677714021060094485e+00
-7.761060200000008535e+01 6.072218388484397211e-01 0.000000000000000000e+00 3.221512722841599174e+00
-7.721725199999997358e+01 6.041442862440790096e-01 0.000000000000000000e+00 3.086467898779765129e+00
-7.745370600000006789e+01 6.059942916426085402e-01 0.000000000000000000e+00 2.921037602343911743e+00
-7.721916200000003982e+01 6.041592299976688007e-01 0.000000000000000000e+00 3.296702029738939554e+00
-7.731588400000005379e+01 6.049159785498460229e-01 0.000000000000000000e+00 2.574008850444313712e+00
-7.802219600000006494e+01 6.104421316834182099e-01 0.000000000000000000e+00 2.575158176015405864e+00
-7.813537400000006983e+01 6.113276312351056951e-01 0.000000000000000000e+00 2.382653148230291063e+00
-7.760612000000006105e+01 6.071867718832106853e-01 0.000000000000000000e+00 2.334855067074276924e+00
-7.797354200000002322e+01 6.100614649885850449e-01 0.000000000000000000e+00 2.930037362645911969e+00
-7.915111400000007791e+01 6.192747350417726615e-01 0.000000000000000000e+00 2.539589679616004236e+00
-7.896683799999999565e+01 6.178329679546460396e-01 0.000000000000000000e+00 2.418815349861008546e+00
-7.865427800000003344e+01 6.153875126552470487e-01 0.000000000000000000e+00 3.023258108301390745e+00
-7.810955400000001703e+01 6.111256167232339553e-01 0.000000000000000000e+00 2.264404538911371834e+00
-7.967735000000004675e+01 6.233919816982054218e-01 0.000000000000000000e+00 3.145428135220765586e+00
-7.854978000000004101e+01 6.145699250308658268e-01 0.000000000000000000e+00 2.355109739963878734e+00
-7.991726000000005570e+01 6.252690266843805578e-01 0.000000000000000000e+00 2.676402419425575108e+00
-8.014330200000003401e+01 6.270375690659608647e-01 0.000000000000000000e+00 2.814472327886774927e+00
-8.130332200000002274e+01 6.361135130652222358e-01 0.000000000000000000e+00 2.551792154687217540e+00
-8.060304800000004377e+01 6.306346009704836275e-01 0.000000000000000000e+00 2.238373569912048833e+00
-7.899494000000002814e+01 6.180528367312770888e-01 0.000000000000000000e+00 2.565625226652630708e+00
-8.123333800000004601e+01 6.355659614153850168e-01 0.000000000000000000e+00 2.736086725498755978e+00
-8.179455200000006698e+01 6.399568743613701649e-01 0.000000000000000000e+00 2.515461461710255531e+00
-8.143019800000000430e+01 6.371061851491950367e-01 0.000000000000000000e+00 2.661505983422532307e+00
-8.204751800000005346e+01 6.419360689008756227e-01 0.000000000000000000e+00 2.942409364579245068e+00
-8.012919800000005921e+01 6.269272200080434621e-01 0.000000000000000000e+00 2.201962794297557480e+00
-8.008306800000002568e+01 6.265663009750214174e-01 0.000000000000000000e+00 2.647378934799513139e+00
-8.154536600000004398e+01 6.380072543708527055e-01 0.000000000000000000e+00 3.039661575135885752e+00
-8.115449400000005653e+01 6.349490895263851797e-01 0.000000000000000000e+00 2.843941008843505980e+00
-8.256764599999999632e+01 6.460055268416415863e-01 0.000000000000000000e+00 2.473274609913837629e+00
-8.206307400000007135e+01 6.420577783411031136e-01 0.000000000000000000e+00 2.657517796461406512e+00
-8.206572200000005068e+01 6.420784961733041474e-01 0.000000000000000000e+00 2.961055977200898859e+00
-8.255333600000004424e+01 6.458935660490440211e-01 0.000000000000000000e+00 3.205147672972275430e+00
-8.130769400000011160e+01 6.361477193954282461e-01 0.000000000000000000e+00 2.321232359639677334e+00
-8.153006800000004262e+01 6.378875635109531039e-01 0.000000000000000000e+00 2.080680704509264789e+00
-8.165861200000004771e+01 6.388932859514636631e-01 0.000000000000000000e+00 2.139152422130566666e+00
-8.183636800000004996e+01 6.402840408535624972e-01 0.000000000000000000e+00 2.537896286332004259e+00
-8.139663800000002425e+01 6.368436132274910566e-01 0.000000000000000000e+00 2.648152915218416670e+00
-8.220561000000002139e+01 6.431729735565978601e-01 0.000000000000000000e+00 2.153417094041256696e+00
-8.085805200000011439e+01 6.326297407297880593e-01 0.000000000000000000e+00 2.383107532532286577e+00
-8.215634800000006521e+01 6.427875498972719370e-01 0.000000000000000000e+00 3.120698454405566924e+00
-8.173561200000008853e+01 6.394957304678887677e-01 0.000000000000000000e+00 2.755672475270901867e+00
-8.209272600000002740e+01 6.422897742476095795e-01 0.000000000000000000e+00 2.487951030024911248e+00
-8.111494800000005512e+01 6.346396834114950147e-01 0.000000000000000000e+00 3.008945503347837391e+00
-8.231037200000008625e+01 6.439926267050359865e-01 0.000000000000000000e+00 2.778937613152540287e+00
-8.207352000000000203e+01 6.421395073725125746e-01 0.000000000000000000e+00 3.027237754158404570e+00
-8.182897400000003074e+01 6.402261905320760782e-01 0.000000000000000000e+00 2.426998581472326943e+00
-8.228087600000004898e+01 6.437618513354712579e-01 0.000000000000000000e+00 2.861405710172198358e+00
-8.101128400000003182e+01 6.338286209653823944e-01 0.000000000000000000e+00 2.091855793585101875e+00
-8.146867400000006398e+01 6.374072196324936934e-01 0.000000000000000000e+00 2.804481593630832492e+00
-8.218759000000002857e+01 6.430319858918449594e-01 0.000000000000000000e+00 2.889982369436977727e+00
-8.202121000000006745e+01 6.417302362990821019e-01 0.000000000000000000e+00 2.598420778107543239e+00
-8.232186000000002934e+01 6.440825082973041793e-01 0.000000000000000000e+00 2.412681380631194195e+00
-8.216706800000004307e+01 6.428714226922856989e-01 0.000000000000000000e+00 2.723581709414010898e+00
-8.224578800000003298e+01 6.434873244108956225e-01 0.000000000000000000e+00 2.719983129302998126e+00
-8.003876800000004721e+01 6.262196997792083275e-01 0.000000000000000000e+00 2.459511705290422956e+00
-8.090719800000007922e+01 6.330142568103620526e-01 0.000000000000000000e+00 2.485213730457918047e+00
-8.236235800000008567e+01 6.443993628171250654e-01 0.000000000000000000e+00 3.193367786148680221e+00
-8.075350600000004420e+01 6.318117775555778248e-01 0.000000000000000000e+00 2.818994084428776858e+00
-8.122430000000002792e+01 6.354952485122752348e-01 0.000000000000000000e+00 2.865182891336621296e+00
-8.272496400000002836e+01 6.472363757563810438e-01 0.000000000000000000e+00 3.024264481029422136e+00
-8.304547800000005964e+01 6.497440627919317535e-01 0.000000000000000000e+00 2.807761460830540567e+00
-8.357832600000001833e+01 6.539130414372292810e-01 0.000000000000000000e+00 2.479459571721631672e+00
-8.236593200000005766e+01 6.444273256314326792e-01 0.000000000000000000e+00 1.926662790647248658e+00
-8.088637000000001365e+01 6.328512994806460012e-01 0.000000000000000000e+00 2.962095322452153567e+00
-8.259096800000004635e+01 6.461879971145257917e-01 0.000000000000000000e+00 2.295128779330939839e+00
-8.358504000000006329e+01 6.539655714694799782e-01 0.000000000000000000e+00 2.703054781897582970e+00
-8.376437800000002198e+01 6.553687038680069410e-01 0.000000000000000000e+00 2.845525737849446735e+00
-8.219392400000005239e+01 6.430815428212871554e-01 0.000000000000000000e+00 2.535938972719488316e+00
-8.430589000000006195e+01 6.596054692573349865e-01 0.000000000000000000e+00 2.877427145432656097e+00
-8.390687800000002028e+01 6.564836174211308162e-01 0.000000000000000000e+00 2.631117111890081350e+00
-8.284839400000007004e+01 6.482020864922556358e-01 0.000000000000000000e+00 2.267424404086377354e+00
-8.219361800000002916e+01 6.430791486911308086e-01 0.000000000000000000e+00 2.630750931562156225e+00
-8.347401200000004451e+01 6.530968934205237941e-01 0.000000000000000000e+00 2.564068998397159849e+00
-8.440031800000006967e+01 6.603442696572956461e-01 0.000000000000000000e+00 3.024590477609900852e+00
-8.308232200000001910e+01 6.500323285810633012e-01 0.000000000000000000e+00 2.387490539516080812e+00
-8.363814600000004873e+01 6.543810704108987686e-01 0.000000000000000000e+00 2.523765387110250558e+00
-8.351773400000004699e+01 6.534389723704865371e-01 0.000000000000000000e+00 3.104158475343107071e+00
-8.368888800000006256e+01 6.547780735232681115e-01 0.000000000000000000e+00 2.876781031796659338e+00
-8.238880199999999832e+01 6.446062594767651976e-01 0.000000000000000000e+00 2.432022383684705247e+00
-8.535947800000002417e+01 6.678486941037113933e-01 0.000000000000000000e+00 2.641917383746397174e+00
-8.533316400000003910e+01 6.676428145581894125e-01 0.000000000000000000e+00 2.297794153887680491e+00
-8.576986000000003685e+01 6.710595043055225251e-01 0.000000000000000000e+00 2.186826116599676073e+00
-8.538579800000002251e+01 6.680546205929620562e-01 0.000000000000000000e+00 2.094815473659392246e+00
-8.605930800000002989e+01 6.733241323625372976e-01 0.000000000000000000e+00 2.998131697219911462e+00
-8.568974200000000963e+01 6.704326646981596527e-01 0.000000000000000000e+00 2.742769255943615647e+00
-8.592622400000003324e+01 6.722828891674219598e-01 0.000000000000000000e+00 2.087281486204125791e+00
-8.552830400000004829e+01 6.691695810898146135e-01 0.000000000000000000e+00 2.397070222606140444e+00
-8.666566800000002502e+01 6.780682655700613903e-01 0.000000000000000000e+00 2.700239913504133504e+00
-8.446920800000003737e+01 6.608832619006266285e-01 0.000000000000000000e+00 2.732115458157474919e+00
-8.685151400000002297e+01 6.795223162661585548e-01 0.000000000000000000e+00 2.209783314621548200e+00
-8.672584000000004778e+01 6.785390485758058254e-01 0.000000000000000000e+00 2.239542321028286764e+00
-8.808828600000003917e+01 6.891987644410647595e-01 0.000000000000000000e+00 2.613543309167254858e+00
-8.629147399999999379e+01 6.751405886430601466e-01 0.000000000000000000e+00 2.805861968088172453e+00
-8.810076600000003566e+01 6.892964073964541472e-01 0.000000000000000000e+00 3.076518843299315353e+00
-8.846510200000005852e+01 6.921469557774433401e-01 0.000000000000000000e+00 3.139506162606862105e+00
-8.675300400000008949e+01 6.787515784828732635e-01 0.000000000000000000e+00 2.671773548587778713e+00
-8.837870000000006598e+01 6.914709504383766969e-01 0.000000000000000000e+00 2.355331743731719829e+00
-8.914939200000007702e+01 6.975008097793181649e-01 0.000000000000000000e+00 2.256108825178090527e+00
-8.871947400000003370e+01 6.941371507973395083e-01 0.000000000000000000e+00 2.949359397886773149e+00
-8.961118200000005629e+01 7.011138338473675846e-01 0.000000000000000000e+00 3.140785771603511911e+00
-8.936467200000006983e+01 6.991851507597848236e-01 0.000000000000000000e+00 2.556237140406961483e+00
-8.966712600000010980e+01 7.015515371723922700e-01 0.000000000000000000e+00 2.948721719373849748e+00
-8.901405200000013451e+01 6.964419157422674367e-01 0.000000000000000000e+00 2.769017447241399310e+00
-8.829495200000006605e+01 6.908157098752397696e-01 0.000000000000000000e+00 2.654264779728098489e+00
-8.822965000000006341e+01 6.903047899815828448e-01 0.000000000000000000e+00 2.256404132327326728e+00
-8.879914800000004504e+01 6.947605165687893436e-01 0.000000000000000000e+00 2.440944709750011654e+00
-8.988142600000000471e+01 7.032282106771946539e-01 0.000000000000000000e+00 2.815887060788331731e+00
-8.978615000000009161e+01 7.024827755635992821e-01 0.000000000000000000e+00 2.110083163352247215e+00
-8.898803200000003244e+01 6.962383364394436613e-01 0.000000000000000000e+00 2.142046415990695341e+00
-8.853821400000006747e+01 6.927189807577661673e-01 0.000000000000000000e+00 2.524492281668942795e+00
-9.014014400000002070e+01 7.052524086044725804e-01 0.000000000000000000e+00 2.877740355978677389e+00
-8.903418200000007232e+01 6.965994119515608318e-01 0.000000000000000000e+00 2.458891404159708749e+00
-8.961518000000006623e+01 7.011451140184932207e-01 0.000000000000000000e+00 2.543024269795252756e+00
-8.893940800000009972e+01 6.958579044632540178e-01 0.000000000000000000e+00 2.628801907682346339e+00
-8.936003000000003738e+01 6.991488319617943370e-01 0.000000000000000000e+00 2.085551347856353654e+00
-8.935051200000006588e+01 6.990743635604006467e-01 0.000000000000000000e+00 2.356386407118435056e+00
-8.980064000000004398e+01 7.025961446680534239e-01 0.000000000000000000e+00 3.058725174733006202e+00
-8.879635800000006896e+01 6.947386877350125722e-01 0.000000000000000000e+00 1.931632685934284721e+00
-8.877000000000005286e+01 6.945324639354809593e-01 0.000000000000000000e+00 2.841111353756561986e+00
-8.975888600000003237e+01 7.022694632610558818e-01 0.000000000000000000e+00 2.615859401011955132e+00
-8.846569400000004180e+01 6.921515875586604638e-01 0.000000000000000000e+00 3.046354164658024999e+00
-8.752175200000003485e+01 6.847662280557631487e-01 0.000000000000000000e+00 2.637348580113418439e+00
-9.009208200000003330e+01 7.048763736908569832e-01 0.000000000000000000e+00 2.179926533669879429e+00
-8.805367000000006783e+01 6.889279304231356038e-01 0.000000000000000000e+00 2.289797842142136552e+00
-8.930075600000006375e+01 6.986850748674235945e-01 0.000000000000000000e+00 2.698826184736279554e+00
-8.850605200000005368e+01 6.924673467248146919e-01 0.000000000000000000e+00 2.114289428620348410e+00
-8.808854600000009327e+01 6.892007986693025057e-01 0.000000000000000000e+00 2.294940973313679855e+00
-8.900488400000007516e+01 6.963701857250386151e-01 0.000000000000000000e+00 2.344450502124780122e+00
-8.894605000000001382e+01 6.959098711707610851e-01 0.000000000000000000e+00 2.212977915124387795e+00
-8.957034200000001078e+01 7.007943035350192584e-01 0.000000000000000000e+00 2.472779810690304281e+00
-8.971211200000003316e+01 7.019035056011694307e-01 0.000000000000000000e+00 2.165688921452250337e+00
-8.840920600000001173e+01 6.917096280022471122e-01 0.000000000000000000e+00 2.730139359221744222e+00
-8.917243400000009501e+01 6.976810893448697204e-01 0.000000000000000000e+00 2.910483302301138053e+00
-9.067870200000002967e+01 7.094660620314431343e-01 0.000000000000000000e+00 2.682216910683317135e+00
-9.074002000000002965e+01 7.099458112893409778e-01 0.000000000000000000e+00 2.440511507322539408e+00
-8.938420200000007299e+01 6.993379525962234444e-01 0.000000000000000000e+00 2.678086458950143189e+00
-8.932579200000002118e+01 6.988809553987636036e-01 0.000000000000000000e+00 2.152787868979255226e+00
-9.029603200000006780e+01 7.064720692639071542e-01 0.000000000000000000e+00 2.128936077005544547e+00
-8.983869400000007488e+01 7.028938774424436930e-01 0.000000000000000000e+00 2.488742258867869594e+00
-9.109345400000003679e+01 7.127110629155500865e-01 0.000000000000000000e+00 2.420983350566708658e+00
-9.050316200000008848e+01 7.080926450130901051e-01 0.000000000000000000e+00 2.554838839914437720e+00
-9.151289400000007390e+01 7.159927424995663481e-01 0.000000000000000000e+00 2.709744588128727649e+00
-9.014109600000006139e+01 7.052598570094033015e-01 0.000000000000000000e+00 2.817027144869805877e+00
-9.050297400000000891e+01 7.080911741095948786e-01 0.000000000000000000e+00 2.199696696384493055e+00
-8.923671200000001136e+01 6.981839975088528494e-01 0.000000000000000000e+00 2.398835597386550944e+00
-9.037691600000007952e+01 7.071049020206151559e-01 0.000000000000000000e+00 2.462354495674349053e+00
-9.052361400000003755e+01 7.082526605358160365e-01 0.000000000000000000e+00 2.522556957261877564e+00
-9.088134400000012647e+01 7.110515238716693665e-01 0.000000000000000000e+00 2.084578051450676650e+00
-9.167949400000006221e+01 7.172962133623763670e-01 0.000000000000000000e+00 2.996441336788044030e+00
-9.049167800000006423e+01 7.080027947166402935e-01 0.000000000000000000e+00 1.929454932587140403e+00
-9.069818600000006370e+01 7.096185039659631544e-01 0.000000000000000000e+00 2.650142402159026300e+00
-9.102282800000006091e+01 7.121584882867577626e-01 0.000000000000000000e+00 2.421321689502773822e+00
-9.143981000000006532e+01 7.154209365899767414e-01 0.000000000000000000e+00 2.646890340502692673e+00
-9.074019400000001667e+01 7.099471726574689834e-01 0.000000000000000000e+00 2.428436455280923223e+00
-9.109364800000010121e+01 7.127125807627737730e-01 0.000000000000000000e+00 2.675429445618181301e+00
-9.191185000000004379e+01 7.191141561943035221e-01 0.000000000000000000e+00 2.783633811307540729e+00
-9.068081000000000813e+01 7.094825549280744381e-01 0.000000000000000000e+00 2.274588290485142661e+00
-9.095707800000002408e+01 7.116440632613687534e-01 0.000000000000000000e+00 2.577260373310066299e+00
-9.204920400000007419e+01 7.201888076762390511e-01 0.000000000000000000e+00 2.363483305918951949e+00
-9.226400400000004254e+01 7.218693931584213574e-01 0.000000000000000000e+00 2.631522911225944394e+00
-9.154103600000004803e+01 7.162129242343873159e-01 0.000000000000000000e+00 2.786143586890618362e+00
-9.244852800000005288e+01 7.233131005863275842e-01 0.000000000000000000e+00 2.289437788605523494e+00
-9.154199000000009789e+01 7.162203882872275607e-01 0.000000000000000000e+00 2.790413712981636429e+00
-9.201123200000006364e+01 7.198917164661391421e-01 0.000000000000000000e+00 2.192458837128079097e+00
-9.285919400000005908e+01 7.265261327912901912e-01 0.000000000000000000e+00 2.724916330466761849e+00
-9.201583400000006918e+01 7.199277223059390440e-01 0.000000000000000000e+00 2.690202170474227383e+00
-9.124854400000006649e+01 7.139244800590870410e-01 0.000000000000000000e+00 2.122880970238798515e+00
-9.215839800000004800e+01 7.210431365921673441e-01 0.000000000000000000e+00 2.765439742334085071e+00
-9.241789200000006588e+01 7.230734059083381293e-01 0.000000000000000000e+00 2.378924773233284107e+00
-9.227432200000005480e+01 7.219501207236223017e-01 0.000000000000000000e+00 2.962390969619784986e+00
-9.279771000000008030e+01 7.260450847569025479e-01 0.000000000000000000e+00 2.515400534224272899e+00
-9.331247600000004638e+01 7.300725906522521624e-01 0.000000000000000000e+00 2.811742168845615897e+00
-9.269921600000003536e+01 7.252744721568924469e-01 0.000000000000000000e+00 2.851477231570621385e+00
-9.218030200000001173e+01 7.212145124972030308e-01 0.000000000000000000e+00 2.710151974641371364e+00
-9.198163400000004231e+01 7.196601430531891497e-01 0.000000000000000000e+00 2.351710393434935042e+00
-9.192687200000003145e+01 7.192316876426896322e-01 0.000000000000000000e+00 2.315107319897378613e+00
-9.281932400000003724e+01 7.262141917150580772e-01 0.000000000000000000e+00 2.885171953250311727e+00
-9.327575800000008144e+01 7.297853106814201629e-01 0.000000000000000000e+00 2.848266651246336600e+00
-9.194272600000005013e+01 7.193557286214351532e-01 0.000000000000000000e+00 2.051742930646670349e+00
-9.231096000000006541e+01 7.222367747780740199e-01 0.000000000000000000e+00 2.136176386429593066e+00
-9.190997200000006728e+01 7.190994628072667760e-01 0.000000000000000000e+00 2.400687912526218604e+00
-9.195600200000008329e+01 7.194595994448128584e-01 0.000000000000000000e+00 2.382035493971786710e+00
-9.329622000000000526e+01 7.299454044436933797e-01 0.000000000000000000e+00 2.688660561046197106e+00
-9.367623000000004652e+01 7.329185854915716281e-01 0.000000000000000000e+00 2.508544976694858875e+00
-9.252832200000008811e+01 7.239374052323486186e-01 0.000000000000000000e+00 2.647767655267128983e+00
-9.317737800000004711e+01 7.290155900122526900e-01 0.000000000000000000e+00 2.106861705182292432e+00
-9.273672000000004800e+01 7.255679017561652566e-01 0.000000000000000000e+00 2.152459405358710054e+00
-9.250319200000008379e+01 7.237407892492608852e-01 0.000000000000000000e+00 2.752136414125498920e+00
-9.246403600000007827e+01 7.234344344767267287e-01 0.000000000000000000e+00 2.496214535486835473e+00
-9.262084600000008550e+01 7.246613088224485022e-01 0.000000000000000000e+00 2.312317178945061169e+00
-9.314571800000005908e+01 7.287678836045903275e-01 0.000000000000000000e+00 2.786346733424367894e+00
-9.196791800000005423e+01 7.195528296897180098e-01 0.000000000000000000e+00 2.386137094979322804e+00
-9.214290200000003495e+01 7.209218965892254527e-01 0.000000000000000000e+00 2.334393618232461609e+00
-9.387256400000005385e+01 7.344546938251788060e-01 0.000000000000000000e+00 2.433401154618155093e+00
