-6.069999999999999840e-01
9.066999999999999504e-01
-7.523999999999999577e-01
-9.900000000000000466e-02
-9.548999999999999710e-01
1.426999999999999935e-01
2.963000000000000078e-01
-7.648000000000000353e-01
-4.264000000000000012e-01
-6.589000000000000412e-01
-7.227999999999999980e-01
-6.924000000000000155e-01
-8.852999999999999758e-01
7.401999999999999691e-01
-8.169999999999999485e-01
4.117999999999999994e-01
6.549000000000000377e-01
-8.907000000000000473e-01
-1.406999999999999917e-01
-6.019999999999999796e-01
-5.019000000000000128e-01
-1.454999999999999905e-01
-4.766000000000000236e-01
5.774000000000000243e-01
5.417999999999999483e-01
-2.154000000000000081e-01
-7.622999999999999776e-01
-2.376000000000000056e-01
5.820999999999999508e-01
-5.602000000000000313e-01
9.841999999999999638e-01
-7.458000000000000185e-01
3.989999999999999797e-02
5.109999999999999959e-02
-2.718999999999999750e-01
-6.219000000000000083e-01
-4.920000000000000068e-02
-2.907000000000000139e-01
-7.429999999999999938e-01
-4.046000000000000152e-01
-9.516000000000000014e-01
8.566000000000000281e-01
8.425000000000000266e-01
8.902999999999999803e-01
6.898999999999999577e-01
-5.637999999999999678e-01
-4.472999999999999754e-01
1.902000000000000079e-01
3.376000000000000112e-01
4.474000000000000199e-01
