1.088743642872271211e+00
4.996292140710544838e-01
-1.896556705072809657e-01
-4.758909326346816848e-01
-3.257424972402168245e-02
1.040908570920224374e+00
1.361693460182218596e+00
3.106087267830196508e-01
-5.699893723404647096e-03
1.475997556904895758e+00
1.451422313084253846e+00
1.110892817431509805e+00
-3.140346525596364180e-01
-3.824297802271712232e-01
1.159876646036205994e+00
8.910156633972983187e-01
-5.171422402130846363e-01
1.397634554945849761e+00
3.830976650223716917e-01
1.215867674376198915e+00
1.222251630627581243e+00
1.279148586307424340e+00
-5.193839806565770933e-01
1.183405856611783991e+00
8.006306792408962592e-01
-4.014483720652760046e-01
9.184901285745111776e-01
-1.382786646738226044e-01
4.910670095477254193e-01
1.091373124050502907e+00
1.214060530475752353e-01
1.214060530475752353e-01
1.834932761911463595e-01
1.834932761911463595e-01
9.334161501285193063e-01
9.334161501285193063e-01
-7.231833478679081106e-02
-7.231833478679081106e-02
7.234802877466860183e-02
1.072348028774668505e+00
-1.004517064799279324e-01
-1.004517064799279324e-01
1.089698242171390774e+00
8.969824217139085731e-02
-1.780206746514920724e-01
-1.780206307540830035e-01
-1.814192499589047936e-01
-1.814192499589047936e-01
-7.540458247769311895e-02
-7.540458247769311895e-02
1.160730812132256373e+00
1.607308121322563177e-01
-2.398890014289358774e-01
7.601109985710641226e-01
1.733724411342284499e-01
1.733724411342284499e-01
-2.482351884463533664e-01
-2.482351884463533664e-01
-1.615561530796870982e-01
-1.615561530796870982e-01
-1.918676823865491377e-01
-1.918676823865491377e-01
8.248592988926495284e-02
8.248592988926495284e-02
-2.510270415769962349e-01
-2.510270004402218591e-01
4.248916731248610773e-02
4.248916731248610773e-02
-1.895285696278069809e-01
-1.895285259493166286e-01
-7.181362438908930890e-02
-7.181362438908930890e-02
1.019405193032109080e+00
1.940519303210913246e-02
-2.136460612813495807e-01
-2.136460612813495807e-01
5.306088973031424655e-02
5.306088973031424655e-02
-1.702365694864871326e-01
-1.702365694864871326e-01
-2.816435831264608725e-01
7.183564155800663542e-01
9.693290520516146813e-01
-3.067094794838527011e-02
-2.485780586256103042e-01
-2.485780586256103042e-01
9.656792588217295858e-02
9.656792588217295858e-02
7.967301153271402758e-02
1.079673011532714000e+00
4.069532239431206816e-02
4.069532239431206816e-02
1.006569838097249647e+00
6.569838097249629076e-03
-1.488425467841645033e-01
-1.488425467841645033e-01
2.532070954505751814e-01
2.532070954505751814e-01
2.355681536102742224e-01
2.355681536102742224e-01
-1.645406142568106300e-01
-1.645406142568106300e-01
2.295889027575790664e-01
2.295889027575790664e-01
1.410795805515672741e-01
1.410795805515672741e-01
-2.399421977499362757e-01
-2.399421977499362757e-01
-7.911017542593570817e-02
-7.911017542593570817e-02
1.301818791585129254e-01
1.301818791585129254e-01
-1.512217673192501888e-01
-1.512217673192501888e-01
-8.519556528875527751e-03
-8.519556528875527751e-03
6.098936723829984086e-02
6.098936723829984086e-02
2.453554985952841605e-01
2.453554985952841605e-01
