1.136699103735873795e+00
4.902054424843975411e-02
1.255702267942640227e-01
7.577612900254988570e-01
5.171051915200854943e-01
-1.769230345586645381e-01
-4.898399028789667820e-01
1.000647038883825946e-01
-1.589224007903875524e-01
-6.604472505310593489e-01
-1.590245990253031927e-01
-3.910083293600487009e-01
2.628053650684443188e-01
-1.274997652938335835e-01
-1.580671327941055027e-01
5.161817964923504087e-01
3.559591244051388825e-01
-2.867771659286826313e-01
-2.423094918429498368e-01
1.588302167675225210e-02
7.584404466154362479e-02
-4.561403774895625429e-01
1.321398174678794779e-01
2.907990386772501545e-01
-3.470082883043973943e-01
-1.582930002618302134e-01
-2.199043230307091978e-01
3.125885492395201193e-01
2.843054107603901759e-01
-1.414704120165956591e-01
-3.848868978780605604e-02
3.517599117062860103e-01
3.835187074930397622e-02
8.859721685975310290e-01
-2.599393280073064583e-01
-3.176881231440525366e-01
1.326198878322466801e-01
1.036898211582560347e-01
-3.816227086571295501e-01
-2.863995144035651474e-01
1.705974714646054102e-01
-2.555800305582393572e-01
-6.762147148397225360e-02
-1.585717046064774871e-01
-1.434289731420158587e-01
3.443351326845375260e-01
-1.065747320734389617e-02
-1.529704551095238119e-01
3.731730461765954687e-01
6.906708437273163526e-01
1.722339997562009617e-01
4.881024695528939916e-01
-5.586024571423723467e-02
-1.388648661482789759e-01
-4.693872580503738803e-03
2.149710412584543706e-01
-3.079617724671384060e-01
5.317389600721242338e-02
-3.499418007749856563e-01
-2.240189997827332358e-01
-1.614826427797166619e-01
4.519936692992373994e-01
-1.842589739157181328e-01
-2.485288894191682862e-01
-5.476021581342546130e-01
-1.526274925670581262e-01
-1.631886805340365676e-01
1.586237501964256891e-01
3.016071918528729912e-01
-6.692845470221850390e-02
1.834407278468964675e-01
1.473438819947989309e+00
5.442760138929062519e-01
-3.851011663614766212e-01
2.488212698501598152e-01
9.182352172769437937e-01
2.375134025802988769e-01
6.389578499946664270e-01
4.821247671161497106e-01
4.062590098189661769e-01
-1.282632566166678756e-01
-7.224154046181004984e-01
-1.087155848345558867e-01
-5.889477822950164865e-02
1.070573985427900748e-01
-4.052226021971830350e-01
1.277926272110090911e-01
-3.338860617500738481e-01
-2.816560307046297451e-01
3.225464222105713930e-01
-5.766663192907449664e-01
3.004011581480678927e-01
5.842000045064409397e-01
-4.821127349642082005e-01
3.175588605877920356e-01
-1.769026489266311286e-01
1.381142736788472103e-01
2.139636777641957394e-02
3.653504096190929307e-01
5.005816285299464763e-01
4.104826413576518479e-02
-3.554933383165484462e-02
5.799601275919981092e-01
-1.937407499191272642e-01
-2.472998370639431787e-01
4.779610315316802915e-01
1.349119453659312073e-01
5.233725970583692488e-01
-2.157963377911528979e-01
2.143013004084518558e-01
5.900365747065332983e-02
-4.346071855586097765e-01
-3.955533571411935789e-02
-5.577845250827407897e-01
3.911396759903466164e-02
1.924497279884856693e-01
3.555097720025577335e-01
4.121417476992906281e-01
-3.534361017935867544e-01
-3.102615004150766076e-01
2.791615338783227651e-01
-3.382581887830006795e-01
-9.376972392304615267e-02
1.143630141808358452e-01
1.674536204973856579e-01
-2.804084027503917498e-01
3.439085632861689779e-01
2.866709164234698126e-01
-4.135269804548135086e-01
9.739335632415581090e-01
-2.658192039748186741e-01
-3.745550900292012320e-01
-3.110498309507510606e-01
-2.837787491340544865e-01
-3.808992033042546410e-01
-2.297539102289257451e-02
-1.642505604634981187e-01
3.099603598557187367e-01
-1.817949835576707363e-01
2.921567186537410432e-02
-3.546895150449920209e-01
-1.595420624142721011e-01
1.598485167554792308e-01
-3.520557236249085564e-01
1.394286615034093790e-01
-2.368985996786198700e-01
-3.528381629715718337e-01
-1.061524721204443883e-01
-3.904732044355740395e-01
-2.399450143871598995e-01
3.573154700814397677e-01
7.058678198751554556e-01
-1.210814983236553760e-01
-7.384403607150751281e-01
-9.179777073035275820e-03
-3.003189092533952720e-01
-3.127814660066592367e-01
-2.346940948667461946e-01
2.997272082096960055e-01
-2.347412334161743941e-01
3.539741675678442345e-03
-4.013150428469520747e-01
3.303076855492609321e-01
-2.376277463800562650e-01
4.219291419530748488e-01
1.928076641035486871e-01
-5.561851888096055324e-02
-1.443040390220153568e-01
-2.779716403859954221e-01
6.796589331005033208e-02
-2.787215408902185554e-01
-1.217817581052705739e-01
-1.852892118462933502e-01
-2.834413824089879186e-01
3.216927016206946877e-01
5.750070232484966876e-02
9.271584131786463068e-02
-2.238661226949698324e-01
-1.927613645385911970e-02
-3.755021610867139148e-01
9.899555650861141531e-02
2.898259113545414989e-01
-3.078330121696037369e-01
-9.691731203435093034e-02
4.531300329234805475e-03
1.520986178096402075e-01
-1.565192389553737295e-01
-5.973685605714786906e-01
-4.865876084419626935e-01
-4.107892506908106256e-01
-1.441057152330753044e-01
1.546826343996756115e-01
-2.245163017805450467e-01
1.319295578241466149e-01
-2.939914416008832521e-01
-9.802861574771376540e-02
7.529257999288250236e-01
-3.787489926176504373e-01
-8.480456476377125352e-02
1.349088134768605951e-01
3.905498592673211089e-01
-6.013573453649931344e-02
-2.526208106418412758e-01
-4.884692448530087994e-01
1.770754079661440716e-01
5.368439918854336357e-01
1.914334599688177069e-02
1.225783029313424644e+00
-5.047277150325020501e-02
-3.304888592411374115e-01
-3.375097447419187491e-01
2.472001708930721131e-01
3.274580388383352414e-02
-6.283037086275859717e-02
1.330215806946299484e+00
1.383936819702586973e+00
1.303100359767801919e+00
1.109779687891982780e+00
-1.391480791638582404e-01
1.024710988738277706e+00
7.601518955933455057e-01
5.025643995863460223e-01
-7.289611136218998588e-01
-2.659463527023538387e-01
-2.061511655502151763e-01
-5.448311756077770518e-01
-3.828670653482865727e-02
1.207051497606135282e+00
-1.802116523579284646e-01
-4.026907605020830783e-01
-3.820314693818895324e-01
-3.651864834794889547e-01
-2.677875624702246160e-01
1.078606805082822806e+00
1.154488660510327280e+00
-5.951300733136614118e-01
-3.648279975622920057e-01
5.107012957980813228e-01
-1.588568888563322012e-01
-2.780008606062427390e-01
