-6.466176200000003860e+01 6.296761823148201431e-01 0.000000000000000000e+00 2.416780714666483032e+00
-6.438604600000002165e+01 6.269912601457781065e-01 0.000000000000000000e+00 2.201267171858752203e+00
-6.456593199999997523e+01 6.287429898578736909e-01 0.000000000000000000e+00 2.186894752095636107e+00
-6.512906600000002300e+01 6.342267882618161101e-01 0.000000000000000000e+00 1.809372681748728562e+00
-6.465004600000007429e+01 6.295620919169745422e-01 0.000000000000000000e+00 2.563693732453668606e+00
-6.530144799999999350e+01 6.359054440284154230e-01 0.000000000000000000e+00 2.419199124448694782e+00
-6.593310600000002353e+01 6.420565290849691298e-01 0.000000000000000000e+00 2.321208910639523726e+00
-6.599382000000002790e+01 6.426477619643494732e-01 0.000000000000000000e+00 2.726317602610347279e+00
-6.581422400000003847e+01 6.408988562720021598e-01 0.000000000000000000e+00 2.421913946503191362e+00
-6.649912800000002733e+01 6.475684508304081488e-01 0.000000000000000000e+00 3.013308543209907597e+00
-6.640069000000006838e+01 6.466098616717229630e-01 0.000000000000000000e+00 2.318177818085278563e+00
-6.479651800000004869e+01 6.309884361260296171e-01 0.000000000000000000e+00 2.292089578184108412e+00
-6.496478400000002296e+01 6.326270102881963453e-01 0.000000000000000000e+00 2.623492363002283945e+00
-6.743682000000001153e+01 6.566996947137272445e-01 0.000000000000000000e+00 2.366893713052803605e+00
-6.694895000000001062e+01 6.519488170765553869e-01 0.000000000000000000e+00 2.231127688122549468e+00
-6.575589000000005058e+01 6.403307998305592941e-01 0.000000000000000000e+00 2.694668039580266239e+00
-6.673444200000002979e+01 6.498599383584657829e-01 0.000000000000000000e+00 2.075866832554779773e+00
-6.704634200000005251e+01 6.528972202881478948e-01 0.000000000000000000e+00 2.325414980894742634e+00
-6.744133200000007378e+01 6.567436325658174701e-01 0.000000000000000000e+00 2.087923942211643347e+00
-6.595329800000003218e+01 6.422531587634692229e-01 0.000000000000000000e+00 2.304852091750020815e+00
-6.721064200000003552e+01 6.544971735457518758e-01 0.000000000000000000e+00 2.299950787579787548e+00
-6.780811800000003586e+01 6.603153943159302264e-01 0.000000000000000000e+00 1.966269617463895836e+00
-6.791473800000004246e+01 6.613536597835246722e-01 0.000000000000000000e+00 2.140528150760456771e+00
-6.802395200000005104e+01 6.624171856208709297e-01 0.000000000000000000e+00 2.303186283183899175e+00
-6.791781800000002534e+01 6.613836528208550947e-01 0.000000000000000000e+00 2.487898431311296843e+00
-6.809236400000004608e+01 6.630833816175795148e-01 0.000000000000000000e+00 2.283403217312334199e+00
-6.748489400000006810e+01 6.571678392840629712e-01 0.000000000000000000e+00 2.006333159329791727e+00
-6.729284600000006833e+01 6.552976760265074585e-01 0.000000000000000000e+00 2.533256676648028893e+00
-6.810273800000003064e+01 6.631844036205883919e-01 0.000000000000000000e+00 2.134997583173708247e+00
-6.706435800000005543e+01 6.530726600805337734e-01 0.000000000000000000e+00 2.495486557896561042e+00
-6.746651400000001786e+01 6.569888548599921441e-01 0.000000000000000000e+00 2.101316239981045442e+00
-6.763001800000000685e+01 6.585810566702859914e-01 0.000000000000000000e+00 2.094346818566687141e+00
-6.867978200000003142e+01 6.688036575924747318e-01 0.000000000000000000e+00 2.609795395377448202e+00
-6.673791600000001267e+01 6.498937681674548106e-01 0.000000000000000000e+00 2.320639442473483083e+00
-6.641081600000001117e+01 6.467084686509464442e-01 0.000000000000000000e+00 2.068137017944879474e+00
-6.711945800000003715e+01 6.536092238327794179e-01 0.000000000000000000e+00 2.026901871777255781e+00
-6.764901400000003662e+01 6.587660397018227920e-01 0.000000000000000000e+00 2.455335545339182968e+00
-6.757366400000003637e+01 6.580322814671273335e-01 0.000000000000000000e+00 2.160926803855281797e+00
-6.817295800000006523e+01 6.638682059197302809e-01 0.000000000000000000e+00 2.546019194432791455e+00
-6.695229200000004255e+01 6.519813614696592374e-01 0.000000000000000000e+00 2.305291402762896347e+00
-6.922368400000004840e+01 6.741001747970849500e-01 0.000000000000000000e+00 2.344774459861801219e+00
-6.675314000000003034e+01 6.500420194662606121e-01 0.000000000000000000e+00 2.391890378894163227e+00
-6.800177000000006444e+01 6.622011773240958910e-01 0.000000000000000000e+00 2.268810967080208574e+00
-6.822719400000003986e+01 6.643963560407246671e-01 0.000000000000000000e+00 2.350095959090464870e+00
-6.792786200000004726e+01 6.614814612841504182e-01 0.000000000000000000e+00 2.136743672737996036e+00
-6.721072400000002744e+01 6.544979720616806995e-01 0.000000000000000000e+00 2.140204706584126093e+00
-6.883874400000006233e+01 6.703516294107055851e-01 0.000000000000000000e+00 2.393724709382236249e+00
-6.804351000000001193e+01 6.626076414079200561e-01 0.000000000000000000e+00 2.509328989204206994e+00
-6.979012200000003929e+01 6.796161475501631966e-01 0.000000000000000000e+00 2.408997947996324829e+00
-6.863578000000005375e+01 6.683751661546107892e-01 0.000000000000000000e+00 1.833464342206146069e+00
-6.833983400000002462e+01 6.654932442631015244e-01 0.000000000000000000e+00 2.161980524128538139e+00
-6.895466400000005081e+01 6.714804582702397218e-01 0.000000000000000000e+00 1.964541726061929117e+00
-6.816482800000007103e+01 6.637890359867765211e-01 0.000000000000000000e+00 2.422981730904918418e+00
-6.905829600000006963e+01 6.724896265964238617e-01 0.000000000000000000e+00 2.644839787014278798e+00
-6.894974400000002390e+01 6.714325473145035250e-01 0.000000000000000000e+00 2.215783807522929472e+00
-6.978699800000008224e+01 6.795857260408711964e-01 0.000000000000000000e+00 2.561763242594262024e+00
-7.007241600000000403e+01 6.823651262775037862e-01 0.000000000000000000e+00 2.188958451678732597e+00
-6.956214800000007870e+01 6.773961369357446305e-01 0.000000000000000000e+00 2.079948340679390384e+00
-6.990366600000002961e+01 6.807218389237565948e-01 0.000000000000000000e+00 2.409065224983803155e+00
-7.007685200000005921e+01 6.824083240416597418e-01 0.000000000000000000e+00 2.196636708145366601e+00
-7.055184800000003520e+01 6.870338346779890637e-01 0.000000000000000000e+00 2.520771153071530879e+00
-7.071566600000004144e+01 6.886290942200110621e-01 0.000000000000000000e+00 2.472444863709775120e+00
-6.978203000000003442e+01 6.795373476611763497e-01 0.000000000000000000e+00 2.061057318024372087e+00
-7.095326400000001854e+01 6.909428233380888740e-01 0.000000000000000000e+00 2.403955460415315049e+00
-7.041992400000003727e+01 6.857491588803251714e-01 0.000000000000000000e+00 1.844740725102724133e+00
-6.973680800000003899e+01 6.790969758643695675e-01 0.000000000000000000e+00 2.393242085442112810e+00
-6.964319400000006510e+01 6.781853628135033896e-01 0.000000000000000000e+00 2.728956286735486181e+00
-6.957039800000003993e+01 6.774764754285941271e-01 0.000000000000000000e+00 2.474391044521475624e+00
-7.021697200000001260e+01 6.837728124802198160e-01 0.000000000000000000e+00 2.134858743184076868e+00
-6.996951400000003218e+01 6.813630666906873579e-01 0.000000000000000000e+00 2.100418612102037841e+00
-7.059652400000005912e+01 6.874688895272693667e-01 0.000000000000000000e+00 1.804298508815304514e+00
-6.976728600000001279e+01 6.793937706019544942e-01 0.000000000000000000e+00 2.119857419686998590e+00
-7.033461600000005376e+01 6.849184296502602853e-01 0.000000000000000000e+00 2.398149118147729020e+00
-7.097051000000000442e+01 6.911107648711419804e-01 0.000000000000000000e+00 2.546307417842867959e+00
-7.159530800000005968e+01 6.971950472536413423e-01 0.000000000000000000e+00 2.313370372582702839e+00
-7.123070600000004049e+01 6.936445532936351688e-01 0.000000000000000000e+00 2.218997198291210005e+00
-7.028470200000005264e+01 6.844323671615197835e-01 0.000000000000000000e+00 2.648720141249850002e+00
-7.073021600000004128e+01 6.887707821074008363e-01 0.000000000000000000e+00 2.468563746196225317e+00
-7.100041800000002468e+01 6.914020089492214360e-01 0.000000000000000000e+00 2.157774260310981518e+00
-7.089578600000005792e+01 6.903831026239044544e-01 0.000000000000000000e+00 2.749833025932499897e+00
-6.963715800000001366e+01 6.781265842507341324e-01 0.000000000000000000e+00 2.391310834185495171e+00
-7.044307800000002828e+01 6.859746325122579869e-01 0.000000000000000000e+00 2.021377616028687374e+00
-7.053583600000003173e+01 6.868779098358663848e-01 0.000000000000000000e+00 2.576253599079818102e+00
-7.105664200000002495e+01 6.919495182124931754e-01 0.000000000000000000e+00 1.825294661319761369e+00
-7.044619600000005732e+01 6.860049955935559884e-01 0.000000000000000000e+00 2.386706689266592463e+00
-7.028761200000002418e+01 6.844607047389975607e-01 0.000000000000000000e+00 2.196621203800476430e+00
-7.036909400000006087e+01 6.852541763843789102e-01 0.000000000000000000e+00 1.964610519491578389e+00
-7.105595600000005163e+01 6.919428379450879296e-01 0.000000000000000000e+00 2.042750648261735691e+00
-7.091509400000005314e+01 6.905711239111704813e-01 0.000000000000000000e+00 2.222430433803259664e+00
-7.088743200000004663e+01 6.903017513791446236e-01 0.000000000000000000e+00 1.920660128988693982e+00
-7.060379400000003614e+01 6.875396847809683853e-01 0.000000000000000000e+00 2.360611549330453141e+00
-6.982286600000003318e+01 6.799350085937845289e-01 0.000000000000000000e+00 2.062919571781799633e+00
-7.026429400000002090e+01 6.842336340752067647e-01 0.000000000000000000e+00 2.063543622603573713e+00
-6.957129600000004643e+01 6.774852201518158923e-01 0.000000000000000000e+00 2.072670781203943324e+00
-6.962704400000005478e+01 6.780280941275002027e-01 0.000000000000000000e+00 2.026056607758634165e+00
-7.096896400000004235e+01 6.910957099244822155e-01 0.000000000000000000e+00 2.252216874010982028e+00
-7.199367800000003115e+01 7.010743739683810150e-01 0.000000000000000000e+00 1.933747493130340667e+00
-7.014718400000005261e+01 6.830932169967042222e-01 0.000000000000000000e+00 1.986297313475299031e+00
-7.032239000000001283e+01 6.847993728728559715e-01 0.000000000000000000e+00 2.305312820662547502e+00
-7.146362000000002013e+01 6.959126696237726284e-01 0.000000000000000000e+00 2.450966453949102952e+00
-7.226837400000003697e+01 7.037493633783070690e-01 0.000000000000000000e+00 2.874028414367175266e+00
-7.265687000000004048e+01 7.075325370896046184e-01 0.000000000000000000e+00 2.238527356355404230e+00
-7.267792400000004704e+01 7.077375609233574894e-01 0.000000000000000000e+00 2.464526085822791757e+00
-7.044521400000004974e+01 6.859954328784069189e-01 0.000000000000000000e+00 2.289649830093781979e+00
-7.219571000000007643e+01 7.030417614092839829e-01 0.000000000000000000e+00 2.547025345259433582e+00
-7.151344400000002111e+01 6.963978556925910501e-01 0.000000000000000000e+00 1.716158826931984294e+00
-7.217842400000006364e+01 7.028734303562653718e-01 0.000000000000000000e+00 2.288400001726758948e+00
-7.105631599999999537e+01 6.919463436247753618e-01 0.000000000000000000e+00 2.391328686528504388e+00
-7.325290000000003943e+01 7.133366767130361330e-01 0.000000000000000000e+00 2.367706089117575630e+00
-7.267330800000002000e+01 7.076926103193579287e-01 0.000000000000000000e+00 2.411498826254382166e+00
-7.146229600000003757e+01 6.958997765129202318e-01 0.000000000000000000e+00 1.998926640455630732e+00
-7.168478800000005435e+01 6.980664034160906084e-01 0.000000000000000000e+00 2.107529673888173694e+00
-7.208933600000003139e+01 7.020058914894760083e-01 0.000000000000000000e+00 2.095466715136860447e+00
-7.249239200000003791e+01 7.059308504681546248e-01 0.000000000000000000e+00 2.100473802523342925e+00
-7.392593800000004478e+01 7.198907201737263506e-01 0.000000000000000000e+00 2.106144044820133843e+00
-7.288247400000007303e+01 7.097294686460779989e-01 0.000000000000000000e+00 2.039853371370330848e+00
-7.205688600000003419e+01 7.016898934175997971e-01 0.000000000000000000e+00 2.420974590674365157e+00
-7.327111400000002561e+01 7.135140446292502769e-01 0.000000000000000000e+00 2.215756472461845927e+00
-7.385234200000002147e+01 7.191740423895104373e-01 0.000000000000000000e+00 2.149712971640727055e+00
-7.196994600000003572e+01 7.008432717729491390e-01 0.000000000000000000e+00 1.766562490434488319e+00
-7.378377400000000819e+01 7.185063272649369059e-01 0.000000000000000000e+00 2.114020681197157803e+00
-7.325063200000002439e+01 7.133145909310016908e-01 0.000000000000000000e+00 1.893509035001503360e+00
-7.282125400000006721e+01 7.091333083391362369e-01 0.000000000000000000e+00 2.030619560299443904e+00
-7.415873200000005738e+01 7.221576679439680735e-01 0.000000000000000000e+00 2.233485034326761820e+00
-7.337573200000001350e+01 7.145328146225796706e-01 0.000000000000000000e+00 2.662894466928038550e+00
-7.303371000000001345e+01 7.112022046830038802e-01 0.000000000000000000e+00 2.020869486911838209e+00
-7.310655400000003112e+01 7.119115594918714596e-01 0.000000000000000000e+00 2.015404043277825075e+00
-7.440644400000005021e+01 7.245698871852804812e-01 0.000000000000000000e+00 2.029330070494729021e+00
-7.328665600000003622e+01 7.136653926117804136e-01 0.000000000000000000e+00 2.172162826938006663e+00
-7.393670200000003945e+01 7.199955399963973157e-01 0.000000000000000000e+00 2.077008964541038782e+00
-7.332054000000002247e+01 7.139953549744135763e-01 0.000000000000000000e+00 1.720400367544271836e+00
-7.426760200000003920e+01 7.232178439096123013e-01 0.000000000000000000e+00 2.035298957216969296e+00
-7.393259800000002713e+01 7.199555752479540605e-01 0.000000000000000000e+00 1.792521331655610561e+00
-7.468447000000000457e+01 7.272773041323199461e-01 0.000000000000000000e+00 2.427448612340857625e+00
-7.410356600000005756e+01 7.216204614837794518e-01 0.000000000000000000e+00 2.232899803250825155e+00
-7.323258000000001289e+01 7.131388005706468247e-01 0.000000000000000000e+00 2.158118719644683381e+00
-7.384041600000006156e+01 7.190579070118469085e-01 0.000000000000000000e+00 2.388321462751274105e+00
-7.383810800000004804e+01 7.190354317098470727e-01 0.000000000000000000e+00 1.909469731440875284e+00
-7.416797400000001517e+01 7.222476665319578215e-01 0.000000000000000000e+00 2.127792765343107018e+00
-7.418807000000003882e+01 7.224433613625411699e-01 0.000000000000000000e+00 2.246175009304537173e+00
-7.477944600000004982e+01 7.282021803380064329e-01 0.000000000000000000e+00 2.082848415585510704e+00
-7.403489800000001253e+01 7.209517725592923254e-01 0.000000000000000000e+00 2.075052707422590181e+00
-7.449237600000006410e+01 7.254066929268049302e-01 0.000000000000000000e+00 2.213512141879159234e+00
-7.436723800000002882e+01 7.241880991912594823e-01 0.000000000000000000e+00 2.808951015779104221e+00
-7.416663200000003542e+01 7.222345981371210977e-01 0.000000000000000000e+00 2.059268905712986708e+00
-7.328532000000004132e+01 7.136523826449383545e-01 0.000000000000000000e+00 2.132556960718065220e+00
-7.462244200000002081e+01 7.266732755220787210e-01 0.000000000000000000e+00 1.777035817308125321e+00
-7.394152600000008135e+01 7.200425161042168787e-01 0.000000000000000000e+00 2.322873710922083390e+00
-7.378234999999999388e+01 7.184924603541709143e-01 0.000000000000000000e+00 1.945106739118873218e+00
-7.477444400000005942e+01 7.281534708663416344e-01 0.000000000000000000e+00 1.900604365991050537e+00
-7.496741400000001931e+01 7.300326125590976822e-01 0.000000000000000000e+00 2.114752417966928810e+00
-7.533674800000004268e+01 7.336291867310027470e-01 0.000000000000000000e+00 2.048986919149178743e+00
-7.501051000000006752e+01 7.304522813697476025e-01 0.000000000000000000e+00 2.156859111712626564e+00
-7.498963599999999019e+01 7.302490103758380036e-01 0.000000000000000000e+00 2.122024878971435768e+00
-7.475880800000004456e+01 7.280012075118930115e-01 0.000000000000000000e+00 2.278079931627696286e+00
-7.535690600000002348e+01 7.338254853175320003e-01 0.000000000000000000e+00 1.505905380867354371e+00
-7.546316000000003044e+01 7.348601866774436830e-01 0.000000000000000000e+00 2.088597777060828165e+00
-7.530768800000002727e+01 7.333462004761883701e-01 0.000000000000000000e+00 2.073412812433557573e+00
-7.573185400000005529e+01 7.374767286165716529e-01 0.000000000000000000e+00 1.956489954305150381e+00
-7.511379000000006556e+01 7.314580219202366784e-01 0.000000000000000000e+00 2.109801846672388681e+00
-7.549289600000003020e+01 7.351497558196720128e-01 0.000000000000000000e+00 1.786843214248824641e+00
-7.557196000000003266e+01 7.359196809831487496e-01 0.000000000000000000e+00 2.686078436770758415e+00
-7.474976400000004162e+01 7.279131370477311958e-01 0.000000000000000000e+00 2.086576378311921331e+00
-7.600399800000006678e+01 7.401268666527095474e-01 0.000000000000000000e+00 2.238466863228878889e+00
-7.553367600000002824e+01 7.355468714243287298e-01 0.000000000000000000e+00 2.072784380465809484e+00
-7.528115200000000584e+01 7.330877929311865326e-01 0.000000000000000000e+00 2.574197575806660421e+00
-7.492923400000003653e+01 7.296608157521877747e-01 0.000000000000000000e+00 1.766127510652281796e+00
-7.500802000000005876e+01 7.304280337519055699e-01 0.000000000000000000e+00 2.103447520696257289e+00
-7.525012600000002294e+01 7.327856617700763131e-01 0.000000000000000000e+00 2.056982326476915368e+00
-7.669111800000004564e+01 7.468180406171948116e-01 0.000000000000000000e+00 1.987086451499614936e+00
-7.462684800000000962e+01 7.267161811462600207e-01 0.000000000000000000e+00 2.144229131548636147e+00
-7.528717200000001242e+01 7.331464156859691661e-01 0.000000000000000000e+00 2.430924136120195644e+00
-7.598320600000002401e+01 7.399243941747291053e-01 0.000000000000000000e+00 1.943587126720991209e+00
-7.593679200000002538e+01 7.394724146829553257e-01 0.000000000000000000e+00 2.243623834479038681e+00
-7.582136000000006959e+01 7.383483379669986135e-01 0.000000000000000000e+00 2.086800328084344791e+00
-7.479628400000005684e+01 7.283661487674133461e-01 0.000000000000000000e+00 2.027236126470886912e+00
-7.596706400000000770e+01 7.397672033927189528e-01 0.000000000000000000e+00 2.311068632853991556e+00
-7.546606200000005060e+01 7.348884463509287590e-01 0.000000000000000000e+00 2.254159914324956215e+00
-7.569325600000003362e+01 7.371008613260237041e-01 0.000000000000000000e+00 1.958177996589500758e+00
-7.587381600000003345e+01 7.388591544495355379e-01 0.000000000000000000e+00 1.656744544033828648e+00
-7.634435600000004740e+01 7.434412725617272066e-01 0.000000000000000000e+00 2.186432064850416968e+00
-7.743417200000007483e+01 7.540538998252036551e-01 0.000000000000000000e+00 2.268806791907600928e+00
-7.655536800000002984e+01 7.454961072348467166e-01 0.000000000000000000e+00 2.367595144585033839e+00
-7.695433400000004553e+01 7.493812377970703320e-01 0.000000000000000000e+00 2.192941469656081388e+00
-7.604744600000002208e+01 7.405499632390535325e-01 0.000000000000000000e+00 1.837919081072312943e+00
-7.622668200000001093e+01 7.422953632517127476e-01 0.000000000000000000e+00 2.490130433985052516e+00
-7.588440400000004615e+01 7.389622603843593041e-01 0.000000000000000000e+00 2.230845890476198079e+00
-7.513266200000003892e+01 7.316417974398804480e-01 0.000000000000000000e+00 1.834140586505480064e+00
-7.566182600000003333e+01 7.367947960132634755e-01 0.000000000000000000e+00 1.977326457957151451e+00
-7.586577000000005455e+01 7.387808025085090824e-01 0.000000000000000000e+00 2.050900137116442590e+00
-7.619213800000001413e+01 7.419589738096514786e-01 0.000000000000000000e+00 2.338152656048330336e+00
-7.685459000000001595e+01 7.484099308115162996e-01 0.000000000000000000e+00 2.551231321392187112e+00
-7.678158200000001443e+01 7.476989789707909617e-01 0.000000000000000000e+00 2.150417650408376513e+00
-7.630832400000004156e+01 7.430903929769554495e-01 0.000000000000000000e+00 2.202323310291780967e+00
-7.630612200000005885e+01 7.430689499028639844e-01 0.000000000000000000e+00 2.838257738439928790e+00
-7.573793200000002912e+01 7.375359161753037851e-01 0.000000000000000000e+00 2.378198669941838705e+00
-7.626636599999999078e+01 7.426818060093192120e-01 0.000000000000000000e+00 2.239258062201708643e+00
-7.563992399999999350e+01 7.365815143562451928e-01 0.000000000000000000e+00 2.169628070398847530e+00
-7.638485800000005099e+01 7.438356810026248711e-01 0.000000000000000000e+00 2.087389375919842305e+00
-7.607975800000001243e+01 7.408646174670491247e-01 0.000000000000000000e+00 2.154138662108805669e+00
