3.618000000000000105e-01
-9.800999999999999712e-01
8.085999999999999854e-01
-3.170999999999999930e-01
-9.529999999999999583e-02
-2.165999999999999870e-01
5.523000000000000131e-01
-3.860999999999999988e-01
-8.400000000000000522e-02
-1.993000000000000049e-01
2.451000000000000123e-01
-4.359999999999999987e-02
5.495999999999999774e-01
5.881999999999999451e-01
-3.029000000000000026e-01
-7.246000000000000218e-01
-2.391999999999999960e-01
-4.492999999999999772e-01
-9.610999999999999543e-01
6.551000000000000156e-01
-9.916000000000000369e-01
4.364000000000000101e-01
3.982999999999999874e-01
3.664999999999999925e-01
1.129999999999999928e-02
6.966999999999999860e-01
-7.174000000000000377e-01
4.507999999999999785e-01
5.361000000000000210e-01
8.950000000000000178e-01
3.059999999999999873e-02
1.307999999999999996e-01
-4.310999999999999832e-01
-8.399999999999999689e-01
-9.522000000000000464e-01
8.350999999999999535e-01
-5.137000000000000455e-01
-9.069000000000000394e-01
-5.545999999999999819e-01
-8.622999999999999554e-01
6.809999999999999387e-02
-6.903000000000000247e-01
2.368000000000000105e-01
6.079999999999999988e-02
9.557999999999999829e-01
7.779999999999999416e-02
-4.179999999999999688e-02
-3.139999999999999736e-02
-6.820000000000000506e-01
1.290000000000000036e-01
1.208000000000000046e-01
-5.750999999999999446e-01
9.950999999999999845e-01
2.363999999999999990e-01
-8.849999999999999534e-02
-8.102000000000000313e-01
5.880999999999999561e-01
-9.338999999999999524e-01
-3.473999999999999866e-01
-5.228000000000000425e-01
-3.891999999999999904e-01
-8.929000000000000270e-01
-5.859999999999999931e-02
9.089999999999999469e-02
4.497999999999999776e-01
7.618000000000000327e-01
-2.149999999999999967e-01
-5.069000000000000172e-01
-8.771999999999999797e-01
-4.087000000000000077e-01
-8.460999999999999632e-01
9.466999999999999860e-01
9.398999999999999577e-01
-4.143000000000000016e-01
-4.420000000000000040e-01
-7.582999999999999741e-01
-8.567000000000000171e-01
-9.858000000000000096e-01
3.387999999999999901e-01
-4.744999999999999774e-01
3.427999999999999936e-01
-6.697999999999999510e-01
8.026999999999999691e-01
5.805000000000000160e-01
1.875000000000000000e-01
5.208000000000000407e-01
8.409999999999999420e-02
5.289000000000000368e-01
-2.908000000000000029e-01
7.844999999999999751e-01
-1.142999999999999988e-01
4.270999999999999797e-01
8.569999999999999840e-02
9.100000000000000450e-03
3.992999999999999883e-01
4.882000000000000228e-01
-9.414000000000000146e-01
-7.114000000000000323e-01
9.639999999999999680e-01
-3.748000000000000220e-01
-3.931000000000000050e-01
3.088000000000000189e-01
9.938000000000000167e-01
7.601999999999999869e-01
-4.772000000000000131e-01
-1.050000000000000065e-02
2.857000000000000095e-01
7.568000000000000282e-01
-4.515000000000000124e-01
3.533999999999999919e-01
7.374000000000000554e-01
1.889000000000000123e-01
-6.928999999999999604e-01
2.882000000000000117e-01
9.305999999999999828e-01
9.807000000000000162e-01
5.480000000000000149e-02
-5.818999999999999728e-01
-3.070000000000000159e-02
-5.394999999999999796e-01
