3.292999999999999816e-01
-7.048999999999999710e-01
-6.042999999999999483e-01
9.622000000000000552e-01
-6.411000000000000032e-01
1.267000000000000071e-01
-6.662000000000000144e-01
7.808000000000000496e-01
-4.166000000000000258e-01
-1.231000000000000011e-01
-2.129999999999999949e-01
7.532999999999999696e-01
5.462000000000000188e-01
8.545000000000000373e-01
7.010999999999999455e-01
5.891999999999999460e-01
2.852000000000000091e-01
-7.096999999999999975e-01
-7.070999999999999508e-01
-4.864999999999999880e-01
-9.590999999999999526e-01
9.173999999999999932e-01
3.130000000000000004e-01
-8.580999999999999739e-01
5.433999999999999941e-01
-3.775999999999999912e-01
-4.287000000000000255e-01
-2.056999999999999940e-01
6.805999999999999828e-01
-1.625000000000000056e-01
-3.421000000000000152e-01
4.082000000000000073e-01
6.893000000000000238e-01
6.829999999999999960e-02
-8.292000000000000481e-01
-6.170999999999999819e-01
-9.015999999999999570e-01
2.828999999999999848e-01
5.248000000000000442e-01
-1.500000000000000031e-03
-1.608999999999999875e-01
-5.495999999999999774e-01
8.643999999999999462e-01
6.251999999999999780e-01
5.373999999999999888e-01
2.860000000000000042e-02
9.537999999999999812e-01
-1.024000000000000049e-01
2.172999999999999932e-01
-6.917999999999999705e-01
-7.035000000000000142e-01
5.204999999999999627e-01
-6.660000000000000642e-02
-9.093999999999999861e-01
9.499999999999999764e-03
-3.920000000000000151e-01
-5.600000000000000117e-02
5.639999999999999875e-02
9.136999999999999567e-01
-5.080000000000000071e-01
-2.891000000000000236e-01
9.354999999999999982e-01
-3.804000000000000159e-01
-8.965999999999999526e-01
3.547000000000000153e-01
2.328000000000000069e-01
-7.399000000000000021e-01
-3.037000000000000255e-01
1.141999999999999960e-01
6.869999999999999718e-02
-5.532000000000000250e-01
4.973000000000000198e-01
1.365000000000000102e-01
-4.994999999999999996e-01
7.821000000000000174e-01
-3.420000000000000262e-01
-4.109999999999999765e-01
-3.753000000000000225e-01
5.431000000000000272e-01
-9.997000000000000330e-01
-3.625999999999999779e-01
-8.939000000000000279e-01
6.624999999999999778e-01
9.550999999999999490e-01
-8.129999999999999449e-01
2.662999999999999812e-01
2.964999999999999858e-01
-4.439000000000000168e-01
-3.202999999999999736e-01
-9.199000000000000510e-01
-1.454999999999999905e-01
-3.539999999999999813e-01
-2.543000000000000260e-01
6.459000000000000297e-01
2.942000000000000171e-01
-2.652999999999999803e-01
-5.825000000000000178e-01
1.204999999999999960e-01
9.354000000000000092e-01
-5.725999999999999979e-01
6.209000000000000075e-01
-3.932999999999999829e-01
1.545999999999999874e-01
-3.000999999999999779e-01
5.453000000000000069e-01
-2.923999999999999932e-01
2.097999999999999865e-01
7.764999999999999680e-01
4.298000000000000154e-01
5.946000000000000174e-01
-1.340000000000000080e-01
9.731999999999999540e-01
9.458999999999999631e-01
1.363999999999999935e-01
1.365999999999999992e-01
8.000000000000000167e-03
-2.301999999999999880e-01
-1.433000000000000107e-01
-1.554000000000000103e-01
8.319999999999999618e-02
