2.313999999999999946e-01
8.508999999999999897e-01
7.782000000000000028e-01
7.040000000000000424e-02
-6.448000000000000398e-01
5.106000000000000538e-01
5.839999999999999636e-01
-4.907000000000000250e-01
9.806000000000000272e-01
-1.632000000000000117e-01
5.703000000000000291e-01
-5.910999999999999588e-01
9.983999999999999542e-01
3.690999999999999837e-01
-8.406000000000000139e-01
6.281999999999999806e-01
-2.470999999999999863e-01
-6.107000000000000206e-01
4.721000000000000196e-01
-2.868999999999999884e-01
-7.370000000000000162e-02
-4.620000000000000218e-01
7.467000000000000304e-01
-4.580000000000000043e-02
9.684000000000000385e-01
9.902999999999999581e-01
-1.597000000000000086e-01
9.405999999999999917e-01
-1.668999999999999928e-01
-6.209000000000000075e-01
5.519999999999999907e-02
2.232999999999999985e-01
-9.349999999999999978e-02
-2.066000000000000059e-01
-4.650000000000000244e-01
3.065999999999999837e-01
-1.826000000000000123e-01
-5.967000000000000082e-01
7.633999999999999675e-01
3.045999999999999819e-01
-5.460000000000000270e-02
4.839999999999999858e-02
7.052000000000000490e-01
-6.410000000000000142e-01
3.773000000000000242e-01
2.290999999999999981e-01
-3.573999999999999955e-01
-9.032999999999999918e-01
-8.317999999999999838e-01
4.363000000000000211e-01
-4.021000000000000130e-01
-4.079999999999999738e-01
8.582999999999999519e-01
-6.411000000000000032e-01
7.218999999999999861e-01
8.487000000000000099e-01
1.199999999999999895e-03
-7.532999999999999696e-01
4.526000000000000023e-01
-7.369999999999999885e-01
-8.035999999999999810e-01
-8.719999999999999973e-01
-7.215000000000000302e-01
3.267999999999999794e-01
-9.365999999999999881e-01
7.429000000000000048e-01
5.437999999999999501e-01
2.963999999999999968e-01
-2.942000000000000171e-01
-7.812999999999999945e-01
-6.572999999999999954e-01
6.332999999999999741e-01
7.382999999999999563e-01
7.913000000000000034e-01
2.960000000000000131e-02
-6.108000000000000096e-01
5.684000000000000163e-01
-4.042999999999999927e-01
8.450999999999999623e-01
2.210000000000000159e-02
2.237000000000000099e-01
-7.249999999999999500e-02
8.148999999999999577e-01
4.129999999999999782e-01
1.345999999999999974e-01
-5.288000000000000478e-01
-7.682999999999999829e-01
-7.173000000000000487e-01
9.254999999999999893e-01
7.886999999999999567e-01
-6.298000000000000265e-01
3.044999999999999929e-01
8.645000000000000462e-01
-8.300000000000000433e-02
4.366999999999999771e-01
6.082999999999999519e-01
3.039000000000000035e-01
6.286000000000000476e-01
3.071999999999999731e-01
-5.190000000000000169e-01
1.026999999999999996e-01
1.784999999999999920e-01
2.239999999999999977e-02
-5.957000000000000073e-01
-3.453999999999999848e-01
-1.030000000000000013e-02
1.839000000000000079e-01
9.000000000000000222e-01
7.211999999999999522e-01
9.247999999999999554e-01
-2.456000000000000127e-01
-9.513000000000000345e-01
9.165999999999999703e-01
5.774000000000000243e-01
1.832000000000000017e-01
-1.208000000000000046e-01
8.439999999999999725e-01
1.564000000000000112e-01
-5.685999999999999943e-01
-5.632000000000000339e-01
