-8.999999999999999667e-02
3.881999999999999895e-01
1.349999999999999985e-02
-5.729999999999999677e-02
9.264999999999999902e-01
-5.796000000000000041e-01
5.184999999999999609e-01
2.944999999999999840e-01
3.839000000000000190e-01
-5.027000000000000357e-01
-8.408999999999999808e-01
8.846000000000000529e-01
6.226000000000000423e-01
-9.264999999999999902e-01
-1.701000000000000012e-01
5.946000000000000174e-01
7.818000000000000504e-01
-4.257000000000000228e-01
6.405999999999999472e-01
6.670000000000000373e-01
-4.767000000000000126e-01
-8.213000000000000300e-01
-1.733000000000000096e-01
3.760000000000000009e-01
7.600999999999999979e-01
-8.624000000000000554e-01
-2.585999999999999965e-01
7.975999999999999757e-01
-2.974999999999999867e-01
-1.932000000000000106e-01
-9.861999999999999655e-01
5.976000000000000201e-01
5.217000000000000526e-01
-8.506000000000000227e-01
1.502999999999999892e-01
-6.579999999999999738e-02
-2.839999999999999747e-01
-1.302000000000000102e-01
-4.914000000000000035e-01
9.691999999999999504e-01
8.690000000000000502e-02
4.544000000000000261e-01
1.799000000000000044e-01
-5.179000000000000270e-01
9.092999999999999972e-01
-3.906999999999999917e-01
-7.499999999999999722e-02
-3.816999999999999837e-01
8.476000000000000201e-01
-4.350999999999999868e-01
3.427999999999999936e-01
-1.643000000000000016e-01
-8.091000000000000414e-01
5.322999999999999954e-01
8.989000000000000323e-01
5.442000000000000171e-01
-7.790000000000000258e-01
-3.256999999999999895e-01
9.210000000000000409e-01
-7.839000000000000412e-01
9.245999999999999774e-01
-3.729999999999999982e-02
6.957999999999999741e-01
-1.181999999999999995e-01
9.809999999999999831e-01
2.617999999999999772e-01
-3.343999999999999750e-01
9.818000000000000060e-01
8.720999999999999863e-01
-9.400000000000000369e-03
3.744999999999999996e-01
-5.918999999999999817e-01
-8.689999999999999947e-01
-8.806000000000000494e-01
2.857999999999999985e-01
1.327000000000000124e-01
-3.977999999999999869e-01
9.619999999999999385e-02
-7.271999999999999575e-01
-9.106999999999999540e-01
-2.030000000000000138e-01
-1.434999999999999887e-01
-8.932999999999999829e-01
-5.076000000000000512e-01
-8.868000000000000327e-01
6.159999999999999920e-01
-6.684999999999999831e-01
-6.250999999999999890e-01
1.743999999999999995e-01
1.335000000000000075e-01
-5.577999999999999625e-01
8.408999999999999808e-01
-1.554000000000000103e-01
-4.582999999999999852e-01
-7.569000000000000172e-01
8.055999999999999828e-01
1.246000000000000024e-01
5.057000000000000384e-01
-5.957000000000000073e-01
-2.582999999999999741e-01
6.131999999999999673e-01
6.316000000000000503e-01
3.770000000000000018e-01
-1.595999999999999919e-01
-5.659999999999999754e-02
-6.384999999999999565e-01
7.000999999999999446e-01
-5.040000000000000036e-01
-9.401000000000000467e-01
4.228000000000000091e-01
6.199999999999999956e-01
6.449000000000000288e-01
-3.402000000000000024e-01
7.627000000000000446e-01
-1.129000000000000004e-01
7.207000000000000073e-01
9.556999999999999940e-01
6.036000000000000254e-01
7.492999999999999661e-01
2.222999999999999976e-01
