5.258000000000000451e-01
9.089999999999999469e-02
1.872000000000000053e-01
-7.721999999999999975e-01
-6.750000000000000444e-02
6.980000000000000093e-02
-1.290999999999999925e-01
8.730000000000000260e-02
2.237999999999999989e-01
7.028999999999999693e-01
-4.915999999999999814e-01
-8.964999999999999636e-01
-3.321000000000000063e-01
4.645000000000000240e-01
-1.439999999999999891e-01
-1.274000000000000132e-01
9.764000000000000457e-01
3.059999999999999873e-02
2.172000000000000042e-01
-1.209999999999999964e-02
-7.188999999999999835e-01
5.899999999999999689e-02
-1.562000000000000055e-01
-3.846999999999999864e-01
-4.380999999999999894e-01
-6.691000000000000281e-01
4.704999999999999738e-01
-8.676000000000000378e-01
-4.778999999999999915e-01
2.147999999999999909e-01
4.536999999999999922e-01
6.868999999999999551e-01
-4.838999999999999968e-01
-2.479999999999999982e-01
5.929999999999999716e-01
3.938999999999999724e-01
-3.685999999999999832e-01
-5.840999999999999526e-01
8.264000000000000234e-01
3.190000000000000058e-01
8.851999999999999869e-01
-8.095999999999999863e-01
8.981999999999999984e-01
2.528000000000000247e-01
-5.110000000000000098e-01
7.617000000000000437e-01
-7.759000000000000341e-01
-9.713000000000000522e-01
-2.232000000000000095e-01
-3.946999999999999953e-01
-1.145000000000000046e-01
6.392999999999999794e-01
-1.082000000000000045e-01
6.126000000000000334e-01
6.612000000000000099e-01
-9.482000000000000428e-01
-8.104999999999999982e-01
1.431999999999999940e-01
4.399999999999999745e-02
3.955000000000000182e-01
-1.648999999999999910e-01
-3.724000000000000088e-01
4.073999999999999844e-01
5.141000000000000014e-01
-8.238999999999999657e-01
-9.069000000000000394e-01
7.560000000000000053e-02
-7.211999999999999522e-01
-8.919000000000000261e-01
4.117999999999999994e-01
3.135999999999999899e-01
9.204999999999999849e-01
-7.150999999999999579e-01
4.361999999999999766e-01
3.650999999999999801e-01
-3.096999999999999753e-01
-3.360000000000000209e-01
2.778999999999999804e-01
9.324999999999999956e-01
-1.991999999999999882e-01
1.328999999999999904e-01
-9.612000000000000544e-01
-8.518000000000000016e-01
1.985999999999999988e-01
5.765000000000000124e-01
-4.320999999999999841e-01
8.578999999999999959e-01
4.855999999999999761e-01
-3.089000000000000079e-01
5.662000000000000366e-01
-2.867999999999999994e-01
-6.690000000000000113e-02
4.239999999999999880e-01
-8.340000000000000191e-02
-1.152999999999999997e-01
1.396999999999999909e-01
5.767999999999999794e-01
-9.504000000000000226e-01
6.794999999999999929e-01
7.834999999999999742e-01
7.801000000000000156e-01
-7.749000000000000332e-01
5.263999999999999790e-01
5.582000000000000295e-01
2.190999999999999892e-01
-8.140000000000000013e-02
-1.933999999999999886e-01
-9.576000000000000068e-01
1.443000000000000116e-01
-6.381000000000000005e-01
-4.939999999999999947e-01
1.416000000000000036e-01
8.042000000000000259e-01
-5.482000000000000206e-01
9.487999999999999767e-01
-6.770000000000000462e-01
-4.158999999999999919e-01
-1.839000000000000079e-01
2.731000000000000094e-01
-2.429999999999999868e-02
6.915000000000000036e-01
-8.629000000000000004e-01
4.873999999999999999e-01
-5.331000000000000183e-01
6.828999999999999515e-01
-8.096999999999999753e-01
6.575999999999999623e-01
1.285999999999999921e-01
-6.852000000000000313e-01
-1.769000000000000017e-01
-7.580999999999999961e-01
6.332999999999999741e-01
-9.044999999999999707e-01
-2.091000000000000081e-01
-1.502000000000000002e-01
