-1.575000000000000011e-01
9.279999999999999361e-02
7.409999999999999920e-02
-8.125000000000000000e-01
-1.593999999999999861e-01
4.823000000000000065e-01
-3.842999999999999750e-01
-8.950000000000000178e-01
6.472999999999999865e-01
8.984999999999999654e-01
-3.696999999999999731e-01
6.280000000000000027e-01
-1.729999999999999871e-01
-9.582000000000000517e-01
-3.430000000000000271e-01
5.483000000000000096e-01
-6.298000000000000265e-01
-6.302999999999999714e-01
-7.026000000000000023e-01
6.231999999999999762e-01
2.959999999999999853e-01
1.572000000000000064e-01
-9.368999999999999551e-01
6.370000000000000662e-02
-5.362999999999999989e-01
3.219000000000000195e-01
1.643000000000000016e-01
6.612999999999999989e-01
-9.514000000000000234e-01
2.834999999999999742e-01
-8.839000000000000190e-01
-2.747999999999999887e-01
-4.428000000000000269e-01
3.281000000000000028e-01
-1.343999999999999917e-01
6.518000000000000460e-01
-8.743999999999999551e-01
2.882000000000000117e-01
6.803000000000000158e-01
-2.305999999999999994e-01
1.223000000000000059e-01
9.263000000000000123e-01
4.737999999999999989e-01
-2.993000000000000105e-01
4.566000000000000059e-01
5.181999999999999940e-01
4.973000000000000198e-01
1.655999999999999972e-01
7.443999999999999506e-01
-7.846999999999999531e-01
4.945999999999999841e-01
-9.196999999999999620e-01
4.875999999999999779e-01
-7.956999999999999629e-01
-4.865999999999999770e-01
9.093999999999999861e-01
-3.826999999999999846e-01
-7.597000000000000419e-01
-6.739000000000000545e-01
7.907999999999999474e-01
9.721999999999999531e-01
-7.620999999999999996e-01
9.977000000000000313e-01
-7.419000000000000039e-01
2.013999999999999957e-01
-4.218000000000000083e-01
4.598999999999999755e-01
-2.326000000000000012e-01
-5.770999999999999464e-01
-4.343000000000000194e-01
-5.960999999999999632e-01
-4.733999999999999875e-01
4.529000000000000248e-01
3.104999999999999982e-01
3.296000000000000041e-01
-7.275000000000000355e-01
1.112999999999999962e-01
1.592000000000000082e-01
-5.721000000000000529e-01
8.354000000000000314e-01
8.204000000000000181e-01
7.270999999999999686e-01
-8.507000000000000117e-01
5.306999999999999496e-01
7.971000000000000307e-01
-3.439999999999999725e-01
1.214999999999999969e-01
-7.963999999999999968e-01
-1.468000000000000138e-01
9.831999999999999629e-01
1.163000000000000006e-01
4.752000000000000113e-01
-9.173999999999999932e-01
-6.108000000000000096e-01
2.136000000000000121e-01
3.600999999999999757e-01
9.316999999999999726e-01
2.260999999999999954e-01
2.492000000000000048e-01
6.574999999999999734e-01
9.262000000000000233e-01
-9.725000000000000311e-01
3.739999999999999991e-01
-4.961999999999999744e-01
-4.727000000000000091e-01
9.788000000000000034e-01
-5.618999999999999551e-01
1.617999999999999994e-01
-8.641999999999999682e-01
-5.171000000000000041e-01
-8.423000000000000487e-01
-9.191000000000000281e-01
5.416999999999999593e-01
8.878000000000000336e-01
-2.084999999999999909e-01
3.835999999999999965e-01
-2.462999999999999912e-01
2.310999999999999999e-01
-2.272000000000000131e-01
9.859999999999999876e-01
1.213000000000000050e-01
-8.590000000000000413e-02
8.524000000000000465e-01
-1.819999999999999951e-01
-4.920999999999999819e-01
2.520000000000000018e-02
6.381000000000000005e-01
2.011000000000000010e-01
8.848000000000000309e-01
4.234999999999999876e-01
2.179999999999999993e-01
2.121000000000000107e-01
3.549999999999999822e-01
-8.930000000000000160e-01
9.588999999999999746e-01
