-4.071819156225157599e+01 9.603877091861146020e-01 7.773453417630352656e-03 9.311495317749974854e-01
-4.079950936867994216e+01 9.623056878299446337e-01 2.794066632851223571e-04 6.918788538899982576e-01
-3.996722848278956519e+01 9.426753382802199877e-01 2.964666163651532779e-03 1.029482895684833199e+00
-4.077491305074514116e+01 9.617255539750384497e-01 3.237967729253729034e-03 7.186774191446763105e-01
-4.114525337515107140e+01 9.704604776572872682e-01 1.532137023809375300e-03 7.920892307964710888e-01
-4.055523248181560803e+01 9.565441225250590485e-01 2.003140053298601631e-04 6.459480706961032714e-01
-4.022688948609447834e+01 9.487997565454004967e-01 1.138810740183977127e-03 8.876826450623435116e-01
-4.039785013970181637e+01 9.528320699704182495e-01 2.412445524492577015e-03 8.110796128536900129e-01
-4.058967209290524636e+01 9.573564223333418388e-01 5.536067933787807045e-03 1.024157492337478992e+00
-4.033650428072491678e+01 9.513851538204020075e-01 5.423775013836431820e-04 6.796344767442084045e-01
-4.025826701573109290e+01 9.495398334656035555e-01 6.671873001694341972e-04 8.626784178063946484e-01
-4.074422839671255758e+01 9.610018193625012861e-01 1.616879681912181338e-03 6.230965886894539452e-01
-4.059925064374115777e+01 9.575823440194893843e-01 1.707984152740189051e-03 6.093529261887670190e-01
-4.146488213983695914e+01 9.779993079768353192e-01 9.557612000567754663e-04 7.383264410492669239e-01
-3.992101055984011282e+01 9.415852327661550225e-01 1.544985367068936466e-03 1.339130418668080358e+00
-4.017546655971838021e+01 9.475868847412467488e-01 1.262877892672322052e-03 1.022562421376157493e+00
-4.133061545001831405e+01 9.748324659903048195e-01 1.891837340288310713e-03 7.322596846327317222e-01
-4.118580549331019824e+01 9.714169483247516723e-01 1.092950098982034372e-02 8.240730961392046527e-01
-4.116870100158252654e+01 9.710135182362120698e-01 6.728950731267016594e-03 7.537085243775157872e-01
-4.026757688978000260e+01 9.497594180853422552e-01 4.276279039487029224e-04 8.885283072050549347e-01
-4.069614165924116378e+01 9.598676356016193623e-01 7.137893085541799744e-04 5.727615524780784728e-01
-4.120482871275038406e+01 9.718656339229706509e-01 6.837918091653502834e-04 7.508157802939656733e-01
-4.145582985027321143e+01 9.777857987981742882e-01 6.212715685663932480e-04 7.405699686012405802e-01
-4.141195292639280723e+01 9.767509085735627261e-01 2.225489514432896980e-04 7.820342760661871395e-01
-4.006473310215280748e+01 9.449751024503001418e-01 1.380064004560845048e-03 1.269193490681848724e+00
-4.146931548280115720e+01 9.781038737232514713e-01 1.143267468314260312e-03 7.357075464855169500e-01
-4.142324901645660873e+01 9.770173404960745822e-01 1.124136419764246988e-03 7.518749718876017729e-01
-4.115849004794476684e+01 9.707726805664500525e-01 2.228029074724638718e-04 9.308780838233234878e-01
-4.146100166841560508e+01 9.779077823732676977e-01 1.908681444540564478e-03 7.349119227601601523e-01
-4.105112113344597446e+01 9.682402550859213752e-01 9.460160937162390236e-04 6.831759121575146088e-01
