-1.449999999999999900e-01
6.713000000000000078e-01
8.383000000000000451e-01
-4.335999999999999854e-01
-4.223000000000000087e-01
6.945000000000000062e-01
-9.574000000000000288e-01
-2.536999999999999811e-01
-6.008000000000000007e-01
-1.773000000000000131e-01
1.643999999999999906e-01
5.500000000000000028e-02
-5.760999999999999455e-01
-2.560999999999999943e-01
8.605000000000000426e-01
-6.776999999999999691e-01
-2.061000000000000054e-01
7.499000000000000110e-01
-1.602000000000000091e-01
1.779000000000000026e-01
-2.695000000000000173e-01
-7.701999999999999957e-01
-7.977999999999999536e-01
4.883000000000000118e-01
7.009999999999999565e-02
8.693999999999999506e-01
-6.663999999999999924e-01
-2.616999999999999882e-01
8.225000000000000089e-01
-1.837999999999999912e-01
-5.960999999999999632e-01
7.330999999999999739e-01
9.520000000000000684e-02
2.429999999999999938e-01
-7.060999999999999499e-01
5.610000000000000542e-01
-3.892999999999999794e-01
-2.500000000000000139e-02
7.287000000000000144e-01
-9.772999999999999465e-01
-1.308999999999999886e-01
3.482999999999999985e-01
-9.808000000000000052e-01
-8.642999999999999572e-01
-6.670000000000000373e-01
-1.501000000000000112e-01
-3.785000000000000031e-01
5.407999999999999474e-01
-5.174999999999999600e-01
-6.709000000000000519e-01
8.236999999999999877e-01
-8.167999999999999705e-01
-9.627999999999999892e-01
-6.965000000000000080e-01
-4.210999999999999743e-01
-9.472000000000000419e-01
8.165999999999999925e-01
-9.262000000000000233e-01
3.716999999999999749e-01
5.404999999999999805e-01
-3.896999999999999909e-01
4.572999999999999843e-01
9.086999999999999522e-01
1.801000000000000101e-01
-8.660999999999999810e-01
9.920999999999999819e-01
-2.710000000000000187e-01
-4.220999999999999752e-01
1.343999999999999917e-01
5.342999999999999972e-01
2.096999999999999975e-01
8.002000000000000224e-01
6.465999999999999526e-01
-4.809999999999999831e-01
-1.144000000000000017e-01
7.854999999999999760e-01
-6.231999999999999762e-01
8.922999999999999821e-01
-2.641000000000000014e-01
-8.527000000000000135e-01
-8.922999999999999821e-01
-8.360999999999999543e-01
-4.465000000000000080e-01
-6.191999999999999726e-01
3.060999999999999832e-01
-6.739000000000000545e-01
-6.089999999999999858e-01
-2.515000000000000013e-01
-5.409000000000000474e-01
-7.401999999999999691e-01
4.534000000000000252e-01
-7.374000000000000554e-01
-1.728000000000000091e-01
7.960000000000000409e-01
-8.572999999999999510e-01
-2.738999999999999768e-01
3.881000000000000005e-01
-8.365000000000000213e-01
8.334000000000000297e-01
-2.505999999999999894e-01
1.955000000000000071e-01
8.547000000000000153e-01
-4.658999999999999808e-01
5.850999999999999535e-01
-6.089999999999999858e-01
9.532000000000000473e-01
1.908999999999999864e-01
2.258000000000000007e-01
-7.933999999999999941e-01
-4.420999999999999930e-01
-2.333999999999999964e-01
-2.807999999999999940e-01
-8.470999999999999641e-01
-7.731000000000000094e-01
6.048000000000000043e-01
9.563000000000000389e-01
8.610999999999999766e-01
6.442999999999999838e-01
5.120999999999999996e-01
9.852999999999999536e-01
5.472000000000000197e-01
4.833999999999999964e-01
-6.727999999999999536e-01
-3.094999999999999973e-01
-2.305999999999999994e-01
7.510000000000000009e-02
-2.288999999999999924e-01
-1.995000000000000107e-01
1.897999999999999965e-01
8.297999999999999821e-01
4.490000000000000102e-01
-1.830000000000000029e-02
-1.413000000000000089e-01
5.852000000000000535e-01
8.821999999999999842e-01
5.961999999999999522e-01
-9.187999999999999501e-01
-9.094999999999999751e-01
2.089999999999999913e-01
1.832999999999999907e-01
5.858999999999999764e-01
-2.119000000000000050e-01
8.309999999999999332e-02
8.804999999999999494e-01
8.747000000000000330e-01
-7.153000000000000469e-01
7.760000000000000231e-01
7.369999999999999885e-01
2.861000000000000210e-01
-4.797000000000000153e-01
3.541000000000000258e-01
1.328000000000000014e-01
-8.701999999999999735e-01
-8.800999999999999934e-01
-9.807000000000000162e-01
7.133000000000000451e-01
-5.380000000000000060e-02
5.423999999999999932e-01
-9.222000000000000197e-01
2.275999999999999968e-01
-3.482999999999999985e-01
-8.703999999999999515e-01
-4.737999999999999989e-01
4.723999999999999866e-01
-4.635000000000000231e-01
2.368000000000000105e-01
7.147000000000000020e-01
5.973000000000000531e-01
-8.110000000000000542e-01
9.627999999999999892e-01
5.796999999999999931e-01
-3.478999999999999870e-01
9.483000000000000318e-01
6.080999999999999739e-01
-5.820999999999999508e-01
1.877000000000000057e-01
-2.515999999999999903e-01
-5.179999999999999882e-02
9.688999999999999835e-01
-3.587000000000000188e-01
