-2.923000000000000043e-01
3.705999999999999850e-01
-6.188000000000000167e-01
-8.608999999999999986e-01
-5.040000000000000036e-02
-9.649999999999999689e-01
3.667000000000000259e-01
-8.507000000000000117e-01
2.819999999999999729e-01
1.822999999999999898e-01
8.441999999999999504e-01
8.490999999999999659e-01
-5.716999999999999860e-01
-5.203999999999999737e-01
3.965000000000000191e-01
-5.272999999999999909e-01
-7.180999999999999606e-01
9.547999999999999821e-01
5.118000000000000327e-01
-8.819000000000000172e-01
7.720000000000000195e-01
-4.052000000000000046e-01
-3.492999999999999994e-01
5.117000000000000437e-01
2.333999999999999964e-01
5.777999999999999803e-01
-7.420000000000000207e-02
-6.400000000000000307e-03
-5.611000000000000432e-01
9.819999999999999840e-01
2.571999999999999842e-01
-6.206000000000000405e-01
2.142999999999999905e-01
-3.978999999999999759e-01
4.999000000000000110e-01
7.449999999999999956e-01
-4.469999999999999668e-02
-5.079999999999999793e-02
6.596999999999999531e-01
8.824999999999999512e-01
-1.353000000000000036e-01
-2.989999999999999880e-01
7.431999999999999718e-01
-4.139999999999999791e-01
-3.059999999999999873e-02
2.340000000000000135e-01
-5.838999999999999746e-01
-2.594000000000000195e-01
7.459999999999999964e-01
7.669000000000000261e-01
-9.229999999999999316e-02
2.328999999999999959e-01
8.699999999999999956e-01
-1.160000000000000059e-01
4.820999999999999730e-01
4.918000000000000149e-01
-9.295999999999999819e-01
-8.177999999999999714e-01
9.326999999999999735e-01
1.053999999999999937e-01
8.175999999999999934e-01
-1.342000000000000137e-01
8.067999999999999616e-01
2.787000000000000033e-01
-8.769000000000000128e-01
7.835999999999999632e-01
-5.995000000000000329e-01
-9.466999999999999860e-01
3.274000000000000243e-01
6.568000000000000504e-01
7.058999999999999719e-01
2.265000000000000069e-01
-6.481999999999999984e-01
6.191999999999999726e-01
-2.700000000000000143e-03
9.194999999999999840e-01
-1.386999999999999900e-01
-9.522000000000000464e-01
3.468999999999999861e-01
-8.891999999999999904e-01
-6.423999999999999710e-01
-6.977999999999999758e-01
7.469000000000000083e-01
-8.474000000000000421e-01
-3.467000000000000082e-01
6.088999999999999968e-01
7.072000000000000508e-01
-3.501000000000000223e-01
1.450000000000000074e-02
-4.259999999999999898e-01
-4.184999999999999831e-01
5.304999999999999716e-01
4.414000000000000146e-01
3.699000000000000066e-01
8.723999999999999533e-01
9.304999999999999938e-01
8.772999999999999687e-01
-3.437000000000000055e-01
-8.223000000000000309e-01
-6.561000000000000165e-01
-4.989000000000000101e-01
6.670000000000000373e-01
-7.389999999999999902e-01
-9.566000000000000059e-01
9.761999999999999567e-01
7.288000000000000034e-01
-5.321000000000000174e-01
-6.226000000000000423e-01
-6.855999999999999872e-01
-1.461000000000000076e-01
3.323999999999999733e-01
-5.506999999999999673e-01
-4.615000000000000213e-01
-9.797000000000000153e-01
9.464000000000000190e-01
-5.566999999999999726e-01
5.553000000000000158e-01
-5.885000000000000231e-01
6.484999999999999654e-01
3.249000000000000221e-01
-3.282999999999999807e-01
5.656999999999999806e-01
5.814000000000000279e-01
8.997000000000000552e-01
-3.956000000000000072e-01
-1.039999999999999952e-01
-4.949999999999999956e-01
3.932999999999999829e-01
-1.108999999999999986e-01
-1.689999999999999836e-02
-6.361999999999999877e-01
4.011000000000000121e-01
-6.734999999999999876e-01
7.272999999999999465e-01
-8.092000000000000304e-01
6.190999999999999837e-01
-7.321999999999999620e-01
-1.001999999999999974e-01
7.930000000000000382e-01
9.563000000000000389e-01
-3.946000000000000063e-01
-1.579000000000000126e-01
-1.335999999999999965e-01
8.665000000000000480e-01
7.068999999999999728e-01
-2.589000000000000190e-01
-4.540000000000000285e-02
-4.581000000000000072e-01
3.110999999999999877e-01
-4.566999999999999948e-01
2.174000000000000099e-01
-4.218999999999999972e-01
-3.130000000000000143e-02
5.933000000000000496e-01
-2.610000000000000167e-02
-7.208999999999999853e-01
-6.314999999999999503e-01
6.250000000000000000e-01
6.568000000000000504e-01
4.697999999999999954e-01
6.965000000000000080e-01
-9.053999999999999826e-01
7.782000000000000028e-01
2.340000000000000135e-01
7.176000000000000156e-01
-2.960999999999999743e-01
-3.205999999999999961e-01
-4.051000000000000156e-01
-2.164000000000000090e-01
3.669000000000000039e-01
-3.090999999999999859e-01
-2.265999999999999959e-01
-8.445000000000000284e-01
-1.189000000000000057e-01
5.475999999999999757e-01
7.571999999999999842e-01
-2.939999999999999905e-02
-9.788999999999999924e-01
7.796999999999999487e-01
-9.995000000000000551e-01
