-7.630580000000004759e+01 6.375451281635672318e-01 0.000000000000000000e+00 2.627118414083415843e+00
-7.608333400000006463e+01 6.356863950858453460e-01 0.000000000000000000e+00 2.294086735488315654e+00
-7.649150000000003047e+01 6.390966764115373344e-01 0.000000000000000000e+00 2.303424143629337451e+00
-7.642068199999998512e+01 6.385049825837245674e-01 0.000000000000000000e+00 2.344458650114556786e+00
-7.666378000000004533e+01 6.405360987710438936e-01 0.000000000000000000e+00 2.669201812217171454e+00
-7.617220000000003211e+01 6.364288823588883925e-01 0.000000000000000000e+00 2.480657615564179963e+00
-7.691334400000002347e+01 6.426212392500768589e-01 0.000000000000000000e+00 2.553136284441811288e+00
-7.570451600000004078e+01 6.325213202113183497e-01 0.000000000000000000e+00 2.290321912476872335e+00
-7.552127800000002367e+01 6.309903423014551205e-01 0.000000000000000000e+00 2.262277656582124319e+00
-7.713322800000000257e+01 6.444583993736993088e-01 0.000000000000000000e+00 2.982762494433303324e+00
-7.682947200000005239e+01 6.419204775125770812e-01 0.000000000000000000e+00 2.240951223177921836e+00
-7.759520800000002794e+01 6.483183038411056698e-01 0.000000000000000000e+00 2.179332558639794026e+00
-7.743209400000004905e+01 6.469554646331390213e-01 0.000000000000000000e+00 2.718554050969824498e+00
-7.760046000000005506e+01 6.483621850010323762e-01 0.000000000000000000e+00 2.489692209121765032e+00
-7.706318200000005447e+01 6.438731557087705726e-01 0.000000000000000000e+00 2.242971034924684304e+00
-7.788324000000001490e+01 6.507248495867135052e-01 0.000000000000000000e+00 2.210734372341124576e+00
-7.807479800000007231e+01 6.523253422053715278e-01 0.000000000000000000e+00 2.663384867024469749e+00
-7.697032000000001517e+01 6.430972813231858876e-01 0.000000000000000000e+00 2.027495775481654938e+00
-7.818873800000004337e+01 6.532773260899902290e-01 0.000000000000000000e+00 2.605368943290494066e+00
-7.754352000000005773e+01 6.478864437127209719e-01 0.000000000000000000e+00 2.513482216713970097e+00
-7.733088200000004520e+01 6.461098248847622072e-01 0.000000000000000000e+00 2.415781865879266466e+00
-7.865490800000000604e+01 6.571722385657913224e-01 0.000000000000000000e+00 2.779061483600592020e+00
-7.789420000000002631e+01 6.508164218473369012e-01 0.000000000000000000e+00 1.966834553388779216e+00
-7.725441000000006397e+01 6.454708911334495758e-01 0.000000000000000000e+00 2.482269556395127363e+00
-7.789921400000002905e+01 6.508583144855454305e-01 0.000000000000000000e+00 2.295036929832931616e+00
-7.749700600000001316e+01 6.474978130438671098e-01 0.000000000000000000e+00 2.457236516525312719e+00
-7.707177400000004752e+01 6.439449430138139974e-01 0.000000000000000000e+00 2.531965198135569750e+00
-7.788591200000006154e+01 6.507471745028075016e-01 0.000000000000000000e+00 2.433808716340158718e+00
-7.812493600000003369e+01 6.527442518771898738e-01 0.000000000000000000e+00 2.346961343822684842e+00
-7.829892000000005226e+01 6.541979113837860238e-01 0.000000000000000000e+00 2.276899472812300207e+00
-7.830118600000002971e+01 6.542168441157723002e-01 0.000000000000000000e+00 2.609635346832653635e+00
-7.817712000000004480e+01 6.531802561516761862e-01 0.000000000000000000e+00 2.015434407493602809e+00
-7.835933800000000815e+01 6.547027118256050215e-01 0.000000000000000000e+00 2.650847411479102078e+00
-7.768171600000009391e+01 6.490410897099022636e-01 0.000000000000000000e+00 2.639355791262846473e+00
-7.843573000000000661e+01 6.553409771662563887e-01 0.000000000000000000e+00 2.800659365996413630e+00
-7.670471000000003414e+01 6.408780743757256371e-01 0.000000000000000000e+00 2.405694845737522236e+00
-7.868430800000001568e+01 6.574178794838868578e-01 0.000000000000000000e+00 2.147624864054015870e+00
-7.896429200000005721e+01 6.597571831169498635e-01 0.000000000000000000e+00 2.459061187850339891e+00
-7.908426400000006140e+01 6.607595651654447622e-01 0.000000000000000000e+00 2.268755572462533010e+00
-7.973066200000005210e+01 6.661603065999709417e-01 0.000000000000000000e+00 2.488736723834326536e+00
-7.944128000000006296e+01 6.637424814244504701e-01 0.000000000000000000e+00 2.058771187780798595e+00
-7.918685800000012875e+01 6.616167517079992733e-01 0.000000000000000000e+00 2.339307791650506729e+00
-8.030096400000006440e+01 6.709252558132934308e-01 0.000000000000000000e+00 2.519117355586309781e+00
-8.065952600000002803e+01 6.739210891083320387e-01 0.000000000000000000e+00 2.795893962622019391e+00
-8.051611400000008700e+01 6.727228627360227753e-01 0.000000000000000000e+00 2.455849154261899869e+00
-7.997391200000006961e+01 6.681926927675465588e-01 0.000000000000000000e+00 1.839552563696405185e+00
-7.959108600000001843e+01 6.649941305188790119e-01 0.000000000000000000e+00 2.436859295997388042e+00
-7.991466800000007709e+01 6.676977012521845278e-01 0.000000000000000000e+00 2.224568249785912055e+00
-7.936090400000004763e+01 6.630709292328571536e-01 0.000000000000000000e+00 2.626996661624421581e+00
-7.895875800000001732e+01 6.597109458094413403e-01 0.000000000000000000e+00 2.340042729178207548e+00
-7.973792000000003100e+01 6.662209481572338721e-01 0.000000000000000000e+00 2.427934348787092578e+00
-8.035033000000004222e+01 6.713377153222286342e-01 0.000000000000000000e+00 2.380664231285296584e+00
-8.015104600000007906e+01 6.696726709439385639e-01 0.000000000000000000e+00 2.478469878548604122e+00
-7.928284800000007237e+01 6.624187609504471608e-01 0.000000000000000000e+00 2.419147712113971505e+00
-7.909483600000005765e+01 6.608478956343598609e-01 0.000000000000000000e+00 2.083764402022300288e+00
-7.889741200000005961e+01 6.591983918039490131e-01 0.000000000000000000e+00 2.145227119678953631e+00
-8.061559600000001069e+01 6.735540481038444494e-01 0.000000000000000000e+00 2.890005491096806711e+00
-7.959399399999999503e+01 6.650184272464237933e-01 0.000000000000000000e+00 2.657749267643696456e+00
-8.032842400000005512e+01 6.711546877728478133e-01 0.000000000000000000e+00 2.269921654818540802e+00
-7.964594200000006197e+01 6.654524597094590987e-01 0.000000000000000000e+00 3.002592618616401587e+00
-8.048034400000003075e+01 6.724239996190062296e-01 0.000000000000000000e+00 2.204864834370221072e+00
-8.050300600000002760e+01 6.726133436491381623e-01 0.000000000000000000e+00 2.453687539393257566e+00
-8.012422800000004486e+01 6.694486029799422422e-01 0.000000000000000000e+00 1.922139364400452965e+00
-8.006500400000003026e+01 6.689537785672453607e-01 0.000000000000000000e+00 3.049860875181626074e+00
-8.026806600000001879e+01 6.706503886390241531e-01 0.000000000000000000e+00 2.171701654278495930e+00
-7.952873000000002435e+01 6.644731378287851431e-01 0.000000000000000000e+00 2.086661956113377681e+00
-7.925086000000004560e+01 6.621514969474524559e-01 0.000000000000000000e+00 2.245253745440399129e+00
-8.071801400000006765e+01 6.744097641429435130e-01 0.000000000000000000e+00 2.478511214460418444e+00
-8.123808600000006663e+01 6.787550350121865916e-01 0.000000000000000000e+00 2.641751248852192813e+00
-8.113689000000005080e+01 6.779095289459419194e-01 0.000000000000000000e+00 2.572614432220398317e+00
-8.070989000000002989e+01 6.743418870402695386e-01 0.000000000000000000e+00 2.695957755322743843e+00
-8.055741600000004610e+01 6.730679464502802301e-01 0.000000000000000000e+00 2.158355224726701493e+00
-8.117853200000006098e+01 6.782574534055111348e-01 0.000000000000000000e+00 2.227045465823372705e+00
-8.095022800000003826e+01 6.763499430597671447e-01 0.000000000000000000e+00 2.426670337413140199e+00
-8.082402600000003190e+01 6.752955085310091699e-01 0.000000000000000000e+00 2.482841220412980388e+00
-7.904864000000003443e+01 6.604619218978855510e-01 0.000000000000000000e+00 2.646166413985532095e+00
-7.915827000000007274e+01 6.613778951581174015e-01 0.000000000000000000e+00 1.913698492527762252e+00
-8.017686999999999387e+01 6.698884339054650416e-01 0.000000000000000000e+00 2.300237521222623815e+00
-7.966441800000008300e+01 6.656068291517290847e-01 0.000000000000000000e+00 2.021674998128176970e+00
-8.040854600000002961e+01 6.718241177605905889e-01 0.000000000000000000e+00 2.727911626705519232e+00
-8.035089800000008609e+01 6.713424610379254975e-01 0.000000000000000000e+00 2.360790165014307718e+00
-8.042452200000002449e+01 6.719575993696890182e-01 0.000000000000000000e+00 2.399224897209492280e+00
-8.049673400000003198e+01 6.725609402532778391e-01 0.000000000000000000e+00 2.636585289485495309e+00
-8.048091400000005535e+01 6.724287620449694858e-01 0.000000000000000000e+00 1.959608506202143552e+00
-7.967990000000006034e+01 6.657361833249926253e-01 0.000000000000000000e+00 1.898245216035594263e+00
-7.969495000000007678e+01 6.658619280806845619e-01 0.000000000000000000e+00 2.261214148584246075e+00
-8.093064600000001008e+01 6.761863328401021001e-01 0.000000000000000000e+00 2.284568660984282573e+00
-8.037507000000005064e+01 6.715444213192927059e-01 0.000000000000000000e+00 2.142912525046227756e+00
-7.983341800000006572e+01 6.670188466741144850e-01 0.000000000000000000e+00 1.783897702619211323e+00
-8.156326000000004228e+01 6.814719071176548182e-01 0.000000000000000000e+00 2.223442027600677662e+00
-8.013657800000007114e+01 6.695517888758091285e-01 0.000000000000000000e+00 2.249534699523347392e+00
-8.064412799999999493e+01 6.737924367662626590e-01 0.000000000000000000e+00 2.221174393531675673e+00
-8.114883000000003221e+01 6.780092892371683000e-01 0.000000000000000000e+00 2.418644521360481026e+00
-8.125979800000004616e+01 6.789364416657132084e-01 0.000000000000000000e+00 2.195620261273139473e+00
-8.120687400000002754e+01 6.784942545926081481e-01 0.000000000000000000e+00 2.094930188013553796e+00
-8.111646400000002188e+01 6.777388669937981502e-01 0.000000000000000000e+00 2.210735886875497602e+00
-8.161060600000007526e+01 6.818674892573880486e-01 0.000000000000000000e+00 2.469952771716311890e+00
-8.212691600000005110e+01 6.861813281152745470e-01 0.000000000000000000e+00 2.540241113137240436e+00
-8.170886800000002381e+01 6.826884813626221682e-01 0.000000000000000000e+00 2.153223723023202751e+00
-8.136498400000006370e+01 6.798152847136993415e-01 0.000000000000000000e+00 1.865507747641132807e+00
