-8.214552800000006982e+01 6.309844277009184488e-01 0.000000000000000000e+00 2.665983919116140743e+00
-8.226909000000009087e+01 6.319335444666612789e-01 0.000000000000000000e+00 2.834422242145244297e+00
-8.201826000000001216e+01 6.300068440381209056e-01 0.000000000000000000e+00 2.934118801034793389e+00
-8.112329200000004903e+01 6.231323265197648009e-01 0.000000000000000000e+00 2.882012045751118023e+00
-8.132572800000006907e+01 6.246872981258402291e-01 0.000000000000000000e+00 2.761263902236427370e+00
-8.177146400000003723e+01 6.281111299729698061e-01 0.000000000000000000e+00 2.731860230889411767e+00
-8.186969800000002806e+01 6.288656947774077244e-01 0.000000000000000000e+00 2.879210172910956267e+00
-8.244090400000006014e+01 6.332532993102966135e-01 0.000000000000000000e+00 2.678067556571266827e+00
-8.151797600000004707e+01 6.261640126495648939e-01 0.000000000000000000e+00 3.249491205274382288e+00
-8.229440400000005695e+01 6.321279888897685106e-01 0.000000000000000000e+00 2.918966367419339569e+00
-8.148872200000002408e+01 6.259393039052498775e-01 0.000000000000000000e+00 2.326946160844875600e+00
-8.131614600000007442e+01 6.246136959111678877e-01 0.000000000000000000e+00 2.611283322078563618e+00
-8.239406599999999514e+01 6.328935225903186135e-01 0.000000000000000000e+00 2.681215424234978606e+00
-8.145356000000001018e+01 6.256692140417233761e-01 0.000000000000000000e+00 2.519414176656024296e+00
-8.307816400000005785e+01 6.381482844200969673e-01 0.000000000000000000e+00 2.820274335660960752e+00
-8.251687400000005823e+01 6.338368476560134468e-01 0.000000000000000000e+00 3.200475717878720427e+00
-8.150402400000004377e+01 6.260568431547716139e-01 0.000000000000000000e+00 2.611375118344952284e+00
-8.272789000000001636e+01 6.354577248143623569e-01 0.000000000000000000e+00 2.835882704812479282e+00
-8.214217600000003472e+01 6.309586799839924653e-01 0.000000000000000000e+00 3.337431929411982079e+00
-8.317535200000004636e+01 6.388948145849452365e-01 0.000000000000000000e+00 2.658056584301676128e+00
-8.330016000000000531e+01 6.398535022502368497e-01 0.000000000000000000e+00 2.761703859737478783e+00
-8.205469000000002211e+01 6.302866737897921956e-01 0.000000000000000000e+00 2.330674489338338873e+00
-8.278283200000004172e+01 6.358797507879097033e-01 0.000000000000000000e+00 2.451160357866404294e+00
-8.396367800000010106e+01 6.449501829301554912e-01 0.000000000000000000e+00 3.088275147617177030e+00
-8.365273400000009474e+01 6.425617288455091058e-01 0.000000000000000000e+00 3.213395465142437235e+00
-8.334858600000006845e+01 6.402254768742953184e-01 0.000000000000000000e+00 3.225594537289820707e+00
-8.223093400000004749e+01 6.316404567915369084e-01 0.000000000000000000e+00 2.628559005481324817e+00
-8.394000799999999174e+01 6.447683665639164508e-01 0.000000000000000000e+00 2.573293979667682141e+00
-8.271263000000003274e+01 6.353405081794324394e-01 0.000000000000000000e+00 2.146767354946181872e+00
-8.368816600000006645e+01 6.428338926599809211e-01 0.000000000000000000e+00 2.467006584777869715e+00
-8.264164000000005217e+01 6.347952127067137962e-01 0.000000000000000000e+00 2.407004536763485358e+00
-8.464172200000004409e+01 6.501584421709507566e-01 0.000000000000000000e+00 3.151103108295105759e+00
-8.347434800000007726e+01 6.411914924995955056e-01 0.000000000000000000e+00 2.644563904798221010e+00
-8.370788600000004465e+01 6.429853678920136595e-01 0.000000000000000000e+00 2.352179509788033140e+00
-8.400433200000001932e+01 6.452624584921764495e-01 0.000000000000000000e+00 2.660879856415690359e+00
-8.462056000000002598e+01 6.499958905046079316e-01 0.000000000000000000e+00 3.044304487286567440e+00
-8.387533399999999517e+01 6.442715861807272182e-01 0.000000000000000000e+00 2.774134319362100864e+00
-8.210677200000003495e+01 6.306867312459147890e-01 0.000000000000000000e+00 2.588221072087150354e+00
-8.257003000000005954e+01 6.342451548281199392e-01 0.000000000000000000e+00 2.764635022489543292e+00
-8.228333600000001979e+01 6.320429722635947378e-01 0.000000000000000000e+00 2.717776195121981875e+00
-8.359014799999999923e+01 6.420809870162990096e-01 0.000000000000000000e+00 2.720188377778645528e+00
-8.408450800000007064e+01 6.458783143848475516e-01 0.000000000000000000e+00 2.680875913987438075e+00
-8.446134000000003539e+01 6.487728739506387621e-01 0.000000000000000000e+00 2.670929965386588112e+00
-8.497110800000004360e+01 6.526885547864871295e-01 0.000000000000000000e+00 2.669243239771652565e+00
-8.347267800000005877e+01 6.411786647289312580e-01 0.000000000000000000e+00 2.582660929249270598e+00
-8.398354000000001918e+01 6.451027489067592269e-01 0.000000000000000000e+00 2.938147846600788426e+00
-8.247412400000004595e+01 6.335084720896134725e-01 0.000000000000000000e+00 2.634096495824929551e+00
-8.449874600000001124e+01 6.490602006509135213e-01 0.000000000000000000e+00 3.041263136816276358e+00
-8.527773600000006127e+01 6.550438563812018833e-01 0.000000000000000000e+00 2.953036488177735119e+00
-8.552362000000003661e+01 6.569325651009364497e-01 0.000000000000000000e+00 2.720917443908517086e+00
-8.436728800000007311e+01 6.480504323419598034e-01 0.000000000000000000e+00 2.887949772335264953e+00
-8.401907600000004095e+01 6.453757115764104935e-01 0.000000000000000000e+00 2.416141162723333125e+00
-8.442417600000005962e+01 6.484874061249153998e-01 0.000000000000000000e+00 2.603768270776612770e+00
-8.577626600000000678e+01 6.588732147699105646e-01 0.000000000000000000e+00 2.698497479882709715e+00
-8.562059000000004971e+01 6.576774207424287422e-01 0.000000000000000000e+00 2.846784919462087782e+00
-8.632510800000002860e+01 6.630890347140984131e-01 0.000000000000000000e+00 2.756716649273152075e+00
-8.533761400000001629e+01 6.555037972505557420e-01 0.000000000000000000e+00 2.548884242372364550e+00
-8.583797600000005446e+01 6.593472277804965920e-01 0.000000000000000000e+00 2.878918092769005455e+00
-8.524790800000005220e+01 6.548147385708024126e-01 0.000000000000000000e+00 2.501022257086171319e+00
-8.626890600000004383e+01 6.626573303028049367e-01 0.000000000000000000e+00 2.617529574676677573e+00
-8.604714400000003138e+01 6.609539098968173487e-01 0.000000000000000000e+00 2.815872047509160758e+00
-8.725822800000003099e+01 6.702566091823797256e-01 0.000000000000000000e+00 2.990583747147541605e+00
-8.613547000000004061e+01 6.616323683828486679e-01 0.000000000000000000e+00 2.876832757503721361e+00
-8.773811200000005783e+01 6.739427420550401227e-01 0.000000000000000000e+00 2.615131820509708493e+00
-8.655276200000000131e+01 6.648377133385003912e-01 0.000000000000000000e+00 3.138589419596651275e+00
-8.745691200000003107e+01 6.717827605516097922e-01 0.000000000000000000e+00 2.326532091414128534e+00
-8.644847599999997101e+01 6.640366613076796876e-01 0.000000000000000000e+00 2.373903845164088811e+00
-8.768902200000002267e+01 6.735656670479154284e-01 0.000000000000000000e+00 2.843830119930911504e+00
-8.708085800000004895e+01 6.688941770370618878e-01 0.000000000000000000e+00 2.274328786283366988e+00
-8.822307000000004962e+01 6.776678498428794217e-01 0.000000000000000000e+00 2.355152115162745474e+00
-8.789202400000003479e+01 6.751249862696769855e-01 0.000000000000000000e+00 3.134320977391622076e+00
-8.605891200000000651e+01 6.610443034328498113e-01 0.000000000000000000e+00 2.294623761826629416e+00
-8.914593800000004364e+01 6.847566756256230347e-01 0.000000000000000000e+00 2.704740212278279099e+00
-8.774923400000005813e+01 6.740281734714026474e-01 0.000000000000000000e+00 2.450888635882706001e+00
-8.773780800000004376e+01 6.739404069399010933e-01 0.000000000000000000e+00 2.428604924962376455e+00
-8.823076200000001279e+01 6.777269344009317908e-01 0.000000000000000000e+00 2.425743228010414310e+00
-8.762749800000001699e+01 6.730930827590922982e-01 0.000000000000000000e+00 2.706608330987270161e+00
-8.709920000000003881e+01 6.690350674379719198e-01 0.000000000000000000e+00 2.678043956232822875e+00
-8.583825800000002459e+01 6.593493939070396159e-01 0.000000000000000000e+00 2.737508461282252004e+00
-8.839938200000003121e+01 6.790221551730100114e-01 0.000000000000000000e+00 2.342820677246411520e+00
-8.900845200000006230e+01 6.837006044414817296e-01 0.000000000000000000e+00 2.772098441722807394e+00
-8.846568000000006293e+01 6.795314099870729541e-01 0.000000000000000000e+00 3.103406987961664143e+00
-8.818824600000006342e+01 6.774003562586852212e-01 0.000000000000000000e+00 2.534192573080937372e+00
-8.745412800000002562e+01 6.717613758129697965e-01 0.000000000000000000e+00 2.139264794886883703e+00
-8.793214000000004660e+01 6.754331292924067309e-01 0.000000000000000000e+00 2.321067700673789425e+00
-8.837554400000003341e+01 6.788390483484056936e-01 0.000000000000000000e+00 2.645875830183933353e+00
-8.659356800000001897e+01 6.651511564580914193e-01 0.000000000000000000e+00 2.480706818177740747e+00
-8.895000600000003033e+01 6.832516631934392182e-01 0.000000000000000000e+00 2.798826514189347137e+00
-8.818802800000001696e+01 6.773986817353286893e-01 0.000000000000000000e+00 2.893463803582554394e+00
-8.817350200000004179e+01 6.772871031744511772e-01 0.000000000000000000e+00 2.545722241904102567e+00
-8.767353200000003710e+01 6.734466837140317130e-01 0.000000000000000000e+00 2.294916672190732587e+00
-8.777575400000007733e+01 6.742318815420677014e-01 0.000000000000000000e+00 2.455795417211287468e+00
-8.697282400000007385e+01 6.680643354945956514e-01 0.000000000000000000e+00 2.573842303062552350e+00
-8.926622000000001833e+01 6.856805977280253650e-01 0.000000000000000000e+00 2.995750966305645413e+00
-8.900729000000005442e+01 6.836916787711153631e-01 0.000000000000000000e+00 3.063838580601105477e+00
-8.655431200000002434e+01 6.648496193531887588e-01 0.000000000000000000e+00 2.274549028863309896e+00
-8.623601600000007750e+01 6.624046923524217201e-01 0.000000000000000000e+00 2.760729891950147064e+00
-8.818861800000003370e+01 6.774032137022101274e-01 0.000000000000000000e+00 2.137228551864551740e+00
-8.870814400000000433e+01 6.813938486614952161e-01 0.000000000000000000e+00 2.962538742509999157e+00
-8.873502200000002915e+01 6.816003066374882735e-01 0.000000000000000000e+00 2.659652721751317728e+00
-8.775170400000007476e+01 6.740471462819058734e-01 0.000000000000000000e+00 2.946383504697158706e+00
-8.758923200000005238e+01 6.727991501409906761e-01 0.000000000000000000e+00 2.708081248385016071e+00
-8.823594000000002779e+01 6.777667081712901442e-01 0.000000000000000000e+00 2.903226995095372409e+00
-8.629897400000005803e+01 6.628882916251561674e-01 0.000000000000000000e+00 2.255478664358804064e+00
-8.831170200000003945e+01 6.783486588066489631e-01 0.000000000000000000e+00 2.520375457759570725e+00
-8.821749400000000207e+01 6.776250189152008829e-01 0.000000000000000000e+00 3.037456434232863600e+00
-8.875170400000004634e+01 6.817284460807324642e-01 0.000000000000000000e+00 2.666014056352799422e+00
-8.774585000000004698e+01 6.740021799528833624e-01 0.000000000000000000e+00 2.496122926326612035e+00
-8.697737600000002089e+01 6.680993007712795473e-01 0.000000000000000000e+00 2.320535246125146056e+00
-8.861009400000006053e+01 6.806406972162206692e-01 0.000000000000000000e+00 2.556814654395842989e+00
-8.796536600000004569e+01 6.756883481595226115e-01 0.000000000000000000e+00 2.399828880272487197e+00
-8.607474800000007065e+01 6.611659444964644861e-01 0.000000000000000000e+00 2.809947766741250685e+00
-8.806462000000007606e+01 6.764507478897555659e-01 0.000000000000000000e+00 2.244517287106787329e+00
-8.853937800000004188e+01 6.800975064196467246e-01 0.000000000000000000e+00 2.930801569108852256e+00
-8.794917000000003782e+01 6.755639418279807407e-01 0.000000000000000000e+00 2.587662750944617507e+00
-8.880485800000006691e+01 6.821367378902394307e-01 0.000000000000000000e+00 2.480707164132391895e+00
-8.728611200000004544e+01 6.704707945459702501e-01 0.000000000000000000e+00 2.502874642045409992e+00
-8.878054200000003959e+01 6.819499594043308965e-01 0.000000000000000000e+00 2.503739616515480826e+00
-8.883319400000003441e+01 6.823543952013386704e-01 0.000000000000000000e+00 3.116542854575897525e+00
-8.925053200000002107e+01 6.855600934967813753e-01 0.000000000000000000e+00 3.045078030311016981e+00
-8.894947400000002347e+01 6.832475767419462498e-01 0.000000000000000000e+00 2.957538990260843548e+00
-8.780374600000004648e+01 6.744468964860361737e-01 0.000000000000000000e+00 2.349328437695685778e+00
-8.851913600000010263e+01 6.799420215491193131e-01 0.000000000000000000e+00 2.827754356393965551e+00
-8.711708800000003805e+01 6.691724705287733777e-01 0.000000000000000000e+00 2.134621919509046339e+00
-8.825416200000006484e+01 6.779066768162247403e-01 0.000000000000000000e+00 2.642763648909217000e+00
-8.809535000000001048e+01 6.766867942325730523e-01 0.000000000000000000e+00 3.171372959967357019e+00
-8.875669600000004777e+01 6.817667911293281424e-01 0.000000000000000000e+00 2.569088137406269290e+00
-8.903709000000004892e+01 6.839205815051203619e-01 0.000000000000000000e+00 2.907659665157502182e+00
-8.919955400000006307e+01 6.851685161956371228e-01 0.000000000000000000e+00 2.790226611825171066e+00
-8.839398000000004174e+01 6.789806607914968817e-01 0.000000000000000000e+00 3.088996474356333177e+00
-8.870208800000007443e+01 6.813473307099140452e-01 0.000000000000000000e+00 2.420244975799939358e+00
-8.916127200000005359e+01 6.848744606767382948e-01 0.000000000000000000e+00 2.495869020783152425e+00
-8.879577600000007465e+01 6.820669763254665341e-01 0.000000000000000000e+00 3.077578311080372497e+00
-8.817137600000008035e+01 6.772707727310791626e-01 0.000000000000000000e+00 3.053713427417824366e+00
-8.909651000000003762e+01 6.843770043391665947e-01 0.000000000000000000e+00 2.898066684215809818e+00
-8.818170000000006326e+01 6.773500744702021237e-01 0.000000000000000000e+00 2.579597926699884081e+00
-8.768936600000003523e+01 6.735683094150463068e-01 0.000000000000000000e+00 2.794952218966734847e+00
-8.819726200000008021e+01 6.774696108576715448e-01 0.000000000000000000e+00 2.694390677197666228e+00
-8.781591200000002573e+01 6.745403471793885997e-01 0.000000000000000000e+00 2.577885502597237366e+00
-8.860383400000006304e+01 6.805926122794799804e-01 0.000000000000000000e+00 2.314235190732402359e+00
-8.678137800000001789e+01 6.665937813733090467e-01 0.000000000000000000e+00 2.550507195809246230e+00
-8.829458600000009483e+01 6.782171856792926778e-01 0.000000000000000000e+00 2.886963435687044388e+00
-8.937302800000004765e+01 6.865010219969386318e-01 0.000000000000000000e+00 2.908754287641833525e+00
-8.856886200000005260e+01 6.803239818629154279e-01 0.000000000000000000e+00 2.467775947738851006e+00
-8.870957200000005116e+01 6.814048175576082889e-01 0.000000000000000000e+00 2.470822022870734713e+00
-8.885709400000004621e+01 6.825379782665307316e-01 0.000000000000000000e+00 2.412807843752321713e+00
-8.727277400000004093e+01 6.703683413692534954e-01 0.000000000000000000e+00 2.151689262168990258e+00
-8.889250800000002073e+01 6.828100038176062592e-01 0.000000000000000000e+00 2.823508765601818293e+00
-8.696492800000000045e+01 6.680036839513835423e-01 0.000000000000000000e+00 2.097663668531918546e+00
-8.793904999999999461e+01 6.754862070740162983e-01 0.000000000000000000e+00 2.823802274729530826e+00
-8.904394800000004295e+01 6.839732598591407031e-01 0.000000000000000000e+00 2.586805327604929872e+00
-8.870911200000004726e+01 6.814012841597008041e-01 0.000000000000000000e+00 2.266841562382658992e+00
-8.880166800000004912e+01 6.821122345438810353e-01 0.000000000000000000e+00 2.832164212656198554e+00
-8.842154400000003989e+01 6.791923881391517259e-01 0.000000000000000000e+00 2.085375162058206389e+00
-8.852027800000006152e+01 6.799507935934892000e-01 0.000000000000000000e+00 2.430297619201184922e+00
-8.839781000000003530e+01 6.790100801697263044e-01 0.000000000000000000e+00 2.853060129567776659e+00
-8.843528600000001916e+01 6.792979445609870215e-01 0.000000000000000000e+00 2.949107187375579642e+00
-8.952800000000004843e+01 6.876914083893624907e-01 0.000000000000000000e+00 2.730276912214902207e+00
-8.904534400000001426e+01 6.839839829536596971e-01 0.000000000000000000e+00 2.617736265559279740e+00
-8.862633400000008521e+01 6.807654415249537738e-01 0.000000000000000000e+00 2.537979506417248121e+00
-8.822271800000007147e+01 6.776651460253504400e-01 0.000000000000000000e+00 2.550802813787111933e+00
-9.004821400000004417e+01 6.916873280829092252e-01 0.000000000000000000e+00 2.573552460014850052e+00
-8.853033200000004399e+01 6.800280213816665142e-01 0.000000000000000000e+00 2.289092358917071746e+00
-8.903905800000005399e+01 6.839356983031245063e-01 0.000000000000000000e+00 2.817111083361101720e+00
-8.833981400000003248e+01 6.785645955065935375e-01 0.000000000000000000e+00 1.635367558785263631e+00
-8.922207600000004390e+01 6.853415144297061445e-01 0.000000000000000000e+00 2.279137785983766928e+00
-8.871683400000007680e+01 6.814605991567475041e-01 0.000000000000000000e+00 2.342830324401093289e+00
-8.753921400000002961e+01 6.724149468876527980e-01 0.000000000000000000e+00 2.582181290141254859e+00
-8.870499400000005608e+01 6.813696525671293358e-01 0.000000000000000000e+00 2.521250553495029578e+00
-8.896730200000007471e+01 6.833845189547600452e-01 0.000000000000000000e+00 2.257423298873959094e+00
-8.868395600000006596e+01 6.812080533819616646e-01 0.000000000000000000e+00 2.272452950311133257e+00
-8.957630400000005011e+01 6.880624458948449984e-01 0.000000000000000000e+00 2.371226221583093263e+00
-8.936163000000000523e+01 6.864134705418313276e-01 0.000000000000000000e+00 2.603468559771208390e+00
-8.865727400000004366e+01 6.810031009407291336e-01 0.000000000000000000e+00 2.444518657402286799e+00
-8.794391200000004005e+01 6.755235535536384672e-01 0.000000000000000000e+00 2.642296480939993586e+00
-8.937523400000002027e+01 6.865179669442946775e-01 0.000000000000000000e+00 2.541745122772020693e+00
-9.017945400000002110e+01 6.926954218685070774e-01 0.000000000000000000e+00 2.605784846092487950e+00
-9.027500800000002812e+01 6.934294007894842293e-01 0.000000000000000000e+00 2.726765826517309144e+00
-8.927601400000001775e+01 6.857558283782551056e-01 0.000000000000000000e+00 2.899863799135985687e+00
-8.999853200000005415e+01 6.913057057463040112e-01 0.000000000000000000e+00 2.350941034147041808e+00
-8.909641400000005262e+01 6.843762669343860239e-01 0.000000000000000000e+00 2.272847887608419715e+00
-8.943492600000006121e+01 6.869764790918865272e-01 0.000000000000000000e+00 2.763905459310075585e+00
-9.098741600000003871e+01 6.989016202165668767e-01 0.000000000000000000e+00 2.781547577410456551e+00
-9.004968000000006612e+01 6.916985888684145101e-01 0.000000000000000000e+00 2.579992347259811858e+00
-8.988020800000009558e+01 6.903968236289079741e-01 0.000000000000000000e+00 2.484910387087338801e+00
-8.974584600000004286e+01 6.893647488253376032e-01 0.000000000000000000e+00 2.387424060769982592e+00
-9.076656600000005426e+01 6.972052051559961550e-01 0.000000000000000000e+00 2.738678176048371604e+00
-9.105797400000005837e+01 6.994435973677727292e-01 0.000000000000000000e+00 2.645034824105594762e+00
-9.042050200000005589e+01 6.945469838224149761e-01 0.000000000000000000e+00 2.522200961000674813e+00
-9.093837400000003868e+01 6.985249139118329120e-01 0.000000000000000000e+00 2.606236236593554079e+00
-9.054570000000001073e+01 6.955086671946281163e-01 0.000000000000000000e+00 2.275825000284334099e+00
-9.024783600000002082e+01 6.932206845113504379e-01 0.000000000000000000e+00 2.557592009838926650e+00
-9.005932000000004223e+01 6.917726365984749881e-01 0.000000000000000000e+00 2.436927307952049926e+00
-8.995314600000004646e+01 6.909570822736343931e-01 0.000000000000000000e+00 2.573635203970281005e+00
-8.998485999999999763e+01 6.912006870154540072e-01 0.000000000000000000e+00 2.062296632104091199e+00
-9.036039000000006638e+01 6.940852455289080458e-01 0.000000000000000000e+00 2.228613058461121899e+00
-9.107886599999997657e+01 6.996040750831691302e-01 0.000000000000000000e+00 3.096007857904443661e+00
-8.929054000000006397e+01 6.858674069391331729e-01 0.000000000000000000e+00 2.492113810005514907e+00
-9.048029400000000066e+01 6.950062640999860042e-01 0.000000000000000000e+00 2.782383039872421193e+00
-9.000849400000009837e+01 6.913822268549002503e-01 0.000000000000000000e+00 2.860754553773065645e+00
