-1.078420879907679014e-01
-4.120583762225916991e-02
1.048838622342938676e+00
8.337911978672705171e-01
7.205866319774973938e-01
-6.118568780392013018e-01
1.571569285169065910e+00
2.822801824500645318e-01
1.488792403049829405e+00
2.369176633245813346e-01
1.514737440476841002e-01
-7.183493086740102562e-01
-9.638990677298162058e-02
3.604393302198817817e-01
-4.972892797795875897e-01
-7.046927644086588005e-01
-7.247625091222223981e-01
-6.514365646481227179e-01
-6.051339143481541116e-01
-6.765881711498478168e-02
1.390854094636839733e+00
1.569875058571752247e+00
-1.522192991472860191e-01
-1.470682786157798405e-01
1.065479635943569425e+00
-5.620356906262663488e-01
-2.913505199876848528e-01
-6.480547714759206102e-01
6.826563171208893666e-01
-3.509088539661901485e-01
-3.861610760229688966e-02
-7.456125163960676261e-01
1.987848839792962993e-02
-1.610163121141942530e-02
7.441110129756399738e-01
7.460754577634742812e-01
1.217460916365501689e+00
9.494170600605074395e-02
-3.213453406388268596e-01
-2.582325393230675559e-01
-2.026234091966644113e-01
-2.276065139199806575e-01
1.210271766550181649e+00
9.776983496402209817e-02
2.157270456360741995e-01
1.281058980765318323e+00
2.697891345795315476e-02
-1.301026806486684229e-01
5.745800487214319796e-01
-4.991644545756797613e-01
6.422839400232863150e-02
7.540530091569708215e-02
-6.636191287387442905e-01
2.406653709359586613e-03
-1.636246928282706625e-01
-1.584529205111198102e-01
-4.606832126716455672e-02
1.633296480254868566e-02
9.556762869228732082e-01
-1.796622315923718516e-01
-4.513175902625642388e-01
-5.260670259188325870e-01
-2.047720567350561349e-01
-2.741985920946189981e-01
1.134960683199904008e-01
1.318441866659496031e-01
-5.352660868009522233e-01
-2.551284776274710397e-01
-1.443345600409386698e-01
-3.775955460162950389e-02
-3.235807553300374950e-01
-3.118093730631366634e-01
6.144128978685312048e-02
1.111844266018099797e-01
-3.092995907769261477e-01
-3.749004754687066954e-01
-1.212461230916943161e-01
-1.212661957414811614e-01
4.931843211019311390e-02
-3.483803709054400510e-02
-1.561167047789107920e-01
-1.740136855762181023e-01
7.548097085108941562e-02
5.880821255812253984e-02
8.453243466166622533e-02
-1.403698032858733888e-02
-1.406598577018381147e-01
-1.574868782218266927e-01
-7.232253860980479565e-02
4.379130438656475555e-02
4.676988009570617194e-02
6.779937630235714774e-02
-1.907841648583597227e-01
9.388925745002291157e-01
1.546070805536324255e-01
4.164981184775314038e-02
-2.154797839358548739e-01
-2.564592541575496654e-01
-4.667867069382635736e-01
-3.432142342641998356e-01
-2.880515385362840686e-01
-3.071554931965945201e-01
-2.465558684347689822e-01
-1.834351119973081923e-01
-6.411819773345603943e-04
5.028975393537811478e-02
-9.575797869589115774e-02
-4.986299862957654927e-02
1.171168831660441612e+00
1.236189598529294081e-01
-1.911648329180345995e-01
-3.190436151655814401e-01
2.474462689244736335e-01
2.417890579294351694e-01
1.072371729996366430e-01
1.154967897250280373e+00
-3.394402990839436307e-01
-2.298733965901244292e-01
8.486569599489361682e-02
1.139031573632540706e+00
