-7.851253632003278859e-01
1.502845571584707107e+00
1.440257379793816517e+00
-1.042255677394887531e-01
7.973764076833766978e-01
9.380273258832287908e-01
1.005720387195661036e+00
5.155832277311894751e-01
-8.808006377567788592e-01
4.263612424801134226e-01
2.347820464012281838e-01
2.164026899241363322e-01
-1.396025610115421700e-01
1.123688319333879582e+00
1.338030787315951597e+00
-4.469753564752905195e-01
-3.623625919882973445e-01
-1.457363516534773973e-01
-9.530457425394722737e-01
1.571409881294772992e+00
3.188864943628882398e-01
8.104880382326598021e-01
-5.703850805439691918e-02
1.600823656069504386e+00
5.571376021621874397e-01
8.613245187456444185e-01
-3.080449652109673933e-02
1.548534152528115437e-01
-1.069750577132592140e+00
9.616773183149489590e-01
1.404634261440747656e+00
1.138877506144015506e+00
9.089723540947791669e-01
-2.470078039815607196e-01
1.237906312208766568e+00
5.573420424837106646e-01
4.015078123302902036e-01
4.033875307824038026e-01
7.602576525066323532e-01
1.354024505016071300e+00
9.740126911575801572e-01
-4.351099508642163882e-01
1.479319366946657999e+00
-8.945646506339005599e-01
1.009360677393895900e+00
1.763118132777932834e+00
9.146686739789138265e-01
-5.120327898361506369e-01
1.439024079748846052e+00
-5.082798600773636988e-01
-6.644358016241946885e-01
-4.984990208009025814e-01
-7.329396623349322404e-01
8.939875432906673192e-01
1.742443055145707909e-01
-6.324077145956469304e-01
-1.204789920179442225e-01
1.346002409865053595e+00
1.455352818818957505e+00
1.218809329396214558e+00
-4.034770319981090814e-01
1.733186017759538178e+00
9.007431764617360725e-01
7.089504176513696798e-01
1.108628341847138543e+00
1.118259614792520285e-01
4.111091028403818237e-02
1.925357201371176441e-01
8.615242431512699639e-01
-1.319622912315542018e-01
1.638270909044335699e+00
-4.525057061100223876e-01
-1.291313807092387411e-01
1.264263313562677071e+00
1.059274058145678987e+00
7.992895859101858957e-02
-1.149058860951972516e-01
6.745110758953632990e-01
8.709245811710887297e-01
-2.407679864989907825e-01
-7.958974345101101910e-01
1.959027711674990180e-01
-4.626605740168355241e-01
7.568243293338521305e-01
-7.781824364427417651e-01
1.108934291862228999e-01
1.062229495601973994e+00
1.889264016110856037e+00
1.026502578178186464e+00
1.002009805431116618e-01
4.303791744497341698e-01
8.164563779186538861e-01
1.290396539441905244e+00
7.967236869358717000e-01
1.006961918296707781e+00
-4.778296468768778449e-01
3.830496136472016366e-01
1.800876197363554532e+00
4.324224098694824381e-01
3.494876452018692153e-02
1.491565996941933980e-01
2.621278444943272445e-01
-9.058530029018030394e-02
1.275999808235916966e+00
1.335101353856324113e+00
-2.929567402335752635e-01
-4.332912373574327458e-01
7.331898032691648304e-01
2.434659243804798978e-01
2.270371897837725750e-01
-6.358729235255130563e-01
8.697354586026412315e-01
3.789980176269003298e-01
-3.509286437968612282e-01
-4.454491401049241461e-01
8.680538728453788405e-03
6.138984218207996779e-01
-7.185919814905444847e-01
-8.614230077710394173e-01
7.249749523723455491e-01
-2.080633135066562167e-01
-1.995937285516060089e-01
5.246954908759766251e-02
-3.707801708562356025e-01
-8.784654722945151040e-02
1.409057202482497106e-01
-2.287066254150345312e-01
-1.160843639300642716e-01
-6.609648218963920518e-01
-7.454938850180668763e-02
-3.110137424245745796e-01
5.596262583884192843e-01
9.531083952777908985e-01
-5.280409789225137818e-01
9.531016339979178631e-02
2.304091166521237133e-01
7.003868650283897601e-01
1.587597358595243813e-01
2.107927106071504353e-01
-2.481975200840344231e-01
-2.293975750642072153e-01
-5.541117687022814042e-01
-1.627471950734808992e-01
4.848379459660705493e-01
9.432965088758392680e-01
-6.963328915351973958e-01
3.205496787572010287e-01
7.722681008573641925e-01
7.933095204881709384e-01
-3.018091147930339613e-01
-5.405274397278005960e-01
3.901099567505416088e-01
-3.959200437932733907e-01
-9.721668928143320509e-02
-2.382264548565312945e-01
1.408497449853376216e+00
-4.538859121322993406e-01
-1.136391095422489422e-01
1.178460300373275871e+00
-2.380823613796287097e-01
-1.557574517506826461e-01
-2.588822763573757069e-01
-6.219889920071179912e-01
4.011305915376505160e-01
9.439978343484920487e-01
6.534849796159244439e-01
-3.254167270560041070e-01
9.735957678117969083e-01
2.760910549015087659e-02
1.652347883527585548e+00
8.777357253010314997e-02
1.448919857196005800e+00
1.332983719582201187e+00
1.179595354679913860e-02
-5.861997723714298392e-01
-7.194234356105806694e-02
7.810685761016631368e-01
9.900133073231111303e-02
-2.458651104464303072e-01
1.276324031355408728e+00
-2.822109644617438184e-01
1.406270548960094180e+00
6.827686207141502317e-01
-8.429678703603024070e-01
-9.750133977031392174e-01
-4.131002834362232923e-01
-4.441347786664434638e-01
1.816687737882264619e-01
3.826151540842015475e-02
-9.489849695926778628e-01
1.358992413471851401e+00
-4.708597267514060269e-01
1.256029502277129728e+00
1.329384367225732166e+00
-5.032345578409798126e-01
-3.822981821321439488e-01
1.212333126747754536e-01
-4.410107200690217555e-01
1.457106263939763391e+00
1.121891029710804233e+00
1.267339944608421254e+00
1.687516902834820115e-02
-2.657572302075352222e-01
2.661432985344009544e-02
1.544802382503615741e-02
-5.581921773891375116e-01
1.395277381582392229e+00
7.575973869566410279e-01
-5.947720316261809748e-01
-6.604820561144171265e-01
-3.923750482277067464e-01
1.811424629547572773e-01
7.464989108004193019e-01
-1.112584741129566956e-01
-4.577013496513362423e-01
-3.636553084538655251e-02
6.783311781050246347e-01
-4.692881550838786109e-01
1.126892674162327523e-01
2.004080931266399163e-02
-4.703284493678224765e-01
1.504567840464754669e+00
1.670652273551179734e-01
-2.563081700467022550e-01
6.401188118522417314e-01
-1.292184134183775035e-01
3.773040996552965570e-02
-7.049665371407826120e-02
8.303794298603735247e-02
-2.665861987578880404e-02
8.947984322909303678e-01
-4.954188554916273968e-01
-1.568613370839346266e-01
7.776868616109514631e-01
7.230547433353218256e-01
4.708938448154369183e-02
-1.509867895205419808e-01
-4.187552688315043237e-01
1.135307830262447970e+00
-2.457688785753587568e-01
