1.609856600766312873e+00
8.533195022292622278e-01
1.863379168568720171e-02
5.593398062024227194e-03
-2.301495380308497263e-01
1.225099979118686511e+00
-1.192553038514077429e-01
9.734397453865111238e-01
1.055894010396586591e+00
1.244962745025123052e+00
2.370771818746092718e-01
4.781410636987169088e-02
-6.615293917307477067e-02
8.903739653577098512e-01
9.397268091743081753e-01
1.233612836095626442e+00
9.522565328800269846e-01
-1.425054475370094165e-01
2.134776711153205386e-01
2.469119532542213558e-01
-2.227164458800036731e-02
2.075303292886953449e-02
-9.223398850923093112e-03
1.295757393592850693e-01
7.949722857269155840e-01
7.571782809981660034e-02
5.347716824364381893e-02
3.759207057741443397e-02
9.428139379865078940e-02
-5.740086139512250440e-01
-5.359706301091857195e-02
2.391624550171636276e-01
9.624482398649043813e-02
3.089428923645852754e-01
-1.890340993392277845e-03
6.830774351104113018e-02
-8.572493066877925894e-02
-7.887536134511448360e-02
7.578638154695140905e-01
1.346421404360109486e+00
-2.165068289151683700e-01
1.425902913410928285e-01
8.746487601279374635e-01
1.071914499422770506e+00
1.010995804514393859e+00
1.201132560228581836e+00
1.182845664375794081e+00
-6.269922170459975019e-01
9.673521745073020428e-01
-2.296073081268958094e-01
6.746358565116153394e-02
-2.151593359182999154e-01
9.861370324665597042e-01
1.218443552991910428e+00
-3.946836036018259719e-01
1.256489945444555056e+00
-1.219988751026038765e-01
-1.793601348784801541e-01
1.252312565669165823e-01
-3.206977145862153766e-01
-4.511237409775539775e-02
9.861361142687521397e-01
-1.853976778521095325e-01
-3.109401612729646991e-01
4.311500372263625536e-03
9.082654502681614117e-01
-3.694917369165934828e-01
-1.404501379779274362e-01
1.000647652312977476e+00
6.681817063089569020e-01
1.494612667070128742e+00
9.946282205780836438e-01
-1.227834609017157824e-01
1.280200984239553863e+00
-2.076440265614420966e-01
-6.023757636575242103e-01
4.346175758645976633e-02
6.081135176429127570e-02
-1.213219753811813489e-01
1.236341569218850009e-02
1.191801980349076695e+00
-2.106374894086976077e-02
-3.417445554169734057e-01
-3.423907073740516949e-01
1.023373705905671560e+00
1.026414457273821856e+00
-2.851344046655211462e-01
1.021062990838021989e+00
-5.212079448545864357e-01
-2.536954094784120151e-01
-1.782759786677565739e-01
-1.155002322361038669e-01
1.105581050651804897e+00
4.144949308278816913e-01
5.031605626874907644e-01
9.338672129040653802e-01
-5.296867191344113435e-01
-2.249238981590531705e-01
-6.842928066861603265e-02
1.534892265793598443e-01
1.247969728575373916e+00
9.879358838312664037e-01
-2.193432493095918978e-01
1.039017509374007942e+00
-1.771942111928095087e-01
-1.391859484292373161e-01
-2.493212213121718257e-01
-1.470187327262640342e-01
8.784842826899428303e-01
-9.577043889185825332e-02
1.485134211714448593e+00
-2.509454174965575768e-01
-1.061508134926773816e-02
5.962717889981778985e-01
-2.685238808626885243e-01
-2.295903439041084571e-01
-5.202028341312323612e-01
-1.884546868167223388e-01
-2.096993853657655449e-01
-3.492275221665754881e-01
-8.293758041255824831e-02
5.493262822337988682e-01
-6.665695156966642068e-03
-1.225787686042217883e-01
1.103189532604649664e-01
1.995739637851840498e-01
-2.582742250857500976e-01
-1.704405620804520793e-01
-3.438032115090771113e-01
-2.306894067754244326e-01
-1.375550490708257745e-01
2.384220733099727541e-01
6.503877705572335133e-01
-7.331128968834517423e-02
6.170800051472644654e-01
-1.083525148086057488e-01
-3.019936717290880868e-01
-4.538840927435149331e-01
-1.706690600973520544e-01
-1.264602027871692125e-01
-2.174090190924732602e-01
-2.792620886534533664e-01
-1.524414854311161027e-01
-9.425292595069198823e-03
-1.641372635252640044e-01
-2.074175877825536196e-01
9.710044830476828315e-01
-1.096090073709180684e-01
-3.859458632138112327e-03
-7.231822903622957266e-02
-1.876804069114710039e-01
-5.743415960108877449e-02
-6.325223242583941086e-02
-2.645841174954933206e-01
-2.066788399337099735e-01
8.493037841181620973e-01
-5.689894457223671626e-02
9.734008910129660075e-01
-2.033310833382205862e-01
-1.702902952520546631e-01
-3.318648134028702734e-01
-8.868879588173569917e-02
1.294221881579391997e+00
-1.964381709811997556e-01
-3.270004881572040611e-01
-1.211394217220359143e-01
1.156141483722618490e+00
-3.251291660419674580e-03
-5.660455483994884102e-02
4.236055844632622552e-02
-2.755493985825545056e-01
-1.838163728073659020e-01
9.652053207646192623e-02
1.499516785099586080e+00
1.022921288979540044e+00
-1.678962505819842632e-01
-1.939959529826073559e-01
-4.329701244342837319e-01
9.133721102202561060e-01
1.188327284780211102e+00
-2.210159214745505696e-01
-3.478911553059859108e-01
-9.965579950111040641e-02
-1.128059747952764036e-01
-5.922382802095009502e-02
-2.322556243332448145e-01
5.817774171533172251e-02
-7.817559050742706184e-02
-2.199613777299337380e-01
-5.478718564219976495e-01
-2.000171253667024085e-01
1.197857766889201814e-01
1.105174265466579486e+00
-1.269470817538234930e-01
1.109789712727702549e+00
3.673062359725274423e-02
-1.780871889151270371e-01
1.128486323216086218e+00
-1.430227616204402530e-01
3.562669387201302662e-01
4.892631339053469808e-01
-4.659977576383914633e-01
-2.171164422779291170e-01
2.655433683751931007e-01
-1.886171307081947746e-01
-3.766398107378238908e-02
1.008194714288764698e-02
-5.104649410267877441e-01
-5.206770793291962823e-02
1.115452776038751592e+00
-3.020569795447618569e-02
-8.072350669335409679e-02
1.742942983628751996e+00
1.056809188655451148e+00
1.116308064373202402e+00
-6.257107365232630336e-01
1.600770273408506084e-01
9.907768947573977192e-01
-1.231223712718795826e-01
-1.357924822444047386e-01
-2.331609374059298301e-01
1.088704408297940684e+00
9.658191275873693193e-01
1.099660523260431511e+00
-7.098642926795076941e-03
1.109099217460839615e+00
-1.082108960108801310e-01
-1.302246708923040230e-01
4.962539554965729183e-01
1.224445802091446295e-01
-3.406421109516135082e-01
9.348426730111599747e-01
1.021642402883068179e+00
-5.749917583655929365e-02
-7.243109590338353554e-01
1.732677757791533935e-01
3.601625321812056135e-02
-4.348101875297180618e-01
9.897071454871704255e-01
3.249132790757647965e-02
-1.675765844685933037e-01
1.064954135963233961e+00
-6.331170957287626799e-02
-1.572258103454984846e-01
-7.356883203533726157e-01
5.950485506156224513e-01
4.140969641118172340e-01
-6.058515763627808637e-01
-1.193249988608435369e-01
-2.404312025006221099e-01
-5.266051485082234862e-01
-5.401732577951349340e-02
3.153762249218769464e-01
-3.488506067246621156e-01
-1.510458804424727186e-01
-2.233668704629316049e-01
1.105048729290945414e-01
-4.334258295724977561e-01
-1.695123575417418205e-01
-6.929493185316250026e-01
9.222889579219064604e-01
-9.902252780094758511e-02
-1.000321013540347581e-01
-8.371371207554251237e-02
-2.643900409691661221e-02
-1.874582525006317779e-01
1.214316534740429165e-01
-1.849203047370145958e-01
-5.755768295351955388e-02
1.113613374683554591e+00
-9.846477750774064452e-02
-2.268292294622453742e-01
1.056887630878485140e+00
1.003221652963183441e+00
1.362097272484098287e+00
9.975931868575602657e-01
1.153264927556734598e+00
-7.943345706583769539e-02
-1.534302078144283432e-01
-2.031809713289908503e-01
-6.224699794838980949e-02
-3.886683153110932765e-02
-2.086141209648685046e-01
-2.405679039239361910e-02
1.093286068610781925e+00
-9.361786277355745034e-02
9.980573077796374148e-01
2.581976996428766991e-01
9.676065891405652986e-01
4.928384701591244088e-01
1.175703936335096289e+00
-1.790803454133869377e-01
1.003859362405737254e+00
-6.782520519567079853e-02
1.111100554359547354e+00
-2.282082288502081113e-01
9.691978692155269748e-01
-1.835753903763320469e-02
-6.417594138443505347e-02
1.476103146869748972e+00
5.876395457153983370e-01
5.558695669617892410e-01
-2.357559988336900836e-01
5.468637260445755599e-01
7.962516896836950853e-01
-1.321569614048146157e-01
-3.476147307114532126e-01
-2.376128759817584535e-01
-1.469889593701097230e-01
5.276986969513104350e-03
-2.084279496819898547e-01
-5.435376533814864630e-02
-2.195405618441339524e-01
-1.751080668353664216e-01
-3.692129864776226844e-01
-3.880818687910281839e-01
-1.661628385823459009e-01
-1.068330241747512538e-01
-2.899326047747363133e-01
-1.484105332624836293e-01
5.238506092433927730e-01
-1.006610360243288815e-01
6.137710536034103326e-01
-1.272217957677077571e-01
-2.038161822933320932e-01
-1.641363110798818026e-01
2.406266340373771351e-01
-1.530628134813681596e-01
9.996711104596972541e-01
-7.843019517592904333e-02
1.136021453023388084e+00
4.366543360930556783e-03
1.085274764426452210e+00
-1.188957385056726018e-01
-9.109128682682325617e-02
-1.314275221908682845e-01
-1.077728325032964729e-01
-1.147088382393733619e-01
1.131276482826904406e+00
-4.451267836944915457e-01
7.965345525178896269e-02
1.004900908941622095e+00
1.007846283511262264e+00
1.056886327884286381e+00
8.391884962439916107e-01
9.937095327622985641e-01
-3.639550535456551050e-02
6.057408860816725360e-01
-2.157891170487173660e-01
5.907856528608663726e-01
-8.800155322284063109e-02
-1.365394437641267479e-02
-2.893926433219307648e-01
-5.086988196258220019e-02
-8.062588199393953825e-02
-3.146818668886987996e-02
-3.415927828642881248e-02
-9.760860444568468519e-02
8.744475674214520211e-01
-2.800731166983268516e-01
