1.275174799754693888e-01
-1.908748852304229622e-03
-4.761739445878607202e-01
1.048840926391060968e+00
9.196531218203933822e-01
6.372495289252541051e-01
-5.891946081145855302e-02
2.950352076009481097e-03
-9.114527762550186929e-02
-1.055387860931130545e-01
8.891251215954837361e-01
9.967468273817829960e-01
9.428335978801306583e-01
-2.943767556454661080e-02
-3.793434898515152948e-02
1.555048771462567980e-02
2.487431651939154068e-02
-6.672651126769074681e-02
4.287540060520204574e-03
2.607263137081138049e-02
6.892473404250483437e-02
-1.060756346509886955e-01
8.977783635585184774e-02
6.316347549430747499e-01
-7.776535462725682468e-02
-1.376292954088124791e-02
1.041142873861394258e-01
8.558388586952273003e-02
-2.591060017000371488e-02
-6.070081480810189146e-03
2.133603059398786819e-02
3.961767952073171062e-02
6.715680444666007921e-03
1.807316014266698023e-02
-4.532663218046639741e-02
1.292025478788637848e-02
4.133925347414853235e-02
1.238881644582835945e-03
1.035613355267549773e-01
3.666022028816674078e-02
8.342873706088663188e-02
-1.383988832023177670e-02
-2.429325385473291021e-02
-5.819450040598692087e-02
2.693523768896233760e-03
1.214339529888872928e-02
8.501699659339827242e-02
-6.975991923094648772e-02
1.201359538913935460e-01
4.056390892174067953e-02
-1.024242742816421220e-01
2.907432675211610654e-02
-1.850013629235071344e-02
-7.169410372159375211e-02
-2.274468566114058385e-02
4.495268025494403297e-02
-4.200649712562930932e-02
4.798984074592902447e-04
7.853427989023925582e-02
1.212203455104524236e-01
-6.741198395068114836e-03
1.667911689995668677e-03
-1.033432502541439466e-02
-8.490500579413555460e-02
1.634298120759695716e-01
8.995447796351314917e-02
-1.227141473895885654e-01
-9.166171632440327233e-02
-2.094948578891130814e-02
1.549616194634619026e-01
9.616905088831509407e-02
3.014205406853100525e-02
7.159435532086194653e-02
-2.935829288664971309e-02
-3.444908584078503616e-02
9.124611290956548271e-02
3.889808463521746834e-02
-4.433222779553730453e-02
7.939112803177583721e-02
1.151627200175531357e-01
6.672050128799460189e-02
-7.449885737036398767e-03
2.933125999964837291e-02
-6.642788110904920829e-02
-4.868342870104434145e-02
9.150183562535382092e-03
2.306760312898905110e-02
-8.592589574493986193e-02
7.997589355978411418e-02
1.033989343231266067e-01
-6.114378224462489048e-02
1.121625409902996841e-02
1.079316246334436347e-01
6.673110584419915392e-02
-1.293754750307430923e-01
-6.035510625010934854e-02
-8.787622574343671722e-02
1.529840226420761846e-02
6.529858179425131193e-02
-1.089576052976051063e-02
5.668919709053631129e-02
4.193068472318677714e-02
-7.491697987213575931e-03
8.099908174013967233e-02
6.983824223037446606e-03
8.285790894958554309e-02
9.145093233803805455e-02
5.840956051230161185e-03
1.052777586957291678e-01
4.849278552175627539e-03
8.862951441222184645e-02
-9.262658873836952453e-03
-1.448070650245471096e-02
-4.890006463500504857e-02
2.987663717602932409e-02
9.947433956445880798e-02
8.982934561788480030e-03
-1.664373298143683941e-02
-4.683914490845228137e-03
1.441928441287129714e-01
-3.364010969583672989e-02
3.256686159216282822e-02
-2.010475714016329851e-02
2.953850332666735010e-02
1.277088203902275107e-02
1.230928071493424397e-01
2.384476560531587769e-02
5.765815054055929700e-02
8.600867551016379980e-03
1.154169263791657157e-01
-5.881318962750543746e-04
4.025759015865681446e-03
-1.395925699442290280e-01
2.923642496842924002e-02
3.204845028728223189e-02
-6.172824478529422704e-02
5.896432887797809635e-02
3.098162309201434872e-01
-6.663633641081360276e-03
1.247365289546206952e-03
-7.169864853138745164e-02
1.657455441643342631e-01
4.683211060219508864e-02
1.958294595927550022e-02
-2.201357725748277414e-02
-8.284709879314459957e-02
1.015195039758802903e-01
3.436569731223581420e-02
1.077643756326811530e-01
1.671183811298152661e-02
-2.011717962029410320e-02
1.332892394362956423e-01
-7.445535895233068580e-02
-3.961839790768914016e-01
-6.111633328006488980e-02
2.580297265582363886e-02
3.211874334556457516e-02
1.559048204087516709e-02
7.096050584698725128e-02
-6.686539479942646413e-02
-7.120568816141908952e-02
5.979905894515764181e-02
2.644288187611073745e-02
-3.292536260746535548e-02
-6.800280922498835694e-03
-7.186892740535040514e-02
3.765492766041186878e-02
8.474491397985531305e-02
-3.916902231498604198e-02
-7.220615229274227054e-02
9.766671721210434809e-02
1.477756706076551428e-02
4.942628803782252861e-02
-1.282680586714959881e-01
1.360494539234188283e-01
2.458041881878693380e-02
-9.306465578301355290e-02
3.406543687790536401e-02
-2.598664998737187232e-02
6.648659507679152703e-02
3.567914734532681015e-02
-1.738271905541454235e-02
-1.119656001706122173e-01
2.305427168690589099e-02
-4.124296910429836073e-03
-1.521545075397767212e-02
5.465887905781623146e-02
2.296308809690393994e-04
-8.290603414012615024e-02
1.985896740798047053e-02
-8.292190487207504873e-03
-1.970723777605609336e-02
2.471040037915676890e-02
7.504660844036475714e-04
-4.455492347589752600e-02
4.902119399071037248e-02
4.460515379867029118e-02
4.398736265276750185e-02
5.905946689652362414e-02
2.013438288204058915e-02
-9.003568130354112908e-02
4.782318354418985291e-03
8.708973285097879047e-02
6.088254160221957118e-02
3.223690840043712258e-02
-2.438324108882457611e-02
-6.383582458467086662e-02
-4.711546931898518559e-02
-1.962209833907475193e-02
3.563460820926992595e-02
1.375407589310690022e-02
1.246125915475133350e-01
-7.492727906001030169e-02
4.112655637535073821e-02
7.307535734203209066e-02
3.411845965893564592e-02
1.629950252714799375e-01
-1.071835360327918762e-01
5.835623332632500909e-02
4.344956015939862443e-02
4.882970600433585856e-02
-8.108580844590490555e-02
5.261825945621935452e-02
2.010984090912160127e-02
1.625741758837107864e-01
1.208001020973667738e-01
6.449144515274560785e-01
-9.473321990013328087e-02
3.186393100927538413e-02
2.898676341657236560e-02
1.314958574879792896e-01
4.219367771712458776e-02
1.258605977370437501e-02
-3.260964981980313260e-02
4.917450557472644729e-02
5.863377112922001089e-03
-2.530279201240835489e-04
-6.386551734205590802e-02
-2.077971451587579677e-01
3.267078624298653394e-02
4.448183795934442658e-02
-5.440473826854558270e-02
1.068008255293025233e+00
-9.613733471294881594e-02
2.002739788025770240e-02
5.001950673303647010e-02
6.886440908802918259e-02
-4.573690893290659892e-02
-1.217537006872768529e-01
-1.326497246052570911e-01
-1.733830369467334320e-01
-6.521626673641435501e-02
-1.515827962704315857e-01
-2.773764418861471293e-02
-3.071146473645896061e-02
-7.024131144207158839e-02
1.135523119328643998e-01
3.772064543113867047e-02
4.019696079920417886e-02
-6.740080531511613571e-02
-4.285004574595953353e-02
-7.106664890231610687e-02
2.687130557418011736e-03
-6.507928636263467757e-03
-2.582670316006050945e-02
-1.088318974550330637e-01
-3.992985395379463481e-02
4.902570832275295054e-02
-3.808526714836538846e-02
-1.504114472905024591e-01
-1.218191459484408296e-01
-4.711125941736919731e-02
-2.893323215415475116e-02
1.804889067929915311e-02
3.503254192625199215e-02
7.442937719829204046e-02
-3.925055638188856832e-02
-8.898801580022050808e-03
-1.311623598503550980e-01
3.421205226312749176e-02
-1.772058039520876122e-02
7.540711728060818519e-02
5.234523740295431160e-02
6.485043306990900813e-02
-6.443183256439652395e-02
-1.283267015205294126e-01
-1.327727134435315731e-02
2.789840248463062999e-02
8.128509946097594056e-04
1.000624074752334142e-01
-2.865112085395522205e-03
-2.270360316092162600e-01
-4.755059103167285500e-02
-8.448383640309949094e-02
7.990132820125611657e-02
7.974195687082526185e-02
2.048824159429524575e-02
-2.821697012918211039e-02
-1.490389147299617523e-01
-8.291890689422250216e-02
-1.453406514994981802e-01
4.342468472138363844e-02
-8.093646085809932944e-02
-3.174798435888416537e-02
-1.249720320025311804e-01
-3.118715482918655441e-02
3.343488978679429180e-02
-4.892069969365058640e-02
6.353334718896541666e-02
4.724417298502139526e-03
-2.358520296515919518e-02
-5.110766217091839564e-02
-1.536182410738574922e-02
-4.483703659188367774e-02
-2.234416690158603711e-02
-1.174028027690867670e-01
5.432495655319479616e-02
1.057570842636579647e-02
-7.911793096221100829e-02
7.394399151132191594e-02
-5.071438462928858082e-02
8.980783172785286941e-03
-1.049648702872130468e-01
2.723489035848019376e-03
-2.506620498633875538e-02
-7.663189183158529297e-04
-7.938152993079082564e-02
-1.051530254130630948e-01
-2.148819955340423469e-04
-9.585858637835562024e-02
-1.573395553543881498e-01
1.559893520809320193e-02
-4.007952968997884752e-02
9.214140996302934428e-02
8.446010552618905820e-03
-5.032231903693552139e-02
-1.241094271018932660e-01
-1.137984656078873114e-01
-1.441577890014111019e-01
-7.739090323702152441e-02
8.859588244701900941e-03
-1.906857098281562052e-02
-5.818938480614531394e-02
1.180434929803121508e-01
7.264478188226825006e-02
-4.071337916385481259e-02
3.490468127712386542e-02
2.186289506608284083e-02
-1.114727349379710797e-01
-6.831703897142334114e-02
-1.265557467252562962e-01
-1.329102937006374774e-01
-1.992127059944928946e-01
-4.815809736761264004e-01
-5.091462914285273082e-03
-1.392393958324674164e-01
-2.345219153158697653e-02
-2.855904281369934378e-02
2.984751991553359976e-02
7.724140251714727012e-02
-2.158124482930358357e-02
1.301596830331894737e-02
-2.403662396718431096e-03
-2.697048029384224721e-02
1.209288412306535332e-01
4.555256467120743363e-02
-2.964252547076071456e-02
-2.323161676247930199e-02
6.038621789396005773e-02
-4.258008404365547922e-02
2.253358653420979574e-01
-3.068995263672410351e-02
-2.707349598271534957e-02
-4.598566152279807973e-02
4.763199675488309463e-03
-3.374736757985902919e-03
-6.200520711684733011e-02
-1.110757914434308893e-02
-2.396984776953598739e-01
-6.720598446822226291e-02
-4.009013424618527305e-02
-1.009187776131522801e-01
6.340854651811087678e-03
-5.386060496233142925e-02
-8.885897330690425977e-02
-1.163962487862659108e-02
-2.699593122874548862e-02
-1.272359532591239573e-01
-2.560279553042490303e-02
-5.017112836415264093e-02
7.077050231945566927e-02
2.374959710901506163e-02
-5.634903982319674348e-02
1.356498132753650859e-02
-2.596577434003502147e-02
2.176321223773320865e-02
3.238988651939887775e-02
-1.659213682119683730e-01
-7.198197359666548556e-02
-1.255552825939311168e-01
2.614349992598082734e-02
6.290255769337110316e-03
-1.459414753554767741e-01
-4.933973115750145411e-02
-5.538463118297246718e-02
-1.665758208236168270e-01
-2.865236290832048199e-02
-5.163516309539790267e-02
-6.504750279905882615e-02
5.813138625697088918e-02
-1.780178099702194039e-02
-1.411139543688617014e-02
-3.694997365954626883e-02
5.359263620024860841e-02
-4.135601527001425692e-02
8.621440211015289623e-03
-9.695237060430858533e-02
-6.496781713384382206e-02
-1.018528574162947016e-02
-9.063296406672698147e-02
1.823613684319055211e-02
-6.949959848219756930e-02
-2.773128145488697877e-02
9.816267697752369126e-02
-1.443589725820295377e-01
2.979449713449230930e-02
-2.790731708792993510e-02
-1.237182704715054371e-01
-1.222402983235309770e-01
-5.581999385707391188e-03
-1.082074405880884410e-01
-5.739555802719860378e-02
-1.779205529771792690e-03
1.790103286703906282e-02
-1.784668611925135373e-01
-1.000570816744804359e-01
6.957127850606967256e-02
-6.931932102667658080e-02
-4.091607768107158316e-02
1.312716464983675058e-02
-1.095296772534735119e-01
6.214205951964473819e-03
-4.696158368118539400e-02
-8.346579900719890144e-02
-8.541067461561714647e-02
-8.456533999223457554e-02
-1.516912417173105904e-02
-7.051490899221474207e-02
-5.251837113380657812e-02
5.058366912326297399e-02
-5.833027391004284856e-02
2.182050694630276091e-03
-6.582012046558941010e-02
9.050679337050350493e-02
-5.407421102307555932e-02
1.960927537837177034e-02
-1.316019944519788432e-01
-1.213364871473491258e-01
-2.362004650698570907e-02
-5.018355084428070823e-02
6.783246244409795074e-04
-3.837764991236870121e-02
-7.567205616947944580e-02
-2.410512920663631167e-02
-5.894655011934574890e-02
-1.634935308151416744e-01
1.162837426245411365e-01
-3.258483533730479470e-02
-6.701234546552896180e-03
-3.146014640469278062e-02
-2.037959711735338672e-02
1.255996937589881901e-01
-3.714237060787463351e-02
8.256340490166137747e-03
-8.248775593756642321e-02
-6.144255966322011153e-02
3.481866298326727165e-03
7.637576774331483742e-02
5.008252809563779051e-02
-1.157757608595702675e-01
-1.362640603480254065e-01
-4.450526547625741763e-02
3.439899543970115908e-02
2.319606938007015475e-03
-2.029527814751387882e-01
6.847052557175417609e-02
-8.751007375733438343e-02
-6.573528401593076165e-02
-2.435900468361166804e-01
-8.785063150525306008e-02
-1.126689288781541759e-01
7.474721089719076061e-02
-1.925157532422128170e-02
1.217684190949531731e-01
2.513364318772976988e-02
-2.152189201464546342e-01
-8.428810659424079699e-02
1.174581532905814019e+00
-1.305966246293530607e-02
-2.638368136275510700e-01
1.012201602372109432e+00
1.041986164910539747e+00
-1.442171166220116152e-01
-8.890435741943245040e-02
-1.300079202662033362e-01
1.020445281380333080e+00
-1.073659808143584415e-01
1.007885850983060383e+00
1.112034106456809335e+00
1.045786534867914064e+00
-1.615182985805483640e-01
-1.339567540104937525e-02
-5.084127233143324442e-04
-1.691366117598642471e-01
1.041868605830297279e+00
1.039329875074274989e+00
-8.994693678826654049e-02
1.068316671998597922e+00
1.133228372492696368e+00
1.055890556022217153e+00
-8.437287905843150401e-03
-1.370178349065442891e-01
1.078127704414261201e+00
-1.759720057037774885e-02
-5.380297338598609425e-02
1.129368920007884691e+00
-1.326942058471744790e-01
-1.500008415774675696e-01
1.124836532684887924e+00
-6.926956712065421295e-02
1.006272140515629854e+00
1.033210137180709198e+00
-3.441178489265715040e-02
-4.887124877495115094e-02
6.928809524754584448e-01
1.231127270508224902e-01
1.380063717629790854e-01
2.936033891446909738e-01
-4.296470969957975200e-03
1.536468802194478345e-01
2.658642940049790737e-01
1.466531887216954821e+00
-1.084706725838397723e-01
1.003953075566762720e+00
-8.345058565568561071e-02
-8.245557529612247694e-02
1.123648216415028323e+00
1.160431180075636837e+00
-7.642552164934786688e-03
1.072295501487567249e+00
1.055846319873472217e+00
-8.867529900534978915e-02
1.216655022150080478e+00
-3.260707121856497581e-01
1.072895416381587363e+00
-2.733945486435166924e-02
-1.299839842679060276e-01
1.123658517983918470e+00
-2.620949395236731316e-01
-2.248102288608050114e-01
-1.021673243742017567e-02
-2.615325950573663683e-01
-2.599179756279789144e-01
-3.354342323293455636e-02
-1.570159070022508208e-01
-5.429138894615366528e-02
1.042333388379500070e+00
-1.110145541243356612e-02
1.084625267496127199e+00
1.071686193986637337e+00
-1.600778968602745711e-01
1.004790835507130220e+00
-1.637049580704865170e-01
-9.541949376586728038e-02
-1.315267957024121928e-02
-1.695032264172800437e-02
-2.357374665641137346e-01
-1.022642803166497888e-02
-8.745123023170750520e-02
-7.371893591791375822e-02
-1.674604859044639404e-01
-1.059758749892435459e-01
1.174276185672550765e+00
-3.444656783701324776e-01
1.095324658734645684e+00
-7.265666237326195986e-02
-2.024152240749317322e-01
-2.135394035363848142e-02
-1.142337944015197476e-01
-2.849268520252888903e-01
-1.929605047478317459e-01
-1.641951915545877827e-01
-2.642516032689159466e-01
-1.733066262478812070e-01
-2.263091071338777516e-01
-1.273589021256215648e-01
-2.974250789838760456e-01
-1.662164199676964826e-01
-1.252649567556659849e-01
-2.872895471482777782e-02
