1.318999999999999895e-01
9.602000000000000535e-01
6.487000000000000544e-01
4.403000000000000247e-01
4.882000000000000228e-01
5.400000000000000355e-01
-9.657000000000000028e-01
-3.371999999999999997e-01
4.586000000000000076e-01
3.363999999999999768e-01
-5.800999999999999490e-01
-3.568999999999999950e-01
9.454000000000000181e-01
-9.166999999999999593e-01
1.635999999999999954e-01
4.702999999999999958e-01
8.500999999999999668e-01
-8.395000000000000240e-01
9.986000000000000432e-01
-1.562000000000000055e-01
5.339000000000000412e-01
3.186999999999999833e-01
-5.022999999999999687e-01
4.089999999999999886e-02
-1.343000000000000027e-01
6.520000000000000240e-01
-4.489000000000000212e-01
2.116000000000000103e-01
-5.343999999999999861e-01
-6.695999999999999730e-01
-8.394000000000000350e-01
7.759000000000000341e-01
-7.056999999999999940e-01
-8.256000000000000005e-01
-8.945999999999999508e-01
-2.879999999999999782e-01
-3.765000000000000013e-01
-2.273000000000000020e-01
2.756000000000000116e-01
8.074999999999999956e-01
-6.130999999999999783e-01
-3.227999999999999758e-01
-8.039999999999999925e-02
-9.091000000000000192e-01
-1.074999999999999983e-01
2.225999999999999923e-01
-4.768000000000000016e-01
-4.890999999999999792e-01
-5.303999999999999826e-01
-1.446999999999999953e-01
3.755999999999999894e-01
-4.630000000000000226e-01
-1.719999999999999862e-01
1.540000000000000049e-02
2.529999999999999957e-02
-4.009999999999999676e-02
3.720999999999999863e-01
4.675000000000000266e-01
-7.557000000000000384e-01
-7.396000000000000352e-01
9.425000000000000044e-01
-4.539000000000000257e-01
4.229999999999999871e-01
-3.494999999999999774e-01
1.416999999999999926e-01
5.764000000000000234e-01
5.999999999999999778e-01
-4.752000000000000113e-01
-9.049999999999999711e-02
-8.267999999999999794e-01
6.670000000000000373e-01
1.403999999999999970e-01
1.160000000000000059e-01
-7.892000000000000126e-01
-4.393000000000000238e-01
1.607999999999999985e-01
2.979999999999999871e-01
-6.138000000000000123e-01
-7.399999999999999634e-02
9.758999999999999897e-01
-8.940000000000000169e-01
-7.610000000000000098e-01
-9.982999999999999652e-01
-5.080999999999999961e-01
-8.729000000000000092e-01
-4.102999999999999980e-01
3.950000000000000178e-01
4.420000000000000040e-01
-5.312999999999999945e-01
-4.839999999999999858e-02
5.517999999999999572e-01
-8.881000000000000005e-01
-8.444000000000000394e-01
4.817000000000000171e-01
5.974000000000000421e-01
-4.974999999999999978e-01
-7.699000000000000288e-01
-7.838000000000000522e-01
3.960000000000000187e-01
-5.725999999999999979e-01
-9.442000000000000393e-01
3.950000000000000039e-02
4.127000000000000113e-01
6.274999999999999467e-01
8.873999999999999666e-01
-3.099999999999999978e-02
-2.540999999999999925e-01
4.647000000000000020e-01
-4.632999999999999896e-01
5.018000000000000238e-01
6.573999999999999844e-01
-5.762000000000000455e-01
-8.510999999999999677e-01
-7.785999999999999588e-01
-7.883999999999999897e-01
-6.916999999999999815e-01
-6.419999999999999318e-02
-5.253999999999999782e-01
-7.822000000000000064e-01
-7.570999999999999952e-01
2.771000000000000130e-01
-3.235999999999999988e-01
3.699999999999999956e-01
-1.050000000000000065e-02
2.273999999999999910e-01
-9.582000000000000517e-01
-2.129999999999999949e-01
6.172999999999999599e-01
9.078000000000000513e-01
7.409999999999999920e-01
3.875000000000000111e-01
-8.129999999999999727e-02
5.735999999999999988e-01
-8.142000000000000348e-01
-1.923999999999999877e-01
-6.242999999999999661e-01
7.154000000000000359e-01
-4.582999999999999852e-01
5.684000000000000163e-01
-8.790000000000000036e-01
-9.424000000000000155e-01
8.612999999999999545e-01
-2.597999999999999754e-01
-6.165000000000000480e-01
-9.610999999999999543e-01
-8.397999999999999909e-01
4.974999999999999978e-01
6.603999999999999870e-01
-9.906000000000000361e-01
-5.840999999999999526e-01
-9.162000000000000144e-01
6.469999999999999363e-02
-4.230999999999999761e-01
6.961000000000000520e-01
6.690000000000000113e-02
-5.869999999999999662e-01
-8.669999999999999929e-02
-6.781000000000000361e-01
-9.179000000000000492e-01
2.741999999999999993e-01
8.058999999999999497e-01
-6.991000000000000547e-01
-9.543000000000000371e-01
8.529999999999999805e-01
3.755000000000000004e-01
-5.413999999999999924e-01
-5.304999999999999716e-01
9.996000000000000441e-01
-5.224999999999999645e-01
-7.820000000000000284e-01
-9.879000000000000004e-01
-3.070000000000000159e-02
-9.193000000000000060e-01
-7.772000000000000020e-01
4.546000000000000041e-01
1.890000000000000013e-02
2.936000000000000276e-01
7.409000000000000030e-01
2.124999999999999944e-01
7.727000000000000535e-01
8.889000000000000234e-01
-3.353999999999999759e-01
7.862999999999999989e-01
-3.249000000000000221e-01
-4.726000000000000201e-01
9.079000000000000403e-01
8.550000000000000655e-02
5.344999999999999751e-01
-5.971999999999999531e-01
2.911000000000000254e-01
-5.459000000000000519e-01
1.721999999999999920e-01
-2.853999999999999870e-01
-6.975000000000000089e-01
6.239999999999999991e-01
-9.831999999999999629e-01
3.315000000000000169e-01
-5.361000000000000210e-01
-4.828999999999999959e-01
3.192999999999999727e-01
-8.057999999999999607e-01
-5.058000000000000274e-01
3.255000000000000115e-01
-1.189999999999999947e-01
6.461999999999999966e-01
-2.612999999999999767e-01
-7.281999999999999584e-01
5.755000000000000115e-01
9.436999999999999833e-01
-7.983000000000000096e-01
8.867000000000000437e-01
-3.804000000000000159e-01
4.557999999999999829e-01
2.124999999999999944e-01
-5.741000000000000547e-01
-9.002999999999999892e-01
-4.880000000000000310e-02
9.880999999999999783e-01
-7.006999999999999895e-01
1.119999999999999989e-02
-3.937999999999999834e-01
-6.973000000000000309e-01
-3.487999999999999989e-01
-5.574000000000000066e-01
-2.716000000000000081e-01
