-7.401999999999999691e-01
6.252999999999999670e-01
7.723999999999999755e-01
8.328999999999999737e-01
-1.779000000000000026e-01
1.118999999999999995e-01
-1.847000000000000031e-01
-3.304000000000000270e-01
-2.308000000000000052e-01
-1.250000000000000069e-02
-4.576000000000000068e-01
5.783000000000000362e-01
6.629999999999999782e-02
-6.048999999999999932e-01
8.295000000000000151e-01
-5.858999999999999764e-01
2.117999999999999883e-01
7.533999999999999586e-01
-6.754000000000000004e-01
-7.519000000000000128e-01
-1.547000000000000042e-01
-4.300999999999999823e-01
-2.179999999999999993e-02
3.325000000000000178e-01
-5.083999999999999631e-01
6.111999999999999655e-01
8.211000000000000520e-01
-7.810000000000000275e-01
-2.710000000000000187e-01
-1.145999999999999935e-01
7.171999999999999487e-01
-2.268999999999999906e-01
-1.474000000000000032e-01
-9.493000000000000327e-01
-5.672000000000000375e-01
-8.191000000000000503e-01
-2.752999999999999892e-01
6.550000000000000266e-02
4.405999999999999917e-01
8.721999999999999753e-01
-1.938000000000000000e-01
2.832000000000000073e-01
-4.616000000000000103e-01
1.791999999999999982e-01
-3.699999999999999956e-01
7.776999999999999469e-01
7.893999999999999906e-01
-1.655999999999999972e-01
7.835999999999999632e-01
3.572000000000000175e-01
-1.741999999999999937e-01
9.213999999999999968e-01
6.070999999999999730e-01
-3.124000000000000110e-01
7.336000000000000298e-01
7.542999999999999705e-01
9.514000000000000234e-01
-7.286000000000000254e-01
-6.925999999999999934e-01
-9.625000000000000222e-01
8.339999999999999636e-01
-1.039999999999999952e-02
-9.165999999999999703e-01
-7.589999999999999525e-02
-1.383999999999999952e-01
2.788999999999999813e-01
1.920999999999999930e-01
-2.278000000000000025e-01
-3.059000000000000052e-01
-3.660000000000000059e-02
1.899000000000000132e-01
9.743000000000000549e-01
-3.911999999999999922e-01
2.174999999999999989e-01
-5.560000000000000497e-01
8.488999999999999879e-01
7.470999999999999863e-01
5.449999999999999983e-02
-9.096999999999999531e-01
3.662000000000000255e-01
3.931999999999999940e-01
7.149999999999999689e-01
2.474999999999999978e-01
-7.610999999999999988e-01
-9.988000000000000211e-01
7.342999999999999527e-01
-3.834000000000000186e-01
5.099999999999999672e-02
-3.929000000000000270e-01
-9.370000000000000551e-02
-7.445000000000000506e-01
-1.019999999999999934e-01
-7.991000000000000325e-01
9.320000000000000506e-01
-9.638999999999999790e-01
-7.115000000000000213e-01
-1.648000000000000020e-01
-4.812000000000000166e-01
-7.982000000000000206e-01
8.589999999999999858e-01
-1.817999999999999894e-01
-5.198000000000000398e-01
1.135000000000000037e-01
7.409000000000000030e-01
9.411000000000000476e-01
-9.279999999999999361e-02
-6.618000000000000549e-01
7.009999999999999565e-02
3.249000000000000221e-01
5.738999999999999657e-01
1.082999999999999935e-01
-7.892000000000000126e-01
6.452999999999999847e-01
-4.970000000000000112e-02
1.029999999999999943e-01
1.870000000000000134e-02
-9.011000000000000121e-01
7.922000000000000153e-01
7.823999999999999844e-01
6.724999999999999867e-01
-2.671999999999999931e-01
-3.528999999999999915e-01
-6.732000000000000206e-01
-3.810000000000000053e-01
9.947000000000000286e-01
5.322999999999999954e-01
-2.911000000000000254e-01
2.611999999999999877e-01
8.155000000000000027e-01
-1.264000000000000123e-01
7.587000000000000410e-01
-4.441999999999999837e-01
-8.358999999999999764e-01
8.868000000000000327e-01
3.919000000000000261e-01
1.297000000000000097e-01
-6.502999999999999892e-01
-1.214999999999999969e-01
-8.313000000000000389e-01
-8.729999999999999982e-01
3.805000000000000049e-01
4.599999999999999922e-03
-9.792999999999999483e-01
7.354000000000000536e-01
-5.278000000000000469e-01
-6.534999999999999698e-01
-1.885000000000000009e-01
-7.365000000000000435e-01
-6.667999999999999483e-01
3.780000000000000027e-01
-6.186000000000000387e-01
3.627000000000000224e-01
2.722999999999999865e-01
-6.654999999999999805e-01
-8.781999999999999806e-01
2.597999999999999754e-01
2.772999999999999909e-01
7.090000000000000469e-02
3.299999999999999982e-03
4.403000000000000247e-01
5.028000000000000247e-01
4.494000000000000217e-01
-2.202999999999999958e-01
7.164000000000000368e-01
-3.143000000000000238e-01
-2.963999999999999968e-01
3.287999999999999812e-01
7.397000000000000242e-01
2.972000000000000197e-01
-3.143000000000000238e-01
-1.383000000000000063e-01
-8.710999999999999854e-01
-7.977999999999999536e-01
4.544000000000000261e-01
-8.698000000000000176e-01
1.184000000000000052e-01
-2.262000000000000122e-01
5.205999999999999517e-01
4.722000000000000086e-01
-9.500000000000000111e-02
-8.786000000000000476e-01
7.715999999999999526e-01
8.673999999999999488e-01
2.242999999999999994e-01
-2.811000000000000165e-01
5.575999999999999845e-01
4.349000000000000088e-01
9.294999999999999929e-01
6.261999999999999789e-01
8.597000000000000197e-01
6.038000000000000034e-01
1.522999999999999909e-01
-1.812999999999999889e-01
2.769999999999999893e-02
-6.828999999999999515e-01
-9.619999999999999662e-01
3.773000000000000242e-01
7.779999999999999416e-02
-6.574999999999999734e-01
6.673000000000000043e-01
6.340000000000000080e-01
9.700000000000000289e-03
-4.587999999999999856e-01
-8.681999999999999718e-01
-6.784000000000000030e-01
4.126000000000000223e-01
-8.253000000000000336e-01
-3.881999999999999895e-01
3.217999999999999750e-01
5.444999999999999840e-01
5.770999999999999464e-01
-2.099000000000000032e-01
6.719999999999999585e-02
-9.503000000000000336e-01
-7.514999999999999458e-01
6.300000000000000044e-01
-3.084000000000000075e-01
-9.111000000000000210e-01
2.601999999999999869e-01
-4.309000000000000052e-01
-2.962000000000000188e-01
2.743999999999999773e-01
3.817999999999999727e-01
-3.739000000000000101e-01
-4.486999999999999877e-01
