7.864274914168044583e-01
9.165565102261640229e-01
-6.647118826178893825e-01
9.888957914792791959e-01
2.010800873649493115e-02
1.134641186115942668e+00
9.850153926266608240e-01
6.094121219571346781e-01
-1.575887748194050586e-01
-1.270523301073468725e-01
-4.913891716592872633e-02
-1.863838839883689147e-01
-9.293121435831740162e-02
-1.350301794769977748e-01
5.394975953678673442e-01
6.630528451730242079e-01
-1.541243477382811533e-01
-1.264839490760413798e-01
8.281911727953006341e-01
-1.165740648105229593e-01
-7.196488550101516612e-02
-1.573041928410579601e-03
6.685975694746202347e-01
1.019480419788753478e+00
5.498331536005179876e-01
-2.560219826001635113e-01
1.807186789150491413e-01
5.992668101202938136e-01
-1.009270283720183764e-01
-4.737438381397326287e-02
-4.560286845233316871e-02
5.464849415541542799e-01
-5.204383208886703693e-01
-1.261216770416939414e-01
6.463021929589203296e-01
8.912733643129432393e-01
2.092625452906701072e-02
-4.436859442535186909e-02
-5.236645241441920812e-02
-3.969449478026404465e-02
-8.520915604575973745e-02
-2.358276360064336455e-02
1.493716681486096931e-01
1.514241731719043471e-01
-6.984558381732328125e-02
-4.134124407771680443e-02
-8.860100430087546053e-02
-1.822988276674436872e-02
-1.133679150184169204e-01
-6.829064534935694319e-02
4.862011439936646251e-02
-1.219473106227578624e-01
7.297990010216311163e-02
9.952629653423944456e-02
7.374155174005092572e-02
-5.203737764355442080e-02
-1.224093438487166147e-01
-8.008964497434560570e-02
1.161124214795288129e-01
-6.865341847710482170e-02
6.361283344241795978e-01
-6.865273075554040316e-02
2.443329067122817361e-02
-6.811699565312445692e-02
2.565057797748341861e-01
-1.081267598858617202e-01
7.560734035730780345e-02
-3.081153913162142793e-02
3.844286675749528093e-02
5.713170040062054422e-02
-3.429003482866475189e-02
-8.591102612397873151e-02
1.027172811817063901e-02
-1.411353255617923130e-01
-3.024015010845204198e-03
-4.267508006119125064e-02
-6.244226112483678565e-02
-1.193710380381613895e-01
3.401462757339080573e-02
7.592021023765487854e-03
3.646291635975411338e-02
9.731148922061685913e-02
-4.276070139655528679e-02
-1.061687431934716791e-01
1.146045485054006906e-02
-1.247935689658829783e-01
2.008792193620797042e-02
-5.706393459287542602e-02
9.779117501513430455e-02
-8.410538752573287757e-02
-1.717423015800827873e-02
-1.607009317864869710e-02
-1.220253125654759269e-01
5.637142420587147595e-02
-5.351082110557887905e-02
-7.702298124701202620e-02
-1.561869195392817378e-01
-7.568905447491100502e-02
1.147555468234877779e-01
-9.683042142316322654e-02
-2.198759342087375224e-02
-1.152104194342794402e-01
1.068574084619608455e-01
6.407529181164492993e-01
-2.780894676047904884e-02
-6.280720501806442806e-03
-2.371247080092590831e-01
-3.503793203517117233e-02
1.485099530223982223e-01
-1.580456395536401770e-01
-1.112331193136852428e-02
-9.927654650123365898e-02
-1.932729284162806316e-01
1.003886993820217455e-01
-9.351388778996204409e-02
-2.986454653083113475e-02
-4.876038436629866885e-02
-5.266664287938212230e-02
-9.786158841288705723e-02
4.739631386696171317e-02
-2.618947006579113064e-03
-4.015182962377832759e-02
-1.228865613037664895e-02
1.252023378868153715e-02
-8.934016448868598026e-02
-1.103653581272323742e-01
1.885930735282782128e-02
-1.048476245435803374e-02
-1.191853990775678940e-01
2.249391584607332573e-02
-6.794448514010786866e-03
-1.888198170141941745e-01
-8.533651201032579903e-02
-1.003086621868314043e-02
-3.966904908219674730e-02
4.058511944556469214e-02
-1.870797830198882850e-01
-4.660059477821334312e-02
-5.335814691721749853e-02
-6.096434747261519210e-02
-5.115193612320707850e-02
-3.088443761797014797e-02
-6.754458520082368524e-04
-1.437232392543300874e-01
4.236949316813447275e-03
-8.948680082827352444e-02
-1.221098050183838934e-01
-5.388941182942694197e-02
-1.085831251542474646e-01
9.307443663275020984e-02
-6.454840843052415955e-02
-5.813815568397048827e-02
4.777456073002864928e-02
-6.656515193221819449e-02
6.029839447737653756e-03
3.230946281467813597e-01
9.516992425411567591e-02
3.616100659087265190e-02
-4.310043585174747061e-02
7.453208768385499727e-02
-2.682550491652086963e-02
-2.996770476621509610e-02
-6.743557117882507425e-03
-7.928649126678277703e-02
-6.749873396241323764e-02
-5.306804616919778969e-04
-1.965088981959745018e-01
6.664460900664971599e-02
-8.049456723968950733e-02
-7.985526119138530721e-02
-2.420205687371473208e-02
-1.199248995461432432e-01
-2.382037140280013690e-02
-1.310704479774052640e-02
-1.520769033087150321e-02
-4.702044879620723844e-02
1.850134827605601565e-02
-7.826523346354276323e-02
-2.457927215442282792e-02
-5.091020199163185517e-02
-4.103417639707235970e-02
-8.014708060752666341e-02
-1.514886985330154423e-01
-4.568833211666159522e-02
7.128054010465496859e-02
-1.096460511400400989e-01
8.049012006499718652e-03
-8.344762397754219851e-02
-3.137822170465694865e-02
7.452624205051591733e-02
-5.029675435189761429e-02
-8.670391829696234842e-02
7.476213054875367747e-02
-5.115021681928152986e-02
-1.500618791109451129e-02
-1.177825094881445045e-01
-8.089329398088844492e-02
-1.043909810282592221e-01
4.265833622724944652e-03
2.911014120260230903e-02
-1.165388912200673519e-02
-3.434642799734088231e-02
-8.374597234461947370e-02
1.464856445834470666e-01
-4.347627568931022174e-02
8.247419679216466681e-03
1.572550204964052178e-01
2.474662795734119524e-03
-1.377379085908308695e-02
-2.147969018556694365e-01
-2.400924647667835587e-01
-4.729175495526147938e-02
-1.165188673869083369e-01
-3.666611285026993156e-02
-4.047024471032345527e-02
-2.011114511929979962e-02
3.919489029342240749e-02
7.170791562625843628e-03
-1.514923399748763395e-02
-6.860081511975779645e-02
-8.079858106007506424e-02
-9.526078586884137098e-03
-2.754726870339752748e-02
5.910175894691994253e-03
-5.269621490685655330e-02
6.807128740196553840e-02
-6.504597498584446802e-02
8.394592095024938638e-03
-4.487218362413322170e-01
-1.843492886605668235e-01
-1.062265062897720970e-02
-7.964229961839051908e-02
6.191239688895493892e-02
-2.153851123618341981e-02
-1.874338315362369944e-01
4.864418465428911598e-02
-3.229598613875570012e-02
2.188906472595859160e-02
-1.650782795744955289e-02
7.251293715667105066e-02
-4.960181170622122993e-02
-5.822962265267103699e-02
2.869166262774540052e-02
1.929360352378089657e-02
-2.049076742549919145e-02
-1.107030291686822154e-01
-1.033386467600581060e-01
-5.781836515428972340e-02
-4.034748641021048549e-02
-5.511390008339727559e-02
-7.405620110625030228e-02
1.079656717707359187e-01
-1.634443411143354785e-01
-1.056935699453185051e-01
-3.600177381441528601e-02
-9.990452737413611783e-02
7.131664548703575690e-02
-1.294549339529510457e-01
3.980146071745812447e-02
-7.687956367753254194e-02
9.442335905710617233e-03
-8.326446935755607570e-02
-1.434631906544245848e-02
7.721557724689191715e-02
-7.684704085342187845e-03
-7.185751326802942984e-02
-9.135596737667663059e-02
5.193913880366016721e-03
-7.087097667700879844e-02
-4.432148549786917718e-02
-1.876682057037208362e-01
1.001555183364415992e-02
-3.719909706639853986e-02
-7.026750100003115174e-02
-4.247713400338113321e-04
-2.448048196633465564e-03
-3.840398525564301530e-02
-1.091882606985760812e-01
-3.820626530450160763e-02
3.517722088613052522e-02
-6.283976419183992523e-02
8.635982365814162329e-03
-2.044606552350022866e-02
-1.349736754650911474e-01
-6.492493598966098123e-02
1.040625080047127282e-01
-1.070013756481177497e-01
4.025570081391693228e-02
-1.217317311552990333e-01
1.395224636952502595e-01
8.920699095470489837e-03
5.614111759153352782e-03
-3.468237998389390314e-02
1.487782343926053645e-03
-4.314066756354374005e-02
-5.378762903718671551e-02
8.896908272537831786e-02
-1.063934677790548539e-01
-9.786037340045423277e-03
-8.851991377328378985e-02
-8.408406290122609483e-02
-7.725127871704137728e-02
1.129780869942460970e-02
-6.244398042875830279e-02
-7.502427437862853321e-02
6.364098505314941256e-02
-1.126876504325043972e-02
-4.359593924235270757e-02
-2.534676942565064484e-02
-6.555213806078066807e-02
-4.287486317704070071e-02
-6.750041457305322457e-02
5.978120075923039067e-01
-5.742464455591945321e-02
-2.443042199381135759e-01
-2.091219993381298881e-01
-2.365019082863991096e-01
1.093228468539174554e-02
1.118433464050282503e-02
-6.731992635441853834e-02
-4.433111359983681055e-02
-1.126862892705545599e-01
-3.498944766454425287e-02
-5.810205030158754197e-02
-6.140483313769082296e-02
7.339872253780600764e-02
3.660638641825194033e-03
-2.401121413825877196e-02
2.986457176402133179e-02
1.315892515336947455e-01
5.706616624838592999e-01
-1.282853192399269482e-01
-1.678566747140988052e-02
-2.817515849608203879e-02
4.567838538709424745e-02
9.178702185519999057e-02
-1.742321598773195479e-01
-9.677992415898237222e-02
-6.428776195579473385e-02
-9.359264842346519397e-02
1.686491480213093627e-02
-2.735161191695937091e-02
-1.420699700906969398e-01
-5.675996165928243187e-02
5.964505898659103016e-03
7.057046758445235934e-02
5.981257587894798222e-01
4.638234852452615201e-03
9.164088102174018646e-02
5.247212301977948953e-03
2.175323971604306225e-02
-3.826712458070283263e-01
-1.494566841300275055e-02
6.548442271940417558e-02
-2.045741292938915712e-02
-2.052790439023704713e-02
6.454774594214626737e-02
-1.868309354936487365e-01
1.661458415094450858e-02
-6.093660234991030850e-03
-9.861315244076189479e-02
1.097967304487388052e-01
-3.148034835767862111e-02
-5.232518912027415287e-02
-7.128085873224936087e-02
-1.610712961654868491e-01
5.549114059729474274e-02
-2.153060243813667216e-02
-7.193006789357735131e-02
6.215825734993941920e-02
-3.660318632667979716e-02
1.219088827255685181e-01
-1.651573675550033551e-02
-1.147724438795595381e-01
-1.706144382066449375e-02
-5.086206148178518127e-02
-8.190179438703974746e-03
9.282444984234337892e-02
1.913749072756846387e-02
3.949095442896023711e-02
-1.108755040976539506e-02
-6.829402728776373666e-02
-3.481714611741642540e-01
-8.123024442775067001e-04
-1.562891979201021242e-02
-5.884478959632806483e-02
-6.757610263894722746e-02
-6.056867131035152847e-03
-3.462392365051410181e-02
-3.460019725637664828e-02
1.941533024152781658e-02
2.712365744995444417e-02
-1.855998911996220233e-02
3.332896916888618971e-02
1.646456203398600215e-01
6.220805366050748964e-01
-8.374799862506081272e-02
-7.715886783134591476e-02
3.825236788282351114e-02
-9.489758096984686475e-02
5.043741864599200764e-02
-4.714148779238937215e-02
1.638282198211816337e-02
1.219883145668097940e-01
4.782132579673259443e-02
8.666865407639225138e-02
-4.098328500094224752e-02
-5.461186333787360764e-02
1.037513139946471125e-01
8.360863695421585917e-02
1.569853902076001617e-02
-6.109604615312085735e-02
3.585152515685452457e-01
1.667647909216743787e-02
-1.396687765370623890e-01
6.158459327515358739e-01
5.671012707870402153e-02
-1.648754017116136825e-02
-7.908226920860216003e-02
-5.131870860374030535e-02
-4.042760597303319409e-02
1.405103757294132727e-01
9.463728389876648051e-02
-1.168331134753337747e-01
2.092419136436182367e-02
-5.198270377880973708e-02
9.704701684359556477e-03
-1.139702511590996725e-02
5.272856305379262920e-02
6.308095396931989729e-01
6.234612720274376185e-01
1.450197660586877435e-01
9.584595455663851016e-02
1.301615415560198885e-01
9.752605835020465574e-02
-6.802174621579011593e-02
7.008734318208616199e-02
-3.052888556668662337e-02
-5.218076759073625448e-02
-4.802462988806503220e-03
-3.043363612935259463e-02
6.743445722887650429e-02
-7.674750363503927975e-02
4.088057597082602086e-03
-1.072347156814495300e-01
-3.412979570303979748e-02
3.240260821517019357e-02
-1.140493391395481018e-02
2.982571549536175426e-02
2.073721120883503018e-03
-6.308321762733444527e-02
-4.258051834542466579e-02
-3.946513963692813154e-02
5.152711347239488648e-02
-5.931553501044863758e-02
5.690567264379488011e-01
-1.452189795998913846e-01
-7.981094463833948716e-02
-2.110496767224407655e-01
-2.343419118111664257e-01
3.397026953217083950e-02
-5.686140059074582670e-02
1.358417778568639933e-01
9.633251756685122513e-02
-6.950841702043469850e-01
-1.219557465857717404e-01
-2.532389824713787707e-01
-7.236378364413093012e-02
8.734949842990678837e-02
5.257657658699491782e-02
7.576203427669008818e-03
-1.621313926504526146e-02
7.202431098174906510e-02
-7.416721218480182287e-02
-4.625363924654821157e-02
-1.956488820497121472e-01
5.939224119859998208e-02
3.360130691029338673e-02
-2.810294773131142426e-02
-5.823065423502721272e-02
8.225898337465552268e-02
7.506919822940601172e-02
-2.458668211114365121e-01
8.200998473294278043e-03
-1.094638683999558798e-01
-5.507091748531653397e-02
-2.848024373756552485e-01
9.606980792741212638e-02
1.741818680455913329e-02
-1.266587141108974426e-02
2.503573476585393975e-02
-1.916346479693559895e-02
1.662528256470897359e-01
7.404999486384494789e-02
-1.963761126123256540e-01
7.665336486406350291e-02
3.877159766757243275e-02
4.553018138892990507e-02
-2.238337718394950437e-02
-6.786735272351056281e-02
7.245791943113451261e-02
2.571279665073535753e-02
-1.229315666265493462e-01
8.335448040071810963e-03
8.873009948008191150e-02
-1.869375096516880455e-02
-1.253379563013118092e-01
-1.369654992858331533e-01
1.964365380250323104e-02
5.971684577926576754e-02
1.422448794842013373e-03
-5.423017786696807119e-02
-6.609509423966880570e-02
-1.622311122780680653e-02
1.112312742084415815e-02
5.732873263020006604e-02
-1.836054986489400048e-02
2.481944633233542502e-02
-2.035457821300440950e-01
4.103179460476517187e-02
8.881262606838806473e-02
-5.232140665163851484e-02
-1.970657499730350537e-01
-2.106894960530282801e-01
-1.276639323995923392e-01
9.531680260052303177e-01
-2.342606468312670442e-03
-3.294484085477707852e-02
-2.881780178568675924e-03
1.371555243506971389e-01
1.900086462479865235e-01
2.069744154317585891e-02
2.019966647815780170e-01
7.749258347514630108e-02
-2.712946726558490215e-02
1.728599650590866288e-01
2.116347387131914670e-01
2.229845735628597364e-02
3.221643396656849456e-02
2.224292164634303903e-01
1.519332854297684443e-01
1.529528326561123697e-01
1.392465417818693763e-01
1.377345859119701865e-01
-1.227647164007326930e-01
7.353923796688845160e-03
3.878726969953311815e-02
1.884746832878828049e-01
-3.048314149781061397e-02
1.100531050299181635e-01
-3.169353145960990270e-02
-2.044171886585382722e-02
1.597664341030047841e-01
-7.830624590567247453e-03
1.259597128671087418e+00
-2.010127620196547615e-01
1.126155644654875054e+00
-6.063606689597121624e-02
-1.407525349612406551e-01
-7.333312636741465274e-02
1.011025552197486466e+00
-1.300120433541905873e-01
1.184593409554896670e+00
-3.443335931810886930e-01
-1.999436988403219539e-01
-7.624012544044476980e-02
1.163380293891990380e+00
-3.264511130778524617e-02
-1.520428599628739219e-01
1.009604375574725266e+00
-9.690443929111408616e-02
-1.292194442456815751e-01
-7.886928499951040283e-02
1.019061578733647888e+00
-8.842276917812574855e-02
-1.957069901132401368e-01
-1.531590320696969154e-01
1.196171889894010354e+00
-2.166928137975071000e-01
-9.829982635502892974e-02
-1.767688574012660496e-01
-3.070618350164751043e-01
-2.070877505012154451e-01
-5.010852827282983313e-01
-1.050099257057589969e-01
-1.548649254221032279e-01
-2.036821532905125631e-01
-1.247788260733258825e-01
-1.213082391743299515e-01
-3.215033002482027835e-01
-3.971004060214377573e-01
-2.152014895746894307e-01
-3.415679208905252895e-01
-8.226044005725849373e-02
-1.009630281317746292e-01
-2.681704925563909714e-01
-1.747280436446465579e-01
-1.089966476424370639e-01
-4.402088571438845799e-01
-2.493427391562778872e-01
