-7.530999999999999917e-01
3.900000000000000133e-01
-1.562000000000000055e-01
1.451999999999999957e-01
-5.173999999999999710e-01
-1.303999999999999881e-01
-5.996000000000000218e-01
9.052000000000000046e-01
-6.428000000000000380e-01
-8.397000000000000020e-01
-8.705000000000000515e-01
-6.040999999999999703e-01
7.603999999999999648e-01
6.208000000000000185e-01
-6.571000000000000174e-01
3.441000000000000170e-01
-2.021999999999999909e-01
-3.951000000000000068e-01
2.667999999999999816e-01
-7.864999999999999769e-01
-9.372000000000000330e-01
-7.163000000000000478e-01
-5.820000000000000173e-02
-2.147999999999999909e-01
2.646000000000000019e-01
-1.786000000000000087e-01
9.110000000000000320e-01
8.033000000000000140e-01
7.889000000000000457e-01
5.940999999999999615e-01
5.726999999999999869e-01
4.240000000000000019e-02
1.511000000000000121e-01
-6.635999999999999677e-01
-9.083999999999999853e-01
-2.828999999999999848e-01
-8.948000000000000398e-01
2.554000000000000159e-01
3.940000000000000169e-01
9.454000000000000181e-01
3.405000000000000249e-01
-9.719999999999999474e-02
1.786000000000000087e-01
-4.284999999999999920e-01
5.040999999999999925e-01
3.728000000000000203e-01
6.451999999999999957e-01
3.351000000000000090e-01
-2.920000000000000026e-02
3.232999999999999763e-01
9.656000000000000139e-01
-9.653000000000000469e-01
4.757000000000000117e-01
-3.921000000000000041e-01
9.707000000000000073e-01
8.247999999999999776e-01
5.832000000000000517e-01
-8.854999999999999538e-01
8.682999999999999607e-01
2.585000000000000075e-01
-2.662999999999999812e-01
8.313000000000000389e-01
-8.171000000000000485e-01
-5.570000000000000506e-01
4.794999999999999818e-01
-7.301999999999999602e-01
2.651999999999999913e-01
9.256999999999999673e-01
5.915000000000000258e-01
3.426000000000000156e-01
-1.068000000000000060e-01
-7.761000000000000121e-01
-8.643999999999999462e-01
-7.362999999999999545e-01
-7.762000000000000011e-01
4.813000000000000056e-01
6.987999999999999767e-01
-9.585000000000000187e-01
8.161000000000000476e-01
2.442000000000000004e-01
-8.508000000000000007e-01
9.733000000000000540e-01
7.731000000000000094e-01
5.086000000000000520e-01
-5.668999999999999595e-01
-6.614999999999999769e-01
-6.463999999999999746e-01
-3.761999999999999789e-01
9.454000000000000181e-01
-8.266000000000000014e-01
5.886000000000000121e-01
-2.063000000000000111e-01
1.328000000000000014e-01
3.479999999999999760e-02
9.267999999999999572e-01
2.299999999999999961e-02
-7.772999999999999909e-01
6.444999999999999618e-01
-8.801999999999999824e-01
7.866999999999999549e-01
-5.413000000000000034e-01
-7.567000000000000393e-01
-9.606999999999999984e-01
6.036000000000000254e-01
-3.693000000000000171e-01
-2.260000000000000064e-01
5.636999999999999789e-01
4.823999999999999955e-01
-6.181999999999999718e-01
5.726999999999999869e-01
-3.382000000000000006e-01
-1.099999999999999936e-02
-4.838999999999999968e-01
5.141999999999999904e-01
-2.671999999999999931e-01
9.705000000000000293e-01
1.990000000000000102e-02
1.789999999999999925e-01
-1.179999999999999938e-01
-5.938999999999999835e-01
7.147999999999999909e-01
-6.382999999999999785e-01
3.578000000000000069e-01
-6.784000000000000030e-01
3.420000000000000262e-01
-4.817000000000000171e-01
-5.698999999999999622e-01
-2.259999999999999856e-02
4.460000000000000075e-01
1.882999999999999952e-01
2.437000000000000000e-01
7.745999999999999552e-01
-8.642999999999999572e-01
1.000000000000000021e-03
-2.610999999999999988e-01
9.100000000000000311e-01
-2.659000000000000252e-01
-4.244999999999999885e-01
2.727999999999999869e-01
4.920999999999999819e-01
-7.763999999999999790e-01
-1.199999999999999895e-03
-8.585000000000000409e-01
-3.941000000000000059e-01
-6.172999999999999599e-01
-7.116000000000000103e-01
5.808999999999999719e-01
2.503000000000000225e-01
-2.160000000000000114e-02
-9.886000000000000343e-01
-9.980999999999999872e-01
-7.100999999999999535e-01
2.796000000000000152e-01
-4.788000000000000034e-01
-3.376000000000000112e-01
7.284000000000000474e-01
-5.907000000000000028e-01
9.320000000000000506e-02
-6.737999999999999545e-01
-8.437999999999999945e-01
-5.182999999999999829e-01
7.249999999999999500e-02
-5.879999999999999810e-02
2.665000000000000147e-01
9.752999999999999448e-01
5.463999999999999968e-01
-6.370999999999999996e-01
4.685000000000000275e-01
7.953000000000000069e-01
-1.693999999999999950e-01
-9.479999999999999538e-02
-5.460000000000000409e-01
8.332000000000000517e-01
4.522999999999999798e-01
5.282999999999999918e-01
-2.545000000000000040e-01
8.234000000000000208e-01
-8.328999999999999737e-01
-6.288000000000000256e-01
-5.489999999999999741e-02
1.198000000000000037e-01
-8.921000000000000041e-01
-2.775000000000000244e-01
-9.376999999999999780e-01
7.976999999999999647e-01
5.094999999999999529e-01
-8.250000000000000389e-02
-3.346000000000000085e-01
5.185999999999999499e-01
-9.899999999999999911e-01
-9.386999999999999789e-01
8.711999999999999744e-01
-3.247999999999999776e-01
-1.509000000000000064e-01
8.823999999999999622e-01
-5.096000000000000529e-01
-3.365000000000000213e-01
3.242999999999999772e-01
5.466999999999999638e-01
-2.192999999999999949e-01
5.117000000000000437e-01
8.799999999999999489e-02
6.551000000000000156e-01
4.596999999999999975e-01
-9.905000000000000471e-01
-4.349999999999999978e-01
-5.589999999999999830e-02
-7.704999999999999627e-01
6.967999999999999750e-01
-9.877000000000000224e-01
3.869999999999999829e-02
-6.985000000000000098e-01
-8.169999999999999485e-02
3.146999999999999797e-01
-2.916000000000000258e-01
-1.570999999999999897e-01
5.948999999999999844e-01
-8.288999999999999702e-01
-9.384000000000000119e-01
-1.950999999999999956e-01
