-9.520999999999999464e-01
-4.586000000000000076e-01
9.344000000000000083e-01
7.652999999999999803e-01
4.838999999999999968e-01
-8.900000000000000133e-01
-8.929000000000000270e-01
-9.020000000000000240e-01
-8.069999999999999396e-02
7.006000000000000005e-01
1.476999999999999980e-01
8.630000000000000171e-02
9.323000000000000176e-01
5.647999999999999687e-01
9.272000000000000242e-01
3.926000000000000045e-01
3.637000000000000233e-01
1.892999999999999960e-01
3.143000000000000238e-01
6.619999999999999496e-02
1.431000000000000050e-01
-8.630000000000000171e-02
9.800000000000000377e-02
-9.337999999999999634e-01
-3.854000000000000203e-01
3.537000000000000144e-01
7.281999999999999584e-01
-1.257000000000000062e-01
9.710000000000000575e-02
9.578999999999999737e-01
-9.860999999999999766e-01
4.815999999999999726e-01
9.629999999999999671e-01
-8.052000000000000268e-01
-9.212000000000000188e-01
3.269999999999999990e-02
3.300000000000000155e-02
3.482000000000000095e-01
-9.671999999999999487e-01
-3.865999999999999992e-01
-7.470000000000000251e-02
-8.528999999999999915e-01
-9.320000000000000506e-02
-9.765000000000000346e-01
-3.326999999999999957e-01
4.181000000000000272e-01
-1.069999999999999979e-01
-1.862000000000000044e-01
-7.163000000000000478e-01
-7.106999999999999984e-01
1.640000000000000138e-02
8.572999999999999510e-01
-2.109000000000000041e-01
-6.289999999999999758e-02
2.381000000000000061e-01
2.892000000000000126e-01
-2.006999999999999895e-01
-4.309999999999999942e-01
-2.466000000000000136e-01
8.548999999999999932e-01
-2.833999999999999853e-01
1.706000000000000016e-01
9.022999999999999909e-01
2.560000000000000053e-01
-9.281000000000000361e-01
6.734999999999999876e-01
2.149999999999999828e-02
3.617000000000000215e-01
6.418000000000000371e-01
-3.108000000000000207e-01
7.900000000000000355e-01
8.400000000000000522e-02
3.418999999999999817e-01
3.537000000000000144e-01
-1.688000000000000056e-01
4.511999999999999900e-01
-4.259000000000000008e-01
-9.260000000000000175e-02
-5.109000000000000208e-01
-9.008000000000000451e-01
-4.106000000000000205e-01
9.589999999999999913e-02
-9.210000000000000131e-02
-6.233999999999999542e-01
-2.492999999999999938e-01
-1.801000000000000101e-01
-9.548999999999999710e-01
-1.013000000000000012e-01
6.740000000000000158e-02
-2.340000000000000135e-01
-9.012000000000000011e-01
6.747999999999999554e-01
-9.150000000000000355e-01
4.959000000000000075e-01
-8.820000000000000062e-01
-4.313000000000000167e-01
7.995999999999999774e-01
-4.409000000000000141e-01
1.300999999999999934e-01
-4.408000000000000251e-01
-7.014000000000000234e-01
4.855999999999999761e-01
2.344999999999999862e-01
-3.103000000000000203e-01
-9.961999999999999744e-01
-2.149999999999999828e-02
-4.299000000000000044e-01
-5.806000000000000050e-01
-9.092000000000000082e-01
-8.217999999999999750e-01
-3.597000000000000197e-01
3.413999999999999813e-01
-3.119000000000000106e-01
5.691000000000000503e-01
9.832999999999999519e-01
2.346999999999999920e-01
-4.025000000000000244e-01
-7.216000000000000192e-01
9.170000000000000373e-02
-1.484999999999999931e-01
4.934999999999999942e-01
9.414000000000000146e-01
2.475999999999999868e-01
1.831000000000000127e-01
-7.161999999999999478e-01
7.068999999999999728e-01
-8.435000000000000275e-01
-5.400000000000000355e-01
-6.414999999999999591e-01
1.243999999999999967e-01
-6.570000000000000284e-01
-5.742000000000000437e-01
1.416000000000000036e-01
-1.565999999999999892e-01
-4.563999999999999724e-01
4.321999999999999731e-01
-4.409000000000000141e-01
-5.512000000000000233e-01
-9.920999999999999819e-01
5.916000000000000147e-01
9.377999999999999670e-01
4.109999999999999765e-01
6.108000000000000096e-01
-7.073000000000000398e-01
-8.325000000000000178e-01
-1.509000000000000064e-01
-2.822000000000000064e-01
-1.381999999999999895e-01
9.376999999999999780e-01
-2.288999999999999924e-01
6.259000000000000119e-01
5.749999999999999556e-01
-6.228000000000000203e-01
4.084999999999999742e-01
-5.645999999999999908e-01
6.895000000000000018e-01
-9.414000000000000146e-01
6.861000000000000432e-01
3.780000000000000027e-02
-6.868999999999999551e-01
-3.799999999999999992e-03
9.495999999999999996e-01
-4.646000000000000130e-01
-3.454999999999999738e-01
-5.475999999999999757e-01
-7.883999999999999897e-01
3.796999999999999820e-01
1.405000000000000138e-01
-3.973999999999999755e-01
7.806999999999999496e-01
-4.859999999999999737e-02
2.771000000000000130e-01
-7.067999999999999838e-01
9.778999999999999915e-01
2.003999999999999948e-01
3.680999999999999828e-01
2.539000000000000146e-01
7.877999999999999448e-01
4.932000000000000273e-01
1.391000000000000014e-01
-6.242999999999999661e-01
2.015000000000000124e-01
4.435999999999999943e-01
6.565999999999999615e-01
-7.282999999999999474e-01
1.170000000000000068e-01
1.716999999999999915e-01
3.547000000000000153e-01
-4.626000000000000112e-01
9.455999999999999961e-01
2.472000000000000031e-01
-2.028000000000000080e-01
-9.062999999999999945e-01
4.079999999999999738e-01
8.763999999999999568e-01
-8.821999999999999842e-01
-3.412999999999999923e-01
-3.589999999999999858e-01
-4.899999999999999911e-01
-1.719999999999999862e-01
-9.109000000000000430e-01
-3.444999999999999729e-01
-2.207000000000000073e-01
-3.267999999999999794e-01
5.656999999999999806e-01
-3.220999999999999974e-01
-4.510000000000000120e-01
1.082000000000000045e-01
9.099999999999999756e-02
-7.897999999999999465e-01
7.409999999999999920e-02
5.764000000000000234e-01
-5.353999999999999870e-01
-2.142000000000000015e-01
9.679999999999999716e-01
9.919999999999999651e-02
9.445000000000000062e-01
7.480999999999999872e-01
3.734999999999999987e-01
-6.598000000000000531e-01
