1.120000000000000023e-01
-5.116000000000000547e-01
-7.050999999999999490e-01
-3.438999999999999835e-01
6.994000000000000217e-01
3.171999999999999820e-01
6.918999999999999595e-01
6.874000000000000110e-01
4.144999999999999796e-01
8.192000000000000393e-01
8.389999999999999680e-01
5.810999999999999499e-01
-5.906000000000000139e-01
-3.024000000000000021e-01
2.240000000000000047e-01
3.438999999999999835e-01
4.166000000000000258e-01
7.760000000000000231e-02
-8.460999999999999632e-01
2.064999999999999891e-01
6.038999999999999924e-01
8.864999999999999547e-01
3.279000000000000248e-01
-9.346999999999999753e-01
2.127999999999999892e-01
-6.430000000000000160e-01
3.271000000000000019e-01
4.621999999999999997e-01
-4.581999999999999962e-01
8.406000000000000139e-01
-1.809999999999999942e-01
-1.487999999999999878e-01
-7.639999999999999569e-02
3.301999999999999935e-01
-2.205000000000000016e-01
-7.096000000000000085e-01
2.479999999999999982e-01
5.576999999999999735e-01
7.824999999999999734e-01
1.597000000000000086e-01
-8.507000000000000117e-01
-1.640000000000000069e-01
2.624000000000000221e-01
-5.494999999999999885e-01
-7.119999999999999940e-02
-6.040000000000000230e-02
-5.967999999999999972e-01
3.741999999999999771e-01
4.360999999999999877e-01
8.466000000000000192e-01
-3.911999999999999922e-01
8.928000000000000380e-01
-8.828000000000000291e-01
4.088999999999999857e-01
-6.803000000000000158e-01
-9.634000000000000341e-01
-4.033999999999999808e-01
5.670000000000000040e-02
6.918999999999999595e-01
6.568000000000000504e-01
-6.047000000000000153e-01
2.796000000000000152e-01
-4.959999999999999964e-01
1.029999999999999943e-01
-9.179000000000000492e-01
4.986999999999999766e-01
-9.911999999999999700e-01
6.579999999999999738e-02
-3.301999999999999935e-01
-2.973999999999999977e-01
-5.600000000000000533e-01
1.233000000000000068e-01
3.216999999999999860e-01
-9.240000000000000435e-01
9.376999999999999780e-01
6.432999999999999829e-01
-6.037000000000000144e-01
8.571999999999999620e-01
-1.678000000000000047e-01
4.643999999999999795e-01
-2.808999999999999830e-01
-7.393999999999999462e-01
-9.241000000000000325e-01
-5.410000000000000225e-02
3.176999999999999824e-01
-2.442000000000000004e-01
-7.534999999999999476e-01
6.131999999999999673e-01
5.425999999999999712e-01
-3.047000000000000264e-01
-4.969999999999999973e-01
4.419000000000000150e-01
6.079999999999999988e-02
-2.449999999999999956e-01
-3.743000000000000216e-01
9.809999999999999831e-01
9.003999999999999782e-01
-7.642999999999999794e-01
4.946999999999999731e-01
-6.272999999999999687e-01
-9.486999999999999877e-01
4.824999999999999845e-01
9.413000000000000256e-01
-5.212999999999999856e-01
8.769000000000000128e-01
2.659000000000000252e-01
2.379999999999999893e-01
-4.595000000000000195e-01
-4.490000000000000102e-01
-6.313999999999999613e-01
-4.620000000000000218e-01
9.193999999999999950e-01
7.721000000000000085e-01
-9.747999999999999998e-01
-2.748999999999999777e-01
-6.915000000000000036e-01
-5.293999999999999817e-01
-7.524999999999999467e-01
1.386999999999999900e-01
1.328999999999999904e-01
2.641000000000000014e-01
-6.610000000000000597e-02
-9.726000000000000201e-01
-3.276999999999999913e-01
5.829999999999999766e-02
2.600000000000000089e-01
-2.338000000000000078e-01
-7.014000000000000234e-01
-4.601999999999999980e-01
8.195999999999999952e-01
8.068999999999999506e-01
8.922999999999999821e-01
3.906999999999999917e-01
8.358999999999999764e-01
2.657999999999999807e-01
6.650000000000000355e-02
-5.835000000000000187e-01
1.713000000000000078e-01
4.894000000000000017e-01
-5.041999999999999815e-01
-4.484000000000000208e-01
6.239000000000000101e-01
5.705000000000000071e-01
-7.969000000000000528e-01
-8.852999999999999758e-01
1.554000000000000103e-01
7.090999999999999526e-01
-9.983999999999999542e-01
7.127999999999999892e-01
-3.262999999999999790e-01
-9.310000000000000220e-02
-3.141999999999999793e-01
2.601999999999999869e-01
8.939000000000000279e-01
7.932000000000000162e-01
4.011000000000000121e-01
1.195999999999999980e-01
-7.564999999999999503e-01
4.353000000000000203e-01
-1.287999999999999978e-01
3.025999999999999801e-01
-3.945000000000000173e-01
7.883999999999999897e-01
2.008000000000000063e-01
-8.300000000000000433e-02
1.582999999999999963e-01
7.167999999999999927e-01
5.241000000000000103e-01
9.482000000000000428e-01
-9.273000000000000131e-01
3.197999999999999732e-01
-1.134000000000000008e-01
-8.115999999999999881e-01
-3.244000000000000217e-01
1.489999999999999936e-01
6.900000000000000577e-02
-4.737999999999999989e-01
-3.815999999999999948e-01
8.380999999999999561e-01
-5.127000000000000446e-01
-7.477000000000000313e-01
9.220000000000000417e-02
-3.284000000000000252e-01
-6.744999999999999885e-01
6.896999999999999797e-01
4.496999999999999886e-01
-7.397000000000000242e-01
-7.690000000000000169e-01
-8.108999999999999542e-01
3.810000000000000053e-01
-2.119000000000000050e-01
8.828000000000000291e-01
1.479000000000000037e-01
9.576999999999999957e-01
-1.428999999999999992e-01
5.608999999999999542e-01
-2.318999999999999950e-01
-3.514999999999999791e-01
5.655999999999999917e-01
3.793000000000000260e-01
2.489000000000000101e-01
-5.449999999999999983e-02
1.892999999999999960e-01
8.144000000000000128e-01
2.088000000000000134e-01
-5.470000000000000417e-01
-2.752999999999999892e-01
-4.238999999999999990e-01
-3.287999999999999812e-01
-4.100000000000000172e-02
6.316000000000000503e-01
-5.608999999999999542e-01
-3.088000000000000189e-01
-2.788999999999999813e-01
-4.300999999999999823e-01
-6.576999999999999513e-01
-8.378999999999999782e-01
-2.680000000000000090e-02
5.474999999999999867e-01
7.388000000000000123e-01
