7.295000000000000373e-01
5.846999999999999975e-01
6.523999999999999799e-01
1.207000000000000017e-01
7.511999999999999789e-01
7.400000000000000328e-03
-7.510000000000000009e-02
3.532000000000000139e-01
-8.929000000000000270e-01
-5.935000000000000275e-01
-4.424000000000000155e-01
2.500000000000000139e-02
4.164999999999999813e-01
-1.557000000000000051e-01
1.185999999999999971e-01
4.243999999999999995e-01
3.794000000000000150e-01
2.353999999999999981e-01
9.814000000000000501e-01
5.939999999999999725e-01
-2.079999999999999905e-01
-1.721000000000000030e-01
-3.677000000000000268e-01
-1.880000000000000074e-02
9.341000000000000414e-01
4.133000000000000007e-01
7.976999999999999647e-01
3.603999999999999981e-01
2.210000000000000159e-02
8.682999999999999607e-01
-3.378999999999999782e-01
5.130000000000000115e-01
5.373999999999999888e-01
-2.391000000000000070e-01
9.062999999999999945e-01
-6.632000000000000117e-01
8.599999999999999312e-02
6.258000000000000229e-01
-3.473999999999999866e-01
-2.750000000000000222e-01
6.158000000000000140e-01
9.469999999999999529e-01
3.714000000000000079e-01
-7.446000000000000396e-01
9.466999999999999860e-01
-7.435000000000000497e-01
-2.965999999999999748e-01
3.597000000000000197e-01
4.712999999999999967e-01
-1.115000000000000019e-01
-9.391000000000000458e-01
2.139000000000000068e-01
8.379999999999999671e-01
1.826000000000000123e-01
8.051000000000000378e-01
5.999999999999999474e-04
8.384000000000000341e-01
-7.756999999999999451e-01
-5.209000000000000297e-01
2.921000000000000263e-01
-6.298000000000000265e-01
-5.814000000000000279e-01
-2.802999999999999936e-01
3.389999999999999958e-02
9.640999999999999570e-01
1.184000000000000052e-01
-6.619000000000000439e-01
-3.180000000000000188e-02
-9.389999999999999458e-01
-6.490000000000000213e-01
1.590000000000000094e-02
5.464999999999999858e-01
2.390000000000000110e-02
-1.932999999999999996e-01
-8.814999999999999503e-01
5.245999999999999552e-01
8.387000000000000011e-01
-1.476000000000000090e-01
8.660999999999999810e-01
4.950999999999999845e-01
-7.481999999999999762e-01
6.503999999999999782e-01
-8.309999999999999609e-01
5.693000000000000282e-01
-5.457999999999999519e-01
-9.045999999999999597e-01
-3.875000000000000111e-01
7.315000000000000391e-01
4.883000000000000118e-01
1.242000000000000048e-01
-8.759999999999999731e-02
-6.074000000000000510e-01
-5.863000000000000433e-01
4.040000000000000258e-01
2.121999999999999997e-01
-4.232000000000000206e-01
-9.282000000000000250e-01
9.444000000000000172e-01
-2.570000000000000062e-01
6.593999999999999861e-01
-3.803000000000000269e-01
1.696999999999999897e-01
-4.878000000000000114e-01
7.466000000000000414e-01
-5.480000000000000149e-02
1.257999999999999952e-01
6.660000000000000364e-01
-4.692000000000000060e-01
7.903999999999999915e-01
-8.548000000000000043e-01
-5.948999999999999844e-01
3.674000000000000044e-01
3.996999999999999997e-01
-1.439000000000000001e-01
2.469999999999999973e-02
8.529999999999999805e-01
-4.793999999999999928e-01
4.373000000000000220e-01
7.883000000000000007e-01
7.879999999999999505e-02
-7.883000000000000007e-01
-2.761000000000000121e-01
3.250000000000000111e-01
-9.574000000000000288e-01
8.589999999999999858e-01
1.454000000000000015e-01
-5.152999999999999803e-01
-8.709000000000000075e-01
9.603000000000000425e-01
5.109999999999999959e-02
-6.643999999999999906e-01
-9.286999999999999700e-01
3.244000000000000217e-01
-8.551999999999999602e-01
1.001999999999999974e-01
7.095000000000000195e-01
-2.740000000000000213e-01
-2.929999999999999827e-01
3.327999999999999847e-01
6.261999999999999789e-01
-7.730000000000000204e-01
6.343999999999999639e-01
-6.407000000000000473e-01
-8.164000000000000146e-01
-8.752999999999999670e-01
8.085999999999999854e-01
-4.994999999999999996e-01
9.600000000000000200e-02
-7.067999999999999838e-01
-3.402999999999999914e-01
9.382000000000000339e-01
-2.179999999999999993e-02
-9.499999999999999764e-03
7.298000000000000043e-01
1.492999999999999883e-01
1.852000000000000035e-01
3.643000000000000127e-01
-3.561000000000000276e-01
7.496000000000000441e-01
8.438999999999999835e-01
1.197000000000000008e-01
-3.629999999999999893e-01
-1.037000000000000005e-01
6.670000000000000373e-01
2.220000000000000098e-02
7.514999999999999458e-01
-5.686999999999999833e-01
-4.512999999999999790e-01
8.157999999999999696e-01
-4.727000000000000091e-01
9.810999999999999721e-01
4.904999999999999916e-01
4.022000000000000020e-01
-4.859999999999999876e-01
9.907000000000000250e-01
-5.416999999999999593e-01
-6.330999999999999961e-01
7.931000000000000272e-01
2.257000000000000117e-01
4.057000000000000051e-01
-1.545999999999999874e-01
-8.504000000000000448e-01
5.009999999999999870e-02
-5.845000000000000195e-01
8.365000000000000213e-01
5.220000000000000334e-02
7.770000000000000517e-02
4.295999999999999819e-01
-2.667999999999999816e-01
5.377999999999999448e-01
