-5.430000000000000104e-02
8.820000000000000062e-01
-7.903000000000000025e-01
-7.473999999999999533e-01
-1.454000000000000015e-01
1.204999999999999960e-01
5.945000000000000284e-01
2.939999999999999905e-02
1.645000000000000073e-01
-1.653000000000000025e-01
7.699999999999999900e-02
2.523000000000000242e-01
9.223000000000000087e-01
3.563999999999999946e-01
-6.217000000000000304e-01
7.493999999999999551e-01
-3.412999999999999923e-01
2.338000000000000078e-01
-8.423000000000000487e-01
1.237999999999999934e-01
-3.753000000000000225e-01
2.494000000000000106e-01
-5.719999999999999529e-01
-1.590000000000000024e-01
-6.869999999999999718e-02
9.834000000000000519e-01
7.458000000000000185e-01
2.079999999999999905e-01
4.022999999999999909e-01
-3.564999999999999836e-01
4.447999999999999732e-01
2.700000000000000178e-01
-8.582999999999999519e-01
-4.410999999999999921e-01
-7.620000000000000384e-02
-9.314999999999999947e-01
8.486000000000000210e-01
1.096000000000000030e-01
-3.330000000000000182e-01
1.068999999999999950e-01
5.645000000000000018e-01
9.671999999999999487e-01
5.679999999999999494e-01
-7.103000000000000425e-01
9.729999999999999760e-02
4.946999999999999731e-01
-4.500000000000000111e-01
-9.868000000000000105e-01
4.208000000000000074e-01
8.111000000000000432e-01
-7.773999999999999799e-01
-5.179000000000000270e-01
7.567000000000000393e-01
1.658000000000000029e-01
7.989999999999999880e-02
4.983000000000000207e-01
2.757000000000000006e-01
-2.862000000000000099e-01
-7.533999999999999586e-01
8.580000000000000127e-02
9.808999999999999941e-01
7.251999999999999558e-01
-9.387999999999999678e-01
-4.235999999999999766e-01
3.350000000000000200e-02
6.794999999999999929e-01
-6.227000000000000313e-01
-2.803999999999999826e-01
7.076000000000000068e-01
5.635999999999999899e-01
5.163999999999999702e-01
7.316000000000000281e-01
5.474999999999999867e-01
-6.156000000000000361e-01
-3.907999999999999807e-01
-7.774999999999999689e-01
-5.062999999999999723e-01
-8.719999999999999973e-02
-6.069999999999999840e-01
9.637000000000000011e-01
-5.950999999999999623e-01
4.780000000000000221e-02
-6.898999999999999577e-01
2.170999999999999874e-01
-4.688999999999999835e-01
-4.156000000000000250e-01
-7.714999999999999636e-01
9.607999999999999874e-01
7.317000000000000171e-01
-2.159000000000000086e-01
3.902999999999999803e-01
2.046999999999999931e-01
5.353999999999999870e-01
8.993999999999999773e-01
-2.647999999999999798e-01
-7.400999999999999801e-01
1.967000000000000137e-01
-8.317999999999999838e-01
8.012000000000000233e-01
-7.653999999999999693e-01
-1.413000000000000089e-01
-3.176999999999999824e-01
-8.064999999999999947e-01
3.099999999999999978e-02
4.736000000000000210e-01
2.868999999999999884e-01
-6.513999999999999790e-01
2.089999999999999913e-01
-2.580000000000000071e-01
-7.823999999999999844e-01
7.701000000000000068e-01
-7.763999999999999790e-01
-1.302000000000000102e-01
3.225999999999999979e-01
-6.845999999999999863e-01
-8.185999999999999943e-01
-5.697999999999999732e-01
-2.265000000000000069e-01
-7.603999999999999648e-01
-2.295999999999999985e-01
-1.340000000000000080e-01
-7.151999999999999469e-01
7.608000000000000318e-01
-1.489000000000000046e-01
-7.274000000000000465e-01
-8.469999999999999751e-02
6.085000000000000409e-01
-1.559999999999999998e-01
5.052999999999999714e-01
3.899999999999999994e-02
-3.714999999999999969e-01
1.839999999999999969e-02
-2.353999999999999981e-01
-8.054000000000000048e-01
-4.954999999999999960e-01
1.227000000000000035e-01
3.520000000000000212e-02
3.477999999999999980e-01
-8.575000000000000400e-01
-5.961999999999999522e-01
-7.802000000000000046e-01
2.582999999999999741e-01
-1.575000000000000011e-01
2.807999999999999940e-01
4.320999999999999841e-01
3.205000000000000071e-01
-9.134999999999999787e-01
-4.682000000000000051e-01
-4.131000000000000227e-01
-5.000999999999999890e-01
1.411999999999999922e-01
8.810999999999999943e-01
-6.270000000000000573e-02
9.400000000000000022e-02
-9.287999999999999590e-01
-5.693000000000000282e-01
-6.219000000000000083e-01
2.020000000000000129e-01
-4.077999999999999958e-01
2.109000000000000041e-01
2.569000000000000172e-01
-4.682000000000000051e-01
-8.285000000000000142e-01
-1.179999999999999973e-02
3.845000000000000084e-01
-7.632999999999999785e-01
-8.852999999999999758e-01
8.631999999999999673e-01
2.225999999999999923e-01
4.515000000000000124e-01
3.240000000000000102e-01
9.790000000000000091e-02
5.352999999999999980e-01
-7.489999999999999436e-02
-2.849999999999999756e-01
3.585999999999999743e-01
-1.355000000000000093e-01
-9.673000000000000487e-01
2.299999999999999961e-02
-2.698999999999999733e-01
5.312999999999999945e-01
4.506999999999999895e-01
5.524000000000000021e-01
5.349000000000000421e-01
3.447000000000000064e-01
-8.490000000000000324e-02
1.610999999999999932e-01
-8.360999999999999543e-01
-2.523000000000000242e-01
-9.406999999999999806e-01
