5.413654251862276556e-01
-9.330161188327340538e-01
-3.531373385264870435e-01
2.424576696163781853e-01
4.087195314981555416e-01
1.301741593545473696e+00
7.601551791514832290e-01
-4.149398850920682502e-01
5.012851735112021645e-01
-9.220176591634470231e-01
-8.219619079650772875e-01
5.575099041637884278e-01
2.515649987522106668e-01
-9.788248281662248473e-01
9.562636997012364803e-01
-8.812148197724098964e-01
4.451520721528555713e-01
1.711575916177359158e+00
1.602948405235200768e+00
4.680393866185684759e-01
1.126183197140440573e+00
4.826610538528486871e-01
7.507814524261026135e-01
-5.851048998545526070e-01
7.295370630674733459e-01
-3.799248863319893421e-01
-3.303021579382985073e-02
5.475444001186080545e-01
5.348948620516256192e-01
2.735244015302728537e-01
4.247247206133513142e-01
3.981368987924464586e-01
6.522270690631547518e-01
-8.781301224185040777e-01
-1.690569796207594400e-01
4.891272675307673651e-02
1.565847113083725484e+00
1.702580170174542717e-01
-2.658395433567973254e-01
-6.535756259121255907e-01
8.202521934088676803e-01
-9.019985467674247470e-01
-1.277334447475446388e-01
-1.215779548244449032e-01
-8.033643365066772679e-01
-6.834577205291954005e-01
1.579570841937638637e+00
9.213494580492473940e-01
9.888949148725140192e-02
-7.212364750829148852e-01
1.467245537063540661e+00
1.052949663525721835e-01
7.995306393314536297e-01
1.477138227483461463e+00
3.442206224369545042e-01
4.026991087957537130e-01
-5.966054275104684113e-01
-1.118465028378546056e-01
3.978732688951599483e-01
-7.354081549413344909e-01
-1.939521288115401629e-02
-2.744405385942479958e-01
-2.707397421921087927e-02
-5.195817606077934858e-02
6.424203459687424789e-02
1.466153851373012795e+00
1.117252397292230470e-01
5.161756988311526628e-01
-6.875590978311391099e-01
-2.863128744241639212e-01
3.646098001092909491e-01
-2.493073792881746464e-01
7.650980298621850272e-03
3.676231684500286812e-01
-6.194643146766144470e-01
-6.267480364670874327e-01
9.950128248230897254e-01
-5.635934460384953854e-02
-3.897898245023038721e-01
1.124784995528380210e-01
-1.456119020207554682e-01
5.942257789250104255e-02
-2.364782813630174896e-01
7.090229229100074582e-01
5.920742411296331387e-01
-2.047655438076490808e-01
2.669765265045026537e-01
3.945762784102573306e-01
-7.681908613100599248e-02
2.972333343928783567e-01
1.050004767736282041e+00
4.517734435740640153e-01
-7.969433059896339211e-01
4.056339816764622519e-01
1.267497999076276916e-01
-1.070906242541323911e-01
4.857904024402767695e-01
2.742963386004826365e-01
1.385630041251384226e+00
-6.782874023886430181e-02
1.062010245031866473e+00
2.285289393677270020e-01
-2.581185774448215287e-01
2.106754625813429260e-01
1.317227322716349791e+00
2.835808726680849254e-02
4.447752185499007638e-01
-4.416687459718784958e-01
1.049122055880264276e-01
1.163119295832335809e-01
-1.730088320951533865e-01
1.643240718881305629e+00
7.056432489080947112e-01
9.508259434746024752e-01
3.293048690950610702e-01
9.971340424958544113e-02
-1.777910164336975740e-01
-8.602109688253469777e-01
1.342549123939478228e+00
-5.099390680600467129e-02
8.971030261997786637e-01
-2.698383167698217844e-01
-2.930926466851029311e-01
-2.886195309063727121e-01
9.657774247425054970e-01
9.653908424833421709e-01
-1.291898969713509704e-01
6.990380565590020856e-02
-2.871702897434804114e-01
6.126869338455307457e-01
-3.573366434361991972e-01
-5.625444416686060656e-01
9.417298033087350140e-01
-1.166990582435686458e-01
1.028284493574251668e+00
-4.212896096557651460e-03
-2.794439818324968572e-01
-1.613655830464114094e-01
4.591880158338994961e-02
1.059027002538012185e+00
7.172016301755657075e-02
1.132370496105871149e+00
-5.863033570504508907e-01
-3.408295323261820164e-01
-5.429131645409079887e-01
-4.785739401266634330e-01
1.086692549578043732e+00
-8.773073941247194751e-02
-2.271938355332407677e-01
4.276372648216693606e-01
-4.109830371439785607e-02
-1.052869237662922564e-01
-5.060586706526973844e-01
5.363848051336230771e-01
1.267904988238384989e-01
-9.946107428215092416e-02
1.236516441949132572e+00
-7.543511574058180125e-02
-1.895085377918789005e-01
-9.106611504495491782e-02
1.241461006783298515e+00
-6.692378279510884098e-02
-2.199197121265982768e-01
-1.135494908177069051e-01
4.841649368349860150e-01
-4.858017921348841139e-01
4.758657664766403617e-01
-5.301485235599625589e-01
-1.704194822664913400e-01
-7.104515135360474354e-02
-9.666508729119152599e-02
3.908639260261496107e-01
-2.584975517961091152e-01
-4.369670434728383790e-01
9.582766606567221304e-03
3.224069819881315024e-01
-3.205722869547863452e-01
3.541743662560564165e-01
1.110036550196434879e+00
8.191081644590933464e-02
1.272914339515928361e+00
8.574994010754677376e-02
1.254127693287633738e+00
1.505192170320352740e-01
1.013063856107871086e+00
-2.973386711820530381e-01
-8.524595874684315344e-02
7.316968175573776989e-01
6.196275016952753623e-01
1.523668640275740727e-01
-4.238368238516643793e-01
-5.697309709019760665e-02
1.420095000378663874e+00
4.512486008589122743e-02
-4.662650684876331608e-01
-1.575943659350637072e-01
7.749996970125146156e-02
7.018158252390477303e-01
-4.492130537483937647e-01
-5.103139099178705118e-01
3.981149317452982173e-01
-3.916867968075456452e-01
-3.127831010549551594e-01
-1.066842654865777507e-01
-5.734925234501832003e-01
-5.042210075036419603e-01
-2.764049334254770618e-01
-4.369725341736064861e-01
-5.335143145573516543e-01
-4.822697763084405342e-01
-1.663288350155125161e-01
4.766303901028158263e-01
-3.765830555685758391e-02
1.179766818334027967e+00
-2.268976254489262767e-01
1.642185299245481955e+00
1.369162592211391249e+00
-1.702653130657063030e-01
-1.382222739894624353e-01
-2.696575586870151309e-01
-8.884210158799069057e-02
2.099062808550240800e-02
-9.791861850940442036e-02
-7.399240104392011685e-02
1.100377475801765259e+00
-1.115994118229458598e-01
-3.318883890303402362e-01
-2.515714209967515602e-01
-4.680666679564685073e-01
-3.327304910562206564e-01
-5.822603864350708175e-02
5.828811826586330347e-02
-2.318665304305220498e-01
-1.486812357862173362e-01
-2.800371158994500731e-01
-3.519045182888388412e-01
-2.452752163523521656e-01
-2.850991788964040152e-01
-7.326650907636900190e-02
1.107717804649975157e+00
