-8.170655000000006396e+01 6.215160428804089587e-01 0.000000000000000000e+00 2.736520037613944467e+00
-8.309375600000005591e+01 6.320680828794047468e-01 0.000000000000000000e+00 3.075694503367400578e+00
-8.192655400000002430e+01 6.231895441541481784e-01 0.000000000000000000e+00 2.456343906243873665e+00
-8.304437000000005753e+01 6.316924191009967160e-01 0.000000000000000000e+00 2.707687504965345493e+00
-8.296622800000004361e+01 6.310980174695146605e-01 0.000000000000000000e+00 2.509480029930946099e+00
-8.236331600000001174e+01 6.265118553999482476e-01 0.000000000000000000e+00 2.893924967395169467e+00
-8.267578200000001232e+01 6.288886860439377724e-01 0.000000000000000000e+00 3.374936599131541204e+00
-8.284704400000003943e+01 6.301914222448397052e-01 0.000000000000000000e+00 2.713503646516917112e+00
-8.311848600000006115e+01 6.322561962159786164e-01 0.000000000000000000e+00 2.787644681538357982e+00
-8.177423800000001108e+01 6.220309242199154598e-01 0.000000000000000000e+00 2.405617130455175445e+00
-8.367690000000004602e+01 6.365038759866825657e-01 0.000000000000000000e+00 2.970410912226580713e+00
-8.224955600000006939e+01 6.256465188383378839e-01 0.000000000000000000e+00 2.565725990090575781e+00
-8.204316800000005117e+01 6.240765901966560669e-01 0.000000000000000000e+00 3.162425140915583466e+00
-8.275787400000001526e+01 6.295131340838090450e-01 0.000000000000000000e+00 2.612608983822009900e+00
-8.276390800000005754e+01 6.295590328251310375e-01 0.000000000000000000e+00 2.986828209365008480e+00
-8.155143800000004717e+01 6.203361546530480330e-01 0.000000000000000000e+00 2.891424679309002155e+00
-8.144951400000003616e+01 6.195608508230056044e-01 0.000000000000000000e+00 2.657825066068536746e+00
-8.193407800000002794e+01 6.232467768571154920e-01 0.000000000000000000e+00 2.908209168681653356e+00
-8.284950600000001941e+01 6.302101499049546085e-01 0.000000000000000000e+00 2.637960056130762343e+00
-8.365231200000003753e+01 6.363168427994735366e-01 0.000000000000000000e+00 2.748858762324482008e+00
-8.313467000000002827e+01 6.323793028168319674e-01 0.000000000000000000e+00 3.202390653003540422e+00
-8.201954400000005307e+01 6.238968898544312580e-01 0.000000000000000000e+00 2.824575523605183047e+00
-8.330563600000009217e+01 6.336797874387763985e-01 0.000000000000000000e+00 2.957520958864915617e+00
-8.243372600000006400e+01 6.270474421378442464e-01 0.000000000000000000e+00 2.498570528640306154e+00
-8.341808000000003176e+01 6.345351136020472849e-01 0.000000000000000000e+00 3.004478152035824579e+00
-8.215529800000008720e+01 6.249295278606279425e-01 0.000000000000000000e+00 2.293959366542810852e+00
-8.113045800000003283e+01 6.171338921204627681e-01 0.000000000000000000e+00 2.712359988815137513e+00
-8.329781200000000752e+01 6.336202727301080140e-01 0.000000000000000000e+00 3.286869869963939816e+00
-8.289312600000002362e+01 6.305419535338000481e-01 0.000000000000000000e+00 3.223778154591944389e+00
-8.289053600000003996e+01 6.305222522179196876e-01 0.000000000000000000e+00 2.731629308802918654e+00
-8.315015999999998542e+01 6.324971303778315068e-01 0.000000000000000000e+00 3.135337604556398983e+00
-8.311364000000006058e+01 6.322193342172306441e-01 0.000000000000000000e+00 2.522132782492875425e+00
-8.239649200000002338e+01 6.267642148036753902e-01 0.000000000000000000e+00 2.819865261473434526e+00
-8.214671600000004048e+01 6.248642472842232953e-01 0.000000000000000000e+00 2.379911903246874516e+00
-8.263962000000005048e+01 6.286136130768058550e-01 0.000000000000000000e+00 2.547469610052574662e+00
-8.318803799999999171e+01 6.327852564175704408e-01 0.000000000000000000e+00 2.557897917217388351e+00
-8.313696600000001524e+01 6.323967677671259446e-01 0.000000000000000000e+00 3.145772904279164894e+00
-8.201514200000005417e+01 6.238634052241199823e-01 0.000000000000000000e+00 2.934608815160236084e+00
-8.274056600000007222e+01 6.293814775682647911e-01 0.000000000000000000e+00 2.715465756214899606e+00
-8.284684600000001353e+01 6.301899161210772204e-01 0.000000000000000000e+00 3.156055302975279808e+00
-8.219150200000004247e+01 6.252049203085578988e-01 0.000000000000000000e+00 2.891242328553627061e+00
-8.354850800000002664e+01 6.355272384003750608e-01 0.000000000000000000e+00 3.205277780479621086e+00
-8.351677200000007417e+01 6.352858326240103937e-01 0.000000000000000000e+00 3.170327138525089516e+00
-8.298590399999999079e+01 6.312476866167210376e-01 0.000000000000000000e+00 2.141119556101244381e+00
-8.222267200000005971e+01 6.254420207008347665e-01 0.000000000000000000e+00 2.442619968459930568e+00
-8.152313200000003235e+01 6.201208398085247264e-01 0.000000000000000000e+00 2.571003199353681712e+00
-8.314462200000002667e+01 6.324550045526015074e-01 0.000000000000000000e+00 2.558090450678892847e+00
-8.237591400000006558e+01 6.266076844259961254e-01 0.000000000000000000e+00 2.687966052313139453e+00
-8.325916600000002177e+01 6.333263047557761150e-01 0.000000000000000000e+00 2.425090530611301531e+00
-8.370448800000001199e+01 6.367137292308956420e-01 0.000000000000000000e+00 2.827632149696271746e+00
-8.320064600000004873e+01 6.328811615104751320e-01 0.000000000000000000e+00 3.222542097723473109e+00
-8.245700200000004543e+01 6.272244953534563683e-01 0.000000000000000000e+00 2.688074650011857081e+00
-8.344808800000002691e+01 6.347633750255776697e-01 0.000000000000000000e+00 2.791922335873889160e+00
-8.157129600000006064e+01 6.204872082170466152e-01 0.000000000000000000e+00 3.101013824311283251e+00
-8.441809400000005326e+01 6.421419057638143579e-01 0.000000000000000000e+00 2.576665833149733853e+00
-8.497343800000007263e+01 6.463662330095172326e-01 0.000000000000000000e+00 2.818545422365116515e+00
-8.463616600000004553e+01 6.438007109208429002e-01 0.000000000000000000e+00 3.088376885209275446e+00
-8.393990800000004526e+01 6.385044951708959138e-01 0.000000000000000000e+00 2.649448854738424064e+00
-8.436062600000005318e+01 6.417047647518360209e-01 0.000000000000000000e+00 2.973915646967272064e+00
-8.476014800000002936e+01 6.447438030233535455e-01 0.000000000000000000e+00 3.069681803286832711e+00
-8.361718800000005558e+01 6.360496655720649928e-01 0.000000000000000000e+00 2.247708225847254049e+00
-8.412240400000003149e+01 6.398926848785937427e-01 0.000000000000000000e+00 2.780913443054568557e+00
-8.498863000000004320e+01 6.464817937781878188e-01 0.000000000000000000e+00 3.082913859017343494e+00
-8.375210600000009720e+01 6.370759443890431362e-01 0.000000000000000000e+00 2.425704476650947239e+00
-8.417772200000004545e+01 6.403134715163855128e-01 0.000000000000000000e+00 2.406784821223685089e+00
-8.393950000000003797e+01 6.385013916431432346e-01 0.000000000000000000e+00 2.777999520038355818e+00
-8.394629400000003727e+01 6.385530714655728302e-01 0.000000000000000000e+00 2.407445427172155039e+00
-8.559838400000005265e+01 6.511200007910956655e-01 0.000000000000000000e+00 2.849184398935132645e+00
-8.515452200000005689e+01 6.477436820770515746e-01 0.000000000000000000e+00 2.389926169164346526e+00
-8.304646600000005208e+01 6.317083627141570901e-01 0.000000000000000000e+00 2.608871776129840558e+00
-8.555831600000006176e+01 6.508152161097435773e-01 0.000000000000000000e+00 3.382979738702063699e+00
-8.599031800000003045e+01 6.541013195317630924e-01 0.000000000000000000e+00 2.851572166061834945e+00
-8.493319200000006219e+01 6.460600943381160643e-01 0.000000000000000000e+00 2.622950122781983140e+00
-8.468775400000005504e+01 6.441931246210923501e-01 0.000000000000000000e+00 2.381416466168269963e+00
-8.523952800000003549e+01 6.483902959989596981e-01 0.000000000000000000e+00 3.153337120379557046e+00
-8.549155800000004035e+01 6.503074089879079533e-01 0.000000000000000000e+00 2.776697337426736301e+00
-8.656494200000004469e+01 6.584723036771482629e-01 0.000000000000000000e+00 2.633486502226677572e+00
-8.517388400000004367e+01 6.478909627249584968e-01 0.000000000000000000e+00 2.233663170519981200e+00
-8.517617400000004579e+01 6.479083820351386747e-01 0.000000000000000000e+00 2.448454659312912618e+00
-8.522718400000007932e+01 6.482963990710721713e-01 0.000000000000000000e+00 2.195343559626128371e+00
-8.616515600000005293e+01 6.554312572406143511e-01 0.000000000000000000e+00 2.789809809538632113e+00
-8.676320000000005450e+01 6.599803899643478244e-01 0.000000000000000000e+00 2.776306049338933324e+00
-8.662484400000005280e+01 6.589279593620428477e-01 0.000000000000000000e+00 3.036444932074215508e+00
-8.708906000000006031e+01 6.624591045561769587e-01 0.000000000000000000e+00 2.351941817118593292e+00
-8.754406000000003019e+01 6.659201465351929361e-01 0.000000000000000000e+00 2.366609188375860207e+00
-8.589951400000002479e+01 6.534106020463507081e-01 0.000000000000000000e+00 2.795207988756485573e+00
-8.858742200000007472e+01 6.738566733073038106e-01 0.000000000000000000e+00 2.934431594662505471e+00
-8.823153200000005825e+01 6.711495299448595464e-01 0.000000000000000000e+00 2.398821985423998271e+00
-8.839605600000007257e+01 6.724010122977293058e-01 0.000000000000000000e+00 2.984807991398976235e+00
-8.874220400000004361e+01 6.750340513283938915e-01 0.000000000000000000e+00 2.686413081720755436e+00
-8.853376000000005774e+01 6.734484833409785098e-01 0.000000000000000000e+00 2.268826555510556897e+00
-8.740463600000003908e+01 6.648595919925943676e-01 0.000000000000000000e+00 2.257372834657692451e+00
-8.788559800000007272e+01 6.685181187449278362e-01 0.000000000000000000e+00 2.289362679873146789e+00
-8.847891000000009853e+01 6.730312566320797441e-01 0.000000000000000000e+00 2.989575531963213795e+00
-8.829007600000005596e+01 6.715948557506167260e-01 0.000000000000000000e+00 3.179539434569704781e+00
-8.828613200000002337e+01 6.715648549823411972e-01 0.000000000000000000e+00 3.326292240994618954e+00
-8.848799200000006238e+01 6.731003405513178439e-01 0.000000000000000000e+00 3.017508843490175341e+00
-8.862405400000005784e+01 6.741353214166999619e-01 0.000000000000000000e+00 2.764011447279282052e+00
-8.869276800000002936e+01 6.746580072157022379e-01 0.000000000000000000e+00 2.888076003955266646e+00
-8.863289600000007340e+01 6.742025797313780933e-01 0.000000000000000000e+00 2.637729161548017842e+00
