-8.674830952791786620e-01
-7.290119445339886539e-01
9.787383634087762907e-01
8.443085227672548765e-01
8.500751619635013023e-01
1.317111123470813272e-01
1.892147246423909746e-01
3.160166972957217935e-01
-1.449122017250052408e-01
5.878480857091863271e-02
5.591576312585998521e-01
7.012619863222786520e-01
-2.387088277394359415e-01
-3.530994832988076926e-01
2.982293400015685256e-02
1.224850006704315541e-01
-2.840823000511517593e-01
9.911017704185261235e-02
7.808066944486604655e-01
1.811839127272416331e-03
8.463991107504115208e-01
-1.307042077161178761e-01
-4.132346609175677199e-02
3.262027262134606365e-02
-2.342269743180117741e-02
5.563060245538258286e-01
6.303421057617284440e-01
-1.000916596988349755e-01
-1.666732682110043384e-01
9.097171080118809927e-01
-4.139121545457878637e-02
3.475638074150078777e-02
1.678667306577613927e-01
-1.290865454427816139e-01
4.513009698085324733e-02
-5.866393717159473081e-02
5.304141976703920236e-02
-4.218188661083058233e-02
-6.971673295377545099e-02
4.799305206566973486e-02
-7.210042818921758023e-02
-6.431237878314707834e-02
6.239144434608563661e-02
-6.819226240018504137e-02
6.441269739909467884e-02
3.419934491913482338e-02
-3.995312849154175616e-02
9.152177408752708299e-02
-6.745200728966567472e-02
1.362713894084066797e-02
5.137553835346537340e-02
-8.701097371469890263e-02
-2.178736645224913643e-02
-1.261043133717217879e-01
-6.906286143381258624e-02
-2.879458197928798022e-02
2.518701059406466651e-03
2.090026836762668913e-02
3.856064028993837906e-02
-2.293264573863356293e-03
-5.480987640724698656e-02
1.196340943165841338e-02
-1.350688396498600230e-01
7.577106360480412306e-02
7.590755582617943198e-02
-1.166230226248207713e-01
1.119507247163630398e-01
4.065782482646143614e-02
2.341461494109416466e-02
8.806151182674387679e-02
-3.977820940604228500e-02
-4.517364854419417264e-02
-2.547972697235518016e-02
-1.706578080340781858e-02
2.491664420603884045e-02
9.898242661124743991e-02
5.514290811234316692e-02
-2.664882588651196205e-02
4.423060094539926074e-02
-1.886508028922312397e-02
1.476019395924684230e-01
5.147405980510572771e-03
-1.163226782548143490e-01
6.491501336694548152e-02
-1.281701415871143723e-01
-1.667858298752664670e-01
-1.189200268547960654e-01
-6.503172967957622508e-02
1.072402060043886191e-01
3.637645733303949969e-02
-5.335150005995206030e-02
-6.342794607843131593e-02
1.472061378640045042e-02
-3.369231637328073958e-02
-9.339659628763838373e-02
-7.382594809591261353e-02
4.013706396382854535e-02
1.085768460461380425e-01
-7.117449447124472861e-02
3.923971983276612618e-02
-8.385167065374433959e-02
1.215300808205134336e-01
-1.918294730927167999e-02
1.149999732384628381e-01
-4.299653613029397192e-02
-2.380277862191033933e-02
-9.798799674877321092e-03
7.473937915675883670e-02
1.137663171925733380e-01
-2.720647653870495591e-02
-1.782059309388231705e-01
1.099918768906972544e-01
9.153637126792148887e-03
6.359189958137141663e-02
-7.713588446423884359e-02
1.399357751714255110e-02
-7.792717045031469225e-02
-2.388024717998770557e-02
3.074061973291810149e-02
-2.015043907739250684e-01
-6.732135595164141784e-02
7.976438332473897996e-02
3.047163168403799541e-02
5.489513169246185847e-02
-4.660650945371126036e-02
-3.286629250203914471e-02
2.281054463704028715e-02
-5.010735048301023092e-02
1.995558233996102063e-02
-1.005821124642176934e-01
-5.734574202462634079e-02
7.003884640149011208e-03
-4.705241981303312677e-03
-5.422732514710381507e-02
7.458259755112542355e-02
-2.963966557513559794e-02
-5.221129814761755333e-02
-1.047205320230915615e-01
-1.291550989683863948e-01
3.064808784410017958e-02
-4.925857790820481474e-02
-8.840909673904442934e-02
-2.371147639275095198e-02
-3.225177009094227359e-02
3.462941838242841047e-02
1.239286806512475934e-02
-1.940151931241625508e-02
1.163381503547735035e-01
6.458761648459382387e-02
-1.819181268132417650e-01
-1.613060876450143621e-01
-2.005631307712259226e-02
-4.568088315064973426e-02
-1.267108429950796478e-01
-6.063323710430435637e-02
-5.114579805914350880e-02
1.114302712686471158e-01
4.431298814208819992e-02
-9.325457059782890634e-02
9.430310548496695019e-03
-2.112734663403129445e-02
-9.076758395162071169e-02
8.241460728975592842e-02
-4.373371709167753890e-02
-1.104473644374613650e-01
-1.282150241644134936e-01
-1.234165847873182204e-01
-2.275089298311865071e-01
-8.695794967019849359e-03
-4.315516222540514979e-02
-8.494698998878379148e-02
-5.304377773203319824e-02
-6.012938406188741980e-02
-5.785512853547916667e-02
7.412916055444324082e-02
-2.945152764837996248e-02
5.466303343314135588e-02
-1.997690162990393796e-04
7.196127058793509723e-02
8.021628324685589617e-02
-1.404296996382754618e-02
-9.604405351843656180e-02
-8.612715583980826151e-02
-2.062703389110106915e-03
-2.192027282208574290e-01
-6.673573054236876800e-02
-3.500743737111674386e-02
5.565936516618819746e-02
-5.354793818936463834e-02
1.570526375275348510e-02
-4.173429049749557279e-02
-8.543762418993867958e-02
1.154610956079701739e-01
-5.025952086494711590e-02
-3.837608998782690573e-02
-2.926031557249049453e-02
-9.167369443569110127e-03
-1.113622312185676977e-01
-4.865942624275786110e-02
2.684690244479646937e-02
1.461670754580349230e-02
-5.663376908610877336e-02
-7.357263820759646356e-02
4.294437694939011452e-02
6.209786310416785110e-02
-8.649574632050195666e-02
2.299776031905900395e-02
-1.540266612404987169e-02
3.600294821373492549e-02
1.301964146330373828e-01
-1.086314645463428707e-01
-1.177801323573715031e-01
5.577157160943467529e-02
4.335846483721102207e-02
5.223278616599902335e-01
-1.064389813867926554e-01
8.991214960303528514e-02
8.726100339327981514e-02
6.860936705599495269e-03
-4.128531604503826724e-03
3.767313343609153542e-02
-1.206058902377136893e-01
-2.106740072599305735e-02
7.519558288765805509e-02
-6.897893716256470187e-02
2.261195460323818865e-02
-1.197068603526058039e-02
-6.787316572048474050e-02
1.524383396833235010e-02
-1.520530574990152164e-02
-3.184536757594880890e-02
1.107127648616908211e-01
-1.671544203559611752e-01
8.677129143686623802e-02
-6.503480382870943655e-02
4.452694892154041018e-02
-1.529007490936274694e-01
-1.167850302839737592e-01
2.488313598051712996e-02
-9.861926824468322805e-02
-7.456912867607272052e-03
5.457203861889138585e-02
3.146611892760761003e-02
-2.847948169345904806e-02
-8.263184827894280715e-02
2.161470062544916179e-02
-9.744678776648030283e-02
5.633721504936652774e-02
-6.412700759060567524e-02
5.272017118294691079e-02
7.656142734613785583e-02
-7.650199491362208448e-02
3.605889772790296655e-02
5.472174968152326152e-02
-5.443237089407911011e-02
-8.265428956759270085e-02
1.301318575013073187e-01
3.102651560201243747e-02
-8.341452664745314938e-02
-4.250528709931002819e-02
3.416891084274917278e-02
-8.864672846679640117e-02
-8.821296602454879732e-02
1.290010267158441665e-02
6.050576126971406871e-02
-4.518655997054153023e-02
1.612035124183782142e-01
-1.369409964700622484e-01
7.795944683019966348e-01
6.073908918868669432e-02
-1.119564642454041331e-01
6.128674382825681499e-03
-2.902114677017293698e-02
-1.209211492589980577e-02
7.526628831765090621e-02
-6.795954931103871666e-02
-3.512164703928483123e-03
1.197716675181261098e-01
5.455851236271912902e-02
1.125495689668986193e-01
-3.350940450004557397e-02
4.880001837779865403e-01
1.128878237708844838e-03
-3.573570330002878714e-02
-1.541030488183925684e-01
-9.247158481440566347e-02
-6.853764808292235264e-03
9.689768735071789540e-03
2.255846440837438668e-02
-2.403364722157753236e-02
-9.285739053022823430e-02
-3.653959329753371510e-02
1.011463201838929266e-01
-1.402358695076474093e-01
-5.895167753016743867e-02
-2.553998029530365338e-02
4.700194638614234310e-02
8.425325588444111669e-02
5.429543423299215688e-01
-1.108980346999297872e-01
-1.983124826223477966e-01
-7.701998904203644081e-02
-1.913529799775415957e-02
-1.625692555225492775e-01
-1.688885478802175100e-01
-1.351871943913671714e-01
7.138117864709350724e-02
7.091974886267048139e-02
3.522518848383331819e-02
-1.288332355544664631e-01
-5.445327510816228012e-02
-1.339821279323877845e-01
6.822617939492174599e-02
-7.280440834000004302e-02
-5.167492720387119043e-01
-2.256850774619492336e-02
-7.691116416283121093e-02
3.955973875720469879e-02
6.391929646372020157e-02
7.352493151497993713e-03
-1.984880801084067808e-02
-6.058159139891825667e-02
6.213520898812087412e-03
-9.408766501207128929e-02
-4.450809525753706558e-02
-9.980865654309842294e-02
-6.829786445081085719e-03
-9.181340948566593663e-02
1.210640398123980083e-01
-5.230967091978063616e-02
-8.727811727410166032e-02
-5.786588805743169556e-02
-1.772918218567142920e-02
-2.417044685786506886e-02
-7.169402567422596129e-02
5.631231444141346354e-02
-1.243136215034668784e-01
-5.660179793515712071e-02
4.519895792136620349e-02
-1.385161904842999170e-01
7.689927633553421404e-02
-2.553967288038963210e-02
7.353830909165125218e-02
-1.047285248108303368e-01
1.172908291701760947e-01
1.963402634095951990e-02
2.610910665358348592e-02
5.388111857392378565e-03
-1.678019234922358688e-02
-9.201538108350851286e-02
-9.668716551644479518e-02
-1.055545486820731599e-01
1.635214208624359011e-01
-1.621557824645584733e-01
-1.669355409378978083e-01
1.901335098974570870e-01
-1.224336306309445864e-02
-2.160414716410058791e-02
-1.151847869823210274e-02
9.230798269953374019e-03
-1.182036014280160065e-02
-1.072112076482602955e-01
3.617848212906050326e-02
-5.781762391608991775e-02
-3.786854796645638954e-02
-9.524139318058041925e-02
-1.122051629100227627e-01
5.053137700235529189e-02
-3.122223754728667769e-02
4.110080971609886974e-02
-2.553290975230357307e-02
-2.204036892565311087e-02
3.623689096253542019e-02
6.089617820922863661e-02
7.179465170508450567e-02
-6.160405339957340104e-02
8.565552398214238208e-03
-6.737638322106677402e-02
-1.199443333449255744e-01
-1.249882485580494987e-02
-3.398405312572565923e-02
-1.060900654605274746e-01
4.051948811560588531e-02
5.947499906640853901e-02
-3.502020011801152723e-03
5.193780022935137047e-02
-7.652474361718444862e-02
-9.226715389725717587e-02
-1.316591521702381237e-02
-1.499810809853170494e-02
1.231693658161485752e-02
1.367755498657587804e-02
-2.282243246433737077e-02
7.657587584705323469e-02
-1.215487317758993657e-01
5.337896134151816352e-02
4.940664423536678378e-04
-1.147474842405763751e-01
-5.656244882629259119e-02
5.103430780003178485e-02
-5.909124390066956833e-02
-7.280809731895292181e-02
6.665728235843224395e-03
-5.211538469475965329e-02
-3.488801170540339371e-03
5.057318593945119289e-01
-5.812550497943587934e-03
-1.365219899436341533e-01
7.573509605998619831e-02
6.345632960473657214e-02
-1.107535496908165634e-01
-5.312893166293877756e-02
3.306467647523422815e-02
4.260468347052041860e-02
-1.248841835820055923e-01
3.913181719830043093e-02
8.220310582960833889e-02
-1.274197417844709079e-01
1.572655273827840983e-01
-1.095617020730954433e-01
4.892851564594583730e-02
-3.576552254658770663e-02
-6.886857520879466343e-02
-4.761206363415015907e-02
-1.108715970174094650e-01
3.868760264900823753e-02
-9.454187557403027561e-03
2.235987437457562579e-02
-2.403211014700981640e-02
4.004022826623370584e-02
8.217728297691677397e-02
-2.721493547681705719e-03
-5.692765774294068076e-02
1.104041202890412160e-01
1.152877135970358652e-01
-5.546036636316765273e-02
-1.549536658826778657e-01
-1.996654792252034599e-02
-2.266212061521049193e-03
-1.966005525425438411e-02
-7.125841874249459751e-02
-5.631989845992774885e-02
-7.017616956922159525e-03
-3.153426368398681845e-02
8.902479142865639059e-03
-3.039344694182551793e-02
-1.060623981183577286e-01
-3.071946548503569265e-03
-1.096985017093809328e-01
-2.485690435860663655e-02
4.843234797636025019e-02
-1.683245288443512358e-02
3.232503619454568655e-02
-1.121393761186393750e-01
-2.103594811509287288e-01
-1.745948776424839088e-01
1.042765338336202774e+00
1.360951644404433392e-01
-4.661166305056957393e-02
2.841602061743392013e-02
8.007217810932019952e-02
1.515430712338573516e-01
2.155345595249821000e-01
7.583876734232929129e-02
5.033255201030376047e-02
2.623337473510241324e-02
9.990812537096768753e-02
3.129311678825063420e-02
-4.240069357222726876e-02
-8.685288999275241062e-02
-1.191004069520643915e-01
-7.245419029742050654e-02
-1.656713069530189875e-01
-6.461357294122899164e-02
1.650953362183836190e-02
-2.221214140536225887e-02
-3.712852781418975873e-02
1.617506619649017319e-02
-4.858526679206161270e-02
-1.309807636800582042e-01
-4.986349800033656327e-02
4.979242400815143271e-02
-6.623180504328946006e-02
1.737654804651651563e-01
5.934687950434810316e-02
-6.564033875066598023e-02
-3.880732065410944648e-02
7.751264154364202741e-02
4.950007242588835843e-02
2.076999690117597996e-02
4.499982551440346451e-02
-8.825654648553143966e-02
-2.239587115333349643e-01
3.412440813702523335e-02
1.043939237815368487e-01
-2.390937914005987833e-02
-1.473838086081765142e-01
-1.282324743577910042e-01
-6.573410029913341612e-02
4.522731255002844508e-02
-7.241207445434184875e-02
1.315248269287962735e-01
4.519349690959564847e-02
3.628922395440746518e-02
5.237839825634937885e-02
6.271430246140716203e-02
-1.628329450612462925e-01
-1.484222561843092647e-01
-6.446232480403060738e-02
-1.399440602985412840e-01
1.924152995371654351e-02
2.007408316664395787e-01
-1.493715534356686025e-01
-1.241447782595652000e-01
-2.813942693897149572e-01
-3.916238487863245299e-02
-1.092665112999476051e-01
1.277239495693175630e+00
-7.958357267873963914e-02
-2.879979722697963429e-01
1.068504031799123233e+00
1.016337872966563971e+00
-4.125581912106439653e-01
-3.461092281049512470e-02
-2.955065815199408030e-01
1.061206924009124641e+00
-2.087550153146636722e-01
-3.717470170197507140e-01
-1.460030239527770612e-01
-2.933257801270819920e-01
-5.091405789189101111e-02
-1.174570899609595799e-02
-3.022451164130127710e-01
-2.522059613635343478e-01
-2.337164914208437472e-01
-4.831117582347554951e-02
-1.438763275846066114e-01
-1.227317150382952748e-01
-3.383722095744481351e-01
-1.895314385597197948e-01
-2.883093835766695756e-01
-3.445543234749773309e-01
-1.925699275598636018e-01
-1.300660200327702076e-01
-3.850832907757195667e-02
1.015943767048092861e+00
-7.547989100503457727e-02
-2.754499103507516700e-01
-6.462691491630556673e-02
1.059524442190249882e+00
-1.424775897304376981e-02
-1.884640939817681105e-01
-2.296032798848396672e-01
-2.939341542399214191e-01
-1.697065582349437385e-01
-2.312559424571342115e-02
-1.919541754891165575e-01
-1.298428368059290350e-01
-1.615259399849671151e-01
-1.504058203368360547e-01
-1.104203626022713311e-02
-1.622883289692167164e-01
1.044565632523421606e+00
1.074717502020782867e+00
-4.612760769640174979e-02
-1.386779414056558447e-02
-3.087309562475911151e-01
1.031205995234053097e+00
-1.609249438300371371e-01
1.097128971423589450e+00
-8.287598639704895145e-03
1.009200620931324677e+00
1.125402843217398807e+00
-1.340866996799660038e-01
-1.095353150677352005e-01
1.093253391615333303e+00
-7.025568197342729748e-02
1.027023000512789164e+00
1.074378115956825752e+00
-1.246389171585781525e-01
-1.194091746585394936e-01
-2.841866421783697735e-02
-9.160380319214790623e-02
-7.467876774174467269e-02
-1.779966161939512681e-01
-8.843896666276035434e-02
-6.567673684421669600e-02
-1.487986551716440620e-01
-2.188864886025671530e-01
-2.060220967380504420e-01
-2.911932428755670266e-01
-1.399623209122300704e-01
-2.482867286375895627e-02
-3.050721039530061574e-01
1.034538680305940206e+00
-1.567268857780414193e-01
-3.271045307680742198e-01
-5.037300764500413086e-02
1.003608743663765734e+00
-2.198127297354577347e-01
