-2.401000000000000079e-01
1.723000000000000087e-01
-8.837000000000000410e-01
-1.474999999999999922e-01
8.283000000000000362e-01
8.789000000000000146e-01
8.458999999999999853e-01
7.659000000000000252e-01
6.418000000000000371e-01
-9.909999999999999920e-01
-6.793000000000000149e-01
-2.929999999999999966e-02
-2.030000000000000138e-01
-3.454999999999999738e-01
6.693000000000000060e-01
-8.598000000000000087e-01
8.627000000000000224e-01
-4.399000000000000132e-01
-2.635000000000000120e-01
-1.653999999999999915e-01
2.914999999999999813e-01
9.220000000000000417e-01
-7.989999999999999880e-02
-1.298999999999999877e-01
-5.886000000000000121e-01
-6.156000000000000361e-01
-5.047000000000000375e-01
9.006999999999999451e-01
7.147999999999999909e-01
2.300000000000000100e-01
-1.642000000000000126e-01
4.769999999999999934e-02
-8.047999999999999599e-01
5.893000000000000460e-01
5.585999999999999854e-01
-7.233000000000000540e-01
2.858999999999999875e-01
-2.957000000000000184e-01
2.510999999999999899e-01
-5.177000000000000490e-01
-7.452999999999999625e-01
8.854999999999999538e-01
5.846999999999999975e-01
-5.528999999999999471e-01
-5.728999999999999648e-01
-1.355000000000000093e-01
8.116999999999999771e-01
2.604000000000000203e-01
6.318000000000000282e-01
5.183999999999999719e-01
9.649999999999999689e-01
9.470000000000000639e-02
4.655000000000000249e-01
9.962999999999999634e-01
-9.082000000000000073e-01
-6.808999999999999497e-01
4.067999999999999949e-01
3.010999999999999788e-01
-9.127999999999999448e-01
-4.667999999999999927e-01
-8.834999999999999520e-01
3.715999999999999859e-01
-9.461000000000000520e-01
6.925000000000000044e-01
-4.859999999999999737e-02
-9.217999999999999527e-01
-1.580000000000000154e-02
5.372000000000000108e-01
-4.153999999999999915e-01
-2.656999999999999917e-01
3.657000000000000250e-01
-8.869000000000000217e-01
-9.410000000000000309e-02
-5.229999999999999927e-02
-9.467999999999999750e-01
8.065999999999999837e-01
-3.554999999999999827e-01
8.925999999999999490e-01
-1.353999999999999926e-01
-4.375999999999999890e-01
-3.500000000000000333e-02
-1.159999999999999920e-02
-9.926000000000000378e-01
4.079999999999999738e-01
6.968999999999999639e-01
1.698000000000000065e-01
-4.753999999999999893e-01
-2.914999999999999813e-01
9.255999999999999783e-01
-1.164000000000000035e-01
-4.946999999999999731e-01
3.382999999999999896e-01
4.773000000000000020e-01
-4.199999999999999845e-01
2.968999999999999972e-01
-5.776999999999999913e-01
3.473999999999999866e-01
-1.353000000000000036e-01
-6.357000000000000428e-01
7.677000000000000490e-01
3.512000000000000122e-01
3.400000000000000244e-01
2.187999999999999945e-01
4.838999999999999968e-01
-2.589000000000000190e-01
-6.279000000000000137e-01
4.329999999999999960e-01
-8.920000000000000151e-02
-5.051999999999999824e-01
-6.673999999999999932e-01
5.597999999999999643e-01
-3.960000000000000325e-02
1.884000000000000119e-01
-4.460999999999999965e-01
-1.899000000000000132e-01
-4.789999999999999813e-02
-3.700999999999999845e-01
-3.690000000000000224e-02
3.315000000000000169e-01
-7.747000000000000552e-01
-8.659999999999999643e-02
-3.821999999999999842e-01
7.304000000000000492e-01
-4.801000000000000267e-01
-6.660000000000000642e-02
-3.861999999999999877e-01
4.484000000000000208e-01
-2.538000000000000256e-01
2.477999999999999925e-01
-7.348000000000000087e-01
6.324999999999999512e-01
8.461999999999999522e-01
6.372999999999999776e-01
5.292000000000000037e-01
7.307000000000000162e-01
-3.957999999999999852e-01
-3.080999999999999850e-01
9.858000000000000096e-01
-5.913000000000000478e-01
-8.942999999999999838e-01
9.695000000000000284e-01
-8.780000000000000304e-02
-2.417999999999999872e-01
-8.470999999999999641e-01
4.898000000000000131e-01
2.338999999999999968e-01
4.792000000000000148e-01
-5.779999999999999721e-02
3.876000000000000001e-01
5.363999999999999879e-01
-2.033000000000000085e-01
-5.525999999999999801e-01
6.765999999999999792e-01
4.018999999999999795e-01
9.690999999999999615e-01
4.696000000000000174e-01
-4.238000000000000100e-01
-3.801999999999999824e-01
-8.730999999999999872e-01
-7.472999999999999643e-01
2.407999999999999863e-01
5.164999999999999591e-01
-1.758000000000000118e-01
5.987000000000000099e-01
-3.736999999999999766e-01
6.438000000000000389e-01
-9.907000000000000250e-01
-1.986999999999999877e-01
6.401999999999999913e-01
-8.851999999999999869e-01
4.930999999999999828e-01
2.564000000000000168e-01
-9.127999999999999448e-01
-8.229999999999999538e-01
-5.235999999999999543e-01
-5.381000000000000227e-01
-8.602999999999999536e-01
3.632000000000000228e-01
-9.293000000000000149e-01
8.833999999999999631e-01
-4.557999999999999829e-01
-1.915999999999999925e-01
1.648999999999999910e-01
-8.892999999999999794e-01
7.030999999999999472e-01
-7.354000000000000536e-01
-8.374000000000000332e-01
-9.890999999999999792e-01
-6.672000000000000153e-01
-5.454999999999999849e-01
4.303000000000000158e-01
-4.641000000000000125e-01
-3.938999999999999724e-01
-2.582999999999999741e-01
-6.811000000000000387e-01
