-6.289000000000000146e-01
1.782999999999999863e-01
7.265000000000000346e-01
-5.582000000000000295e-01
-2.280000000000000082e-02
3.103000000000000203e-01
5.956000000000000183e-01
-8.980000000000000204e-01
5.345999999999999641e-01
2.344999999999999862e-01
5.284999999999999698e-01
9.844000000000000528e-01
4.722999999999999976e-01
-8.934999999999999609e-01
4.309000000000000052e-01
8.935999999999999499e-01
-1.110000000000000014e-01
-1.736000000000000043e-01
8.663999999999999480e-01
-9.713000000000000522e-01
3.801999999999999824e-01
-7.059999999999999609e-02
-6.133999999999999453e-01
-7.974999999999999867e-01
8.817000000000000393e-01
7.625999999999999446e-01
-3.649999999999999772e-02
9.614000000000000323e-01
-6.494999999999999662e-01
8.971999999999999975e-01
6.572999999999999954e-01
8.878000000000000336e-01
-2.144000000000000072e-01
-7.433999999999999497e-01
-4.610000000000000209e-02
5.331000000000000183e-01
1.787999999999999867e-01
7.056999999999999940e-01
-8.389999999999999680e-01
2.802000000000000046e-01
-7.380999999999999783e-01
6.884000000000000119e-01
3.986999999999999988e-01
8.264000000000000234e-01
-6.808999999999999497e-01
4.329999999999999960e-01
6.341999999999999860e-01
-6.381000000000000005e-01
5.767999999999999794e-01
8.471999999999999531e-01
-5.021999999999999797e-01
-8.793999999999999595e-01
4.279999999999999916e-01
7.802999999999999936e-01
5.365999999999999659e-01
-3.003000000000000114e-01
4.803999999999999937e-01
8.993999999999999773e-01
2.454000000000000070e-01
-3.150000000000000022e-01
2.792999999999999927e-01
-4.440000000000000197e-02
5.047000000000000375e-01
-2.147999999999999909e-01
2.565000000000000058e-01
6.112999999999999545e-01
-2.189000000000000112e-01
-5.477999999999999536e-01
-6.300000000000000044e-03
1.855999999999999872e-01
1.466999999999999971e-01
-6.306000000000000494e-01
9.012999999999999901e-01
9.530999999999999472e-01
-7.019999999999999574e-01
4.484000000000000208e-01
3.922999999999999821e-01
1.950000000000000067e-01
1.807999999999999885e-01
8.568000000000000060e-01
-1.116000000000000048e-01
4.326999999999999735e-01
1.970000000000000084e-01
-8.231000000000000538e-01
9.792999999999999483e-01
-4.087000000000000077e-01
-8.801999999999999824e-01
5.603000000000000203e-01
-5.415999999999999703e-01
1.502000000000000002e-01
-6.451999999999999957e-01
-9.281000000000000361e-01
-4.760000000000000342e-02
-2.396000000000000074e-01
6.100999999999999757e-01
2.558000000000000274e-01
9.253000000000000114e-01
9.243000000000000105e-01
-8.133000000000000229e-01
-5.887000000000000011e-01
2.866000000000000214e-01
6.375999999999999446e-01
-3.706999999999999740e-01
-5.845000000000000195e-01
3.391000000000000125e-01
2.101000000000000090e-01
2.124999999999999944e-01
4.319999999999999951e-01
-9.240000000000000435e-01
-6.038999999999999924e-01
-9.471000000000000529e-01
-8.487000000000000099e-01
-5.553000000000000158e-01
-7.971000000000000307e-01
3.322999999999999843e-01
4.556000000000000050e-01
-3.570999999999999730e-01
3.821999999999999842e-01
2.901000000000000245e-01
8.726000000000000423e-01
3.010999999999999788e-01
5.774000000000000243e-01
2.812000000000000055e-01
5.249999999999999806e-02
-1.675000000000000100e-01
4.771000000000000241e-01
6.899999999999999467e-01
3.091999999999999749e-01
4.217000000000000193e-01
9.887000000000000233e-01
-1.137999999999999984e-01
-1.882999999999999952e-01
2.520000000000000018e-01
-6.004000000000000448e-01
9.402000000000000357e-01
-1.063999999999999946e-01
-4.940999999999999837e-01
-6.468000000000000416e-01
-6.510000000000000231e-01
3.687000000000000277e-01
8.264000000000000234e-01
4.446999999999999842e-01
-1.116999999999999937e-01
5.691000000000000503e-01
1.617999999999999994e-01
9.536000000000000032e-01
-2.379999999999999893e-01
-2.791000000000000147e-01
5.002999999999999670e-01
1.512999999999999901e-01
-1.110000000000000049e-02
-4.971999999999999753e-01
-2.993999999999999995e-01
9.308999999999999497e-01
1.343999999999999917e-01
-2.833999999999999853e-01
-5.100000000000000366e-03
-3.476000000000000201e-01
9.616000000000000103e-01
1.957000000000000128e-01
-9.563000000000000389e-01
-7.610000000000000098e-02
-9.769999999999999796e-01
5.604999999999999982e-01
-7.386000000000000343e-01
-6.895000000000000018e-01
-7.826999999999999513e-01
2.160000000000000114e-02
9.467999999999999750e-01
-3.677000000000000268e-01
-3.402999999999999914e-01
-4.290999999999999814e-01
-3.332999999999999852e-01
5.858999999999999764e-01
7.019999999999999851e-02
9.831999999999999629e-01
-6.042999999999999483e-01
-6.420000000000000151e-01
-9.162000000000000144e-01
1.841000000000000136e-01
-4.853999999999999981e-01
-9.658999999999999808e-01
1.401000000000000023e-01
9.354999999999999982e-01
-4.380000000000000004e-01
5.311000000000000165e-01
6.521000000000000130e-01
3.529999999999999805e-01
-1.628999999999999893e-01
6.044000000000000483e-01
-4.037999999999999923e-01
3.998999999999999777e-01
-4.146000000000000241e-01
-6.985000000000000098e-01
-8.438999999999999835e-01
