6.989999999999999547e-01
4.097000000000000086e-01
3.035999999999999810e-01
-4.580000000000000182e-01
-9.026999999999999469e-01
1.605000000000000038e-01
2.666000000000000036e-01
-6.009999999999999787e-01
-9.086999999999999522e-01
-7.285000000000000364e-01
9.488999999999999657e-01
9.947000000000000286e-01
9.827000000000000179e-01
-7.860000000000000320e-02
2.003999999999999948e-01
-6.198000000000000176e-01
7.512999999999999678e-01
-3.852999999999999758e-01
-7.471999999999999753e-01
9.700999999999999623e-01
-1.406000000000000028e-01
-7.864999999999999769e-01
-1.850999999999999868e-01
1.020999999999999963e-01
5.310000000000000137e-02
-6.459000000000000297e-01
-8.719999999999999973e-01
3.700999999999999845e-01
8.820000000000000062e-01
5.790000000000000008e-02
-4.546000000000000041e-01
-3.209000000000000186e-01
-8.440000000000000280e-02
-9.370000000000000551e-02
5.637999999999999678e-01
9.804000000000000492e-01
3.755999999999999894e-01
2.454999999999999960e-01
-3.096999999999999753e-01
-1.368999999999999939e-01
1.333000000000000018e-01
6.627999999999999448e-01
-4.932000000000000273e-01
-7.641999999999999904e-01
-7.641000000000000014e-01
-6.965999999999999970e-01
3.267999999999999794e-01
7.993000000000000105e-01
1.784000000000000030e-01
-8.748000000000000220e-01
9.966000000000000414e-01
-7.667000000000000481e-01
-7.664999999999999591e-01
-9.528999999999999693e-01
2.837000000000000077e-01
7.248999999999999888e-01
2.869999999999999982e-02
5.624000000000000110e-01
5.291000000000000147e-01
7.569000000000000172e-01
2.400000000000000050e-02
6.624999999999999778e-01
-5.806999999999999940e-01
-2.149999999999999828e-02
1.110000000000000049e-02
3.573000000000000065e-01
6.190999999999999837e-01
-7.742999999999999883e-01
7.890000000000000346e-01
-4.752000000000000113e-01
-6.549000000000000377e-01
-9.284999999999999920e-01
5.342999999999999972e-01
1.461000000000000076e-01
-4.127000000000000113e-01
2.605000000000000093e-01
4.998000000000000220e-01
3.886000000000000010e-01
-6.408000000000000362e-01
-2.255000000000000060e-01
5.895000000000000240e-01
-4.830999999999999739e-01
-8.080000000000000515e-01
-2.797999999999999932e-01
-2.242999999999999994e-01
8.778000000000000247e-01
-5.153999999999999693e-01
-4.575000000000000178e-01
3.548000000000000043e-01
3.173000000000000265e-01
2.343000000000000083e-01
9.231000000000000316e-01
8.457999999999999963e-01
-1.439999999999999961e-02
3.551000000000000267e-01
-5.113999999999999657e-01
3.950000000000000039e-02
3.196999999999999842e-01
2.141000000000000125e-01
-1.595999999999999919e-01
-3.304000000000000270e-01
7.653999999999999693e-01
-3.998999999999999777e-01
-5.939999999999999725e-01
5.503000000000000114e-01
9.614000000000000323e-01
1.942000000000000115e-01
7.976999999999999647e-01
8.407000000000000028e-01
-1.721000000000000030e-01
-3.542000000000000148e-01
1.110000000000000014e-01
-1.192000000000000004e-01
-2.069999999999999965e-02
-5.663000000000000256e-01
-8.716000000000000414e-01
4.000000000000000083e-02
-3.830000000000000071e-02
6.542000000000000037e-01
1.192000000000000004e-01
5.732000000000000428e-01
-9.472000000000000419e-01
8.728000000000000203e-01
-5.937999999999999945e-01
2.129999999999999949e-01
1.439000000000000001e-01
-3.090999999999999859e-01
-1.655000000000000082e-01
-1.413000000000000089e-01
3.620000000000000301e-02
-2.579000000000000181e-01
-5.024999999999999467e-01
1.859000000000000097e-01
-3.869999999999999829e-02
-5.443999999999999950e-01
-4.192000000000000171e-01
-5.359000000000000430e-01
-9.841999999999999638e-01
-9.428999999999999604e-01
9.979999999999999982e-02
2.974999999999999867e-01
-1.192000000000000004e-01
4.672000000000000042e-01
5.691000000000000503e-01
9.195999999999999730e-01
-8.982999999999999874e-01
6.306000000000000494e-01
1.758000000000000118e-01
-4.694999999999999729e-01
-2.916000000000000258e-01
-4.853999999999999981e-01
5.212999999999999856e-01
-1.409999999999999865e-01
5.621000000000000441e-01
-7.539999999999999480e-02
8.735000000000000542e-01
5.103999999999999648e-01
-1.902999999999999969e-01
8.859999999999999820e-02
-1.438000000000000111e-01
2.610000000000000167e-02
9.001000000000000112e-01
2.508000000000000229e-01
7.357000000000000206e-01
7.246000000000000218e-01
7.543999999999999595e-01
-8.717000000000000304e-01
-1.985000000000000098e-01
-2.656000000000000028e-01
-2.298000000000000043e-01
-1.537999999999999923e-01
-9.232000000000000206e-01
-7.246000000000000218e-01
2.333999999999999964e-01
9.677000000000000046e-01
7.331999999999999629e-01
8.668000000000000149e-01
-3.470000000000000168e-02
9.474000000000000199e-01
-9.869999999999999607e-02
2.621999999999999886e-01
8.756000000000000449e-01
-9.370000000000000551e-02
5.010000000000000009e-01
-6.814999999999999947e-01
-4.899999999999999911e-01
3.901000000000000023e-01
-6.634999999999999787e-01
-5.732000000000000428e-01
6.904000000000000137e-01
9.627000000000000002e-01
4.632000000000000006e-01
-1.948000000000000009e-01
-2.180999999999999883e-01
1.032000000000000001e-01
