1.013241299870375478e+00
7.134482180057455381e-01
-4.840038563404578387e-01
-9.772146981901669305e-02
-1.888743837448227936e-01
-8.153837236648754649e-02
1.043007635893154206e-01
3.229169399587954459e-01
4.923477627066211865e-02
4.959844075700889365e-02
1.010112383030732086e-01
2.813432285274674038e-01
-2.946319073889471785e-01
1.272462467461997308e-02
-5.002591041978891873e-02
3.164922899858497313e-02
7.272947491465782399e-02
-1.584972459913198684e-01
1.530295937450591170e-01
-3.456535126628001997e-02
6.225512272907470640e-02
-1.619856092183076524e-01
-8.018315598012924761e-02
1.135947148444007952e-03
1.037482650926738609e-01
4.973493734214262663e-01
3.309338811156468593e-03
-8.383189710263213787e-03
-8.953542034457928622e-02
-1.228733703239194390e-02
4.431140037823060734e-02
2.332543726943142326e-01
1.057680369019640410e-01
-1.867418889704656193e-01
3.078582450085879177e-02
-1.136576067686514147e-01
1.467363769982874822e-01
-1.576661921029112734e-01
2.205564658219481659e-03
-1.593001288084596179e-01
6.448057432213729623e-01
2.951166569388943839e-01
-1.598239852687822343e-02
2.330029933242075135e-01
-1.354141628855072277e-01
8.306823830555946919e-02
9.116985541795312453e-02
1.292484552425480215e-01
-1.955246817341500520e-01
-1.671731510055771697e-01
-2.299985992320193740e-01
-5.455152545825911817e-03
1.297691894388158240e-01
-3.415958486726605042e-02
-3.059766828893317747e-01
1.136780696031405025e-01
-5.323678914730693990e-01
-1.248299575944002149e-01
-1.267969805856751786e-01
1.239077621632358496e-02
3.414845279248815424e-02
2.549040179959747299e-01
4.888148798375878679e-01
1.516847995294745566e+00
4.231396398009047988e-01
5.989007194794010447e-02
-4.737149207385361049e-01
8.032353223369176343e-03
-2.493887872671860240e-01
-9.496521849885404543e-02
-1.639102925552004819e-01
-1.633360881827042033e-01
1.610183013958720599e-01
2.893592558144475468e-01
-8.857633833844118232e-02
-1.279190378878040379e-01
-1.065637017661196992e-02
-1.892063743612756033e-01
-8.664067602903728627e-02
-5.687295170310929793e-01
9.103195554814542956e-02
5.910289066190294038e-02
-9.474030243891992664e-02
4.218808394074717860e-01
-3.898568790976506687e-02
-1.261877035948019699e-01
2.971713265541698901e-01
6.500005883134248041e-02
-1.490362736876552074e-01
-1.262898338036387291e-01
1.449018042878028600e-01
-2.591297989803912488e-02
9.806778192688912765e-02
7.060918490605976039e-02
-8.441667427414889513e-02
-1.180257970637924175e-01
-1.093952790395241736e-01
-5.884058133275019142e-02
1.886092281551427774e-01
2.987326000865212633e-02
1.254726960674138192e-01
1.195577267910680419e+00
-2.624605661440667648e-01
-2.073293721028192926e-01
-2.397049730040306803e-01
-3.592558263962133958e-01
1.629907884614390304e-02
-6.914545546131192766e-02
-1.873064909164670333e-01
9.820783744531996762e-02
1.180479043448186549e-01
-2.284948040455612450e-01
-8.186487925782018338e-02
-2.879532115270359016e-01
1.742732025387974670e-02
1.284488975264277411e+00
-2.465240984789403011e-01
6.084088425355863583e-01
-3.953236157530937711e-01
1.487919287173169736e-01
6.502208903863279099e-01
5.336354287422772069e-01
-6.048419388993775403e-01
-1.076042292278758250e-01
7.699907929524685279e-01
-5.267011007242456966e-01
-4.970769507157953848e-01
3.934976852736811748e-01
1.019061623644636150e+00
-3.317691702917083263e-01
-1.891462812040703989e-01
1.096127673513070500e+00
-2.490176391529257682e-01
3.881871103418641500e-01
-3.408438314925039125e-01
-2.020865460029641902e-01
1.885807741680723404e-01
2.914063855913494594e-01
4.796764742847708235e-02
2.098318484211863719e-02
1.346698658025151651e-01
-2.593179075862245830e-01
2.535242093040748768e-01
1.984575075615542805e-01
-1.466962174602273461e-01
-5.295075164339848456e-02
-3.148232307970120769e-01
7.261196224717063608e-01
-7.713105876466666011e-01
-1.888514518918307517e-01
-1.374736861777855756e-01
2.817504580993647201e-01
-2.444553692638691544e-01
3.490074303666114153e-01
-1.690502250990479349e-01
-4.866522320402696944e-01
-2.152661822755900511e-01
-2.099233448174936678e-01
2.820197718982782598e-01
3.632291594945521451e-01
-2.382008676428036542e-01
-1.061996074831365183e-01
-3.469174104594921482e-01
-2.233469583152892235e-01
4.485275867370689951e-01
-5.055485748463802720e-01
-5.276736814039119372e-02
5.616569076961231977e-01
-2.823617950687753453e-01
1.015754919532250028e-01
-5.288413946992558644e-03
2.204421540462578322e-01
-5.856440894738563774e-01
-2.268757912697016987e-02
-2.565028727146122511e-01
8.385680735080868198e-01
-2.759559486422937247e-01
-3.218638515265267314e-02
-2.799217892590299406e-01
2.979310107202248759e-02
-3.274228698776847357e-02
-3.130568162280840672e-01
-1.182007850328649357e-01
7.985482601388996793e-01
-3.491331164135934584e-01
-4.255942353535652201e-01
5.779935100212046928e-01
5.406461682102836619e-01
-4.100120186125766897e-01
-3.445097371318509571e-01
-1.885791628116341712e-01
6.292756435765315404e-01
2.996167170643151273e-02
5.211823126310659582e-01
1.059267118005423836e+00
1.150937179688169110e+00
1.409380490321948232e+00
-4.245579479422734170e-01
5.369784072833643229e-01
1.654869313261521924e-01
-5.605675896582236195e-01
-3.336435726115132283e-01
-2.358707082536343480e-01
3.543781368516286112e-01
1.658786889106896312e-01
-6.800695281951838478e-01
-3.002301201648559514e-01
-5.967317817457640228e-01
4.078468990556116669e-01
-5.059312083627868217e-01
1.011032784507427396e+00
-3.542403604664926542e-01
-6.304263867202524185e-01
7.753555768395377079e-01
-3.331768008339401343e-01
-1.661233388069081537e-02
-1.219476963457430535e-01
-1.103308334896150461e-01
3.399644302865389434e-01
-4.733364405699457267e-01
-3.444779477838528781e-01
4.824431471886532208e-01
-2.572749131921269194e-01
1.049978620935178464e+00
7.708500678293297992e-02
-7.089293615199345755e-01
-6.980079342304663648e-01
1.717535797789525032e-01
1.294744021647623144e+00
-4.831924756257320319e-01
1.205481919714830985e+00
-1.437208034045031058e-01
-6.475973671959035505e-01
-1.110203539065228728e-01
1.526367069872752030e-02
-4.431154739368071971e-02
1.277788536348832160e+00
-4.976588969769116799e-01
1.076313736034001156e+00
1.338936747685414153e+00
