2.089999999999999913e-01
1.899999999999999996e-03
7.580000000000000626e-02
-9.768999999999999906e-01
6.804000000000000048e-01
-2.363000000000000100e-01
6.470000000000000195e-01
-2.534000000000000141e-01
8.050000000000000211e-02
4.903000000000000136e-01
-4.343000000000000194e-01
6.444999999999999618e-01
2.044999999999999873e-01
1.368999999999999939e-01
-5.663000000000000256e-01
6.860000000000000542e-01
-2.505999999999999894e-01
7.151999999999999469e-01
-7.483999999999999542e-01
-7.270999999999999686e-01
5.351000000000000201e-01
-7.641000000000000014e-01
-4.734999999999999765e-01
-2.549000000000000155e-01
-8.252000000000000446e-01
4.963000000000000189e-01
-6.520000000000000240e-01
4.227000000000000202e-01
2.343000000000000083e-01
-9.600000000000000200e-02
-4.908000000000000140e-01
2.631000000000000005e-01
-2.290999999999999981e-01
2.721999999999999975e-01
1.353999999999999926e-01
6.294999999999999485e-01
-1.683000000000000052e-01
9.032999999999999918e-01
-6.323999999999999622e-01
8.618000000000000105e-01
-3.841999999999999860e-01
8.669999999999999929e-01
7.919000000000000483e-01
-9.979999999999999982e-01
-2.464999999999999969e-01
-4.995999999999999885e-01
-4.313000000000000167e-01
-2.672999999999999821e-01
4.989999999999999991e-02
2.769999999999999893e-02
-6.375999999999999446e-01
-3.076999999999999735e-01
6.126000000000000334e-01
9.941999999999999726e-01
3.074000000000000066e-01
-2.549999999999999836e-02
-5.836999999999999966e-01
-3.230000000000000093e-01
-1.713999999999999968e-01
-4.542999999999999816e-01
2.346999999999999920e-01
-6.294999999999999485e-01
-4.237000000000000210e-01
9.009000000000000341e-01
-3.209999999999999659e-02
-5.059999999999999915e-02
-8.528000000000000025e-01
-3.170999999999999930e-01
5.816000000000000059e-01
-2.995999999999999774e-01
4.850999999999999757e-01
-7.520000000000000295e-02
4.572999999999999843e-01
-1.255000000000000004e-01
7.420000000000000207e-02
9.124999999999999778e-01
-7.140999999999999570e-01
9.948000000000000176e-01
-9.645000000000000240e-01
-7.160999999999999588e-01
-4.958000000000000185e-01
8.813999999999999613e-01
-7.806999999999999496e-01
-7.752999999999999892e-01
-7.792999999999999927e-01
5.918999999999999817e-01
-7.810000000000000275e-01
2.285999999999999976e-01
-1.403000000000000080e-01
2.419999999999999929e-01
-6.536999999999999478e-01
3.517000000000000126e-01
-4.854999999999999871e-01
7.852000000000000091e-01
-9.331000000000000405e-01
-1.837999999999999912e-01
1.231000000000000011e-01
1.890000000000000013e-01
-1.421999999999999931e-01
2.381000000000000061e-01
3.924000000000000266e-01
6.863000000000000211e-01
9.758999999999999897e-01
-4.843999999999999972e-01
5.489999999999999741e-02
5.076000000000000512e-01
-3.551000000000000267e-01
-3.498999999999999888e-01
-2.406000000000000083e-01
1.170000000000000068e-01
-9.750000000000000333e-02
8.276999999999999913e-01
7.911000000000000254e-01
-2.228999999999999870e-01
-1.796999999999999986e-01
9.335999999999999854e-01
-2.671000000000000041e-01
-1.222000000000000031e-01
2.366000000000000048e-01
3.568000000000000060e-01
1.593999999999999861e-01
-1.194000000000000061e-01
-6.653000000000000025e-01
6.714999999999999858e-01
2.887000000000000122e-01
-8.025999999999999801e-01
-6.774000000000000021e-01
9.919000000000000039e-01
8.887000000000000455e-01
-2.249999999999999917e-02
-4.653999999999999804e-01
8.493000000000000549e-01
8.137999999999999678e-01
9.239000000000000545e-01
1.526000000000000134e-01
-1.635000000000000064e-01
2.242999999999999994e-01
3.317999999999999838e-01
7.226000000000000201e-01
9.764000000000000457e-01
-8.617000000000000215e-01
8.758000000000000229e-01
-6.135000000000000453e-01
5.036000000000000476e-01
-9.785000000000000364e-01
2.661000000000000032e-01
-9.450000000000000067e-02
9.841999999999999638e-01
-7.190000000000000557e-02
4.924999999999999933e-01
1.343999999999999917e-01
-5.646999999999999797e-01
8.451999999999999513e-01
9.406999999999999806e-01
3.738000000000000211e-01
-6.254999999999999449e-01
-3.852999999999999758e-01
-2.680000000000000090e-02
-8.340000000000000191e-02
-7.643999999999999684e-01
1.095000000000000001e-01
2.929999999999999966e-02
4.576999999999999957e-01
-8.283000000000000362e-01
4.279999999999999777e-02
9.929000000000000048e-01
2.695000000000000173e-01
7.234000000000000430e-01
-2.268000000000000016e-01
7.784999999999999698e-01
1.700000000000000122e-01
-1.519000000000000072e-01
6.838999999999999524e-01
-1.907000000000000084e-01
2.396000000000000074e-01
-8.715000000000000524e-01
-7.599999999999999985e-03
-9.276999999999999691e-01
-5.659999999999999754e-02
2.290000000000000022e-02
-2.349999999999999867e-01
7.154000000000000359e-01
8.550000000000000655e-02
6.886999999999999789e-01
5.342000000000000082e-01
7.838000000000000522e-01
7.053000000000000380e-01
-9.606999999999999984e-01
3.934000000000000274e-01
-5.112999999999999767e-01
-9.432000000000000384e-01
-7.763999999999999790e-01
-6.772000000000000242e-01
8.774999999999999467e-01
-1.736999999999999933e-01
-2.291999999999999871e-01
-6.256000000000000449e-01
3.356999999999999984e-01
2.812999999999999945e-01
-1.340000000000000080e-01
-9.282000000000000250e-01
-5.909999999999999698e-01
-3.264000000000000234e-01
5.563000000000000167e-01
-7.917999999999999483e-01
-9.314999999999999947e-01
-8.601999999999999647e-01
2.310000000000000109e-01
-2.444000000000000061e-01
-8.155000000000000027e-01
-5.705999999999999961e-01
-7.727000000000000535e-01
-6.696999999999999620e-01
-8.721999999999999753e-01
-7.445000000000000506e-01
9.290000000000000480e-01
1.650000000000000078e-02
-2.207000000000000073e-01
5.955000000000000293e-01
8.780999999999999917e-01
-5.664000000000000146e-01
-3.895000000000000129e-01
6.958999999999999631e-01
7.110999999999999543e-01
-9.039000000000000368e-01
-5.410000000000000225e-02
3.572000000000000175e-01
-5.403999999999999915e-01
-7.527000000000000357e-01
3.146999999999999797e-01
-6.509000000000000341e-01
5.148000000000000353e-01
6.062999999999999501e-01
7.432999999999999607e-01
-1.511000000000000121e-01
-8.486000000000000210e-01
-3.749000000000000110e-01
7.959000000000000519e-01
-8.110000000000000542e-01
3.941000000000000059e-01
-4.088999999999999857e-01
2.272000000000000131e-01
4.996999999999999775e-01
-7.453999999999999515e-01
-5.000999999999999890e-01
8.575000000000000400e-01
-2.099999999999999922e-01
-8.476000000000000201e-01
-6.762000000000000233e-01
5.471000000000000307e-01
