2.239999999999999977e-02
-7.000000000000000666e-02
2.449000000000000066e-01
-6.694999999999999840e-01
-9.886000000000000343e-01
-3.815999999999999948e-01
-8.235999999999999988e-01
4.109999999999999765e-01
-6.565999999999999615e-01
1.199000000000000066e-01
2.987000000000000210e-01
8.983999999999999764e-01
6.136000000000000343e-01
-2.255000000000000060e-01
-7.865999999999999659e-01
7.544999999999999485e-01
-3.695999999999999841e-01
-4.225999999999999757e-01
-9.668999999999999817e-01
-5.079000000000000181e-01
5.681000000000000494e-01
-5.384999999999999787e-01
9.766000000000000236e-01
-5.128000000000000336e-01
-1.917999999999999983e-01
-8.284000000000000252e-01
5.058000000000000274e-01
-3.925000000000000155e-01
9.072000000000000064e-01
-1.340000000000000045e-02
1.113999999999999990e-01
5.782000000000000473e-01
9.875000000000000444e-01
-8.818000000000000282e-01
-8.473000000000000531e-01
4.739999999999999769e-02
8.650999999999999801e-01
-6.947999999999999732e-01
3.740999999999999881e-01
-8.619999999999999885e-01
-9.449999999999999512e-01
7.915999999999999703e-01
7.229999999999999760e-01
8.013000000000000123e-01
-3.200000000000000067e-01
6.339999999999999802e-02
-1.081000000000000016e-01
8.569999999999999840e-02
7.772999999999999909e-01
5.318000000000000504e-01
-8.870999999999999996e-01
-6.700000000000000400e-01
-9.175999999999999712e-01
9.240000000000000435e-01
-1.136000000000000065e-01
-8.716000000000000414e-01
-8.730999999999999872e-01
-7.760000000000000231e-01
-7.331999999999999629e-01
3.060999999999999832e-01
-6.294999999999999485e-01
-6.179000000000000048e-01
3.390000000000000235e-01
6.692000000000000171e-01
9.776000000000000245e-01
6.906999999999999806e-01
-4.314999999999999947e-01
1.091000000000000025e-01
9.305999999999999828e-01
1.089999999999999997e-01
-7.552999999999999714e-01
9.475999999999999979e-01
8.909000000000000252e-01
6.976999999999999869e-01
7.307000000000000162e-01
-5.523000000000000131e-01
3.088000000000000189e-01
-1.269000000000000128e-01
-4.675000000000000266e-01
-2.852999999999999980e-01
-4.746000000000000218e-01
8.079999999999999682e-02
-4.688999999999999835e-01
-5.822000000000000508e-01
1.233999999999999958e-01
-2.599999999999999881e-02
-5.787999999999999812e-01
-3.009000000000000008e-01
-3.700999999999999845e-01
6.598000000000000531e-01
-8.187999999999999723e-01
1.097000000000000058e-01
-6.038999999999999924e-01
2.867999999999999994e-01
-3.917999999999999816e-01
-7.301999999999999602e-01
4.599999999999999922e-03
-1.183000000000000024e-01
-2.751000000000000112e-01
-3.710999999999999854e-01
1.963000000000000023e-01
9.905000000000000471e-01
5.133999999999999675e-01
-5.300000000000000266e-01
-5.167000000000000481e-01
6.157000000000000250e-01
-1.985000000000000098e-01
-1.618999999999999884e-01
-1.262999999999999956e-01
-3.338999999999999746e-01
-6.982000000000000428e-01
3.399999999999999811e-03
-4.566999999999999948e-01
-9.155999999999999694e-01
3.733000000000000207e-01
-5.102999999999999758e-01
4.689999999999999725e-01
-9.738999999999999879e-01
-6.873000000000000220e-01
-6.700000000000000226e-03
2.802999999999999936e-01
-9.550000000000000155e-02
7.620999999999999996e-01
-5.785000000000000142e-01
2.743999999999999773e-01
4.074999999999999734e-01
2.575999999999999956e-01
-2.316000000000000003e-01
9.455000000000000071e-01
7.106000000000000094e-01
-0.000000000000000000e+00
-4.682999999999999940e-01
4.919999999999999929e-01
-8.433000000000000496e-01
-2.170000000000000054e-02
6.150999999999999801e-01
2.116999999999999993e-01
6.470000000000000195e-01
3.084000000000000075e-01
1.020999999999999963e-01
5.830999999999999517e-01
9.306999999999999718e-01
-8.699999999999999400e-03
7.179999999999999716e-01
5.649999999999999467e-01
6.399000000000000243e-01
9.648999999999999799e-01
-5.201999999999999957e-01
-7.845999999999999641e-01
7.771000000000000130e-01
8.622999999999999554e-01
-3.206999999999999851e-01
6.099999999999999867e-01
-8.154000000000000137e-01
1.715000000000000135e-01
-4.370999999999999885e-01
-7.600999999999999979e-01
5.053999999999999604e-01
6.827999999999999625e-01
-5.487999999999999545e-01
8.548999999999999932e-01
3.538999999999999924e-01
-8.403000000000000469e-01
6.873000000000000220e-01
2.780000000000000249e-01
8.447000000000000064e-01
-5.856999999999999984e-01
3.000000000000000062e-03
1.414999999999999869e-01
3.339999999999999913e-02
-6.552000000000000046e-01
6.802000000000000268e-01
-7.604999999999999538e-01
2.559000000000000163e-01
2.786000000000000143e-01
-5.706999999999999851e-01
8.772999999999999687e-01
5.705999999999999961e-01
2.999999999999999889e-01
4.127000000000000113e-01
-1.761999999999999955e-01
6.450000000000000178e-01
-7.130000000000000226e-02
-7.154000000000000359e-01
6.674999999999999822e-01
-8.979000000000000314e-01
7.294000000000000483e-01
9.282000000000000250e-01
-3.748000000000000220e-01
-4.420000000000000040e-01
-9.143000000000000016e-01
-5.191999999999999948e-01
7.036999999999999922e-01
9.619999999999999385e-02
3.573999999999999955e-01
-7.188999999999999835e-01
1.610000000000000042e-01
9.063999999999999835e-01
-9.844000000000000528e-01
-5.510000000000000453e-01
9.848999999999999977e-01
-7.814999999999999725e-01
1.121999999999999942e-01
6.995000000000000107e-01
6.560000000000000553e-02
1.897000000000000075e-01
-8.800000000000000044e-01
-7.879999999999999505e-02
8.790000000000000591e-02
8.054999999999999938e-01
9.076999999999999513e-01
-9.426999999999999824e-01
-3.190999999999999948e-01
-7.762000000000000011e-01
1.463000000000000134e-01
-6.633000000000000007e-01
5.088000000000000300e-01
2.260999999999999954e-01
8.413000000000000478e-01
2.021999999999999909e-01
-8.152000000000000357e-01
3.849000000000000199e-01
9.345999999999999863e-01
6.360000000000000375e-02
4.223000000000000087e-01
-1.887999999999999956e-01
-4.979999999999999705e-02
1.751999999999999946e-01
-6.848999999999999533e-01
-1.928999999999999881e-01
9.612000000000000544e-01
-2.253000000000000003e-01
-5.140000000000000124e-02
5.251000000000000112e-01
9.405000000000000027e-01
-6.901000000000000467e-01
8.729999999999999982e-01
-7.019999999999999574e-01
2.636000000000000010e-01
-9.566000000000000059e-01
1.330999999999999961e-01
4.635000000000000231e-01
4.519999999999999712e-02
3.105999999999999872e-01
-6.820000000000000506e-01
-9.193000000000000060e-01
-4.139999999999999930e-02
7.829999999999999460e-02
-9.295999999999999819e-01
3.030999999999999805e-01
