3.447999999999999954e-01
-7.679000000000000270e-01
-8.890000000000000679e-02
-8.960000000000000187e-01
-8.851999999999999869e-01
7.319999999999999840e-01
1.023000000000000020e-01
2.871000000000000218e-01
3.488999999999999879e-01
-7.231999999999999540e-01
9.375000000000000000e-01
7.435000000000000497e-01
4.481999999999999873e-01
-5.645000000000000018e-01
3.126999999999999780e-01
-5.813000000000000389e-01
7.226000000000000201e-01
7.174000000000000377e-01
-4.316999999999999726e-01
5.876000000000000112e-01
-3.771999999999999797e-01
1.371999999999999886e-01
2.515000000000000013e-01
7.616000000000000547e-01
8.874999999999999556e-01
-9.777000000000000135e-01
-9.596999999999999975e-01
-5.440000000000000391e-01
7.426000000000000378e-01
-6.435999999999999499e-01
-1.426999999999999935e-01
-8.972999999999999865e-01
-3.711999999999999744e-01
9.616999999999999993e-01
-2.960000000000000131e-02
9.906000000000000361e-01
-7.352999999999999536e-01
2.545000000000000040e-01
-6.572999999999999954e-01
-3.090000000000000038e-02
-6.068999999999999950e-01
6.669000000000000483e-01
-2.510000000000000078e-02
1.449000000000000010e-01
-6.622000000000000108e-01
-7.217999999999999972e-01
-1.371999999999999886e-01
3.847999999999999754e-01
-4.764999999999999791e-01
1.897999999999999965e-01
-4.692000000000000060e-01
5.179999999999999882e-02
4.671000000000000152e-01
-2.466000000000000136e-01
-5.131999999999999895e-01
6.580000000000000293e-01
7.571999999999999842e-01
-8.065999999999999837e-01
-2.800000000000000266e-01
1.668000000000000038e-01
1.388999999999999957e-01
4.280999999999999805e-01
8.250999999999999446e-01
-9.491000000000000547e-01
1.650000000000000078e-02
-2.736999999999999988e-01
-4.739999999999999769e-02
-7.733999999999999764e-01
-2.591999999999999860e-01
-5.090000000000000080e-02
4.040000000000000258e-01
6.330999999999999961e-01
4.101000000000000201e-01
-8.818000000000000282e-01
-8.478999999999999870e-01
2.081999999999999962e-01
9.121000000000000218e-01
2.209000000000000130e-01
-2.121000000000000107e-01
-1.610999999999999932e-01
-5.840999999999999526e-01
4.920000000000000068e-02
6.763000000000000123e-01
-9.167999999999999483e-01
-5.417999999999999483e-01
-7.794999999999999707e-01
3.277999999999999803e-01
-6.740000000000000435e-01
-1.313999999999999890e-01
-9.796000000000000263e-01
-3.608999999999999986e-01
8.792999999999999705e-01
8.687000000000000277e-01
-1.494999999999999940e-01
-9.598999999999999755e-01
-7.112000000000000544e-01
-7.230000000000000315e-02
1.618999999999999884e-01
-8.215000000000000080e-01
2.346999999999999920e-01
2.378000000000000114e-01
-1.366999999999999882e-01
4.279000000000000026e-01
-1.660000000000000087e-01
3.607000000000000206e-01
2.908000000000000029e-01
7.936999999999999611e-01
-2.439999999999999947e-01
-3.708000000000000185e-01
-4.315999999999999837e-01
3.599999999999999901e-03
-5.323999999999999844e-01
-5.968999999999999861e-01
-9.831999999999999629e-01
4.787000000000000144e-01
6.948999999999999622e-01
3.073000000000000176e-01
7.259999999999999787e-01
-4.738999999999999879e-01
2.851000000000000201e-01
-4.660000000000000253e-02
4.376999999999999780e-01
-4.955999999999999850e-01
9.883999999999999453e-01
7.133000000000000451e-01
-2.777999999999999914e-01
-7.401999999999999691e-01
1.300000000000000044e-01
7.458000000000000185e-01
-1.666999999999999871e-01
4.840999999999999748e-01
1.401999999999999913e-01
-2.474999999999999978e-01
-5.796000000000000041e-01
-3.406000000000000139e-01
-7.587000000000000410e-01
-1.857000000000000040e-01
2.662999999999999812e-01
-9.651999999999999469e-01
-1.859999999999999848e-02
7.124000000000000332e-01
8.218999999999999639e-01
6.710000000000000686e-02
5.823000000000000398e-01
2.023999999999999966e-01
3.371000000000000107e-01
4.673999999999999821e-01
-6.394999999999999574e-01
3.996000000000000107e-01
2.530000000000000027e-01
-8.942999999999999838e-01
-8.856000000000000538e-01
-6.551000000000000156e-01
-4.959999999999999964e-01
-9.040000000000000258e-01
-9.116999999999999549e-01
-9.537999999999999812e-01
-2.525999999999999912e-01
2.803999999999999826e-01
6.492999999999999883e-01
-7.772999999999999909e-01
9.925000000000000488e-01
-2.888999999999999901e-01
8.928000000000000380e-01
8.185999999999999943e-01
1.476999999999999980e-01
4.240999999999999770e-01
-7.330000000000000404e-02
9.185999999999999721e-01
-6.875000000000000000e-01
-1.519999999999999962e-01
8.457999999999999963e-01
9.112999999999999989e-01
-6.280000000000000027e-01
-7.813999999999999835e-01
-4.158999999999999919e-01
-8.232000000000000428e-01
9.149000000000000465e-01
-3.049999999999999933e-01
-4.390000000000000013e-01
-3.161999999999999811e-01
5.233999999999999764e-01
-4.264999999999999902e-01
-7.146000000000000130e-01
-9.906000000000000361e-01
9.751999999999999558e-01
2.116000000000000103e-01
6.290000000000000036e-01
3.721999999999999753e-01
6.979999999999999538e-01
-6.437000000000000499e-01
6.257000000000000339e-01
-4.449999999999999789e-02
-4.171000000000000263e-01
5.399000000000000465e-01
8.035999999999999810e-01
-4.663999999999999813e-01
-3.880000000000000115e-01
-4.129999999999999782e-01
5.787999999999999812e-01
3.200000000000000153e-03
-9.002000000000000002e-01
-5.111999999999999877e-01
3.045999999999999819e-01
-4.546999999999999931e-01
2.791000000000000147e-01
-6.020999999999999686e-01
-4.275999999999999801e-01
3.710000000000000103e-02
-7.860000000000000320e-01
-7.155000000000000249e-01
7.523999999999999577e-01
3.301999999999999935e-01
8.085999999999999854e-01
9.201000000000000290e-01
9.267999999999999572e-01
-6.710000000000000686e-02
9.336999999999999744e-01
5.120000000000000245e-02
-9.751999999999999558e-01
4.469999999999999668e-02
5.620000000000000551e-01
-5.000000000000000104e-03
5.656999999999999806e-01
6.112999999999999545e-01
-1.633000000000000007e-01
-8.356999999999999984e-01
-1.338000000000000023e-01
4.545000000000000151e-01
9.669999999999999707e-01
3.435000000000000275e-01
5.400000000000000355e-01
3.266000000000000014e-01
-6.187000000000000277e-01
-1.965000000000000080e-01
3.280000000000000138e-01
-2.174999999999999989e-01
-5.179999999999999882e-02
7.398000000000000131e-01
-6.999999999999999929e-04
-5.532000000000000250e-01
-9.486999999999999877e-01
-5.421000000000000263e-01
8.629999999999999893e-01
1.698999999999999955e-01
-3.039000000000000035e-01
-7.250999999999999668e-01
5.959999999999999742e-01
-6.864999999999999991e-01
3.004999999999999893e-01
