-8.273000000000000353e-01
8.480000000000000038e-02
2.295999999999999985e-01
-5.511000000000000343e-01
-2.290999999999999981e-01
-6.552000000000000046e-01
-5.615999999999999881e-01
-5.554000000000000048e-01
-8.400000000000000522e-02
6.165000000000000480e-01
2.793999999999999817e-01
6.232999999999999652e-01
-1.000999999999999945e-01
9.977000000000000313e-01
5.229000000000000314e-01
9.441000000000000503e-01
7.580999999999999961e-01
-7.618000000000000327e-01
-1.209999999999999964e-02
-8.112000000000000322e-01
7.964999999999999858e-01
9.637999999999999901e-01
-7.028999999999999693e-01
-3.094999999999999973e-01
3.290000000000000147e-01
-2.079999999999999905e-01
-6.138000000000000123e-01
5.339000000000000412e-01
-4.522999999999999798e-01
-7.741999999999999993e-01
1.318000000000000005e-01
-4.550000000000000155e-01
7.529000000000000137e-01
-3.281000000000000028e-01
3.135999999999999899e-01
-4.076000000000000179e-01
-3.907999999999999807e-01
-2.866000000000000214e-01
-9.875000000000000444e-01
5.917999999999999927e-01
-6.686999999999999611e-01
-6.009999999999999787e-01
-3.065999999999999837e-01
4.521999999999999909e-01
8.867000000000000437e-01
4.117999999999999994e-01
-7.581999999999999851e-01
6.159999999999999920e-01
8.953999999999999737e-01
5.155999999999999472e-01
-1.178000000000000019e-01
-7.945999999999999730e-01
-3.462999999999999967e-01
6.897999999999999687e-01
9.004999999999999671e-01
-8.885999999999999455e-01
-6.749000000000000554e-01
4.383000000000000229e-01
7.239999999999999769e-01
8.336000000000000076e-01
8.588999999999999968e-01
8.550000000000000655e-02
6.633000000000000007e-01
1.600999999999999923e-01
2.167000000000000037e-01
6.209000000000000075e-01
-9.193000000000000060e-01
-9.416999999999999815e-01
9.311000000000000387e-01
7.586000000000000520e-01
5.000000000000000278e-02
-7.136000000000000121e-01
-8.010000000000000453e-02
1.081000000000000016e-01
-4.381999999999999784e-01
1.335000000000000075e-01
6.575999999999999623e-01
-9.649999999999999689e-01
-9.075999999999999623e-01
9.125999999999999668e-01
-4.154999999999999805e-01
-1.985999999999999988e-01
-1.194999999999999951e-01
-3.961000000000000076e-01
-8.486000000000000210e-01
2.637999999999999790e-01
5.793000000000000371e-01
4.076000000000000179e-01
3.720999999999999863e-01
1.200999999999999984e-01
1.671999999999999875e-01
3.160999999999999921e-01
6.263999999999999568e-01
-3.726999999999999758e-01
1.680000000000000104e-01
5.083999999999999631e-01
1.756999999999999951e-01
-7.872000000000000108e-01
2.799999999999999972e-03
9.688999999999999835e-01
6.209999999999999964e-01
-2.535999999999999921e-01
1.986999999999999877e-01
9.049000000000000377e-01
-2.980000000000000010e-02
-6.159999999999999920e-01
-2.752000000000000002e-01
9.858999999999999986e-01
3.039999999999999925e-01
7.406000000000000361e-01
-5.746999999999999886e-01
4.630000000000000226e-01
2.149999999999999828e-02
-4.344000000000000083e-01
4.499999999999999833e-02
1.685999999999999999e-01
-6.772000000000000242e-01
8.114000000000000101e-01
8.991000000000000103e-01
9.197999999999999510e-01
3.745999999999999885e-01
1.113999999999999990e-01
-6.780000000000000471e-01
5.818999999999999728e-01
1.280000000000000061e-02
4.307000000000000273e-01
8.949999999999999623e-02
-4.619999999999999801e-02
5.839999999999999636e-01
2.127999999999999892e-01
2.814999999999999725e-01
-2.152999999999999914e-01
-2.079999999999999905e-02
4.415000000000000036e-01
-4.761000000000000232e-01
7.354000000000000536e-01
7.705999999999999517e-01
7.435000000000000497e-01
-3.886000000000000010e-01
-3.507000000000000117e-01
4.179999999999999688e-02
-2.889999999999999791e-01
-9.435000000000000053e-01
5.256999999999999451e-01
4.617999999999999883e-01
-9.762999999999999456e-01
9.616999999999999993e-01
9.588999999999999746e-01
-3.397999999999999909e-01
-1.388000000000000067e-01
7.976999999999999647e-01
-2.170999999999999874e-01
-7.236000000000000210e-01
-4.763999999999999901e-01
-6.148000000000000131e-01
-1.009999999999999960e-02
-5.876000000000000112e-01
9.419999999999999485e-01
9.797000000000000153e-01
-8.972999999999999865e-01
