1.576838610683726494e-01
-6.987324429203672915e-02
-5.199397429936415405e-01
1.116473923478259689e+00
-1.177285559220945799e-01
-9.245711304479001247e-02
1.156316480687603621e+00
1.110744956296682906e+00
-5.075365665241853008e-02
-1.475623419104369893e-01
1.155954577815521800e+00
1.115648031972938936e+00
1.148886446231234260e+00
-2.006597114386174940e-01
9.342642530631639630e-01
1.013440389855946977e+00
-3.024384962122043663e-01
-1.143096876426918512e-01
2.103517946624869905e-01
1.525028741527883480e-01
8.781562716266397839e-01
1.138976914543079699e+00
-3.588706055871669354e-01
5.900064665925938145e-01
8.408054261076168823e-01
1.061937661260849763e+00
-5.975624357128674902e-01
-3.935232972308915222e-01
-1.841479364391167967e-02
-3.084917858998439955e-01
-7.901117263520605893e-02
-2.864475319785289020e-01
-5.028424836875390325e-01
5.444424908901610571e-01
1.083940679833095500e+00
-1.123112441164411807e-01
-5.027151765320383298e-02
2.098250740809640691e-01
-1.865139934117321097e-01
-2.474042101856648579e-01
-5.148370043915125038e-02
2.456615139105741419e-01
1.119691132404384115e+00
-4.812388418772887977e-02
-2.714073406956469814e-01
-3.078380900741534143e-01
-1.463534305555529158e-01
-1.040069334313426241e-01
-1.367914450284343775e-01
-1.286120248788228393e-01
-1.567122122755915670e-01
-1.058022791710677007e-01
1.135007978196800993e+00
-1.055287721544301560e-01
-4.572965016576172048e-02
-6.954271504501585710e-02
-1.585998665207172600e-02
-1.166376721806602207e-01
-2.575967168021696674e-01
-7.048501872394227763e-02
-5.797783914226672247e-02
-8.893402700929027571e-02
-1.146163142662642992e-01
-1.588764470539038853e-01
-4.864978023192566975e-02
-4.796822600778001544e-02
-7.102234728000847430e-02
1.095075934852105970e+00
-2.081092841515423397e-01
-3.582741480000793399e-01
-3.204399732004005741e-01
-3.403000241159514494e-01
1.113080838429799213e+00
-5.789693204522126241e-02
-7.659086503501846832e-02
-3.069412426077615733e-02
1.098730384632215618e+00
-2.205861239482383510e-02
1.039237736204801088e+00
-4.504854451435390955e-02
-1.955770413289111831e-01
-1.291721393778358651e-01
1.026728358076371084e+00
1.007411352538038152e+00
1.022962243784551362e+00
-1.188604182715857494e-01
-6.191106650863813926e-02
-8.852685821008390854e-02
-4.117137149320363454e-01
-4.779137362111500198e-01
1.075115617333579854e+00
-8.429070848539815808e-02
-2.473962682398112567e-01
-2.076238417539314207e-01
-6.054830091189776498e-02
-9.065383566160847839e-02
1.068077806926388762e+00
-3.298337052863765939e-02
-1.910380498843178981e-02
-5.945238137160406555e-02
-1.158211741890282365e-01
-7.209327318690207653e-02
1.005021971108335910e+00
-1.610451727894736049e-02
1.017537104781882640e+00
-9.775716809433881299e-03
-3.712094530651366409e-01
-4.374426606745246415e-01
-3.978530302797379792e-02
1.137057027106610718e+00
-1.824500000010256529e-01
-1.710899944337449241e-01
-4.802334074049127016e-02
-1.203606550766051220e-01
-1.424945277392814791e-01
-1.206939581236340098e-01
-5.263505888989062492e-02
1.031491861378872610e+00
-1.195911559574792810e-01
-3.937988692063942864e-02
