-7.803781200000003082e+01 5.814847501274178487e-01 0.000000000000000000e+00 2.779898109581091514e+00
-7.831739800000003981e+01 5.835680350271678085e-01 0.000000000000000000e+00 2.674951798526545410e+00
-7.814618000000005793e+01 5.822922348298570361e-01 0.000000000000000000e+00 2.478819684014669456e+00
-7.916986000000004253e+01 5.899200026228651472e-01 0.000000000000000000e+00 2.572582196152262135e+00
-7.809332800000005648e+01 5.818984176375742168e-01 0.000000000000000000e+00 2.234852307418939699e+00
-7.845146200000004910e+01 5.845669888617665011e-01 0.000000000000000000e+00 2.486362385103298323e+00
-7.790645200000005843e+01 5.805059446635136844e-01 0.000000000000000000e+00 2.598435080344250636e+00
-7.903468400000002703e+01 5.889127629198448455e-01 0.000000000000000000e+00 3.121596805855501700e+00
-7.918715000000003101e+01 5.900488359547081396e-01 0.000000000000000000e+00 2.780122556905386677e+00
-7.927716800000007424e+01 5.907195889255499877e-01 0.000000000000000000e+00 2.815504792993556826e+00
-7.946510400000005347e+01 5.921199602993646449e-01 0.000000000000000000e+00 2.400056258512337948e+00
-8.094064600000005782e+01 6.031146966865472692e-01 0.000000000000000000e+00 3.244629569600084640e+00
-7.870271000000005301e+01 5.864391182405349623e-01 0.000000000000000000e+00 2.651321404012297211e+00
-8.056866200000000333e+01 6.003429246731106783e-01 0.000000000000000000e+00 2.584525425314475822e+00
-7.900617800000004820e+01 5.887003555770157215e-01 0.000000000000000000e+00 2.599455681001487495e+00
-7.935176000000002716e+01 5.912753978260029131e-01 0.000000000000000000e+00 2.597543342110274711e+00
-7.948738200000005349e+01 5.922859608179765756e-01 0.000000000000000000e+00 2.531953510527139795e+00
-8.093161400000001038e+01 6.030473963595829323e-01 0.000000000000000000e+00 2.569617848293140661e+00
-8.013043400000007921e+01 5.970775473829478264e-01 0.000000000000000000e+00 2.748676930585206790e+00
-8.066594400000009557e+01 6.010678040362320562e-01 0.000000000000000000e+00 2.900990971344484581e+00
-7.948532400000004827e+01 5.922706260003401946e-01 0.000000000000000000e+00 2.995311273182899914e+00
-8.020924800000001653e+01 5.976648157586489374e-01 0.000000000000000000e+00 2.827803275931636939e+00
-8.116405600000003062e+01 6.047793962045956428e-01 0.000000000000000000e+00 2.747828583758675780e+00
-7.996385600000003535e+01 5.958363213128633484e-01 0.000000000000000000e+00 2.443836325766386874e+00
-7.973345400000006578e+01 5.941195221617180389e-01 0.000000000000000000e+00 2.358687259079816911e+00
-7.923065400000004388e+01 5.903729982027418055e-01 0.000000000000000000e+00 2.618688478254992624e+00
-8.083033400000002189e+01 6.022927266170112759e-01 0.000000000000000000e+00 2.506588804247677160e+00
-8.052737400000002310e+01 6.000352745513561903e-01 0.000000000000000000e+00 3.393660435345333681e+00
-8.131744800000006990e+01 6.059223691622634966e-01 0.000000000000000000e+00 2.667532296945715586e+00
-7.967383600000006538e+01 5.936752893347764237e-01 0.000000000000000000e+00 2.700760708756633210e+00
-8.143881200000005549e+01 6.068266912262195723e-01 0.000000000000000000e+00 2.093174104698847238e+00
-8.065542800000007162e+01 6.009894459496117891e-01 0.000000000000000000e+00 2.805778393233390844e+00
-8.180187600000002135e+01 6.095319974605901692e-01 0.000000000000000000e+00 2.279621865822345050e+00
-8.118430800000002989e+01 6.049303003478279095e-01 0.000000000000000000e+00 2.328932843998414270e+00
-8.052274800000003552e+01 6.000008047426167446e-01 0.000000000000000000e+00 2.836126413335660956e+00
-8.107089400000005242e+01 6.040852162820299354e-01 0.000000000000000000e+00 2.794715783956384758e+00
-8.186146400000006906e+01 6.099760067479164105e-01 0.000000000000000000e+00 2.683940831195348320e+00
-8.139446000000008041e+01 6.064962102583826287e-01 0.000000000000000000e+00 2.429747576946372778e+00
-8.183256800000005171e+01 6.097606933900829862e-01 0.000000000000000000e+00 2.270185246518686917e+00
-8.170729600000008475e+01 6.088272515655230865e-01 0.000000000000000000e+00 2.762965843529212151e+00
-8.143313800000002800e+01 6.067844124335717293e-01 0.000000000000000000e+00 2.544645759108621785e+00
-8.059190600000005134e+01 6.005161231673481481e-01 0.000000000000000000e+00 2.721005078483933470e+00
-8.123007600000006789e+01 6.052713323855258842e-01 0.000000000000000000e+00 2.729438379169020212e+00
-8.171776400000001672e+01 6.089052519887575565e-01 0.000000000000000000e+00 2.618729647823133888e+00
-8.017880800000000363e+01 5.974379975619279470e-01 0.000000000000000000e+00 2.604697199396008855e+00
-8.180471400000006099e+01 6.095531443082348177e-01 0.000000000000000000e+00 3.119874998694464274e+00
-8.115872400000006337e+01 6.047396657635670802e-01 0.000000000000000000e+00 3.191160242791915458e+00
-8.189542000000008670e+01 6.102290237875963586e-01 0.000000000000000000e+00 2.769538201888028794e+00
-8.210819800000001578e+01 6.118145008658435469e-01 0.000000000000000000e+00 3.218695918434901326e+00
-8.157341200000004733e+01 6.078296389686184131e-01 0.000000000000000000e+00 3.335873390134292293e+00
-8.056844600000005130e+01 6.003413151878780329e-01 0.000000000000000000e+00 1.925249789351496155e+00
-8.207912000000007424e+01 6.115978313676755374e-01 0.000000000000000000e+00 2.760691353024938621e+00
-8.206222800000001882e+01 6.114719636614002196e-01 0.000000000000000000e+00 3.025058338667106383e+00
-8.237124600000002772e+01 6.137745558267838630e-01 0.000000000000000000e+00 2.686563408024715383e+00
-8.122605600000001402e+01 6.052413780770229401e-01 0.000000000000000000e+00 2.301883378923801349e+00
-8.199997800000004133e+01 6.110081189588422168e-01 0.000000000000000000e+00 3.036764063354413512e+00
-8.200691400000003739e+01 6.110598013179898702e-01 0.000000000000000000e+00 2.658375785621701848e+00
-8.131148400000006404e+01 6.058779294866641907e-01 0.000000000000000000e+00 2.359589762526143719e+00
-8.253341000000007455e+01 6.149828917680797424e-01 0.000000000000000000e+00 2.625752535190742698e+00
-8.192672800000003974e+01 6.104623097305307278e-01 0.000000000000000000e+00 2.663866735302370170e+00
-8.263056400000007784e+01 6.157068173621735863e-01 0.000000000000000000e+00 2.802834737252176023e+00
-8.380704400000003318e+01 6.244731469310994543e-01 0.000000000000000000e+00 3.405262955726092056e+00
-8.228974200000004657e+01 6.131672433988755166e-01 0.000000000000000000e+00 2.697695133885571916e+00
-8.178637400000005186e+01 6.094164870898425290e-01 0.000000000000000000e+00 2.421433605028145308e+00
-8.275426000000001636e+01 6.166285159055889808e-01 0.000000000000000000e+00 2.960780469655753588e+00
-8.276192000000000348e+01 6.166855930207951753e-01 0.000000000000000000e+00 2.794751207228118872e+00
-8.263062800000007257e+01 6.157072942466870202e-01 0.000000000000000000e+00 2.449406844217802082e+00
-8.223600600000006011e+01 6.127668392392504604e-01 0.000000000000000000e+00 2.583131951557169792e+00
-8.280589400000006606e+01 6.170132573894751005e-01 0.000000000000000000e+00 2.864908093641773235e+00
-8.281117800000002660e+01 6.170526301671184211e-01 0.000000000000000000e+00 3.311064870412050443e+00
-8.202427600000001462e+01 6.111891711449104481e-01 0.000000000000000000e+00 2.194286090714479442e+00
-8.232706000000003144e+01 6.134453117781536458e-01 0.000000000000000000e+00 2.564827984071989420e+00
-8.227420600000002082e+01 6.130514796832297053e-01 0.000000000000000000e+00 2.670757744321360594e+00
-8.235046600000003991e+01 6.136197173863154886e-01 0.000000000000000000e+00 2.972027370084147080e+00
-8.269035200000010377e+01 6.161523169136042810e-01 0.000000000000000000e+00 2.604397150139072803e+00
-8.154802400000001228e+01 6.076404648431796840e-01 0.000000000000000000e+00 2.631329461157525085e+00
-8.329993600000004506e+01 6.206945226833102680e-01 0.000000000000000000e+00 2.720506466198950868e+00
-8.357485600000003956e+01 6.227430397214998026e-01 0.000000000000000000e+00 2.624735402626714009e+00
-8.089610800000005497e+01 6.027828297730928320e-01 0.000000000000000000e+00 2.664829689468868779e+00
-8.250617000000002577e+01 6.147799177970322271e-01 0.000000000000000000e+00 2.988065373289297888e+00
-8.253301400000006538e+01 6.149799410451525228e-01 0.000000000000000000e+00 2.847652953723912805e+00
-8.227126200000004985e+01 6.130295429956100772e-01 0.000000000000000000e+00 2.539161490751852934e+00
-8.306205400000003181e+01 6.189219876546524501e-01 0.000000000000000000e+00 2.274084450846053596e+00
-8.199295600000006345e+01 6.109557957861296851e-01 0.000000000000000000e+00 2.671691713083981679e+00
-8.269580600000007564e+01 6.161929564157365702e-01 0.000000000000000000e+00 2.443540878936618643e+00
-8.124662800000005802e+01 6.053946666428229317e-01 0.000000000000000000e+00 2.724278712661129642e+00
-8.328713800000005563e+01 6.205991606832567120e-01 0.000000000000000000e+00 2.865111216442010278e+00
-8.266824400000004403e+01 6.159875831194807638e-01 0.000000000000000000e+00 3.188045969477069530e+00
-8.215132600000002583e+01 6.121358614173606494e-01 0.000000000000000000e+00 2.535271757059872844e+00
-8.161857400000003793e+01 6.081661555060791091e-01 0.000000000000000000e+00 2.672337408784279944e+00
-8.100120600000003890e+01 6.035659486574214139e-01 0.000000000000000000e+00 2.612793314250849708e+00
-8.224139999999998452e+01 6.128070316621511138e-01 0.000000000000000000e+00 3.142548286941279745e+00
-8.109864800000005403e+01 6.042920202318259326e-01 0.000000000000000000e+00 2.687777496671203359e+00
-8.141303800000007129e+01 6.066346408910592292e-01 0.000000000000000000e+00 2.576307557035922180e+00
-8.244495200000007173e+01 6.143237628572540965e-01 0.000000000000000000e+00 2.927362784627871140e+00
-8.300392600000003540e+01 6.184888572952901287e-01 0.000000000000000000e+00 2.680934013731751442e+00
-8.285410600000004422e+01 6.173725004545309591e-01 0.000000000000000000e+00 2.868872619238815869e+00
-8.153920400000004065e+01 6.075747441961667494e-01 0.000000000000000000e+00 3.148913319050387294e+00
-8.265907000000001403e+01 6.159192247050023772e-01 0.000000000000000000e+00 2.524511101523851497e+00
-8.227847200000006467e+01 6.130832670165812237e-01 0.000000000000000000e+00 2.496598039356190402e+00
-8.261621800000004612e+01 6.155999207179499999e-01 0.000000000000000000e+00 2.595961105854066364e+00
-8.314308000000008292e+01 6.195257383513512739e-01 0.000000000000000000e+00 2.953982736454755287e+00
-8.249647200000005398e+01 6.147076548906001969e-01 0.000000000000000000e+00 2.416873450466886730e+00
-8.206126600000004601e+01 6.114647954910572558e-01 0.000000000000000000e+00 2.994149827098696814e+00
-8.338420000000004961e+01 6.213224007558623141e-01 0.000000000000000000e+00 2.668050175803682311e+00
-8.282034800000002406e+01 6.171209587763145654e-01 0.000000000000000000e+00 2.434558953211572785e+00
-8.228907400000002781e+01 6.131622659167660361e-01 0.000000000000000000e+00 2.868339483684001934e+00
-8.265889600000002702e+01 6.159179281752314994e-01 0.000000000000000000e+00 2.606251426041128028e+00
-8.266956200000004173e+01 6.159974039599300788e-01 0.000000000000000000e+00 2.572446084867768601e+00
-8.214951800000005733e+01 6.121223894298551960e-01 0.000000000000000000e+00 2.715306549294649763e+00
-8.265373800000001836e+01 6.158794942639735925e-01 0.000000000000000000e+00 2.819819321197366335e+00
-8.037527000000000044e+01 5.989018988945221666e-01 0.000000000000000000e+00 2.770737378917260241e+00
-8.259310800000011454e+01 6.154277207006634276e-01 0.000000000000000000e+00 2.532753042058495829e+00
-8.320311999999998420e+01 6.199731156355527961e-01 0.000000000000000000e+00 2.501718492346709510e+00
-8.225822600000000762e+01 6.129324075812716544e-01 0.000000000000000000e+00 2.944541897817731346e+00
-8.131350000000004741e+01 6.058929513488384710e-01 0.000000000000000000e+00 3.130896299138571148e+00
-8.072642000000000451e+01 6.015184300961816666e-01 0.000000000000000000e+00 2.530952489447082066e+00
-8.280102200000004586e+01 6.169769545558867474e-01 0.000000000000000000e+00 3.160205958240856372e+00
-8.248125600000007296e+01 6.145942755975219995e-01 0.000000000000000000e+00 2.882086556166619129e+00
-8.233734800000003418e+01 6.135219709636944296e-01 0.000000000000000000e+00 2.408382736558610127e+00
-8.293394600000004857e+01 6.179674138850891341e-01 0.000000000000000000e+00 2.989835148572644652e+00
-8.240592600000005064e+01 6.140329676225224631e-01 0.000000000000000000e+00 2.408775374788163504e+00
-8.248370000000008417e+01 6.146124866248803276e-01 0.000000000000000000e+00 2.170109401608475430e+00
-8.269060800000005429e+01 6.161542244516577949e-01 0.000000000000000000e+00 2.595098101089588383e+00
-8.314867600000007997e+01 6.195674359409980569e-01 0.000000000000000000e+00 3.656133150745995319e+00
-8.202447600000004968e+01 6.111906614090153456e-01 0.000000000000000000e+00 2.631426254093264916e+00
-8.247446400000002598e+01 6.145436662285292950e-01 0.000000000000000000e+00 2.926429065095264015e+00
-8.199366799999999955e+01 6.109611011263416103e-01 0.000000000000000000e+00 3.049994237877650338e+00
-8.246506200000003162e+01 6.144736089129718692e-01 0.000000000000000000e+00 2.911918210319775380e+00
-8.324478800000005663e+01 6.202835972591067559e-01 0.000000000000000000e+00 3.038582054058847071e+00
-8.312452400000005071e+01 6.193874716477257847e-01 0.000000000000000000e+00 2.344239605738960286e+00
-8.234374600000003852e+01 6.135696445124008136e-01 0.000000000000000000e+00 2.178785288832363332e+00
-8.227104800000006435e+01 6.130279484130182199e-01 0.000000000000000000e+00 2.400430162312033655e+00
-8.141182800000002828e+01 6.066256247932261259e-01 0.000000000000000000e+00 2.350908600454924002e+00
-8.299153600000002484e+01 6.183965354340098530e-01 0.000000000000000000e+00 2.509063821207609735e+00
-8.270969800000003147e+01 6.162964701604420892e-01 0.000000000000000000e+00 2.654276733076928796e+00
-8.281941200000004244e+01 6.171139843403051772e-01 0.000000000000000000e+00 2.520166708421960777e+00
-8.125759400000006849e+01 6.054763778236784688e-01 0.000000000000000000e+00 2.867558644379140542e+00
-8.316562400000003663e+01 6.196937209212219910e-01 0.000000000000000000e+00 2.540141659181847977e+00
-8.066122000000002856e+01 6.010326039980807833e-01 0.000000000000000000e+00 2.597842807742104299e+00
-8.277118200000006709e+01 6.167546071514798944e-01 0.000000000000000000e+00 2.738526183156616334e+00
-8.236824800000006519e+01 6.137522167678560736e-01 0.000000000000000000e+00 2.837643015840698002e+00
-8.151801200000002723e+01 6.074168358116427413e-01 0.000000000000000000e+00 2.665283501257750043e+00
-8.241708400000005952e+01 6.141161094569184131e-01 0.000000000000000000e+00 2.426797232448187014e+00
-8.267130000000001644e+01 6.160103543549989569e-01 0.000000000000000000e+00 3.018668498834972791e+00
-8.229613200000005691e+01 6.132148573370177491e-01 0.000000000000000000e+00 2.608544062699817090e+00
-8.187813600000002623e+01 6.101002351636759524e-01 0.000000000000000000e+00 2.970476281761746495e+00
-8.294936000000006970e+01 6.180822685396311078e-01 0.000000000000000000e+00 2.527560042108722982e+00
-8.246297000000002697e+01 6.144580207504376501e-01 0.000000000000000000e+00 2.706255475614401274e+00
-8.162276600000006965e+01 6.081973914417118099e-01 0.000000000000000000e+00 2.463624127676274700e+00
-8.217740800000002821e+01 6.123302067592421016e-01 0.000000000000000000e+00 3.100414488799779100e+00
-8.103705000000003622e+01 6.038330337902486633e-01 0.000000000000000000e+00 3.160189915706544284e+00
-8.249801200000003121e+01 6.147191299242054097e-01 0.000000000000000000e+00 2.683880619335450302e+00
-8.323671400000006315e+01 6.202234352972039177e-01 0.000000000000000000e+00 3.286834520915652202e+00
-8.177680600000005029e+01 6.093451928550781549e-01 0.000000000000000000e+00 2.069241756887891803e+00
-8.268240400000003376e+01 6.160930938180867456e-01 0.000000000000000000e+00 2.301790879755424957e+00
-8.276947600000006844e+01 6.167418951986676223e-01 0.000000000000000000e+00 2.496854747097845717e+00
-8.240230000000005361e+01 6.140059491343060616e-01 0.000000000000000000e+00 3.246037197705671229e+00
-8.177464799999999912e+01 6.093291129053891586e-01 0.000000000000000000e+00 2.673703306843573824e+00
-8.280336400000001618e+01 6.169944055485514500e-01 0.000000000000000000e+00 2.647574101423658455e+00
-8.242959800000004122e+01 6.142093552819434255e-01 0.000000000000000000e+00 2.866909629660904457e+00
-8.185788000000003706e+01 6.099493012151616655e-01 0.000000000000000000e+00 2.980258069904739848e+00
-8.183795200000008663e+01 6.098008112997792551e-01 0.000000000000000000e+00 2.361145851962217712e+00
-8.175253400000005399e+01 6.091643344033433882e-01 0.000000000000000000e+00 2.593413600542494812e+00
-8.182009400000002586e+01 6.096677456178786203e-01 0.000000000000000000e+00 2.498208329369937086e+00
-8.222854400000005626e+01 6.127112374855075982e-01 0.000000000000000000e+00 2.701079846325588729e+00
-8.166320800000005420e+01 6.084987377463038083e-01 0.000000000000000000e+00 2.553834262741323080e+00
-8.226764800000005096e+01 6.130026139232398474e-01 0.000000000000000000e+00 2.741551316371625191e+00
-8.109999800000002779e+01 6.043020795145318536e-01 0.000000000000000000e+00 2.441601986193871809e+00
-8.150679400000004193e+01 6.073332468980155996e-01 0.000000000000000000e+00 2.267548891672515499e+00
-8.159947600000005252e+01 6.080238501867305523e-01 0.000000000000000000e+00 2.648029225292658939e+00
-8.222319000000003086e+01 6.126713431154271472e-01 0.000000000000000000e+00 2.756055344091800308e+00
-8.261327400000008936e+01 6.155779840303305939e-01 0.000000000000000000e+00 2.867110459186350102e+00
-8.209289800000006210e+01 6.117004956618417033e-01 0.000000000000000000e+00 2.580308977739298015e+00
-8.226436200000003396e+01 6.129781288840011610e-01 0.000000000000000000e+00 2.950935062584725710e+00
-8.315682000000006724e+01 6.196281194953374705e-01 0.000000000000000000e+00 3.133307271007019335e+00
-8.181036800000003950e+01 6.095952740744717824e-01 0.000000000000000000e+00 2.665553495344150203e+00
-8.249468600000007257e+01 6.146943468321461879e-01 0.000000000000000000e+00 2.548232052172880735e+00
-8.216908000000005075e+01 6.122681521619265377e-01 0.000000000000000000e+00 2.577129522424811636e+00
-8.156642800000005877e+01 6.077775989460857398e-01 0.000000000000000000e+00 2.615726043329754891e+00
-8.194889400000006674e+01 6.106274757012443155e-01 0.000000000000000000e+00 2.472689713603714257e+00
-8.227019400000006044e+01 6.130215849852915788e-01 0.000000000000000000e+00 2.193360026263840634e+00
-8.274296800000001895e+01 6.165443755942430215e-01 0.000000000000000000e+00 3.142257255794298043e+00
-8.234852800000005857e+01 6.136052767271420461e-01 0.000000000000000000e+00 2.715128561573972199e+00
-8.225614600000005794e+01 6.129169088345841621e-01 0.000000000000000000e+00 3.034798038757182681e+00
-8.186787000000005321e+01 6.100237399071868349e-01 0.000000000000000000e+00 3.125399876007787459e+00
-8.333999200000006624e+01 6.209929927781806525e-01 0.000000000000000000e+00 2.897513553490755456e+00
-8.222350400000004811e+01 6.126736828300715088e-01 0.000000000000000000e+00 3.022978324214500301e+00
-8.158737000000004969e+01 6.079336445004788203e-01 0.000000000000000000e+00 2.644249973417640120e+00
-8.068137000000002956e+01 6.011827481066197576e-01 0.000000000000000000e+00 2.563104859010420622e+00
-8.129467800000004729e+01 6.057527025939540843e-01 0.000000000000000000e+00 2.993279501965169676e+00
-8.192745400000005418e+01 6.104677193892306120e-01 0.000000000000000000e+00 2.689743575755348726e+00
-8.241347000000006062e+01 6.140891803845481833e-01 0.000000000000000000e+00 3.105637635840909905e+00
-8.235156200000004389e+01 6.136278840336087947e-01 0.000000000000000000e+00 2.732296108255451106e+00
-8.236390000000008627e+01 6.137198184262221412e-01 0.000000000000000000e+00 2.731127128332020426e+00
-8.198358400000009283e+01 6.108859620101881882e-01 0.000000000000000000e+00 2.743232396785172167e+00
-8.283564400000003047e+01 6.172349341750347218e-01 0.000000000000000000e+00 2.909261668364353959e+00
-8.225917800000009095e+01 6.129395012384102337e-01 0.000000000000000000e+00 3.047167969220342609e+00
-8.156603200000004961e+01 6.077746482231585201e-01 0.000000000000000000e+00 2.373857825211778128e+00
-8.179587000000006469e+01 6.094872448295292067e-01 0.000000000000000000e+00 2.656103210598852904e+00
