-8.093221400000003030e+01 6.208095847370781462e-01 0.000000000000000000e+00 3.341063384976149298e+00
-8.030476000000004433e+01 6.159965512374433461e-01 0.000000000000000000e+00 2.572981989360934918e+00
-8.154913200000001439e+01 6.255417993703861201e-01 0.000000000000000000e+00 3.423279875445815801e+00
-7.908942000000003247e+01 6.066739998895416264e-01 0.000000000000000000e+00 2.843731251064845367e+00
-8.064308400000007282e+01 6.185917450615812108e-01 0.000000000000000000e+00 2.627208327811331845e+00
-8.017254000000008318e+01 6.149823266260431298e-01 0.000000000000000000e+00 3.338065590255602899e+00
-8.134297600000006412e+01 6.239604312794178043e-01 0.000000000000000000e+00 3.005895890490668521e+00
-8.105024200000003987e+01 6.217149462741707877e-01 0.000000000000000000e+00 2.585672405960479647e+00
-7.982016800000005219e+01 6.122793743134695710e-01 0.000000000000000000e+00 2.569003400640218704e+00
-8.145108600000001786e+01 6.247897144645521150e-01 0.000000000000000000e+00 2.703051717686676181e+00
-8.157412600000004943e+01 6.257335217265908023e-01 0.000000000000000000e+00 2.563657695465443975e+00
-8.092829600000000312e+01 6.207795307964677489e-01 0.000000000000000000e+00 3.004361106822190930e+00
-8.109502000000004784e+01 6.220584264560593546e-01 0.000000000000000000e+00 2.926968593178708389e+00
-8.063466200000007689e+01 6.185271421295194250e-01 0.000000000000000000e+00 2.802064076830262263e+00
-7.966664000000005785e+01 6.111017016759027198e-01 0.000000000000000000e+00 2.420138172197044302e+00
-8.125518000000003838e+01 6.232869714096359592e-01 0.000000000000000000e+00 2.303757614828171540e+00
-7.966967800000003308e+01 6.111250053695148621e-01 0.000000000000000000e+00 3.029589077965738841e+00
-8.108174599999999543e+01 6.219566051166871556e-01 0.000000000000000000e+00 2.817372074172538543e+00
-8.014218800000004705e+01 6.147495044705048040e-01 0.000000000000000000e+00 2.585827919906832140e+00
-8.113948400000005279e+01 6.223994980270872723e-01 0.000000000000000000e+00 2.314544413609230578e+00
-8.106113800000001390e+01 6.217985266051782034e-01 0.000000000000000000e+00 2.481223120294270057e+00
-8.003275000000002137e+01 6.139100345489916233e-01 0.000000000000000000e+00 2.614714705162675124e+00
-7.958684000000002357e+01 6.104895770049769688e-01 0.000000000000000000e+00 3.010148833798116375e+00
-8.023362200000003952e+01 6.154508704750335513e-01 0.000000000000000000e+00 2.243369530960159786e+00
-8.061266400000000942e+01 6.183584012960474663e-01 0.000000000000000000e+00 2.309517739659520341e+00
-8.011445200000001421e+01 6.145367489583142273e-01 0.000000000000000000e+00 2.841759972181132188e+00
-7.988524000000006708e+01 6.127785243960067740e-01 0.000000000000000000e+00 2.707033513578353201e+00
-8.169662200000006180e+01 6.266731561086671398e-01 0.000000000000000000e+00 3.518598593149427245e+00
-8.052880000000004657e+01 6.177151027571694542e-01 0.000000000000000000e+00 2.749659073963588884e+00
-8.297272000000003800e+01 6.364617659873466060e-01 0.000000000000000000e+00 2.866543057659197036e+00
-8.249083400000009192e+01 6.327653460728911439e-01 0.000000000000000000e+00 2.609590592922711227e+00
-8.271069600000002708e+01 6.344518492608481885e-01 0.000000000000000000e+00 2.672530585056913210e+00
-8.277125600000005079e+01 6.349163889860519605e-01 0.000000000000000000e+00 2.526205886677257428e+00
-8.259512000000005116e+01 6.335652963665264759e-01 0.000000000000000000e+00 2.739884443924707647e+00
-8.248618600000003198e+01 6.327296924955665425e-01 0.000000000000000000e+00 3.286131837516474086e+00
-8.251207200000003184e+01 6.329282571475913777e-01 0.000000000000000000e+00 2.540375729868526111e+00
-8.331481600000009280e+01 6.390858938247520049e-01 0.000000000000000000e+00 2.647640875229467117e+00
-8.309837400000002106e+01 6.374256245512621710e-01 0.000000000000000000e+00 2.789514372370324402e+00
-8.285637200000005009e+01 6.355692912854314924e-01 0.000000000000000000e+00 2.408594735444741008e+00
-8.241654000000004032e+01 6.321954564701121049e-01 0.000000000000000000e+00 3.206417388723287409e+00
-8.251670200000000932e+01 6.329637726516811336e-01 0.000000000000000000e+00 2.547863927276170060e+00
-8.339613200000003701e+01 6.397096473302775754e-01 0.000000000000000000e+00 3.101939870496811746e+00
-8.309957600000001321e+01 6.374348447750021185e-01 0.000000000000000000e+00 2.486899655228525852e+00
-8.256171000000004767e+01 6.333090171026716231e-01 0.000000000000000000e+00 2.708205965247476588e+00
-8.197069800000005557e+01 6.287755205360927580e-01 0.000000000000000000e+00 2.581008667520150457e+00
-8.167011000000003662e+01 6.264697895763915447e-01 0.000000000000000000e+00 2.684928849404325302e+00
-8.242356400000005578e+01 6.322493357143299519e-01 0.000000000000000000e+00 2.899402182252142079e+00
-8.314178200000006314e+01 6.377585958258932264e-01 0.000000000000000000e+00 3.116421367899242956e+00
-8.269607600000004766e+01 6.343397031118642726e-01 0.000000000000000000e+00 3.382011387155951621e+00
-8.373254800000003684e+01 6.422902053916066389e-01 0.000000000000000000e+00 3.202679987939393236e+00
-8.397407000000004018e+01 6.441428567045297537e-01 0.000000000000000000e+00 2.721657380581311347e+00
-8.223190000000001021e+01 6.307791319182362022e-01 0.000000000000000000e+00 2.774045155662856477e+00
-8.370623200000002839e+01 6.420883423234352572e-01 0.000000000000000000e+00 3.535905673443637820e+00
-8.367343200000006220e+01 6.418367422080676343e-01 0.000000000000000000e+00 3.004752547430302734e+00
-8.298775400000005220e+01 6.365770878207138717e-01 0.000000000000000000e+00 2.893387848649246141e+00
-8.342744600000003175e+01 6.399498487331015673e-01 0.000000000000000000e+00 2.996695233740533038e+00
-8.278861200000004317e+01 6.350495222666104889e-01 0.000000000000000000e+00 2.750505177007203983e+00
-8.409307200000004912e+01 6.450556895377311806e-01 0.000000000000000000e+00 2.903998443041572397e+00
-8.368638400000006072e+01 6.419360935706970306e-01 0.000000000000000000e+00 3.048937941622069658e+00
-8.237015600000005122e+01 6.318396570874529328e-01 0.000000000000000000e+00 2.971308991895182938e+00
-8.277407000000003734e+01 6.349379744349739063e-01 0.000000000000000000e+00 2.720665353318461932e+00
-8.331538000000007571e+01 6.390902201194186283e-01 0.000000000000000000e+00 2.571999257819143736e+00
-8.234586400000004858e+01 6.316533195873761386e-01 0.000000000000000000e+00 2.786289870695329185e+00
-8.405041600000004109e+01 6.447284866559893635e-01 0.000000000000000000e+00 2.586460053553950811e+00
-8.500512400000006608e+01 6.520517989408254333e-01 0.000000000000000000e+00 2.344019466561701126e+00
-8.375473600000006513e+01 6.424604036647709737e-01 0.000000000000000000e+00 2.551884595231096675e+00
-8.434803000000003692e+01 6.470114048491322212e-01 0.000000000000000000e+00 2.971337815944973482e+00
-8.430918200000002116e+01 6.467134121271257419e-01 0.000000000000000000e+00 3.181742021438233259e+00
-8.566257000000007338e+01 6.570948931313174146e-01 0.000000000000000000e+00 3.256952275727054147e+00
-8.565298400000004619e+01 6.570213614634539123e-01 0.000000000000000000e+00 3.115346707190717712e+00
-8.554270400000005736e+01 6.561754327828818179e-01 0.000000000000000000e+00 2.853347957691211079e+00
-8.369279200000003982e+01 6.419852476420162546e-01 0.000000000000000000e+00 1.856513591626775872e+00
-8.544716600000005258e+01 6.554425860809910409e-01 0.000000000000000000e+00 3.026659404217025173e+00
-8.522932000000005814e+01 6.537715470952464303e-01 0.000000000000000000e+00 2.582014112582608600e+00
-8.391635200000003181e+01 6.437001172088344658e-01 0.000000000000000000e+00 2.733866206315950009e+00
-8.486392000000004998e+01 6.509686604441666802e-01 0.000000000000000000e+00 2.585871407897503360e+00
-8.466552600000004247e+01 6.494468326000113478e-01 0.000000000000000000e+00 2.791961387920757431e+00
-8.502217000000004532e+01 6.521825542934642783e-01 0.000000000000000000e+00 2.997076391765950198e+00
-8.488839600000004282e+01 6.511564093595245684e-01 0.000000000000000000e+00 2.962372682953836378e+00
-8.578957600000005357e+01 6.580691225292566449e-01 0.000000000000000000e+00 3.069879183919561161e+00
-8.408787600000007956e+01 6.450158323975042629e-01 0.000000000000000000e+00 2.662492353102122067e+00
-8.558756200000003389e+01 6.565195266235880345e-01 0.000000000000000000e+00 2.910078460630617148e+00
-8.444826200000005656e+01 6.477802579821675399e-01 0.000000000000000000e+00 2.789700685105986011e+00
-8.561374400000009643e+01 6.567203618132397835e-01 0.000000000000000000e+00 2.133515774789763952e+00
-8.492564800000008063e+01 6.514421595881128013e-01 0.000000000000000000e+00 2.402048847200946025e+00
-8.513344999999999629e+01 6.530361537092607138e-01 0.000000000000000000e+00 2.664892607819707493e+00
-8.563010000000004140e+01 6.568458243585734158e-01 0.000000000000000000e+00 2.988067323420429133e+00
-8.435665600000004360e+01 6.470775726111799298e-01 0.000000000000000000e+00 2.817548617752314133e+00
-8.366830800000002455e+01 6.417974373607763239e-01 0.000000000000000000e+00 2.485009638892754946e+00
-8.530376000000002534e+01 6.543425566253676662e-01 0.000000000000000000e+00 2.454040739908633473e+00
-8.600865000000004557e+01 6.597495811778570918e-01 0.000000000000000000e+00 3.061175502659200465e+00
-8.533145200000005559e+01 6.545549746252082857e-01 0.000000000000000000e+00 2.879362869988197016e+00
-8.508003200000003119e+01 6.526263983750316688e-01 0.000000000000000000e+00 2.588303488944998065e+00
-8.604523600000004535e+01 6.600302226967853514e-01 0.000000000000000000e+00 3.670516442938626334e+00
-8.610966000000004783e+01 6.605244021428969825e-01 0.000000000000000000e+00 3.062724406587552739e+00
-8.587156800000006740e+01 6.586980614517945476e-01 0.000000000000000000e+00 2.653950286841534112e+00
-8.633786600000006217e+01 6.622749099455689237e-01 0.000000000000000000e+00 3.267785678598975174e+00
-8.500252600000001735e+01 6.520318703707114194e-01 0.000000000000000000e+00 2.525663309639787801e+00
-8.661306600000008871e+01 6.643858962793872669e-01 0.000000000000000000e+00 2.458231925683271424e+00
-8.529694600000004812e+01 6.542902882355471350e-01 0.000000000000000000e+00 2.427538466086021529e+00
-8.686293000000000575e+01 6.663025368655535186e-01 0.000000000000000000e+00 3.182047008188789938e+00
-8.776310800000001677e+01 6.732075639585903826e-01 0.000000000000000000e+00 2.670414557673459921e+00
-8.748594600000004107e+01 6.710815276422618103e-01 0.000000000000000000e+00 2.104799118869047803e+00
-8.744256400000006124e+01 6.707487558067469768e-01 0.000000000000000000e+00 2.844745294434293914e+00
-8.781476400000008198e+01 6.736038034573543776e-01 0.000000000000000000e+00 2.880345463620992419e+00
-8.740551200000001586e+01 6.704645397252037009e-01 0.000000000000000000e+00 2.766197916525479084e+00
-8.892863800000002072e+01 6.821480359849532160e-01 0.000000000000000000e+00 2.861756669479271764e+00
-8.921883000000005381e+01 6.843740219812592951e-01 0.000000000000000000e+00 2.565785482168189802e+00
-8.915958600000001866e+01 6.839195769436110517e-01 0.000000000000000000e+00 2.493982313085608027e+00
-8.722460600000003694e+01 6.690768576986569904e-01 0.000000000000000000e+00 2.880054945106485409e+00
-8.747261200000004067e+01 6.709792460587765683e-01 0.000000000000000000e+00 2.178137389591243256e+00
-8.615066600000007213e+01 6.608389483115183483e-01 0.000000000000000000e+00 2.296316986011832650e+00
-8.752337800000005075e+01 6.713686586031901715e-01 0.000000000000000000e+00 2.270618014905219528e+00
-8.739934800000004600e+01 6.704172573132792801e-01 0.000000000000000000e+00 3.106566552635811274e+00
-8.779606000000002552e+01 6.734603300257124836e-01 0.000000000000000000e+00 2.254630289386306607e+00
-8.792710200000006182e+01 6.744655185110187690e-01 0.000000000000000000e+00 2.712413023061334361e+00
-8.835376600000004998e+01 6.777383450849000512e-01 0.000000000000000000e+00 2.658881736393187811e+00
-8.868815800000001559e+01 6.803033775781341941e-01 0.000000000000000000e+00 2.709423995932222606e+00
-8.735042000000007079e+01 6.700419435802088541e-01 0.000000000000000000e+00 2.478453835304859965e+00
-8.686617200000003436e+01 6.663274053891520277e-01 0.000000000000000000e+00 2.663741825088016046e+00
-8.775686800000011090e+01 6.731596985707894998e-01 0.000000000000000000e+00 2.511982290232237958e+00
-8.953668600000008837e+01 6.868122111968194554e-01 0.000000000000000000e+00 3.144303567894605411e+00
-8.730162200000006578e+01 6.696676270427173172e-01 0.000000000000000000e+00 2.437844779390188954e+00
-8.995823600000004205e+01 6.900458096307617861e-01 0.000000000000000000e+00 2.453697692208947956e+00
-8.894087000000004650e+01 6.822418644182211001e-01 0.000000000000000000e+00 2.747122427085101126e+00
-8.787572600000007128e+01 6.740714268181181579e-01 0.000000000000000000e+00 2.424653392395821339e+00
-8.951929200000003561e+01 6.866787864283218079e-01 0.000000000000000000e+00 2.266226829949693933e+00
-8.881607000000003893e+01 6.812845566621872351e-01 0.000000000000000000e+00 2.587910032685203365e+00
-8.967493600000005927e+01 6.878726903416243488e-01 0.000000000000000000e+00 3.313318343710986547e+00
-8.934079600000006849e+01 6.853095908736666075e-01 0.000000000000000000e+00 2.605141115079716130e+00
-8.879420200000006957e+01 6.811168130242952756e-01 0.000000000000000000e+00 2.830033290091524822e+00
-8.910950200000003463e+01 6.835353958406208408e-01 0.000000000000000000e+00 2.381687959867492044e+00
-8.964318400000001930e+01 6.876291291567715458e-01 0.000000000000000000e+00 2.334666781697035898e+00
-8.738411400000005358e+01 6.703004013328673905e-01 0.000000000000000000e+00 2.878874394270065640e+00
-8.862140200000006018e+01 6.797913099774791634e-01 0.000000000000000000e+00 2.355699094415562911e+00
-8.836548200000009956e+01 6.778282154187922348e-01 0.000000000000000000e+00 2.369237244021924038e+00
-8.746248000000005618e+01 6.709015261694807331e-01 0.000000000000000000e+00 2.826948573706964396e+00
-8.915361000000001468e+01 6.838737366299085796e-01 0.000000000000000000e+00 2.194369421929450503e+00
-8.814268400000000270e+01 6.761191909522143995e-01 0.000000000000000000e+00 2.633735577437990472e+00
-8.970238800000005597e+01 6.880832673650107978e-01 0.000000000000000000e+00 3.081696786167443136e+00
-8.831563600000006886e+01 6.774458599507851009e-01 0.000000000000000000e+00 2.195027701144547372e+00
-8.762299200000005328e+01 6.721327712218564399e-01 0.000000000000000000e+00 2.834574133145751240e+00
-8.959614400000008061e+01 6.872682977718054254e-01 0.000000000000000000e+00 2.812112929766800384e+00
-8.893910600000003797e+01 6.822283332412848456e-01 0.000000000000000000e+00 2.369867810737062985e+00
-8.688315800000003719e+01 6.664577004976776076e-01 0.000000000000000000e+00 2.375499734141228281e+00
-8.848670000000005587e+01 6.787580466012510527e-01 0.000000000000000000e+00 2.545771694636446369e+00
-8.807717400000005625e+01 6.756166810876492734e-01 0.000000000000000000e+00 2.790858802208135092e+00
-8.732594200000004037e+01 6.698541793233800945e-01 0.000000000000000000e+00 2.723529062406666590e+00
-9.009538600000004749e+01 6.910978509668198599e-01 0.000000000000000000e+00 2.720404623834069113e+00
-8.901811400000005392e+01 6.828343826899124780e-01 0.000000000000000000e+00 3.127201263240362739e+00
-8.821498600000008139e+01 6.766738004504262438e-01 0.000000000000000000e+00 2.407975983009696286e+00
-8.953838600000007375e+01 6.868252514467012571e-01 0.000000000000000000e+00 2.776500847354016699e+00
-8.901720000000005939e+01 6.828273716379171798e-01 0.000000000000000000e+00 2.809275163856795654e+00
-8.877769000000009214e+01 6.809901538442664215e-01 0.000000000000000000e+00 2.251201715694858496e+00
-8.933420600000009415e+01 6.852590407285364948e-01 0.000000000000000000e+00 2.460391794283538935e+00
-8.873154600000007974e+01 6.806361954380609758e-01 0.000000000000000000e+00 2.350008720354334724e+00
-8.875669200000004366e+01 6.808290837460192479e-01 0.000000000000000000e+00 2.270031035861345803e+00
-8.874662200000005896e+01 6.807518394423073271e-01 0.000000000000000000e+00 2.260630910040447361e+00
-8.881974000000001013e+01 6.813127082604614193e-01 0.000000000000000000e+00 2.890827871707062346e+00
-8.887950800000005813e+01 6.817711727633675167e-01 0.000000000000000000e+00 2.561029758865355443e+00
-8.902560000000005402e+01 6.828918058138040426e-01 0.000000000000000000e+00 2.941211373333487700e+00
-8.859090600000006077e+01 6.795573832360688460e-01 0.000000000000000000e+00 2.230449156642597686e+00
-8.959206600000007370e+01 6.872370165135593956e-01 0.000000000000000000e+00 2.331691251986399482e+00
-8.903883800000009785e+01 6.829933510067079938e-01 0.000000000000000000e+00 2.982639253161704307e+00
-8.855367200000007699e+01 6.792717710807151255e-01 0.000000000000000000e+00 2.720663439220498692e+00
-8.883160400000004131e+01 6.814037138631666712e-01 0.000000000000000000e+00 3.040312910395104318e+00
-8.945438000000007150e+01 6.861808636634209035e-01 0.000000000000000000e+00 3.131064721029050979e+00
-8.779805200000004106e+01 6.734756101302801223e-01 0.000000000000000000e+00 2.687204435482489995e+00
-8.897038600000001907e+01 6.824682738391111281e-01 0.000000000000000000e+00 2.735482056718760990e+00
-8.949508800000003816e+01 6.864931239529449281e-01 0.000000000000000000e+00 2.642239895717497067e+00
-8.903657400000003008e+01 6.829759844621589027e-01 0.000000000000000000e+00 2.816456263492415513e+00
-8.778106599999998139e+01 6.733453150217540983e-01 0.000000000000000000e+00 3.274647915632697526e+00
-8.822807400000003497e+01 6.767741950330458112e-01 0.000000000000000000e+00 2.499455899361403777e+00
-8.835620000000005803e+01 6.777570156544369118e-01 0.000000000000000000e+00 2.666408051247515676e+00
-8.852127800000003788e+01 6.790232852838481437e-01 0.000000000000000000e+00 2.718224260509092716e+00
-8.813665200000002642e+01 6.760729210773396280e-01 0.000000000000000000e+00 2.238203041966180251e+00
-8.923363200000005691e+01 6.844875642040542107e-01 0.000000000000000000e+00 2.981921533795471202e+00
-8.900648800000008976e+01 6.827452027221911912e-01 0.000000000000000000e+00 2.378962176289943109e+00
-8.825650599999997326e+01 6.769922893769519945e-01 0.000000000000000000e+00 2.603509951476734141e+00
-8.857398600000007605e+01 6.794275943960682573e-01 0.000000000000000000e+00 2.288429864304873718e+00
-8.926532400000006362e+01 6.847306651447933046e-01 0.000000000000000000e+00 2.797880346721370426e+00
-8.894547400000007542e+01 6.822771804831955222e-01 0.000000000000000000e+00 2.486845536771758347e+00
-8.946230000000004168e+01 6.862416158863997584e-01 0.000000000000000000e+00 2.785511786426908998e+00
-8.899627800000003219e+01 6.826668845155472454e-01 0.000000000000000000e+00 3.060552387046258094e+00
-8.895437200000003486e+01 6.823454346852240171e-01 0.000000000000000000e+00 2.422398890659980708e+00
-8.883032400000000450e+01 6.813938953220788353e-01 0.000000000000000000e+00 2.482262004546691436e+00
-8.923259800000003850e+01 6.844796326638318273e-01 0.000000000000000000e+00 2.611758556059015302e+00
-8.766448400000004426e+01 6.724510453677967625e-01 0.000000000000000000e+00 2.575071614840953593e+00
-8.766364800000002333e+01 6.724446326331487978e-01 0.000000000000000000e+00 2.248214667510218145e+00
-8.979705200000003629e+01 6.888094098443150459e-01 0.000000000000000000e+00 2.664211028530101277e+00
-8.900394800000007933e+01 6.827257190547205701e-01 0.000000000000000000e+00 2.447955033029269423e+00
-8.964260200000005341e+01 6.876246647888710761e-01 0.000000000000000000e+00 2.710035779031767955e+00
-8.952008200000008742e+01 6.866848463091497212e-01 0.000000000000000000e+00 3.069746364818955797e+00
-8.893748200000003123e+01 6.822158759672799500e-01 0.000000000000000000e+00 2.678320966590219232e+00
-8.840686000000005151e+01 6.781456151009165323e-01 0.000000000000000000e+00 2.799152956510128742e+00
-8.960417200000001969e+01 6.873298784341883572e-01 0.000000000000000000e+00 2.614553195816358588e+00
-8.862652800000003595e+01 6.798306301662404572e-01 0.000000000000000000e+00 2.649712392019217155e+00
-8.783547200000005262e+01 6.737626490423858083e-01 0.000000000000000000e+00 2.129942422045318917e+00
-8.868115400000007753e+01 6.802496517486213978e-01 0.000000000000000000e+00 2.706203806498517661e+00
-8.903777400000006992e+01 6.829851893444288669e-01 0.000000000000000000e+00 2.527084236328300371e+00
-8.869989400000002888e+01 6.803934013267305403e-01 0.000000000000000000e+00 2.674502516860080448e+00
-8.945699000000001888e+01 6.862008842823568155e-01 0.000000000000000000e+00 2.761574955171469448e+00
-8.927558400000006600e+01 6.848093668881980456e-01 0.000000000000000000e+00 2.437712093055761642e+00
-8.926856800000003034e+01 6.847555490098616859e-01 0.000000000000000000e+00 2.469593689514306689e+00
-8.857692800000003785e+01 6.794501616990987758e-01 0.000000000000000000e+00 2.520937268464114922e+00
-8.907037400000002947e+01 6.832352553127514216e-01 0.000000000000000000e+00 3.017094345662777677e+00
-8.903510600000005581e+01 6.829647238228494510e-01 0.000000000000000000e+00 2.677921434029072234e+00
-8.910683600000007232e+01 6.835149456605121854e-01 0.000000000000000000e+00 2.218397526358505178e+00
-8.931776000000006377e+01 6.851328878170319658e-01 0.000000000000000000e+00 3.095070752148984639e+00
-8.828720200000006457e+01 6.772277502654079351e-01 0.000000000000000000e+00 2.655962558074746571e+00
-8.844618200000000741e+01 6.784472437514191823e-01 0.000000000000000000e+00 2.476189518716614746e+00
-8.854255000000000564e+01 6.791864571635461978e-01 0.000000000000000000e+00 2.278075970101865799e+00
-8.857217200000006585e+01 6.794136796823706526e-01 0.000000000000000000e+00 2.484565912376938801e+00
-8.997559400000011465e+01 6.901789582527915190e-01 0.000000000000000000e+00 2.740712562725026835e+00
-8.817281800000006342e+01 6.763503408874738110e-01 0.000000000000000000e+00 2.616993475533681668e+00
-8.832930600000005938e+01 6.775507189013056930e-01 0.000000000000000000e+00 2.685168685249861298e+00
-8.977741600000005917e+01 6.886587872874443406e-01 0.000000000000000000e+00 2.684760258684209422e+00
-8.881602600000005054e+01 6.812842191498375000e-01 0.000000000000000000e+00 2.977578252306746887e+00
-8.951812000000006719e+01 6.866697963266388260e-01 0.000000000000000000e+00 2.962906637037012736e+00
-8.884546600000004446e+01 6.815100455948505109e-01 0.000000000000000000e+00 2.362014963312707216e+00
-8.856940400000003422e+01 6.793924470872686472e-01 0.000000000000000000e+00 2.768798615741002500e+00
-8.839998800000006440e+01 6.780929018084530524e-01 0.000000000000000000e+00 2.563818961260168727e+00
-8.959593800000004649e+01 6.872667176003489642e-01 0.000000000000000000e+00 3.052955848929216121e+00
-8.912442000000004327e+01 6.836498278687018759e-01 0.000000000000000000e+00 2.471489913130756388e+00
-8.883164000000004989e+01 6.814039900096348079e-01 0.000000000000000000e+00 2.646144982094258857e+00
-8.963679800000008413e+01 6.875801438416275779e-01 0.000000000000000000e+00 2.458047650086745417e+00
-8.920238800000005597e+01 6.842478997526959539e-01 0.000000000000000000e+00 2.340305419905787332e+00
-8.870916000000005397e+01 6.804644783593222224e-01 0.000000000000000000e+00 3.048069406935305370e+00
-8.860806000000003735e+01 6.796889670281119900e-01 0.000000000000000000e+00 2.630798946512197922e+00
-8.788304200000003163e+01 6.741275459170212869e-01 0.000000000000000000e+00 2.301531684856847892e+00
-8.847997400000006962e+01 6.787064532361303248e-01 0.000000000000000000e+00 2.748073766180171962e+00
-8.910753000000003965e+01 6.835202691507578088e-01 0.000000000000000000e+00 2.470524897954712085e+00
-8.956599000000001354e+01 6.870369944218414071e-01 0.000000000000000000e+00 2.424329769943508239e+00
-8.906768800000003239e+01 6.832146517179381595e-01 0.000000000000000000e+00 2.615431421749525587e+00
-8.933967400000004488e+01 6.853009843087444208e-01 0.000000000000000000e+00 2.308992034520428671e+00
-8.902888800000008018e+01 6.829170271912228252e-01 0.000000000000000000e+00 2.322089167033110524e+00
-8.924401800000006801e+01 6.845672324600973191e-01 0.000000000000000000e+00 2.663070080074855461e+00
-8.965877799999999809e+01 6.877487466018642470e-01 0.000000000000000000e+00 2.787228303109116290e+00
-8.917047800000010227e+01 6.840031265916783898e-01 0.000000000000000000e+00 2.876526107580447800e+00
-8.719976600000006783e+01 6.688863166356774359e-01 0.000000000000000000e+00 2.938959115549708567e+00
-8.936329600000007645e+01 6.854821824162208310e-01 0.000000000000000000e+00 2.666494311927065208e+00
-8.930444399999996108e+01 6.850307443067800151e-01 0.000000000000000000e+00 2.465742350091416402e+00
-8.965247600000012085e+01 6.877004056284795608e-01 0.000000000000000000e+00 2.401123110240142022e+00
-9.048007600000011053e+01 6.940487061003831615e-01 0.000000000000000000e+00 2.973669681448777524e+00
-8.834437800000003449e+01 6.776663322226111896e-01 0.000000000000000000e+00 2.409512400968337076e+00
-8.874421800000004623e+01 6.807333989948272102e-01 0.000000000000000000e+00 2.443929558920562961e+00
-8.900392800000004456e+01 6.827255656400158523e-01 0.000000000000000000e+00 2.309551093295278079e+00
-8.936425800000004926e+01 6.854895616635067190e-01 0.000000000000000000e+00 2.556546863345322329e+00
-8.929324000000002570e+01 6.849448013893237874e-01 0.000000000000000000e+00 2.324969172381700311e+00
-8.963996200000008230e+01 6.876044140478783095e-01 0.000000000000000000e+00 2.409218867112849605e+00
-8.978738600000009740e+01 6.887352645176342270e-01 0.000000000000000000e+00 2.680287938738951325e+00
-8.924199000000005810e+01 6.845516762090617657e-01 0.000000000000000000e+00 2.298269724282933968e+00
-8.923365600000002473e+01 6.844877483016994502e-01 0.000000000000000000e+00 2.487223660436340023e+00
-8.991857400000003508e+01 6.897415729302824872e-01 0.000000000000000000e+00 2.430282345263819366e+00
-8.938195600000001662e+01 6.856253183355119907e-01 0.000000000000000000e+00 2.321083559322579593e+00
-8.943831600000000037e+01 6.860576409727719982e-01 0.000000000000000000e+00 2.340628965316110754e+00
-8.879450600000008365e+01 6.811191449278036769e-01 0.000000000000000000e+00 2.584377631732247327e+00
-9.000006600000004653e+01 6.903666764852081084e-01 0.000000000000000000e+00 2.609480726865562428e+00
-9.023275000000002422e+01 6.921515338402156603e-01 0.000000000000000000e+00 2.611382949122877051e+00
-8.947156200000002002e+01 6.863126622360501417e-01 0.000000000000000000e+00 2.742342861322497605e+00
-8.924072200000003363e+01 6.845419497167967160e-01 0.000000000000000000e+00 2.634454709130640282e+00
-8.959729600000004268e+01 6.872771344587839115e-01 0.000000000000000000e+00 2.439331620409014967e+00
-8.961034800000004452e+01 6.873772528949357863e-01 0.000000000000000000e+00 2.883835254211014387e+00
-8.998010800000005815e+01 6.902135839515950444e-01 0.000000000000000000e+00 3.347041808434740862e+00
-8.925343400000002703e+01 6.846394601029721638e-01 0.000000000000000000e+00 2.651695983161560299e+00
-8.965161800000008441e+01 6.876938241376565619e-01 0.000000000000000000e+00 2.924937035958071974e+00
-8.872353600000006679e+01 6.805747528489115572e-01 0.000000000000000000e+00 2.206314832498990519e+00
-8.946219000000003518e+01 6.862407721055250320e-01 0.000000000000000000e+00 2.600279792618284791e+00
-8.953357000000006849e+01 6.867883091858593136e-01 0.000000000000000000e+00 2.465011829893549944e+00
-8.994886400000000037e+01 6.899739195002362324e-01 0.000000000000000000e+00 2.901641358966446038e+00
-8.981152800000003822e+01 6.889204514074267482e-01 0.000000000000000000e+00 2.668867456018364948e+00
-8.889025400000002719e+01 6.818536024840911036e-01 0.000000000000000000e+00 2.796030119612773479e+00
-8.908407400000002951e+01 6.833403443853288683e-01 0.000000000000000000e+00 2.823672864082802381e+00
-9.005911600000003148e+01 6.908196334002223438e-01 0.000000000000000000e+00 2.616343402101721782e+00
-8.941892400000006091e+01 6.859088900752964291e-01 0.000000000000000000e+00 2.633310402781635862e+00
-8.981626400000006072e+01 6.889567800094508199e-01 0.000000000000000000e+00 2.102607910033959637e+00
-9.001265600000006373e+01 6.904632510416863767e-01 0.000000000000000000e+00 2.812882642929300570e+00
-8.996177200000002472e+01 6.900729333505160046e-01 0.000000000000000000e+00 2.878244595641480164e+00
-8.973752800000004015e+01 6.883528170008041958e-01 0.000000000000000000e+00 3.161210234368278638e+00
-8.953457800000003886e+01 6.867960412869655862e-01 0.000000000000000000e+00 2.731917987868670128e+00
-8.891653400000002705e+01 6.820551894057943487e-01 0.000000000000000000e+00 3.159298534604083830e+00
-8.825156600000002527e+01 6.769543959449426662e-01 0.000000000000000000e+00 2.478259882354731047e+00
-8.889967600000008474e+01 6.819258761513780076e-01 0.000000000000000000e+00 2.701653882949584418e+00
-8.814775400000004879e+01 6.761580815798036159e-01 0.000000000000000000e+00 2.576570746084763996e+00
-8.779655600000003801e+01 6.734641347103840214e-01 0.000000000000000000e+00 2.429035328922894976e+00
-8.962932000000004962e+01 6.875227820836175008e-01 0.000000000000000000e+00 2.603397504039750565e+00
-8.874185800000002189e+01 6.807152960596969393e-01 0.000000000000000000e+00 2.218285388876059194e+00
-8.838519199999998932e+01 6.779794056100688637e-01 0.000000000000000000e+00 2.550742657063156837e+00
-8.816713600000002771e+01 6.763067557699272703e-01 0.000000000000000000e+00 2.564852492244678039e+00
-8.971178800000004117e+01 6.881553722761222236e-01 0.000000000000000000e+00 3.365968152537238023e+00
-8.864675800000010497e+01 6.799858091398351956e-01 0.000000000000000000e+00 2.434530356683219487e+00
-8.888995600000004060e+01 6.818513166049943175e-01 0.000000000000000000e+00 2.733142324527805922e+00
-9.007424000000004582e+01 6.909356455997598401e-01 0.000000000000000000e+00 3.231082081872570289e+00
-8.998536200000005181e+01 6.902538859944652438e-01 0.000000000000000000e+00 2.871218242227681294e+00
-8.886190200000004324e+01 6.816361217990025700e-01 0.000000000000000000e+00 2.505828336683351143e+00
-8.909449000000005014e+01 6.834202427634287202e-01 0.000000000000000000e+00 2.643523554373074180e+00
-8.842326000000001329e+01 6.782714151586002327e-01 0.000000000000000000e+00 2.639164960912653957e+00
-8.970730600000005950e+01 6.881209920408455361e-01 0.000000000000000000e+00 2.561554379188424324e+00
-8.837975800000006643e+01 6.779377228348587581e-01 0.000000000000000000e+00 2.435204970411146697e+00
-8.899216600000005428e+01 6.826353424523037283e-01 0.000000000000000000e+00 2.779842825010366170e+00
