9.208475162145969284e-01
-3.888873849575026909e-01
9.756174487885226343e-01
-6.054959668839352688e-02
1.029872254843927117e-02
-1.615956728159250455e-01
-1.186440470182134263e-02
-1.282974662139565736e-01
-1.506075496949439430e-01
8.119631209322571196e-04
-9.638979696020122390e-02
-1.055054582235662730e-01
-5.384868512176796407e-02
-5.900402778810681648e-02
-1.591114951747819584e-01
5.952402015777607386e-02
-2.373546564580093429e-02
2.291181603945845191e-02
3.661770432349086002e-02
-5.623069311492987291e-03
-1.132161798658640750e-01
1.122491220214065555e+00
1.090777475472260782e+00
-6.347576278942820838e-02
8.279073257735922731e-01
9.679948127796859925e-02
2.055940669213027483e-01
2.158283851759286165e-01
1.824659414827842219e-01
1.556457593762816394e-01
1.292033903373832060e-01
5.897432051473998349e-02
2.612164907790172075e-01
2.032158128486538096e-01
-8.924008945366471504e-03
1.990328804636949667e-01
1.238116768384791705e-01
-1.507983121159675068e-02
1.463917794937381334e-01
1.142151439258198564e-01
1.272475817526071695e-01
5.332140871111105268e-02
6.091318757990240446e-02
8.292612611616903551e-02
1.458995776204395634e-01
9.313985333400839894e-02
2.315021751210324108e-01
1.105464943500609198e-01
1.371691979665048966e-01
2.119733465280439211e-01
2.345740122689861928e-01
5.557911175658758474e-02
9.552658336517971804e-02
1.745979745263679106e-01
9.824236114483360371e-02
1.612232681255133249e-01
8.122843713818771183e-02
8.922579437532812685e-02
-1.896363721224511925e-02
3.551805185270972415e-02
8.613445760501492465e-02
5.184382440801923141e-03
2.916708827407809568e-01
1.528564757826076648e-01
4.660672707164986023e-02
5.315421735298772599e-02
2.836570408371991703e-01
1.286459888560100850e+00
-2.198475904577537957e-03
-9.714141857511029987e-02
-8.083368330329566975e-02
-8.931728387555348814e-02
-1.419090483519895030e-01
-8.083008958801778110e-02
-3.291029399685498069e-02
1.440147799400163797e-01
9.330958618164085783e-01
-1.648939539862165071e-01
1.029408939978015525e+00
-5.613017019879636138e-02
-2.501208712426614134e-01
6.583079245815224301e-01
-2.119127748868472882e-01
-3.517563375637871442e-02
6.526206319773913966e-01
6.534975107364014990e-01
-4.709135675721216191e-02
-7.737385440314868690e-02
-1.083047653623687712e-01
-2.291728685110951680e-01
2.849199228455654986e-01
-1.582479056603999790e-01
-3.662259415253697054e-02
-1.736067333576386262e-01
-4.514792812144746148e-01
-1.923962759639666620e-01
-1.071027778915920048e-01
3.179178936852012916e-01
-1.708770805684943495e-01
-1.704537982112775130e-01
-2.064063151265800311e-01
6.635433600440899804e-01
-2.140038999151059884e-01
-5.423590942922520280e-02
-1.049567652891520847e-01
-8.798458813191180339e-02
-1.643142648089804952e-02
-6.021681966265846064e-02
-1.430070342171285702e-01
-2.003350665878828041e-01
-2.077499596213467359e-01
6.454004668906757614e-01
-5.137173381804446826e-02
-1.683771879038944708e-01
6.596023941500047671e-01
9.998778165133852536e-01
-1.244715407664858942e-01
-6.593727277582686619e-03
7.136959799665404391e-01
-8.636987502541043984e-03
6.313833285078065405e-01
-5.101423110107788927e-02
-5.857790676823106113e-02
-1.956567799886963638e-02
-3.628446176282901225e-02
-5.250455772699943319e-02
2.004696007926289221e-03
-1.159329494756332207e-01
-4.193765738411362465e-01
6.343885781481001240e-01
-1.447869194777127722e-01
-4.103373122285036700e-02
-1.287791697333053736e-02
-8.319393523866124018e-02
1.079337666263049077e-02
-7.482216051648750421e-02
-1.791083662456539535e-02
-2.150044361589714403e-01
2.674995599794388612e-01
-2.762179948101503579e-01
6.434383302021521311e-01
-1.025373535772999001e-01
-1.301909321053666690e-01
-2.620580420587252379e-01
-3.893379853809638136e-01
-2.345619564272934388e-01
-1.376668340820609016e-01
-1.122076888992703109e-01
-3.751194188952573783e-02
-1.431966562829645739e-01
-1.171656989114593789e-01
-4.667189327674983734e-02
-8.351425369998946580e-02
-2.061608793403544859e-01
-5.512027149496444983e-02
-1.268167835063096528e-02
-4.481782771634174045e-01
2.723691404874723498e-01
-9.705527550431262973e-02
-7.606943601080098927e-02
-6.473029712683271708e-02
-5.542665157453515595e-02
-1.317799848613272484e-01
-4.271808886048366477e-02
6.314671291014791743e-01
-5.888305878274099903e-02
-6.562419603386532296e-02
-4.654622628287827246e-01
-1.822328772336305192e-01
-7.012871241097343167e-02
-6.426742441329355571e-02
-7.141451010594812576e-02
-7.296475552372373719e-02
-1.698252894650388867e-01
-1.980803991537398723e-01
-9.121318599619346323e-02
-5.522247443621138008e-02
-9.090682788629134148e-02
2.496773786736633249e-01
-3.947878898950241827e-02
3.681481269356685296e-03
-5.119937917162728502e-02
6.545503122431421961e-01
-1.566081857766088159e-01
-7.745557978933413634e-02
-8.808793165434758432e-02
-6.802565120177497815e-02
-1.111061732708455291e-01
1.012129984364144475e+00
-1.157720310597961377e-01
-5.478615476850904470e-02
-6.191448636777754921e-02
-4.435132574658778859e-01
-6.357067901764887341e-02
-3.824935577542522280e-02
6.577819817777507128e-01
-1.063106492593416802e-01
9.976768300264752254e-01
-1.904756583988125862e-01
-9.040849044874298135e-02
-7.204379846491455741e-02
-1.644066430906429288e-01
-5.179249734133489075e-02
-4.565420885580397103e-02
2.876654517406471712e-01
-3.006500291648103382e-02
2.950756742436601576e-01
6.583044149995467276e-01
-1.819516808470657276e-01
-8.598283069684109492e-02
-8.269716651304284682e-02
-1.900278483925727513e-01
6.847263780595632676e-01
-1.878951859945993119e-01
-8.439636475067707755e-02
6.624036921736320416e-01
-1.940884516912709523e-01
-1.378790537756555690e-01
6.420973931251048317e-01
6.347263744445343914e-01
6.268004556485585743e-01
-5.882756855003473673e-02
-5.817811244363778334e-02
-2.246393317464578585e-02
-1.909933520464434098e-01
-1.776064790847061703e-01
6.535223866305325258e-01
-8.762746166692213234e-02
-1.821470380120231991e-01
-1.032320979421065404e-01
6.574922443748294487e-01
6.622173211640217660e-01
-5.943550420485035207e-02
-6.240417053874735415e-02
2.908799966130434789e-01
6.149899461635700559e-01
-4.137223494337338020e-02
-3.182071023710846686e-02
-8.860995393032762568e-02
-1.938994112708134765e-01
-1.001103372747791237e-01
-6.545213838501548476e-02
-1.657023443111971528e-01
-4.364667691122361970e-01
-1.142651431453388516e-01
-1.358939484494496308e-01
-1.259260108791010746e-01
-1.027621009892328574e-01
-4.477357248179200666e-02
-1.520382581970956826e-01
-4.493503958694713973e-01
-2.430130558190727111e-02
2.808214439382807903e-01
5.716832373505959485e-03
-4.303801113547096879e-02
2.747899770767029404e-01
5.896469761622461503e-01
-1.482297475288644195e-01
5.726911091014167399e-01
-1.420494943107997732e-01
-7.870687628286528181e-02
-2.038748469080361447e-01
-1.916293326185363466e-01
-1.020887213290126994e-01
-2.075120609676462113e-01
-1.178638570645465511e-01
-1.736353432026293830e-01
-6.867937411074742649e-02
6.682195419637781963e-01
7.608041808070072909e-01
-2.308540120291029951e-01
-1.544608106107940859e-01
6.450585447810897044e-01
-1.853406408250085277e-02
2.778021377934895009e-01
-3.995900320002302442e-01
-4.084923790003548438e-01
6.362484783054053183e-01
-1.355048349182083334e-01
-2.558666450723245250e-02
2.817421536309245855e-01
-1.644054841202133577e-01
-1.594220512727308470e-01
-1.932751074184115847e-01
6.354752250565351979e-01
-3.616117585860906258e-02
-1.424006042215819057e-01
-9.479742523248574360e-02
-5.353640569246700953e-02
-3.598173084509277697e-02
-4.539382563473837867e-02
-4.314828551504231724e-01
-4.625505464018864199e-02
-6.959527644890217690e-02
-6.994804819745052693e-02
-1.886124486058004257e-01
3.107347749771233181e-01
-1.149981200615541321e-01
-2.092184771576089952e-01
-1.053121409730432695e-01
-4.405736611342442322e-02
-6.390143340452800191e-02
3.020864297905162532e-01
-1.766810824502327848e-01
-9.446433635147473418e-02
-1.105237956544927319e-01
-2.315333419902089809e-02
-1.870066655958845803e-01
-1.975449429655052325e-01
-2.743306021761870994e-01
-5.269798795193383206e-02
5.381399470692797005e-01
6.201373463149180143e-01
7.969536841066751087e-01
4.549235283378486039e-01
6.320413590330606901e-01
5.840956282186244852e-01
-1.874076759018800387e-01
6.270024117253181206e-01
1.003284415588023615e+00
-1.509669024381799646e-02
-3.988995655678208296e-02
-1.234256785418302860e-01
-1.207772917224353426e-01
-6.270615723353860360e-02
-1.298026907786317408e-01
-6.549762703308827094e-02
-4.923183326480219668e-02
-6.690160775891108857e-02
-4.275757140624934782e-02
-1.202248226743757864e-01
-1.289478021789242368e-01
-7.668334775021386218e-02
-1.373265443206959091e-01
-4.631036286395207729e-02
-8.236845828769771838e-02
-5.967530079651265501e-02
-9.762413836501852848e-02
-9.622234793673840880e-02
-6.989909436864531755e-02
-1.054569000650920629e-01
-1.672662519502367828e-01
-8.151681906610551420e-02
-4.788093504416611468e-02
-1.754634353907710276e-01
-1.023374009980425464e-01
-1.060655451003136157e-01
-1.105823251595182549e-01
-1.094386033183591400e-01
-9.671233038147587779e-02
-4.022932383509898041e-02
-7.658182101698866873e-02
-7.381186766978636848e-02
-1.244674850890544748e-01
-8.143629342109781621e-02
-2.130115898133860819e-02
-1.527726071088350290e-01
-1.342073697417099087e-01
-5.980697633122817464e-02
-9.565866842169018502e-02
-3.145228621141649833e-02
-1.069294242199446826e-01
-2.185002177770460977e-02
-5.857383881384978924e-02
-2.091489356736863509e-02
-6.246084390858974017e-02
-7.013461577515993361e-02
-4.475138637661955215e-02
-3.531416730491351852e-02
-9.555817241672304174e-02
-1.085869640967654648e-01
-5.265655673668251380e-02
-4.684807760408130628e-01
-1.105766561541117882e-01
-1.325808086405810826e-01
-6.930848707790686347e-02
-5.151115996210644393e-02
-1.527505913157750084e-01
-1.106407078839497793e-01
-8.036639749127942600e-02
-1.244462197771929457e-01
-1.101300931371597819e-01
-7.393813188115598567e-02
-9.394095978292074656e-02
-8.705556619122496731e-02
-3.315955872659499815e-02
-1.347716973252588435e-01
-1.122819890260158410e-01
-1.149221517776872065e-01
-9.721481040631904658e-02
-9.470292564623408738e-02
-1.244064077286936715e-01
-1.275345839463513584e-02
-1.081393703515589888e-01
-1.025702167428867162e-01
-5.711999660863920775e-02
-1.519085499448758203e-01
-1.161753173876289985e-01
-1.194978227109653318e-01
-8.766498427263527682e-02
-1.031398229454077997e-01
-6.583390212663552121e-02
-5.283281126847475667e-02
-4.650582301043444389e-01
-9.190140624618732546e-02
-9.804428897040597113e-02
-1.252484168368734330e-01
-1.076862870245554049e-01
-1.477053065910695906e-01
-1.508963451139160583e-01
-1.494544783356795969e-01
-1.033700618696093976e-01
-1.702246826003220581e-01
-1.473822210796997823e-01
-9.491267884634703444e-02
-8.666827004899865794e-02
-9.977062995832028033e-03
-3.456727584234686734e-02
-1.213687221523417348e-01
-1.327262717233940181e-01
-9.400074202177399751e-02
-7.467445837909923723e-02
-5.456933069791737589e-02
-1.297145851324822963e-01
-8.934610205831475249e-02
-8.084736106377438114e-02
-7.636060096502689243e-02
-3.487662316020358200e-02
5.876326900990552771e-01
-9.119625927799014653e-02
-7.698767026782345202e-02
-6.226191335516400444e-02
-1.011098036450418097e-01
-1.528552168867053640e-01
-2.833085452888804701e-02
-1.439524516868469772e-01
-6.676542278807415243e-03
-2.017895359252357135e-02
-9.374473489116830205e-02
-7.131286701290047436e-02
-7.860011578344100469e-02
-9.718144057902884658e-02
-2.388351978593377528e-02
5.966877097638774163e-01
-1.093900302492899212e-01
-3.167363510441271318e-02
-1.314498614579749647e-01
-5.069173099851574660e-02
-9.865834532896969322e-02
-1.322856481588428057e-01
-1.387921352839923128e-01
-7.277997984440957857e-02
-5.884466266313747446e-02
-1.312776555306799375e-01
-1.197409452128414542e-01
-1.259409857500741747e-01
-1.162883713796603741e-01
-7.611670489143027019e-02
-8.513750974767733681e-02
-1.031260369549819311e-01
-7.561435370761725172e-02
-6.372748009428921834e-02
-5.931106719901687446e-02
-4.868747990455379870e-02
-9.117667544112630085e-02
-6.031692913592668487e-02
-1.682968085482337561e-01
-9.571561615783891197e-02
-9.050902121324493066e-02
-1.011708742942169226e-01
-1.024422775980989575e-01
2.384860017966642654e-01
-9.739248218946147673e-02
-1.052224093868313892e-01
-3.758524817617065611e-02
-5.752030569509863911e-02
-1.281280272849493751e-01
-8.762581659890388008e-02
-1.150230164580192810e-01
-6.958047049648151405e-02
-8.294180088014620200e-02
-1.356799057069806580e-01
-5.652681249726075607e-02
-7.153112372112804818e-02
-1.105166537554079648e-01
-1.390089731013823271e-01
-1.569365982969626871e-01
-1.439746728686971122e-01
-7.763020049446156534e-02
-9.313557449182101322e-02
-1.673155409900609764e-02
-5.078913481871724644e-02
-1.297732573082524543e-01
-8.708532846961851426e-02
-7.831228491792835422e-02
-1.996233302271564758e-01
-1.245498155062951806e-01
-9.904461074293970102e-02
-1.081776361380664964e-01
-1.022184807254968020e-01
-3.325966820846511934e-02
-9.770350444073652718e-02
-2.987631953895876213e-01
-1.417849639819726282e-01
-1.471792065556936091e-01
-7.459934405743616492e-02
-1.763820844126813212e-02
-6.284517670707708004e-02
-1.000028014980033630e-01
-1.234050679170654446e-01
-1.370151294897977712e-01
-1.639121510442738960e-01
-4.825148185222973007e-02
-2.924292019449330551e-02
-9.552145272259941755e-02
5.986800953465535313e-01
-9.765286991515725878e-02
2.417374840252361490e-01
-5.269108613326312779e-02
-7.215265285954874930e-02
5.931732515104383152e-01
-1.286568985217898253e-01
-7.686398287709218964e-03
-5.335848267907881276e-02
-3.714821939559034836e-02
-5.251599117075922418e-02
-7.877624147419978740e-02
-8.115670838163405176e-02
-1.859968981148978628e-01
-1.830387568218268535e-01
-1.034044624251584804e-01
-1.050471855832971341e-01
-1.274088635193620644e-01
-1.394800743551767030e-01
-3.809752011944698286e-02
-8.464340438991491133e-02
-1.567813517542120672e-01
-1.206637421226491313e-01
-1.079369308256055704e-01
-8.243803244498229543e-02
-8.526544889246530368e-02
-7.570840766098847763e-02
-2.393673113215546988e-02
-1.364753233640776942e-01
1.011508982866442308e+00
-1.615834034758877741e-02
1.001593505883909829e+00
-1.992590980565209918e-02
-1.191363389567895170e-01
-5.551399314462238110e-02
-4.565327360069404428e-02
-6.714318469392910327e-02
-1.064783517668735358e-01
-8.111187170249299638e-02
1.006578880776545004e+00
-5.183661240896608735e-02
-1.333272767455585470e-02
-1.018913533452125465e-02
-9.828676779264999830e-02
-1.187398951013201882e-03
-1.019908186219334184e-01
-3.002640251015259790e-02
-7.337664266365317989e-02
-8.296524994797235819e-02
-7.477044494794683749e-02
-1.304211384275337782e-01
-5.703573457370441496e-02
-6.870061508888052060e-02
-9.414749195723527697e-02
-9.320424676188233948e-02
-5.145124888222026710e-02
-7.630803382396597612e-02
-6.259947685903327619e-02
-4.450478464135066564e-02
-6.934275879242217389e-02
-4.498201182391958070e-02
-1.126631078264966612e-01
-8.619787144112718569e-02
-9.355443668688805114e-02
-1.004299095191200503e-01
-5.450606975120087655e-02
-2.091321863395308872e-02
-2.599728575710587297e-02
-1.084588961109470839e-01
-8.135396400164324193e-02
-4.026217829826209821e-02
-7.431421885359250877e-03
-6.308082695462573219e-02
-1.191749912663943589e-01
-7.837928225457430065e-02
-7.463683679775268143e-02
-5.136170436497201897e-02
-9.819825400365797541e-02
-7.710001964773843808e-02
-1.441751762767662648e-01
-8.626589950602964185e-02
-6.561255323364201253e-02
1.033118458437384035e+00
1.027176954246197038e+00
-4.536724650963186445e-02
