-1.282470800000000821e+01 4.848972523753892760e-01 0.000000000000000000e+00 1.598718090238727907e+00
-1.364306000000000196e+01 5.158388251796902635e-01 0.000000000000000000e+00 1.573963079925859043e+00
-1.322201200000000654e+01 4.999191630463964420e-01 0.000000000000000000e+00 1.518185607774136692e+00
-1.443687400000001020e+01 5.458526256886079286e-01 0.000000000000000000e+00 1.585767588574611198e+00
-1.362448000000000192e+01 5.151363225613745378e-01 0.000000000000000000e+00 1.275073614670259925e+00
-1.339977200000000579e+01 5.066401999372363019e-01 0.000000000000000000e+00 1.231944434507145525e+00
-1.380951800000000773e+01 5.221325378190662114e-01 0.000000000000000000e+00 1.305684336407308521e+00
-1.373887400000000802e+01 5.194615154849274719e-01 0.000000000000000000e+00 1.441981275787314942e+00
-1.320975000000000676e+01 4.994555415659988062e-01 0.000000000000000000e+00 1.039568954719292115e+00
-1.422460000000000235e+01 5.378266277983840826e-01 0.000000000000000000e+00 1.267866757011695489e+00
-1.392760200000001269e+01 5.265972482163320256e-01 0.000000000000000000e+00 1.420165073203631056e+00
-1.340050400000000508e+01 5.066678765742980151e-01 0.000000000000000000e+00 1.313920834901356915e+00
-1.517904000000000941e+01 5.739136352809068864e-01 0.000000000000000000e+00 1.521197590815548839e+00
-1.468459800000000293e+01 5.552189743764250895e-01 0.000000000000000000e+00 1.327469779600852107e+00
-1.248651600000000883e+01 4.721103435759579359e-01 0.000000000000000000e+00 1.202880458952299003e+00
-1.547205200000001035e+01 5.849923057436587914e-01 0.000000000000000000e+00 1.407082596017789511e+00
-1.499345400000001050e+01 5.668967003550327011e-01 0.000000000000000000e+00 1.210687859864896243e+00
-1.599351000000000411e+01 6.047084311657083822e-01 0.000000000000000000e+00 1.367466248101564474e+00
-1.688833000000000339e+01 6.385412294930110644e-01 0.000000000000000000e+00 1.227698220865026446e+00
-1.736923800000000284e+01 6.567241750887581331e-01 0.000000000000000000e+00 1.536815005972357540e+00
-1.642807000000000528e+01 6.211389767962404163e-01 0.000000000000000000e+00 1.166808589592772449e+00
-1.758811400000000091e+01 6.649997920471258928e-01 0.000000000000000000e+00 1.472776825449055416e+00
-1.768725600000001208e+01 6.687483127459992183e-01 0.000000000000000000e+00 1.204527079696098957e+00
-1.848407800000000378e+01 6.988758445722410562e-01 0.000000000000000000e+00 1.404175370179302496e+00
-1.942652600000001328e+01 7.345094391700038861e-01 0.000000000000000000e+00 1.368369527046511935e+00
-1.959582000000001401e+01 7.409103798731870860e-01 0.000000000000000000e+00 9.611255758355684575e-01
-2.020304200000002481e+01 7.638692089850774858e-01 0.000000000000000000e+00 1.157133884606725616e+00
-2.071884400000000070e+01 7.833714832333269484e-01 0.000000000000000000e+00 1.130897071678635735e+00
-2.176961400000001134e+01 8.231006907816386109e-01 0.000000000000000000e+00 1.087182249598669825e+00
-2.070174200000000297e+01 7.827248632237233661e-01 0.000000000000000000e+00 1.054923764508721717e+00
-2.036782200000001453e+01 7.700994770930462696e-01 0.000000000000000000e+00 9.542546685452496513e-01
-2.102095800000001091e+01 7.947942967979042539e-01 0.000000000000000000e+00 8.343381018011654104e-01
-2.121854000000000795e+01 8.022647958469923957e-01 0.000000000000000000e+00 1.261854908498203809e+00
-2.194646800000000653e+01 8.297874721626723460e-01 0.000000000000000000e+00 1.008886728270725008e+00
-2.207180999999999926e+01 8.345266047345197835e-01 0.000000000000000000e+00 8.598342374310211644e-01
-2.123735400000001405e+01 8.029761459148608838e-01 0.000000000000000000e+00 1.011997956980809965e+00
-2.140482800000000196e+01 8.093082731215239800e-01 0.000000000000000000e+00 9.871168966707686288e-01
-2.280750000000001521e+01 8.623427592699726141e-01 0.000000000000000000e+00 1.004862855912148412e+00
-2.265803400000001844e+01 8.566915075827187254e-01 0.000000000000000000e+00 1.020964093415848151e+00
-2.326780400000001592e+01 8.797466755897360713e-01 0.000000000000000000e+00 8.001498942805476133e-01
-2.308496800000000349e+01 8.728337171009101780e-01 0.000000000000000000e+00 1.009125985355243893e+00
-2.293567200000001449e+01 8.671888930479468849e-01 0.000000000000000000e+00 9.424203025629428465e-01
-2.243971199999999655e+01 8.484368371502136741e-01 0.000000000000000000e+00 8.562653514990419268e-01
-2.244410400000001360e+01 8.486028969725847304e-01 0.000000000000000000e+00 1.057849242464075523e+00
-2.282171400000000006e+01 8.628801851158676151e-01 0.000000000000000000e+00 1.233261399132357106e+00
-2.391007399999999805e+01 9.040306560346033082e-01 0.000000000000000000e+00 8.930930851322896880e-01
-2.370852799999999405e+01 8.964102796777105864e-01 0.000000000000000000e+00 7.245030157384726444e-01
-2.330217800000000850e+01 8.810463432432333875e-01 0.000000000000000000e+00 1.036228672120807826e+00
-2.333763200000001703e+01 8.823868452792813510e-01 0.000000000000000000e+00 9.137095541082446148e-01
-2.367555600000000027e+01 8.951636211023015210e-01 0.000000000000000000e+00 7.010002118646923019e-01
-2.368409200000002457e+01 8.954863639629021543e-01 0.000000000000000000e+00 7.807666058846561841e-01
-2.320787800000002932e+01 8.774808966927942766e-01 0.000000000000000000e+00 9.702328917108385964e-01
-2.337069199999999114e+01 8.836368311006753684e-01 0.000000000000000000e+00 7.775115913494975439e-01
-2.385523400000000649e+01 9.019571768317815597e-01 0.000000000000000000e+00 7.594978048684538630e-01
-2.368667200000001216e+01 8.955839127656602949e-01 0.000000000000000000e+00 8.137001736152049691e-01
-2.323082200000001762e+01 8.783484004643027365e-01 0.000000000000000000e+00 9.837627717220561729e-01
-2.354289400000001820e+01 8.901477221598370626e-01 0.000000000000000000e+00 7.025091137580575795e-01
-2.334404600000001295e+01 8.826293561400926357e-01 0.000000000000000000e+00 9.304583620556010626e-01
-2.305829000000001372e+01 8.718250322326960289e-01 0.000000000000000000e+00 7.564694349143235019e-01
-2.290929600000000832e+01 8.661916266830007594e-01 0.000000000000000000e+00 9.724406524873898672e-01
-2.316942200000001861e+01 8.760268901971022260e-01 0.000000000000000000e+00 8.573741424355947327e-01
-2.351198400000001243e+01 8.889790270074073852e-01 0.000000000000000000e+00 8.083072733968577062e-01
-2.314761800000000846e+01 8.752024893849513765e-01 0.000000000000000000e+00 8.238556675078760883e-01
-2.371066600000001756e+01 8.964911166313153101e-01 0.000000000000000000e+00 8.510320422957889930e-01
-2.366858999999999824e+01 8.949002393348531870e-01 0.000000000000000000e+00 7.141273996488953779e-01
-2.404296800000000900e+01 9.090553268073944260e-01 0.000000000000000000e+00 9.514385154399764843e-01
-2.392565800000001985e+01 9.046198810509568089e-01 0.000000000000000000e+00 7.684673274575160029e-01
-2.338840800000000186e+01 8.843066662129513977e-01 0.000000000000000000e+00 7.859724319425822614e-01
-2.341306000000001930e+01 8.852387488042716690e-01 0.000000000000000000e+00 8.072526571806700746e-01
-2.364571200000000317e+01 8.940352309978336631e-01 0.000000000000000000e+00 8.488100166108961675e-01
-2.392389799999999411e+01 9.045533361312445564e-01 0.000000000000000000e+00 9.555630566045730800e-01
-2.364218399999999320e+01 8.939018386815028583e-01 0.000000000000000000e+00 6.295167793625440211e-01
-2.387128400000000639e+01 9.025640211280122616e-01 0.000000000000000000e+00 7.032418361740534474e-01
-2.387381000000001663e+01 9.026595282116437469e-01 0.000000000000000000e+00 7.954489678823211118e-01
-2.365964200000000872e+01 8.945619189135033400e-01 0.000000000000000000e+00 9.250807559812646019e-01
-2.379417600000000022e+01 8.996485974523882323e-01 0.000000000000000000e+00 7.987420887036482675e-01
-2.437811400000000361e+01 9.217270675241888700e-01 0.000000000000000000e+00 5.930958770704612970e-01
-2.442794199999999805e+01 9.236110449442874737e-01 0.000000000000000000e+00 7.139069057919060768e-01
-2.409911400000000725e+01 9.111781853654112862e-01 0.000000000000000000e+00 7.319921836834989426e-01
-2.455496000000000478e+01 9.284135464283150840e-01 0.000000000000000000e+00 7.080659482496717283e-01
-2.479829200000000355e+01 9.376138352937619658e-01 0.000000000000000000e+00 6.431806607475040183e-01
-2.462354400000000609e+01 9.310066809587007608e-01 0.000000000000000000e+00 6.080674401592456313e-01
-2.421313400000000371e+01 9.154892374935252874e-01 0.000000000000000000e+00 7.102405698882254814e-01
-2.428442399999999424e+01 9.181846848379666692e-01 0.000000000000000000e+00 6.500621855443886599e-01
-2.419673200000001145e+01 9.148690842133525569e-01 0.000000000000000000e+00 3.432392171325675534e-01
-2.499878999999999962e+01 9.451945871757353457e-01 0.000000000000000000e+00 5.999215163315742005e-01
-2.516615400000000591e+01 9.515225553249171409e-01 0.000000000000000000e+00 7.419926688929672220e-01
-2.543572400000000400e+01 9.617148928286507470e-01 0.000000000000000000e+00 7.130513479916622543e-01
-2.522664600000000235e+01 9.538097344630847019e-01 0.000000000000000000e+00 7.013981447498882638e-01
-2.543287599999999671e+01 9.616072110494813252e-01 2.000000000000000096e-04 7.563482075971045271e-01
-2.605174399999999935e+01 9.850063709198700890e-01 0.000000000000000000e+00 3.494110618822143244e-01
-2.601040600000000325e+01 9.834433971181514300e-01 0.000000000000000000e+00 4.381003579090068101e-01
-2.625888599999999684e+01 9.928383298737536444e-01 1.000000000000000048e-04 3.635068537555755791e-02
-2.627590000000000003e+01 9.934816226373718306e-01 0.000000000000000000e+00 0.000000000000000000e+00
-2.627590000000000003e+01 9.934816226373718306e-01 0.000000000000000000e+00 0.000000000000000000e+00
-2.627590000000000003e+01 9.934816226373718306e-01 0.000000000000000000e+00 0.000000000000000000e+00
-2.625160999999999589e+01 9.925632271261289885e-01 0.000000000000000000e+00 3.326845048961330625e-02
-2.627590000000000003e+01 9.934816226373718306e-01 0.000000000000000000e+00 0.000000000000000000e+00
-2.627590000000000003e+01 9.934816226373718306e-01 0.000000000000000000e+00 0.000000000000000000e+00
-2.627590000000000003e+01 9.934816226373718306e-01 0.000000000000000000e+00 0.000000000000000000e+00
-2.627590000000000003e+01 9.934816226373718306e-01 0.000000000000000000e+00 0.000000000000000000e+00
-2.627590000000000003e+01 9.934816226373718306e-01 0.000000000000000000e+00 0.000000000000000000e+00
-2.627590000000000003e+01 9.934816226373718306e-01 0.000000000000000000e+00 0.000000000000000000e+00
-2.625299799999999806e+01 9.926157068696286334e-01 0.000000000000000000e+00 3.279716044619390009e-02
-2.626132600000000039e+01 9.929305853306261698e-01 0.000000000000000000e+00 2.840959654337975315e-02
-2.627590000000000003e+01 9.934816226373718306e-01 0.000000000000000000e+00 0.000000000000000000e+00
-2.625160999999999589e+01 9.925632271261289885e-01 0.000000000000000000e+00 3.326845048961330625e-02
-2.627590000000000003e+01 9.934816226373718306e-01 0.000000000000000000e+00 0.000000000000000000e+00
-2.625438600000000022e+01 9.926681866131282783e-01 0.000000000000000000e+00 3.225872999059496704e-02
-2.627590000000000003e+01 9.934816226373718306e-01 0.000000000000000000e+00 0.000000000000000000e+00
-2.627590000000000003e+01 9.934816226373718306e-01 0.000000000000000000e+00 0.000000000000000000e+00
-2.625299799999999806e+01 9.926157068696286334e-01 0.000000000000000000e+00 3.279716044619390009e-02
-2.625924399999999892e+01 9.928518657153767579e-01 0.000000000000000000e+00 2.978888790177111612e-02
-2.625577399999999884e+01 9.927206663566278122e-01 0.000000000000000000e+00 3.164973269710232712e-02
-2.625263999999999953e+01 9.926021710280055199e-01 1.000000000000000048e-04 3.879601666525783754e-02
-2.625472199999999745e+01 9.926808906432548207e-01 1.000000000000000048e-04 3.811344994443194301e-02
-2.627590000000000003e+01 9.934816226373718306e-01 0.000000000000000000e+00 0.000000000000000000e+00
-2.626549000000000333e+01 9.930880245611251045e-01 0.000000000000000000e+00 2.490559752101558985e-02
-2.626202000000000325e+01 9.929568252023760477e-01 0.000000000000000000e+00 2.789984975159640404e-02
-2.626582600000000411e+01 9.931007285912517579e-01 0.000000000000000000e+00 2.798307793122633766e-02
-2.627590000000000003e+01 9.934816226373718306e-01 0.000000000000000000e+00 0.000000000000000000e+00
-2.627590000000000003e+01 9.934816226373718306e-01 0.000000000000000000e+00 0.000000000000000000e+00
-2.627590000000000003e+01 9.934816226373718306e-01 0.000000000000000000e+00 0.000000000000000000e+00
-2.627590000000000003e+01 9.934816226373718306e-01 0.000000000000000000e+00 0.000000000000000000e+00
-2.627590000000000003e+01 9.934816226373718306e-01 0.000000000000000000e+00 0.000000000000000000e+00
-2.625888599999999684e+01 9.928383298737536444e-01 0.000000000000000000e+00 3.285824165174537626e-02
-2.627590000000000003e+01 9.934816226373718306e-01 0.000000000000000000e+00 0.000000000000000000e+00
-2.625646799999999814e+01 9.927469062283775791e-01 0.000000000000000000e+00 3.131750367388314027e-02
-2.627590000000000003e+01 9.934816226373718306e-01 0.000000000000000000e+00 0.000000000000000000e+00
-2.624397599999999997e+01 9.922745885368814411e-01 0.000000000000000000e+00 3.476303365776593768e-02
-2.627590000000000003e+01 9.934816226373718306e-01 0.000000000000000000e+00 0.000000000000000000e+00
-2.627590000000000003e+01 9.934816226373718306e-01 0.000000000000000000e+00 0.000000000000000000e+00
-2.627520600000000073e+01 9.934553827656220637e-01 0.000000000000000000e+00 6.940000000000147440e-03
-2.625577399999999884e+01 9.927206663566278122e-01 0.000000000000000000e+00 3.164973269710232712e-02
-2.626790800000000203e+01 9.931794482065010587e-01 1.000000000000000048e-04 3.027877104107106962e-02
-2.627762399999999943e+01 9.935468064109980180e-01 1.000000000000000048e-04 1.723999999999996716e-02
-2.626965399999999562e+01 9.932454637916234841e-01 0.000000000000000000e+00 1.996107029376797959e-02
-2.627590000000000003e+01 9.934816226373718306e-01 0.000000000000000000e+00 0.000000000000000000e+00
-2.627590000000000003e+01 9.934816226373718306e-01 0.000000000000000000e+00 0.000000000000000000e+00
-2.625230399999999875e+01 9.925894669978788665e-01 0.000000000000000000e+00 3.304100886272572091e-02
-2.627590000000000003e+01 9.934816226373718306e-01 0.000000000000000000e+00 0.000000000000000000e+00
-2.625855000000000317e+01 9.928256258436271020e-01 0.000000000000000000e+00 3.020247330831430863e-02
-2.627590000000000003e+01 9.934816226373718306e-01 0.000000000000000000e+00 0.000000000000000000e+00
-2.627104199999999778e+01 9.932979435351231290e-01 0.000000000000000000e+00 1.779640855835169094e-02
-2.627796000000000021e+01 9.935595104411247824e-01 0.000000000000000000e+00 1.449264529603805363e-02
-2.627590000000000003e+01 9.934816226373718306e-01 0.000000000000000000e+00 0.000000000000000000e+00
-2.626166199999999762e+01 9.929432893607528232e-01 0.000000000000000000e+00 3.118806680625068814e-02
-2.624813999999999581e+01 9.924320277673799318e-01 0.000000000000000000e+00 3.417019789586359796e-02
-2.625855000000000317e+01 9.928256258436271020e-01 0.000000000000000000e+00 3.020247330831430863e-02
-2.625230399999999875e+01 9.925894669978788665e-01 0.000000000000000000e+00 3.304100886272572091e-02
-2.626549000000000333e+01 9.930880245611251045e-01 0.000000000000000000e+00 2.490559752101558985e-02
-2.624536399999999858e+01 9.923270682803809750e-01 0.000000000000000000e+00 3.462280301894904433e-02
-2.627590000000000003e+01 9.934816226373718306e-01 0.000000000000000000e+00 0.000000000000000000e+00
-2.624744599999999650e+01 9.924057878956302758e-01 0.000000000000000000e+00 3.430518828740632825e-02
-2.625716200000000100e+01 9.927731461001274571e-01 0.000000000000000000e+00 3.096600540769082685e-02
-2.625993799999999823e+01 9.928781055871265249e-01 0.000000000000000000e+00 2.935290937690726923e-02
-2.625785600000000031e+01 9.927993859718772240e-01 0.000000000000000000e+00 3.059457375801122314e-02
-2.625924399999999892e+01 9.928518657153767579e-01 0.000000000000000000e+00 2.978888790177111612e-02
-2.625160999999999589e+01 9.925632271261289885e-01 0.000000000000000000e+00 3.326845048961330625e-02
-2.624778199999999728e+01 9.924184919257569293e-01 1.000000000000000048e-04 3.991949570540435227e-02
-2.627451199999999787e+01 9.934291428938720747e-01 0.000000000000000000e+00 9.764947413058755118e-03
-2.624397599999999997e+01 9.922745885368814411e-01 0.000000000000000000e+00 3.476303365776593768e-02
-2.626096799999999476e+01 9.929170494890028342e-01 0.000000000000000000e+00 3.163695856865501171e-02
-2.625091600000000014e+01 9.925369872543793326e-01 0.000000000000000000e+00 3.347981970191568624e-02
-2.626132600000000039e+01 9.929305853306261698e-01 0.000000000000000000e+00 2.840959654337975315e-02
-2.626271399999999900e+01 9.929830650741257037e-01 0.000000000000000000e+00 2.736284076161484696e-02
-2.626549000000000333e+01 9.930880245611251045e-01 0.000000000000000000e+00 2.490559752101558985e-02
-2.626338600000000056e+01 9.930084731343792326e-01 2.000000000000000096e-04 3.951214880299912940e-02
-2.625785600000000031e+01 9.927993859718772240e-01 0.000000000000000000e+00 3.059457375801122314e-02
-2.625716200000000100e+01 9.927731461001274571e-01 0.000000000000000000e+00 3.096600540769082685e-02
-2.626063200000000109e+01 9.929043454588764028e-01 0.000000000000000000e+00 2.889352407259062477e-02
-2.625646799999999814e+01 9.927469062283775791e-01 0.000000000000000000e+00 3.131750367388314027e-02
-2.625716200000000100e+01 9.927731461001274571e-01 0.000000000000000000e+00 3.096600540769082685e-02
-2.579047799999999313e+01 9.751280044464103458e-01 0.000000000000000000e+00 7.072764492563898830e-01
-2.625577399999999884e+01 9.927206663566278122e-01 0.000000000000000000e+00 3.164973269710232712e-02
-2.623772999999999911e+01 9.920384296911332056e-01 0.000000000000000000e+00 3.470000000000084128e-02
-2.627312399999999570e+01 9.933766631503724298e-01 0.000000000000000000e+00 1.366807915834545445e-02
-2.625022200000000083e+01 9.925107473826295656e-01 0.000000000000000000e+00 3.367541914431815275e-02
-2.625299799999999806e+01 9.926157068696286334e-01 0.000000000000000000e+00 3.279716044619390009e-02
-2.627034799999999848e+01 9.932717036633733620e-01 0.000000000000000000e+00 1.892259874949423978e-02
-2.627312399999999570e+01 9.933766631503724298e-01 0.000000000000000000e+00 1.366807915834545445e-02
-2.627451199999999787e+01 9.934291428938720747e-01 0.000000000000000000e+00 9.764947413058755118e-03
-2.627590000000000003e+01 9.934816226373718306e-01 0.000000000000000000e+00 0.000000000000000000e+00
-2.625993799999999823e+01 9.928781055871265249e-01 0.000000000000000000e+00 2.935290937690726923e-02
-2.625369200000000092e+01 9.926419467413785114e-01 0.000000000000000000e+00 3.253653635499404589e-02
-2.627590000000000003e+01 9.934816226373718306e-01 0.000000000000000000e+00 0.000000000000000000e+00
-2.625716200000000100e+01 9.927731461001274571e-01 0.000000000000000000e+00 3.096600540769082685e-02
-2.625160999999999589e+01 9.925632271261289885e-01 0.000000000000000000e+00 3.326845048961330625e-02
-2.627590000000000003e+01 9.934816226373718306e-01 0.000000000000000000e+00 0.000000000000000000e+00
-2.627590000000000003e+01 9.934816226373718306e-01 0.000000000000000000e+00 0.000000000000000000e+00
-2.625369200000000092e+01 9.926419467413785114e-01 0.000000000000000000e+00 3.253653635499404589e-02
-2.625160999999999589e+01 9.925632271261289885e-01 0.000000000000000000e+00 3.326845048961330625e-02
-2.627590000000000003e+01 9.934816226373718306e-01 0.000000000000000000e+00 0.000000000000000000e+00
-2.623911800000000127e+01 9.920909094346329615e-01 0.000000000000000000e+00 3.481198092843432179e-02
-2.624119999999999564e+01 9.921696290498820403e-01 0.000000000000000000e+00 3.487481218949550765e-02
-2.626271399999999900e+01 9.929830650741257037e-01 0.000000000000000000e+00 2.736284076161484696e-02
-2.626757200000000125e+01 9.931667441763742943e-01 0.000000000000000000e+00 2.266594508655422197e-02
-2.624605799999999789e+01 9.923533081521307420e-01 0.000000000000000000e+00 3.453134772576409856e-02
-2.624467000000000283e+01 9.923008284086313191e-01 0.000000000000000000e+00 3.470000000000084128e-02
-2.626340799999999831e+01 9.930093049458754706e-01 0.000000000000000000e+00 2.679693062477726123e-02
-2.627590000000000003e+01 9.934816226373718306e-01 0.000000000000000000e+00 0.000000000000000000e+00
-2.614811599999999814e+01 9.886501589894245434e-01 1.000000000000000048e-04 3.229985066482035649e-01
-2.626132600000000039e+01 9.929305853306261698e-01 0.000000000000000000e+00 2.840959654337975315e-02
-2.626965399999999562e+01 9.932454637916234841e-01 0.000000000000000000e+00 1.996107029376797959e-02
-2.625230399999999875e+01 9.925894669978788665e-01 0.000000000000000000e+00 3.304100886272572091e-02
-2.626965399999999562e+01 9.932454637916234841e-01 0.000000000000000000e+00 1.996107029376797959e-02
-2.627104199999999778e+01 9.932979435351231290e-01 0.000000000000000000e+00 1.779640855835169094e-02
-2.625785600000000031e+01 9.927993859718772240e-01 0.000000000000000000e+00 3.059457375801122314e-02
-2.627034799999999848e+01 9.932717036633733620e-01 0.000000000000000000e+00 1.892259874949423978e-02
-2.624813999999999581e+01 9.924320277673799318e-01 0.000000000000000000e+00 3.417019789586359796e-02
-2.626410200000000117e+01 9.930355448176253486e-01 0.000000000000000000e+00 2.620024666396403648e-02
-2.627590000000000003e+01 9.934816226373718306e-01 0.000000000000000000e+00 0.000000000000000000e+00
-2.625507999999999598e+01 9.926944264848779342e-01 0.000000000000000000e+00 3.196329334114635101e-02
-2.623911800000000127e+01 9.920909094346329615e-01 0.000000000000000000e+00 3.481198092843432179e-02
-2.625299799999999806e+01 9.926157068696286334e-01 0.000000000000000000e+00 3.279716044619390009e-02
-2.626757200000000125e+01 9.931667441763742943e-01 0.000000000000000000e+00 2.266594508655422197e-02
-2.627590000000000003e+01 9.934816226373718306e-01 0.000000000000000000e+00 0.000000000000000000e+00
-2.626687799999999839e+01 9.931405043046244163e-01 0.000000000000000000e+00 2.345703822788097748e-02
-2.625577399999999884e+01 9.927206663566278122e-01 0.000000000000000000e+00 3.164973269710232712e-02
-2.626895999999999631e+01 9.932192239198737171e-01 0.000000000000000000e+00 2.092488731369731084e-02
-2.625022200000000083e+01 9.925107473826295656e-01 0.000000000000000000e+00 3.367541914431815275e-02
-2.626063200000000109e+01 9.929043454588764028e-01 0.000000000000000000e+00 2.889352407259062477e-02
-2.625507999999999598e+01 9.926944264848779342e-01 0.000000000000000000e+00 3.196329334114635101e-02
-2.626618400000000264e+01 9.931142644328747604e-01 0.000000000000000000e+00 2.420221510857311492e-02
-2.624883399999999867e+01 9.924582676391299207e-01 0.000000000000000000e+00 3.402037482201451801e-02
-2.626549000000000333e+01 9.930880245611251045e-01 0.000000000000000000e+00 2.490559752101558985e-02
-2.624397599999999997e+01 9.922745885368814411e-01 0.000000000000000000e+00 3.476303365776593768e-02
-2.627590000000000003e+01 9.934816226373718306e-01 0.000000000000000000e+00 0.000000000000000000e+00
-2.625785600000000031e+01 9.927993859718772240e-01 0.000000000000000000e+00 3.059457375801122314e-02
-2.627590000000000003e+01 9.934816226373718306e-01 0.000000000000000000e+00 0.000000000000000000e+00
-2.624813999999999581e+01 9.924320277673799318e-01 0.000000000000000000e+00 3.417019789586359796e-02
-2.626965399999999562e+01 9.932454637916234841e-01 0.000000000000000000e+00 1.996107029376797959e-02
-2.624952799999999797e+01 9.924845075108796877e-01 0.000000000000000000e+00 3.385552214629151957e-02
-2.626757200000000125e+01 9.931667441763742943e-01 0.000000000000000000e+00 2.266594508655422197e-02
-2.625993799999999823e+01 9.928781055871265249e-01 0.000000000000000000e+00 2.935290937690726923e-02
-2.626618400000000264e+01 9.931142644328747604e-01 0.000000000000000000e+00 2.420221510857311492e-02
-2.625438600000000022e+01 9.926681866131282783e-01 0.000000000000000000e+00 3.225872999059496704e-02
-2.625924399999999892e+01 9.928518657153767579e-01 0.000000000000000000e+00 2.978888790177111612e-02
-2.623772999999999911e+01 9.920384296911332056e-01 0.000000000000000000e+00 3.470000000000084128e-02
-2.626757200000000125e+01 9.931667441763742943e-01 0.000000000000000000e+00 2.266594508655422197e-02
-2.625716200000000100e+01 9.927731461001274571e-01 0.000000000000000000e+00 3.096600540769082685e-02
-2.625716200000000100e+01 9.927731461001274571e-01 0.000000000000000000e+00 3.096600540769082685e-02
-2.625785600000000031e+01 9.927993859718772240e-01 0.000000000000000000e+00 3.059457375801122314e-02
-2.627520600000000073e+01 9.934553827656220637e-01 0.000000000000000000e+00 6.940000000000147440e-03
-2.626479600000000048e+01 9.930617846893751155e-01 0.000000000000000000e+00 2.557063467291708497e-02
-2.626271399999999900e+01 9.929830650741257037e-01 0.000000000000000000e+00 2.736284076161484696e-02
-2.625993799999999823e+01 9.928781055871265249e-01 0.000000000000000000e+00 2.935290937690726923e-02
-2.627590000000000003e+01 9.934816226373718306e-01 0.000000000000000000e+00 0.000000000000000000e+00
-2.626860200000000134e+01 9.932056880782508257e-01 0.000000000000000000e+00 2.524210839774811144e-02
-2.626965399999999562e+01 9.932454637916234841e-01 0.000000000000000000e+00 1.996107029376797959e-02
-2.627590000000000003e+01 9.934816226373718306e-01 0.000000000000000000e+00 0.000000000000000000e+00
-2.625438600000000022e+01 9.926681866131282783e-01 0.000000000000000000e+00 3.225872999059496704e-02
-2.627590000000000003e+01 9.934816226373718306e-01 0.000000000000000000e+00 0.000000000000000000e+00
-2.627242999999999995e+01 9.933504232786228849e-01 0.000000000000000000e+00 1.520157820089714298e-02
-2.627590000000000003e+01 9.934816226373718306e-01 0.000000000000000000e+00 0.000000000000000000e+00
-2.626652000000000342e+01 9.931269684630015249e-01 0.000000000000000000e+00 2.735031992500333922e-02
-2.626826600000000056e+01 9.931929840481240612e-01 0.000000000000000000e+00 2.182394301882480819e-02
-2.626271399999999900e+01 9.929830650741257037e-01 0.000000000000000000e+00 2.736284076161484696e-02
-2.626757200000000125e+01 9.931667441763742943e-01 0.000000000000000000e+00 2.266594508655422197e-02
-2.626965399999999562e+01 9.932454637916234841e-01 0.000000000000000000e+00 1.996107029376797959e-02
-2.627312399999999570e+01 9.933766631503724298e-01 0.000000000000000000e+00 1.366807915834545445e-02
-2.626895999999999631e+01 9.932192239198737171e-01 0.000000000000000000e+00 2.092488731369731084e-02
-2.627312399999999570e+01 9.933766631503724298e-01 0.000000000000000000e+00 1.366807915834545445e-02
-2.627590000000000003e+01 9.934816226373718306e-01 0.000000000000000000e+00 0.000000000000000000e+00
-2.624397599999999997e+01 9.922745885368814411e-01 0.000000000000000000e+00 3.476303365776593768e-02
-2.626618400000000264e+01 9.931142644328747604e-01 0.000000000000000000e+00 2.420221510857311492e-02
-2.623217800000000111e+01 9.918285107171349591e-01 0.000000000000000000e+00 3.367541914431815275e-02
-2.627451199999999787e+01 9.934291428938720747e-01 0.000000000000000000e+00 9.764947413058755118e-03
-2.627590000000000003e+01 9.934816226373718306e-01 0.000000000000000000e+00 0.000000000000000000e+00
-2.627381799999999856e+01 9.934029030221223078e-01 0.000000000000000000e+00 1.189839459504519678e-02
-2.627312399999999570e+01 9.933766631503724298e-01 0.000000000000000000e+00 1.366807915834545445e-02
-2.626132600000000039e+01 9.929305853306261698e-01 0.000000000000000000e+00 2.840959654337975315e-02
-2.626479600000000048e+01 9.930617846893751155e-01 0.000000000000000000e+00 2.557063467291708497e-02
-2.627590000000000003e+01 9.934816226373718306e-01 0.000000000000000000e+00 0.000000000000000000e+00
-2.627520600000000073e+01 9.934553827656220637e-01 0.000000000000000000e+00 6.940000000000147440e-03
-2.627484799999999865e+01 9.934418469239988392e-01 1.000000000000000048e-04 2.221941311538016064e-02
-2.627762399999999943e+01 9.935468064109980180e-01 1.000000000000000048e-04 1.723999999999996716e-02
-2.626618400000000264e+01 9.931142644328747604e-01 0.000000000000000000e+00 2.420221510857311492e-02
-2.627590000000000003e+01 9.934816226373718306e-01 0.000000000000000000e+00 0.000000000000000000e+00
-2.627242999999999995e+01 9.933504232786228849e-01 0.000000000000000000e+00 1.520157820089714298e-02
-2.626965399999999562e+01 9.932454637916234841e-01 0.000000000000000000e+00 1.996107029376797959e-02
-2.626757200000000125e+01 9.931667441763742943e-01 0.000000000000000000e+00 2.266594508655422197e-02
-2.627590000000000003e+01 9.934816226373718306e-01 0.000000000000000000e+00 0.000000000000000000e+00
-2.627590000000000003e+01 9.934816226373718306e-01 0.000000000000000000e+00 0.000000000000000000e+00
-2.626895999999999631e+01 9.932192239198737171e-01 0.000000000000000000e+00 2.092488731369731084e-02
-2.627590000000000003e+01 9.934816226373718306e-01 0.000000000000000000e+00 0.000000000000000000e+00
-2.626410200000000117e+01 9.930355448176253486e-01 0.000000000000000000e+00 2.620024666396403648e-02
-2.626096799999999476e+01 9.929170494890028342e-01 1.000000000000000048e-04 3.525060893520952365e-02
-2.627590000000000003e+01 9.934816226373718306e-01 0.000000000000000000e+00 0.000000000000000000e+00
-2.627381799999999856e+01 9.934029030221223078e-01 0.000000000000000000e+00 1.189839459504519678e-02
-2.627312399999999570e+01 9.933766631503724298e-01 0.000000000000000000e+00 1.366807915834545445e-02
-2.626757200000000125e+01 9.931667441763742943e-01 0.000000000000000000e+00 2.266594508655422197e-02
-2.626895999999999631e+01 9.932192239198737171e-01 0.000000000000000000e+00 2.092488731369731084e-02
-2.627415399999999934e+01 9.934156070522490722e-01 1.000000000000000048e-04 2.324631140502519608e-02
-2.626687799999999839e+01 9.931405043046244163e-01 0.000000000000000000e+00 2.345703822788097748e-02
-2.627590000000000003e+01 9.934816226373718306e-01 0.000000000000000000e+00 0.000000000000000000e+00
-2.626340799999999831e+01 9.930093049458754706e-01 0.000000000000000000e+00 2.679693062477726123e-02
-2.626826600000000056e+01 9.931929840481240612e-01 0.000000000000000000e+00 2.182394301882480819e-02
-2.626757200000000125e+01 9.931667441763742943e-01 0.000000000000000000e+00 2.266594508655422197e-02
-2.626687799999999839e+01 9.931405043046244163e-01 0.000000000000000000e+00 2.345703822788097748e-02
-2.626826600000000056e+01 9.931929840481240612e-01 0.000000000000000000e+00 2.182394301882480819e-02
-2.626202000000000325e+01 9.929568252023760477e-01 0.000000000000000000e+00 2.789984975159640404e-02
-2.626410200000000117e+01 9.930355448176253486e-01 0.000000000000000000e+00 2.620024666396403648e-02
-2.627590000000000003e+01 9.934816226373718306e-01 0.000000000000000000e+00 0.000000000000000000e+00
-2.625299799999999806e+01 9.926157068696286334e-01 0.000000000000000000e+00 3.279716044619390009e-02
-2.625924399999999892e+01 9.928518657153767579e-01 0.000000000000000000e+00 2.978888790177111612e-02
-2.627173600000000064e+01 9.933241834068731180e-01 0.000000000000000000e+00 1.656461800637077514e-02
-2.626479600000000048e+01 9.930617846893751155e-01 0.000000000000000000e+00 2.557063467291708497e-02
-2.625646799999999814e+01 9.927469062283775791e-01 0.000000000000000000e+00 3.131750367388314027e-02
-2.626757200000000125e+01 9.931667441763742943e-01 0.000000000000000000e+00 2.266594508655422197e-02
-2.627312399999999570e+01 9.933766631503724298e-01 0.000000000000000000e+00 1.366807915834545445e-02
-2.626132600000000039e+01 9.929305853306261698e-01 0.000000000000000000e+00 2.840959654337975315e-02
-2.627520600000000073e+01 9.934553827656220637e-01 0.000000000000000000e+00 6.940000000000147440e-03
-2.626757200000000125e+01 9.931667441763742943e-01 0.000000000000000000e+00 2.266594508655422197e-02
-2.625230399999999875e+01 9.925894669978788665e-01 0.000000000000000000e+00 3.304100886272572091e-02
-2.627762399999999943e+01 9.935468064109980180e-01 1.000000000000000048e-04 1.723999999999996716e-02
-2.626965399999999562e+01 9.932454637916234841e-01 0.000000000000000000e+00 1.996107029376797959e-02
-2.625785600000000031e+01 9.927993859718772240e-01 0.000000000000000000e+00 3.059457375801122314e-02
-2.627590000000000003e+01 9.934816226373718306e-01 0.000000000000000000e+00 0.000000000000000000e+00
-2.626063200000000109e+01 9.929043454588764028e-01 0.000000000000000000e+00 2.889352407259062477e-02
-2.626998999999999640e+01 9.932581678217502485e-01 0.000000000000000000e+00 2.363010192893256339e-02
-2.627104199999999778e+01 9.932979435351231290e-01 0.000000000000000000e+00 1.779640855835169094e-02
-2.627173600000000064e+01 9.933241834068731180e-01 0.000000000000000000e+00 1.656461800637077514e-02
-2.627104199999999778e+01 9.932979435351231290e-01 0.000000000000000000e+00 1.779640855835169094e-02
-2.626271399999999900e+01 9.929830650741257037e-01 0.000000000000000000e+00 2.736284076161484696e-02
-2.626063200000000109e+01 9.929043454588764028e-01 0.000000000000000000e+00 2.889352407259062477e-02
-2.626479600000000048e+01 9.930617846893751155e-01 0.000000000000000000e+00 2.557063467291708497e-02
-2.625957999999999970e+01 9.928645697455035224e-01 0.000000000000000000e+00 3.247123979988233988e-02
-2.626479600000000048e+01 9.930617846893751155e-01 0.000000000000000000e+00 2.557063467291708497e-02
-2.625507999999999598e+01 9.926944264848779342e-01 0.000000000000000000e+00 3.196329334114635101e-02
-2.627381799999999856e+01 9.934029030221223078e-01 0.000000000000000000e+00 1.189839459504519678e-02
-2.627520600000000073e+01 9.934553827656220637e-01 0.000000000000000000e+00 6.940000000000147440e-03
-2.626202000000000325e+01 9.929568252023760477e-01 0.000000000000000000e+00 2.789984975159640404e-02
-2.626757200000000125e+01 9.931667441763742943e-01 0.000000000000000000e+00 2.266594508655422197e-02
-2.626410200000000117e+01 9.930355448176253486e-01 0.000000000000000000e+00 2.620024666396403648e-02
-2.626757200000000125e+01 9.931667441763742943e-01 0.000000000000000000e+00 2.266594508655422197e-02
-2.625438600000000022e+01 9.926681866131282783e-01 0.000000000000000000e+00 3.225872999059496704e-02
-2.626687799999999839e+01 9.931405043046244163e-01 0.000000000000000000e+00 2.345703822788097748e-02
-2.626063200000000109e+01 9.929043454588764028e-01 0.000000000000000000e+00 2.889352407259062477e-02
-2.625993799999999823e+01 9.928781055871265249e-01 0.000000000000000000e+00 2.935290937690726923e-02
-2.626166199999999762e+01 9.929432893607528232e-01 0.000000000000000000e+00 3.118806680625068814e-02
-2.626202000000000325e+01 9.929568252023760477e-01 0.000000000000000000e+00 2.789984975159640404e-02
-2.627590000000000003e+01 9.934816226373718306e-01 0.000000000000000000e+00 0.000000000000000000e+00
-2.625230399999999875e+01 9.925894669978788665e-01 0.000000000000000000e+00 3.304100886272572091e-02
-2.627173600000000064e+01 9.933241834068731180e-01 0.000000000000000000e+00 1.656461800637077514e-02
-2.626790800000000203e+01 9.931794482065010587e-01 1.000000000000000048e-04 3.027877104107106962e-02
-2.627590000000000003e+01 9.934816226373718306e-01 0.000000000000000000e+00 0.000000000000000000e+00
-2.626410200000000117e+01 9.930355448176253486e-01 0.000000000000000000e+00 2.620024666396403648e-02
-2.626202000000000325e+01 9.929568252023760477e-01 0.000000000000000000e+00 2.789984975159640404e-02
-2.627207200000000142e+01 9.933368874369997714e-01 0.000000000000000000e+00 2.080650675227205260e-02
-2.627590000000000003e+01 9.934816226373718306e-01 0.000000000000000000e+00 0.000000000000000000e+00
-2.625716200000000100e+01 9.927731461001274571e-01 0.000000000000000000e+00 3.096600540769082685e-02
-2.627451199999999787e+01 9.934291428938720747e-01 0.000000000000000000e+00 9.764947413058755118e-03
-2.626132600000000039e+01 9.929305853306261698e-01 0.000000000000000000e+00 2.840959654337975315e-02
-2.625369200000000092e+01 9.926419467413785114e-01 0.000000000000000000e+00 3.253653635499404589e-02
-2.626340799999999831e+01 9.930093049458754706e-01 0.000000000000000000e+00 2.679693062477726123e-02
-2.625230399999999875e+01 9.925894669978788665e-01 0.000000000000000000e+00 3.304100886272572091e-02
-2.626132600000000039e+01 9.929305853306261698e-01 0.000000000000000000e+00 2.840959654337975315e-02
-2.626687799999999839e+01 9.931405043046244163e-01 0.000000000000000000e+00 2.345703822788097748e-02
-2.627381799999999856e+01 9.934029030221223078e-01 0.000000000000000000e+00 1.189839459504519678e-02
-2.627451199999999787e+01 9.934291428938720747e-01 0.000000000000000000e+00 9.764947413058755118e-03
-2.626271399999999900e+01 9.929830650741257037e-01 0.000000000000000000e+00 2.736284076161484696e-02
-2.625785600000000031e+01 9.927993859718772240e-01 0.000000000000000000e+00 3.059457375801122314e-02
-2.627590000000000003e+01 9.934816226373718306e-01 0.000000000000000000e+00 0.000000000000000000e+00
-2.627590000000000003e+01 9.934816226373718306e-01 0.000000000000000000e+00 0.000000000000000000e+00
-2.627034799999999848e+01 9.932717036633733620e-01 0.000000000000000000e+00 1.892259874949423978e-02
-2.625924399999999892e+01 9.928518657153767579e-01 0.000000000000000000e+00 2.978888790177111612e-02
-2.627034799999999848e+01 9.932717036633733620e-01 0.000000000000000000e+00 1.892259874949423978e-02
-2.625577399999999884e+01 9.927206663566278122e-01 0.000000000000000000e+00 3.164973269710232712e-02
-2.626202000000000325e+01 9.929568252023760477e-01 0.000000000000000000e+00 2.789984975159640404e-02
-2.626410200000000117e+01 9.930355448176253486e-01 0.000000000000000000e+00 2.620024666396403648e-02
-2.626618400000000264e+01 9.931142644328747604e-01 0.000000000000000000e+00 2.420221510857311492e-02
-2.626479600000000048e+01 9.930617846893751155e-01 0.000000000000000000e+00 2.557063467291708497e-02
-2.627104199999999778e+01 9.932979435351231290e-01 0.000000000000000000e+00 1.779640855835169094e-02
-2.626826600000000056e+01 9.931929840481240612e-01 0.000000000000000000e+00 2.182394301882480819e-02
-2.625716200000000100e+01 9.927731461001274571e-01 0.000000000000000000e+00 3.096600540769082685e-02
-2.625924399999999892e+01 9.928518657153767579e-01 0.000000000000000000e+00 2.978888790177111612e-02
-2.627312399999999570e+01 9.933766631503724298e-01 0.000000000000000000e+00 1.366807915834545445e-02
-2.626132600000000039e+01 9.929305853306261698e-01 0.000000000000000000e+00 2.840959654337975315e-02
-2.626618400000000264e+01 9.931142644328747604e-01 0.000000000000000000e+00 2.420221510857311492e-02
-2.626687799999999839e+01 9.931405043046244163e-01 0.000000000000000000e+00 2.345703822788097748e-02
-2.626410200000000117e+01 9.930355448176253486e-01 0.000000000000000000e+00 2.620024666396403648e-02
-2.627590000000000003e+01 9.934816226373718306e-01 0.000000000000000000e+00 0.000000000000000000e+00
-2.627137799999999856e+01 9.933106475652498935e-01 1.000000000000000048e-04 2.678461634459773297e-02
-2.625577399999999884e+01 9.927206663566278122e-01 0.000000000000000000e+00 3.164973269710232712e-02
-2.627590000000000003e+01 9.934816226373718306e-01 0.000000000000000000e+00 0.000000000000000000e+00
-2.627590000000000003e+01 9.934816226373718306e-01 0.000000000000000000e+00 0.000000000000000000e+00
-2.626549000000000333e+01 9.930880245611251045e-01 0.000000000000000000e+00 2.490559752101558985e-02
-2.626757200000000125e+01 9.931667441763742943e-01 0.000000000000000000e+00 2.266594508655422197e-02
-2.626549000000000333e+01 9.930880245611251045e-01 0.000000000000000000e+00 2.490559752101558985e-02
-2.627034799999999848e+01 9.932717036633733620e-01 0.000000000000000000e+00 1.892259874949423978e-02
-2.627520600000000073e+01 9.934553827656220637e-01 0.000000000000000000e+00 6.940000000000147440e-03
-2.625577399999999884e+01 9.927206663566278122e-01 0.000000000000000000e+00 3.164973269710232712e-02
-2.627104199999999778e+01 9.932979435351231290e-01 0.000000000000000000e+00 1.779640855835169094e-02
-2.625369200000000092e+01 9.926419467413785114e-01 0.000000000000000000e+00 3.253653635499404589e-02
-2.626479600000000048e+01 9.930617846893751155e-01 0.000000000000000000e+00 2.557063467291708497e-02
-2.626132600000000039e+01 9.929305853306261698e-01 0.000000000000000000e+00 2.840959654337975315e-02
-2.626895999999999631e+01 9.932192239198737171e-01 0.000000000000000000e+00 2.092488731369731084e-02
-2.627104199999999778e+01 9.932979435351231290e-01 0.000000000000000000e+00 1.779640855835169094e-02
-2.625993799999999823e+01 9.928781055871265249e-01 0.000000000000000000e+00 2.935290937690726923e-02
-2.627173600000000064e+01 9.933241834068731180e-01 0.000000000000000000e+00 1.656461800637077514e-02
-2.625924399999999892e+01 9.928518657153767579e-01 0.000000000000000000e+00 2.978888790177111612e-02
-2.626202000000000325e+01 9.929568252023760477e-01 0.000000000000000000e+00 2.789984975159640404e-02
-2.626063200000000109e+01 9.929043454588764028e-01 0.000000000000000000e+00 2.889352407259062477e-02
-2.626757200000000125e+01 9.931667441763742943e-01 0.000000000000000000e+00 2.266594508655422197e-02
-2.625924399999999892e+01 9.928518657153767579e-01 0.000000000000000000e+00 2.978888790177111612e-02
-2.627242999999999995e+01 9.933504232786228849e-01 0.000000000000000000e+00 1.520157820089714298e-02
-2.627590000000000003e+01 9.934816226373718306e-01 0.000000000000000000e+00 0.000000000000000000e+00
-2.626479600000000048e+01 9.930617846893751155e-01 0.000000000000000000e+00 2.557063467291708497e-02
-2.627312399999999570e+01 9.933766631503724298e-01 0.000000000000000000e+00 1.366807915834545445e-02
-2.625577399999999884e+01 9.927206663566278122e-01 0.000000000000000000e+00 3.164973269710232712e-02
-2.626549000000000333e+01 9.930880245611251045e-01 0.000000000000000000e+00 2.490559752101558985e-02
-2.626618400000000264e+01 9.931142644328747604e-01 0.000000000000000000e+00 2.420221510857311492e-02
-2.627590000000000003e+01 9.934816226373718306e-01 0.000000000000000000e+00 0.000000000000000000e+00
-2.625577399999999884e+01 9.927206663566278122e-01 0.000000000000000000e+00 3.164973269710232712e-02
-2.627104199999999778e+01 9.932979435351231290e-01 0.000000000000000000e+00 1.779640855835169094e-02
-2.626757200000000125e+01 9.931667441763742943e-01 0.000000000000000000e+00 2.266594508655422197e-02
-2.625924399999999892e+01 9.928518657153767579e-01 0.000000000000000000e+00 2.978888790177111612e-02
-2.627034799999999848e+01 9.932717036633733620e-01 0.000000000000000000e+00 1.892259874949423978e-02
-2.625507999999999598e+01 9.926944264848779342e-01 0.000000000000000000e+00 3.196329334114635101e-02
-2.626132600000000039e+01 9.929305853306261698e-01 0.000000000000000000e+00 2.840959654337975315e-02
-2.625993799999999823e+01 9.928781055871265249e-01 0.000000000000000000e+00 2.935290937690726923e-02
-2.626063200000000109e+01 9.929043454588764028e-01 0.000000000000000000e+00 2.889352407259062477e-02
-2.626340799999999831e+01 9.930093049458754706e-01 0.000000000000000000e+00 2.679693062477726123e-02
-2.626618400000000264e+01 9.931142644328747604e-01 0.000000000000000000e+00 2.420221510857311492e-02
-2.627104199999999778e+01 9.932979435351231290e-01 0.000000000000000000e+00 1.779640855835169094e-02
-2.625924399999999892e+01 9.928518657153767579e-01 0.000000000000000000e+00 2.978888790177111612e-02
-2.627415399999999934e+01 9.934156070522490722e-01 0.000000000000000000e+00 1.728243938543179425e-02
-2.627242999999999995e+01 9.933504232786228849e-01 0.000000000000000000e+00 1.520157820089714298e-02
-2.626618400000000264e+01 9.931142644328747604e-01 0.000000000000000000e+00 2.420221510857311492e-02
-2.626202000000000325e+01 9.929568252023760477e-01 0.000000000000000000e+00 2.789984975159640404e-02
-2.625993799999999823e+01 9.928781055871265249e-01 0.000000000000000000e+00 2.935290937690726923e-02
-2.626895999999999631e+01 9.932192239198737171e-01 0.000000000000000000e+00 2.092488731369731084e-02
-2.627173600000000064e+01 9.933241834068731180e-01 0.000000000000000000e+00 1.656461800637077514e-02
-2.626063200000000109e+01 9.929043454588764028e-01 0.000000000000000000e+00 2.889352407259062477e-02
-2.627034799999999848e+01 9.932717036633733620e-01 0.000000000000000000e+00 1.892259874949423978e-02
-2.626202000000000325e+01 9.929568252023760477e-01 0.000000000000000000e+00 2.789984975159640404e-02
-2.625577399999999884e+01 9.927206663566278122e-01 0.000000000000000000e+00 3.164973269710232712e-02
-2.626063200000000109e+01 9.929043454588764028e-01 0.000000000000000000e+00 2.889352407259062477e-02
-2.626374399999999909e+01 9.930220089760022351e-01 1.000000000000000048e-04 3.352552568905237118e-02
-2.626757200000000125e+01 9.931667441763742943e-01 0.000000000000000000e+00 2.266594508655422197e-02
-2.625091600000000014e+01 9.925369872543793326e-01 0.000000000000000000e+00 3.347981970191568624e-02
-2.627312399999999570e+01 9.933766631503724298e-01 0.000000000000000000e+00 1.366807915834545445e-02
-2.627762399999999943e+01 9.935468064109980180e-01 1.000000000000000048e-04 1.723999999999996716e-02
-2.626965399999999562e+01 9.932454637916234841e-01 0.000000000000000000e+00 1.996107029376797959e-02
-2.626895999999999631e+01 9.932192239198737171e-01 0.000000000000000000e+00 2.092488731369731084e-02
-2.627207200000000142e+01 9.933368874369997714e-01 0.000000000000000000e+00 2.080650675227205260e-02
-2.625855000000000317e+01 9.928256258436271020e-01 0.000000000000000000e+00 3.020247330831430863e-02
-2.626340799999999831e+01 9.930093049458754706e-01 0.000000000000000000e+00 2.679693062477726123e-02
-2.626826600000000056e+01 9.931929840481240612e-01 0.000000000000000000e+00 2.182394301882480819e-02
-2.626304999999999978e+01 9.929957691042524681e-01 1.000000000000000048e-04 3.398649018583052572e-02
-2.627173600000000064e+01 9.933241834068731180e-01 0.000000000000000000e+00 1.656461800637077514e-02
-2.625924399999999892e+01 9.928518657153767579e-01 0.000000000000000000e+00 2.978888790177111612e-02
-2.625785600000000031e+01 9.927993859718772240e-01 0.000000000000000000e+00 3.059457375801122314e-02
-2.626687799999999839e+01 9.931405043046244163e-01 0.000000000000000000e+00 2.345703822788097748e-02
-2.627451199999999787e+01 9.934291428938720747e-01 0.000000000000000000e+00 9.764947413058755118e-03
-2.627590000000000003e+01 9.934816226373718306e-01 0.000000000000000000e+00 0.000000000000000000e+00
-2.625924399999999892e+01 9.928518657153767579e-01 0.000000000000000000e+00 2.978888790177111612e-02
-2.626826600000000056e+01 9.931929840481240612e-01 0.000000000000000000e+00 2.182394301882480819e-02
-2.627590000000000003e+01 9.934816226373718306e-01 0.000000000000000000e+00 0.000000000000000000e+00
-2.627034799999999848e+01 9.932717036633733620e-01 0.000000000000000000e+00 1.892259874949423978e-02
-2.627762399999999943e+01 9.935468064109980180e-01 1.000000000000000048e-04 1.723999999999996716e-02
-2.626340799999999831e+01 9.930093049458754706e-01 0.000000000000000000e+00 2.679693062477726123e-02
-2.626063200000000109e+01 9.929043454588764028e-01 0.000000000000000000e+00 2.889352407259062477e-02
-2.626549000000000333e+01 9.930880245611251045e-01 0.000000000000000000e+00 2.490559752101558985e-02
-2.626826600000000056e+01 9.931929840481240612e-01 0.000000000000000000e+00 2.182394301882480819e-02
-2.627590000000000003e+01 9.934816226373718306e-01 0.000000000000000000e+00 0.000000000000000000e+00
-2.626410200000000117e+01 9.930355448176253486e-01 0.000000000000000000e+00 2.620024666396403648e-02
-2.627242999999999995e+01 9.933504232786228849e-01 0.000000000000000000e+00 1.520157820089714298e-02
-2.626271399999999900e+01 9.929830650741257037e-01 0.000000000000000000e+00 2.736284076161484696e-02
-2.626063200000000109e+01 9.929043454588764028e-01 0.000000000000000000e+00 2.889352407259062477e-02
-2.625577399999999884e+01 9.927206663566278122e-01 0.000000000000000000e+00 3.164973269710232712e-02
-2.625230399999999875e+01 9.925894669978788665e-01 0.000000000000000000e+00 3.304100886272572091e-02
-2.627484799999999865e+01 9.934418469239988392e-01 0.000000000000000000e+00 1.587432002838696024e-02
-2.625507999999999598e+01 9.926944264848779342e-01 0.000000000000000000e+00 3.196329334114635101e-02
-2.626721400000000628e+01 9.931532083347514028e-01 0.000000000000000000e+00 2.668434648768411993e-02
-2.626479600000000048e+01 9.930617846893751155e-01 0.000000000000000000e+00 2.557063467291708497e-02
-2.627104199999999778e+01 9.932979435351231290e-01 0.000000000000000000e+00 1.779640855835169094e-02
-2.626895999999999631e+01 9.932192239198737171e-01 0.000000000000000000e+00 2.092488731369731084e-02
-2.627068399999999926e+01 9.932844076935001265e-01 0.000000000000000000e+00 2.274930888061169748e-02
-2.625646799999999814e+01 9.927469062283775791e-01 0.000000000000000000e+00 3.131750367388314027e-02
-2.626965399999999562e+01 9.932454637916234841e-01 0.000000000000000000e+00 1.996107029376797959e-02
-2.627173600000000064e+01 9.933241834068731180e-01 0.000000000000000000e+00 1.656461800637077514e-02
-2.625924399999999892e+01 9.928518657153767579e-01 0.000000000000000000e+00 2.978888790177111612e-02
-2.626410200000000117e+01 9.930355448176253486e-01 0.000000000000000000e+00 2.620024666396403648e-02
-2.626618400000000264e+01 9.931142644328747604e-01 0.000000000000000000e+00 2.420221510857311492e-02
-2.626271399999999900e+01 9.929830650741257037e-01 0.000000000000000000e+00 2.736284076161484696e-02
-2.626687799999999839e+01 9.931405043046244163e-01 0.000000000000000000e+00 2.345703822788097748e-02
-2.627242999999999995e+01 9.933504232786228849e-01 0.000000000000000000e+00 1.520157820089714298e-02
-2.626757200000000125e+01 9.931667441763742943e-01 0.000000000000000000e+00 2.266594508655422197e-02
-2.626687799999999839e+01 9.931405043046244163e-01 0.000000000000000000e+00 2.345703822788097748e-02
-2.626235599999999692e+01 9.929695292325025902e-01 1.000000000000000048e-04 3.442715723895303087e-02
-2.625716200000000100e+01 9.927731461001274571e-01 0.000000000000000000e+00 3.096600540769082685e-02
-2.627207200000000142e+01 9.933368874369997714e-01 1.000000000000000048e-04 2.597342884681617947e-02
-2.627484799999999865e+01 9.934418469239988392e-01 0.000000000000000000e+00 1.587432002838696024e-02
-2.627207200000000142e+01 9.933368874369997714e-01 1.000000000000000048e-04 2.597342884681617947e-02
-2.627590000000000003e+01 9.934816226373718306e-01 0.000000000000000000e+00 0.000000000000000000e+00
-2.626895999999999631e+01 9.932192239198737171e-01 0.000000000000000000e+00 2.092488731369731084e-02
-2.627104199999999778e+01 9.932979435351231290e-01 0.000000000000000000e+00 1.779640855835169094e-02
-2.626549000000000333e+01 9.930880245611251045e-01 0.000000000000000000e+00 2.490559752101558985e-02
-2.627590000000000003e+01 9.934816226373718306e-01 0.000000000000000000e+00 0.000000000000000000e+00
-2.627381799999999856e+01 9.934029030221223078e-01 0.000000000000000000e+00 1.189839459504519678e-02
-2.626410200000000117e+01 9.930355448176253486e-01 0.000000000000000000e+00 2.620024666396403648e-02
-2.627451199999999787e+01 9.934291428938720747e-01 0.000000000000000000e+00 9.764947413058755118e-03
-2.627034799999999848e+01 9.932717036633733620e-01 0.000000000000000000e+00 1.892259874949423978e-02
-2.626687799999999839e+01 9.931405043046244163e-01 0.000000000000000000e+00 2.345703822788097748e-02
-2.627590000000000003e+01 9.934816226373718306e-01 0.000000000000000000e+00 0.000000000000000000e+00
-2.627034799999999848e+01 9.932717036633733620e-01 0.000000000000000000e+00 1.892259874949423978e-02
-2.627381799999999856e+01 9.934029030221223078e-01 0.000000000000000000e+00 1.189839459504519678e-02
-2.627451199999999787e+01 9.934291428938720747e-01 0.000000000000000000e+00 9.764947413058755118e-03
-2.626202000000000325e+01 9.929568252023760477e-01 0.000000000000000000e+00 2.789984975159640404e-02
-2.627590000000000003e+01 9.934816226373718306e-01 0.000000000000000000e+00 0.000000000000000000e+00
-2.626618400000000264e+01 9.931142644328747604e-01 0.000000000000000000e+00 2.420221510857311492e-02
-2.626687799999999839e+01 9.931405043046244163e-01 0.000000000000000000e+00 2.345703822788097748e-02
-2.625716200000000100e+01 9.927731461001274571e-01 0.000000000000000000e+00 3.096600540769082685e-02
-2.626687799999999839e+01 9.931405043046244163e-01 0.000000000000000000e+00 2.345703822788097748e-02
-2.627207200000000142e+01 9.933368874369997714e-01 1.000000000000000048e-04 2.597342884681617947e-02
-2.626340799999999831e+01 9.930093049458754706e-01 0.000000000000000000e+00 2.679693062477726123e-02
-2.626271399999999900e+01 9.929830650741257037e-01 0.000000000000000000e+00 2.736284076161484696e-02
-2.626826600000000056e+01 9.931929840481240612e-01 0.000000000000000000e+00 2.182394301882480819e-02
-2.627381799999999856e+01 9.934029030221223078e-01 0.000000000000000000e+00 1.189839459504519678e-02
-2.627034799999999848e+01 9.932717036633733620e-01 0.000000000000000000e+00 1.892259874949423978e-02
-2.626549000000000333e+01 9.930880245611251045e-01 0.000000000000000000e+00 2.490559752101558985e-02
-2.626132600000000039e+01 9.929305853306261698e-01 0.000000000000000000e+00 2.840959654337975315e-02
-2.626410200000000117e+01 9.930355448176253486e-01 0.000000000000000000e+00 2.620024666396403648e-02
-2.626410200000000117e+01 9.930355448176253486e-01 0.000000000000000000e+00 2.620024666396403648e-02
-2.627312399999999570e+01 9.933766631503724298e-01 0.000000000000000000e+00 1.366807915834545445e-02
-2.627520600000000073e+01 9.934553827656220637e-01 0.000000000000000000e+00 6.940000000000147440e-03
-2.627381799999999856e+01 9.934029030221223078e-01 0.000000000000000000e+00 1.189839459504519678e-02
-2.626549000000000333e+01 9.930880245611251045e-01 0.000000000000000000e+00 2.490559752101558985e-02
-2.626757200000000125e+01 9.931667441763742943e-01 0.000000000000000000e+00 2.266594508655422197e-02
-2.626166199999999762e+01 9.929432893607528232e-01 0.000000000000000000e+00 3.118806680625068814e-02
-2.626132600000000039e+01 9.929305853306261698e-01 0.000000000000000000e+00 2.840959654337975315e-02
-2.626063200000000109e+01 9.929043454588764028e-01 0.000000000000000000e+00 2.889352407259062477e-02
-2.626965399999999562e+01 9.932454637916234841e-01 0.000000000000000000e+00 1.996107029376797959e-02
-2.626202000000000325e+01 9.929568252023760477e-01 0.000000000000000000e+00 2.789984975159640404e-02
-2.627451199999999787e+01 9.934291428938720747e-01 0.000000000000000000e+00 9.764947413058755118e-03
-2.627590000000000003e+01 9.934816226373718306e-01 0.000000000000000000e+00 0.000000000000000000e+00
-2.626340799999999831e+01 9.930093049458754706e-01 0.000000000000000000e+00 2.679693062477726123e-02
-2.627312399999999570e+01 9.933766631503724298e-01 0.000000000000000000e+00 1.366807915834545445e-02
-2.626340799999999831e+01 9.930093049458754706e-01 0.000000000000000000e+00 2.679693062477726123e-02
-2.626479600000000048e+01 9.930617846893751155e-01 0.000000000000000000e+00 2.557063467291708497e-02
-2.627104199999999778e+01 9.932979435351231290e-01 0.000000000000000000e+00 1.779640855835169094e-02
-2.626479600000000048e+01 9.930617846893751155e-01 0.000000000000000000e+00 2.557063467291708497e-02
-2.627590000000000003e+01 9.934816226373718306e-01 0.000000000000000000e+00 0.000000000000000000e+00
-2.626757200000000125e+01 9.931667441763742943e-01 0.000000000000000000e+00 2.266594508655422197e-02
-2.626687799999999839e+01 9.931405043046244163e-01 0.000000000000000000e+00 2.345703822788097748e-02
-2.626998999999999640e+01 9.932581678217502485e-01 1.000000000000000048e-04 2.828586219297589063e-02
-2.626410200000000117e+01 9.930355448176253486e-01 0.000000000000000000e+00 2.620024666396403648e-02
-2.625716200000000100e+01 9.927731461001274571e-01 0.000000000000000000e+00 3.096600540769082685e-02
-2.626618400000000264e+01 9.931142644328747604e-01 0.000000000000000000e+00 2.420221510857311492e-02
-2.627312399999999570e+01 9.933766631503724298e-01 0.000000000000000000e+00 1.366807915834545445e-02
-2.627104199999999778e+01 9.932979435351231290e-01 0.000000000000000000e+00 1.779640855835169094e-02
-2.625785600000000031e+01 9.927993859718772240e-01 0.000000000000000000e+00 3.059457375801122314e-02
-2.627692999999999657e+01 9.935205665392481400e-01 0.000000000000000000e+00 1.030000000000015452e-02
-2.627276600000000073e+01 9.933631273087495384e-01 0.000000000000000000e+00 1.972665847388939062e-02
-2.625716200000000100e+01 9.927731461001274571e-01 0.000000000000000000e+00 3.096600540769082685e-02
-2.627034799999999848e+01 9.932717036633733620e-01 0.000000000000000000e+00 1.892259874949423978e-02
-2.627242999999999995e+01 9.933504232786228849e-01 0.000000000000000000e+00 1.520157820089714298e-02
-2.626132600000000039e+01 9.929305853306261698e-01 0.000000000000000000e+00 2.840959654337975315e-02
-2.627173600000000064e+01 9.933241834068731180e-01 0.000000000000000000e+00 1.656461800637077514e-02
-2.626895999999999631e+01 9.932192239198737171e-01 0.000000000000000000e+00 2.092488731369731084e-02
-2.627381799999999856e+01 9.934029030221223078e-01 0.000000000000000000e+00 1.189839459504519678e-02
-2.627242999999999995e+01 9.933504232786228849e-01 0.000000000000000000e+00 1.520157820089714298e-02
-2.626965399999999562e+01 9.932454637916234841e-01 0.000000000000000000e+00 1.996107029376797959e-02
-2.627451199999999787e+01 9.934291428938720747e-01 0.000000000000000000e+00 9.764947413058755118e-03
-2.626860200000000134e+01 9.932056880782508257e-01 0.000000000000000000e+00 2.524210839774811144e-02
-2.626895999999999631e+01 9.932192239198737171e-01 0.000000000000000000e+00 2.092488731369731084e-02
-2.626202000000000325e+01 9.929568252023760477e-01 0.000000000000000000e+00 2.789984975159640404e-02
-2.626618400000000264e+01 9.931142644328747604e-01 0.000000000000000000e+00 2.420221510857311492e-02
-2.627312399999999570e+01 9.933766631503724298e-01 0.000000000000000000e+00 1.366807915834545445e-02
-2.627381799999999856e+01 9.934029030221223078e-01 0.000000000000000000e+00 1.189839459504519678e-02
-2.626895999999999631e+01 9.932192239198737171e-01 0.000000000000000000e+00 2.092488731369731084e-02
-2.626826600000000056e+01 9.931929840481240612e-01 0.000000000000000000e+00 2.182394301882480819e-02
-2.626826600000000056e+01 9.931929840481240612e-01 0.000000000000000000e+00 2.182394301882480819e-02
-2.627034799999999848e+01 9.932717036633733620e-01 0.000000000000000000e+00 1.892259874949423978e-02
-2.627692999999999657e+01 9.935205665392481400e-01 0.000000000000000000e+00 1.030000000000015452e-02
-2.626618400000000264e+01 9.931142644328747604e-01 0.000000000000000000e+00 2.420221510857311492e-02
-2.627692999999999657e+01 9.935205665392481400e-01 0.000000000000000000e+00 1.030000000000015452e-02
-2.625369200000000092e+01 9.926419467413785114e-01 0.000000000000000000e+00 3.253653635499404589e-02
-2.627590000000000003e+01 9.934816226373718306e-01 0.000000000000000000e+00 0.000000000000000000e+00
-2.627381799999999856e+01 9.934029030221223078e-01 0.000000000000000000e+00 1.189839459504519678e-02
-2.627242999999999995e+01 9.933504232786228849e-01 0.000000000000000000e+00 1.520157820089714298e-02
-2.625716200000000100e+01 9.927731461001274571e-01 0.000000000000000000e+00 3.096600540769082685e-02
-2.627381799999999856e+01 9.934029030221223078e-01 0.000000000000000000e+00 1.189839459504519678e-02
-2.627520600000000073e+01 9.934553827656220637e-01 0.000000000000000000e+00 6.940000000000147440e-03
-2.625785600000000031e+01 9.927993859718772240e-01 0.000000000000000000e+00 3.059457375801122314e-02
-2.627104199999999778e+01 9.932979435351231290e-01 0.000000000000000000e+00 1.779640855835169094e-02
-2.627104199999999778e+01 9.932979435351231290e-01 0.000000000000000000e+00 1.779640855835169094e-02
-2.626202000000000325e+01 9.929568252023760477e-01 0.000000000000000000e+00 2.789984975159640404e-02
-2.626757200000000125e+01 9.931667441763742943e-01 0.000000000000000000e+00 2.266594508655422197e-02
-2.626965399999999562e+01 9.932454637916234841e-01 0.000000000000000000e+00 1.996107029376797959e-02
-2.627692999999999657e+01 9.935205665392481400e-01 0.000000000000000000e+00 1.030000000000015452e-02
-2.626271399999999900e+01 9.929830650741257037e-01 0.000000000000000000e+00 2.736284076161484696e-02
-2.627590000000000003e+01 9.934816226373718306e-01 0.000000000000000000e+00 0.000000000000000000e+00
-2.625646799999999814e+01 9.927469062283775791e-01 0.000000000000000000e+00 3.131750367388314027e-02
-2.627451199999999787e+01 9.934291428938720747e-01 0.000000000000000000e+00 9.764947413058755118e-03
-2.626895999999999631e+01 9.932192239198737171e-01 0.000000000000000000e+00 2.092488731369731084e-02
-2.626826600000000056e+01 9.931929840481240612e-01 0.000000000000000000e+00 2.182394301882480819e-02
-2.626479600000000048e+01 9.930617846893751155e-01 0.000000000000000000e+00 2.557063467291708497e-02
-2.625680399999999892e+01 9.927596102585043436e-01 0.000000000000000000e+00 3.390684183512785582e-02
-2.626757200000000125e+01 9.931667441763742943e-01 0.000000000000000000e+00 2.266594508655422197e-02
-2.626340799999999831e+01 9.930093049458754706e-01 0.000000000000000000e+00 2.679693062477726123e-02
-2.626618400000000264e+01 9.931142644328747604e-01 0.000000000000000000e+00 2.420221510857311492e-02
-2.627590000000000003e+01 9.934816226373718306e-01 0.000000000000000000e+00 0.000000000000000000e+00
-2.626410200000000117e+01 9.930355448176253486e-01 0.000000000000000000e+00 2.620024666396403648e-02
-2.625507999999999598e+01 9.926944264848779342e-01 0.000000000000000000e+00 3.196329334114635101e-02
-2.626549000000000333e+01 9.930880245611251045e-01 0.000000000000000000e+00 2.490559752101558985e-02
-2.627312399999999570e+01 9.933766631503724298e-01 0.000000000000000000e+00 1.366807915834545445e-02
-2.626687799999999839e+01 9.931405043046244163e-01 0.000000000000000000e+00 2.345703822788097748e-02
-2.627381799999999856e+01 9.934029030221223078e-01 0.000000000000000000e+00 1.189839459504519678e-02
-2.626965399999999562e+01 9.932454637916234841e-01 0.000000000000000000e+00 1.996107029376797959e-02
-2.627104199999999778e+01 9.932979435351231290e-01 0.000000000000000000e+00 1.779640855835169094e-02
-2.626271399999999900e+01 9.929830650741257037e-01 0.000000000000000000e+00 2.736284076161484696e-02
-2.626618400000000264e+01 9.931142644328747604e-01 0.000000000000000000e+00 2.420221510857311492e-02
-2.626895999999999631e+01 9.932192239198737171e-01 0.000000000000000000e+00 2.092488731369731084e-02
-2.625577399999999884e+01 9.927206663566278122e-01 0.000000000000000000e+00 3.164973269710232712e-02
-2.625785600000000031e+01 9.927993859718772240e-01 0.000000000000000000e+00 3.059457375801122314e-02
-2.626687799999999839e+01 9.931405043046244163e-01 0.000000000000000000e+00 2.345703822788097748e-02
-2.627590000000000003e+01 9.934816226373718306e-01 0.000000000000000000e+00 0.000000000000000000e+00
-2.625541599999999676e+01 9.927071305150045877e-01 0.000000000000000000e+00 3.451785285409017523e-02
-2.625785600000000031e+01 9.927993859718772240e-01 0.000000000000000000e+00 3.059457375801122314e-02
-2.626271399999999900e+01 9.929830650741257037e-01 0.000000000000000000e+00 2.736284076161484696e-02
-2.626479600000000048e+01 9.930617846893751155e-01 0.000000000000000000e+00 2.557063467291708497e-02
-2.626826600000000056e+01 9.931929840481240612e-01 0.000000000000000000e+00 2.182394301882480819e-02
-2.627104199999999778e+01 9.932979435351231290e-01 0.000000000000000000e+00 1.779640855835169094e-02
-2.626965399999999562e+01 9.932454637916234841e-01 0.000000000000000000e+00 1.996107029376797959e-02
-2.627104199999999778e+01 9.932979435351231290e-01 0.000000000000000000e+00 1.779640855835169094e-02
-2.626063200000000109e+01 9.929043454588764028e-01 0.000000000000000000e+00 2.889352407259062477e-02
-2.627692999999999657e+01 9.935205665392481400e-01 0.000000000000000000e+00 1.030000000000015452e-02
-2.625924399999999892e+01 9.928518657153767579e-01 0.000000000000000000e+00 2.978888790177111612e-02
-2.627137799999999856e+01 9.933106475652498935e-01 1.000000000000000048e-04 2.678461634459773297e-02
-2.626479600000000048e+01 9.930617846893751155e-01 0.000000000000000000e+00 2.557063467291708497e-02
-2.626443800000000195e+01 9.930482488477521130e-01 0.000000000000000000e+00 2.915748523886422389e-02
-2.626410200000000117e+01 9.930355448176253486e-01 0.000000000000000000e+00 2.620024666396403648e-02
-2.625646799999999814e+01 9.927469062283775791e-01 0.000000000000000000e+00 3.131750367388314027e-02
-2.626549000000000333e+01 9.930880245611251045e-01 0.000000000000000000e+00 2.490559752101558985e-02
-2.625646799999999814e+01 9.927469062283775791e-01 0.000000000000000000e+00 3.131750367388314027e-02
-2.626895999999999631e+01 9.932192239198737171e-01 0.000000000000000000e+00 2.092488731369731084e-02
-2.627242999999999995e+01 9.933504232786228849e-01 0.000000000000000000e+00 1.520157820089714298e-02
-2.626687799999999839e+01 9.931405043046244163e-01 0.000000000000000000e+00 2.345703822788097748e-02
-2.627104199999999778e+01 9.932979435351231290e-01 0.000000000000000000e+00 1.779640855835169094e-02
-2.626410200000000117e+01 9.930355448176253486e-01 0.000000000000000000e+00 2.620024666396403648e-02
-2.626757200000000125e+01 9.931667441763742943e-01 0.000000000000000000e+00 2.266594508655422197e-02
-2.625993799999999823e+01 9.928781055871265249e-01 0.000000000000000000e+00 2.935290937690726923e-02
-2.626929600000000420e+01 9.932319279500007037e-01 0.000000000000000000e+00 2.445934131937744366e-02
-2.627590000000000003e+01 9.934816226373718306e-01 0.000000000000000000e+00 0.000000000000000000e+00
-2.626340799999999831e+01 9.930093049458754706e-01 0.000000000000000000e+00 2.679693062477726123e-02
-2.627451199999999787e+01 9.934291428938720747e-01 0.000000000000000000e+00 9.764947413058755118e-03
-2.627173600000000064e+01 9.933241834068731180e-01 0.000000000000000000e+00 1.656461800637077514e-02
-2.627104199999999778e+01 9.932979435351231290e-01 0.000000000000000000e+00 1.779640855835169094e-02
-2.626965399999999562e+01 9.932454637916234841e-01 0.000000000000000000e+00 1.996107029376797959e-02
-2.627692999999999657e+01 9.935205665392481400e-01 0.000000000000000000e+00 1.030000000000015452e-02
-2.626616199999999779e+01 9.931134326213781893e-01 2.000000000000000096e-04 3.780218255683977929e-02
-2.625855000000000317e+01 9.928256258436271020e-01 0.000000000000000000e+00 3.020247330831430863e-02
-2.627034799999999848e+01 9.932717036633733620e-01 0.000000000000000000e+00 1.892259874949423978e-02
-2.626340799999999831e+01 9.930093049458754706e-01 0.000000000000000000e+00 2.679693062477726123e-02
-2.626618400000000264e+01 9.931142644328747604e-01 0.000000000000000000e+00 2.420221510857311492e-02
-2.627173600000000064e+01 9.933241834068731180e-01 0.000000000000000000e+00 1.656461800637077514e-02
-2.627590000000000003e+01 9.934816226373718306e-01 0.000000000000000000e+00 0.000000000000000000e+00
-2.626063200000000109e+01 9.929043454588764028e-01 0.000000000000000000e+00 2.889352407259062477e-02
-2.627242999999999995e+01 9.933504232786228849e-01 0.000000000000000000e+00 1.520157820089714298e-02
-2.627207200000000142e+01 9.933368874369997714e-01 0.000000000000000000e+00 2.080650675227205260e-02
-2.627590000000000003e+01 9.934816226373718306e-01 0.000000000000000000e+00 0.000000000000000000e+00
-2.626826600000000056e+01 9.931929840481240612e-01 0.000000000000000000e+00 2.182394301882480819e-02
-2.627312399999999570e+01 9.933766631503724298e-01 0.000000000000000000e+00 1.366807915834545445e-02
-2.627104199999999778e+01 9.932979435351231290e-01 0.000000000000000000e+00 1.779640855835169094e-02
-2.626757200000000125e+01 9.931667441763742943e-01 0.000000000000000000e+00 2.266594508655422197e-02
-2.626549000000000333e+01 9.930880245611251045e-01 0.000000000000000000e+00 2.490559752101558985e-02
-2.627590000000000003e+01 9.934816226373718306e-01 0.000000000000000000e+00 0.000000000000000000e+00
-2.627104199999999778e+01 9.932979435351231290e-01 0.000000000000000000e+00 1.779640855835169094e-02
-2.626618400000000264e+01 9.931142644328747604e-01 0.000000000000000000e+00 2.420221510857311492e-02
-2.627034799999999848e+01 9.932717036633733620e-01 0.000000000000000000e+00 1.892259874949423978e-02
-2.626479600000000048e+01 9.930617846893751155e-01 0.000000000000000000e+00 2.557063467291708497e-02
-2.626304999999999978e+01 9.929957691042524681e-01 1.000000000000000048e-04 3.398649018583052572e-02
-2.627381799999999856e+01 9.934029030221223078e-01 0.000000000000000000e+00 1.189839459504519678e-02
-2.627312399999999570e+01 9.933766631503724298e-01 0.000000000000000000e+00 1.366807915834545445e-02
-2.626410200000000117e+01 9.930355448176253486e-01 0.000000000000000000e+00 2.620024666396403648e-02
-2.627590000000000003e+01 9.934816226373718306e-01 0.000000000000000000e+00 0.000000000000000000e+00
-2.627590000000000003e+01 9.934816226373718306e-01 0.000000000000000000e+00 0.000000000000000000e+00
-2.626687799999999839e+01 9.931405043046244163e-01 0.000000000000000000e+00 2.345703822788097748e-02
-2.626479600000000048e+01 9.930617846893751155e-01 0.000000000000000000e+00 2.557063467291708497e-02
-2.627520600000000073e+01 9.934553827656220637e-01 0.000000000000000000e+00 6.940000000000147440e-03
-2.626618400000000264e+01 9.931142644328747604e-01 0.000000000000000000e+00 2.420221510857311492e-02
-2.626479600000000048e+01 9.930617846893751155e-01 0.000000000000000000e+00 2.557063467291708497e-02
-2.627520600000000073e+01 9.934553827656220637e-01 0.000000000000000000e+00 6.940000000000147440e-03
-2.627381799999999856e+01 9.934029030221223078e-01 0.000000000000000000e+00 1.189839459504519678e-02
-2.627590000000000003e+01 9.934816226373718306e-01 0.000000000000000000e+00 0.000000000000000000e+00
-2.626757200000000125e+01 9.931667441763742943e-01 0.000000000000000000e+00 2.266594508655422197e-02
-2.626132600000000039e+01 9.929305853306261698e-01 0.000000000000000000e+00 2.840959654337975315e-02
-2.626340799999999831e+01 9.930093049458754706e-01 0.000000000000000000e+00 2.679693062477726123e-02
-2.627590000000000003e+01 9.934816226373718306e-01 0.000000000000000000e+00 0.000000000000000000e+00
-2.625646799999999814e+01 9.927469062283775791e-01 0.000000000000000000e+00 3.131750367388314027e-02
-2.626687799999999839e+01 9.931405043046244163e-01 0.000000000000000000e+00 2.345703822788097748e-02
-2.627173600000000064e+01 9.933241834068731180e-01 0.000000000000000000e+00 1.656461800637077514e-02
-2.627034799999999848e+01 9.932717036633733620e-01 0.000000000000000000e+00 1.892259874949423978e-02
-2.627590000000000003e+01 9.934816226373718306e-01 0.000000000000000000e+00 0.000000000000000000e+00
-2.626895999999999631e+01 9.932192239198737171e-01 0.000000000000000000e+00 2.092488731369731084e-02
-2.626132600000000039e+01 9.929305853306261698e-01 0.000000000000000000e+00 2.840959654337975315e-02
-2.626410200000000117e+01 9.930355448176253486e-01 0.000000000000000000e+00 2.620024666396403648e-02
-2.626202000000000325e+01 9.929568252023760477e-01 0.000000000000000000e+00 2.789984975159640404e-02
-2.627590000000000003e+01 9.934816226373718306e-01 0.000000000000000000e+00 0.000000000000000000e+00
-2.627762399999999943e+01 9.935468064109980180e-01 1.000000000000000048e-04 1.723999999999996716e-02
-2.626063200000000109e+01 9.929043454588764028e-01 0.000000000000000000e+00 2.889352407259062477e-02
-2.627762399999999943e+01 9.935468064109980180e-01 1.000000000000000048e-04 1.723999999999996716e-02
-2.627242999999999995e+01 9.933504232786228849e-01 0.000000000000000000e+00 1.520157820089714298e-02
-2.626687799999999839e+01 9.931405043046244163e-01 0.000000000000000000e+00 2.345703822788097748e-02
-2.627173600000000064e+01 9.933241834068731180e-01 0.000000000000000000e+00 1.656461800637077514e-02
-2.626443800000000195e+01 9.930482488477521130e-01 1.000000000000000048e-04 3.304341429517937412e-02
-2.626757200000000125e+01 9.931667441763742943e-01 0.000000000000000000e+00 2.266594508655422197e-02
-2.626549000000000333e+01 9.930880245611251045e-01 0.000000000000000000e+00 2.490559752101558985e-02
-2.627590000000000003e+01 9.934816226373718306e-01 0.000000000000000000e+00 0.000000000000000000e+00
-2.626757200000000125e+01 9.931667441763742943e-01 0.000000000000000000e+00 2.266594508655422197e-02
-2.626895999999999631e+01 9.932192239198737171e-01 0.000000000000000000e+00 2.092488731369731084e-02
-2.625785600000000031e+01 9.927993859718772240e-01 0.000000000000000000e+00 3.059457375801122314e-02
-2.627381799999999856e+01 9.934029030221223078e-01 0.000000000000000000e+00 1.189839459504519678e-02
-2.626410200000000117e+01 9.930355448176253486e-01 0.000000000000000000e+00 2.620024666396403648e-02
-2.627346000000000359e+01 9.933893671804994163e-01 1.000000000000000048e-04 2.420963995326406992e-02
-2.626340799999999831e+01 9.930093049458754706e-01 0.000000000000000000e+00 2.679693062477726123e-02
-2.626410200000000117e+01 9.930355448176253486e-01 0.000000000000000000e+00 2.620024666396403648e-02
-2.626202000000000325e+01 9.929568252023760477e-01 0.000000000000000000e+00 2.789984975159640404e-02
-2.626826600000000056e+01 9.931929840481240612e-01 0.000000000000000000e+00 2.182394301882480819e-02
-2.627692999999999657e+01 9.935205665392481400e-01 0.000000000000000000e+00 1.030000000000015452e-02
-2.627520600000000073e+01 9.934553827656220637e-01 0.000000000000000000e+00 6.940000000000147440e-03
-2.626479600000000048e+01 9.930617846893751155e-01 0.000000000000000000e+00 2.557063467291708497e-02
-2.626965399999999562e+01 9.932454637916234841e-01 0.000000000000000000e+00 1.996107029376797959e-02
-2.626410200000000117e+01 9.930355448176253486e-01 0.000000000000000000e+00 2.620024666396403648e-02
-2.626965399999999562e+01 9.932454637916234841e-01 0.000000000000000000e+00 1.996107029376797959e-02
-2.626860200000000134e+01 9.932056880782508257e-01 1.000000000000000048e-04 2.964578079916171949e-02
-2.627692999999999657e+01 9.935205665392481400e-01 0.000000000000000000e+00 1.030000000000015452e-02
-2.626757200000000125e+01 9.931667441763742943e-01 0.000000000000000000e+00 2.266594508655422197e-02
-2.626340799999999831e+01 9.930093049458754706e-01 0.000000000000000000e+00 2.679693062477726123e-02
-2.626826600000000056e+01 9.931929840481240612e-01 0.000000000000000000e+00 2.182394301882480819e-02
-2.626479600000000048e+01 9.930617846893751155e-01 0.000000000000000000e+00 2.557063467291708497e-02
-2.627762399999999943e+01 9.935468064109980180e-01 1.000000000000000048e-04 1.723999999999996716e-02
-2.625646799999999814e+01 9.927469062283775791e-01 0.000000000000000000e+00 3.131750367388314027e-02
-2.627590000000000003e+01 9.934816226373718306e-01 0.000000000000000000e+00 0.000000000000000000e+00
-2.626687799999999839e+01 9.931405043046244163e-01 0.000000000000000000e+00 2.345703822788097748e-02
-2.626618400000000264e+01 9.931142644328747604e-01 0.000000000000000000e+00 2.420221510857311492e-02
-2.626721399999999917e+01 9.931532083347511808e-01 1.000000000000000048e-04 3.088304762006270285e-02
-2.626721399999999917e+01 9.931532083347511808e-01 1.000000000000000048e-04 3.088304762006270285e-02
-2.626757200000000125e+01 9.931667441763742943e-01 0.000000000000000000e+00 2.266594508655422197e-02
-2.626929600000000420e+01 9.932319279500007037e-01 1.000000000000000048e-04 2.898219557946025288e-02
-2.627590000000000003e+01 9.934816226373718306e-01 0.000000000000000000e+00 0.000000000000000000e+00
-2.625507999999999598e+01 9.926944264848779342e-01 0.000000000000000000e+00 3.196329334114635101e-02
-2.625369200000000092e+01 9.926419467413785114e-01 0.000000000000000000e+00 3.253653635499404589e-02
-2.626410200000000117e+01 9.930355448176253486e-01 0.000000000000000000e+00 2.620024666396403648e-02
-2.627242999999999995e+01 9.933504232786228849e-01 0.000000000000000000e+00 1.520157820089714298e-02
-2.627346000000000359e+01 9.933893671804994163e-01 1.000000000000000048e-04 2.420963995326406992e-02
-2.627242999999999995e+01 9.933504232786228849e-01 0.000000000000000000e+00 1.520157820089714298e-02
-2.627242999999999995e+01 9.933504232786228849e-01 0.000000000000000000e+00 1.520157820089714298e-02
-2.627381799999999856e+01 9.934029030221223078e-01 0.000000000000000000e+00 1.189839459504519678e-02
-2.627034799999999848e+01 9.932717036633733620e-01 0.000000000000000000e+00 1.892259874949423978e-02
-2.626687799999999839e+01 9.931405043046244163e-01 0.000000000000000000e+00 2.345703822788097748e-02
-2.626998999999999640e+01 9.932581678217502485e-01 0.000000000000000000e+00 2.363010192893256339e-02
-2.625855000000000317e+01 9.928256258436271020e-01 0.000000000000000000e+00 3.020247330831430863e-02
-2.627173600000000064e+01 9.933241834068731180e-01 0.000000000000000000e+00 1.656461800637077514e-02
-2.627451199999999787e+01 9.934291428938720747e-01 0.000000000000000000e+00 9.764947413058755118e-03
-2.626132600000000039e+01 9.929305853306261698e-01 0.000000000000000000e+00 2.840959654337975315e-02
-2.626549000000000333e+01 9.930880245611251045e-01 0.000000000000000000e+00 2.490559752101558985e-02
-2.626757200000000125e+01 9.931667441763742943e-01 0.000000000000000000e+00 2.266594508655422197e-02
-2.626549000000000333e+01 9.930880245611251045e-01 0.000000000000000000e+00 2.490559752101558985e-02
-2.627104199999999778e+01 9.932979435351231290e-01 0.000000000000000000e+00 1.779640855835169094e-02
-2.627762399999999943e+01 9.935468064109980180e-01 1.000000000000000048e-04 1.723999999999996716e-02
-2.625716200000000100e+01 9.927731461001274571e-01 0.000000000000000000e+00 3.096600540769082685e-02
-2.627242999999999995e+01 9.933504232786228849e-01 0.000000000000000000e+00 1.520157820089714298e-02
-2.627590000000000003e+01 9.934816226373718306e-01 0.000000000000000000e+00 0.000000000000000000e+00
-2.626618400000000264e+01 9.931142644328747604e-01 0.000000000000000000e+00 2.420221510857311492e-02
-2.626271399999999900e+01 9.929830650741257037e-01 0.000000000000000000e+00 2.736284076161484696e-02
-2.626757200000000125e+01 9.931667441763742943e-01 0.000000000000000000e+00 2.266594508655422197e-02
-2.626511000000000351e+01 9.930736569080055309e-01 2.000000000000000096e-04 4.074681991681532861e-02
-2.625993799999999823e+01 9.928781055871265249e-01 0.000000000000000000e+00 2.935290937690726923e-02
-2.626618400000000264e+01 9.931142644328747604e-01 0.000000000000000000e+00 2.420221510857311492e-02
-2.627104199999999778e+01 9.932979435351231290e-01 0.000000000000000000e+00 1.779640855835169094e-02
-2.627312399999999570e+01 9.933766631503724298e-01 0.000000000000000000e+00 1.366807915834545445e-02
-2.626618400000000264e+01 9.931142644328747604e-01 0.000000000000000000e+00 2.420221510857311492e-02
-2.626757200000000125e+01 9.931667441763742943e-01 0.000000000000000000e+00 2.266594508655422197e-02
-2.627104199999999778e+01 9.932979435351231290e-01 0.000000000000000000e+00 1.779640855835169094e-02
-2.625785600000000031e+01 9.927993859718772240e-01 0.000000000000000000e+00 3.059457375801122314e-02
-2.626199800000000195e+01 9.929559933908796987e-01 2.000000000000000096e-04 4.026753455817706773e-02
-2.626549000000000333e+01 9.930880245611251045e-01 0.000000000000000000e+00 2.490559752101558985e-02
-2.626582599999999701e+01 9.931007285912515359e-01 1.000000000000000048e-04 3.201188737536989071e-02
-2.626965399999999562e+01 9.932454637916234841e-01 0.000000000000000000e+00 1.996107029376797959e-02
-2.626513200000000126e+01 9.930744887195018800e-01 0.000000000000000000e+00 2.858482637676738533e-02
-2.626340799999999831e+01 9.930093049458754706e-01 0.000000000000000000e+00 2.679693062477726123e-02
-2.626618400000000264e+01 9.931142644328747604e-01 0.000000000000000000e+00 2.420221510857311492e-02
-2.625993799999999823e+01 9.928781055871265249e-01 0.000000000000000000e+00 2.935290937690726923e-02
-2.626965399999999562e+01 9.932454637916234841e-01 0.000000000000000000e+00 1.996107029376797959e-02
-2.625716200000000100e+01 9.927731461001274571e-01 0.000000000000000000e+00 3.096600540769082685e-02
-2.626549000000000333e+01 9.930880245611251045e-01 0.000000000000000000e+00 2.490559752101558985e-02
-2.626618400000000264e+01 9.931142644328747604e-01 0.000000000000000000e+00 2.420221510857311492e-02
-2.627034799999999848e+01 9.932717036633733620e-01 0.000000000000000000e+00 1.892259874949423978e-02
-2.626965399999999562e+01 9.932454637916234841e-01 0.000000000000000000e+00 1.996107029376797959e-02
-2.627034799999999848e+01 9.932717036633733620e-01 0.000000000000000000e+00 1.892259874949423978e-02
-2.625263999999999953e+01 9.926021710280055199e-01 0.000000000000000000e+00 3.554465678920933763e-02
-2.625993799999999823e+01 9.928781055871265249e-01 0.000000000000000000e+00 2.935290937690726923e-02
-2.625924399999999892e+01 9.928518657153767579e-01 0.000000000000000000e+00 2.978888790177111612e-02
-2.626132600000000039e+01 9.929305853306261698e-01 0.000000000000000000e+00 2.840959654337975315e-02
-2.627590000000000003e+01 9.934816226373718306e-01 0.000000000000000000e+00 0.000000000000000000e+00
-2.627104199999999778e+01 9.932979435351231290e-01 0.000000000000000000e+00 1.779640855835169094e-02
-2.626132600000000039e+01 9.929305853306261698e-01 0.000000000000000000e+00 2.840959654337975315e-02
-2.625924399999999892e+01 9.928518657153767579e-01 0.000000000000000000e+00 2.978888790177111612e-02
-2.627451199999999787e+01 9.934291428938720747e-01 0.000000000000000000e+00 9.764947413058755118e-03
-2.625924399999999892e+01 9.928518657153767579e-01 0.000000000000000000e+00 2.978888790177111612e-02
-2.627590000000000003e+01 9.934816226373718306e-01 0.000000000000000000e+00 0.000000000000000000e+00
-2.626132600000000039e+01 9.929305853306261698e-01 0.000000000000000000e+00 2.840959654337975315e-02
-2.627520600000000073e+01 9.934553827656220637e-01 0.000000000000000000e+00 6.940000000000147440e-03
-2.626618400000000264e+01 9.931142644328747604e-01 0.000000000000000000e+00 2.420221510857311492e-02
-2.626549000000000333e+01 9.930880245611251045e-01 0.000000000000000000e+00 2.490559752101558985e-02
-2.625924399999999892e+01 9.928518657153767579e-01 0.000000000000000000e+00 2.978888790177111612e-02
-2.626479600000000048e+01 9.930617846893751155e-01 0.000000000000000000e+00 2.557063467291708497e-02
-2.626687799999999839e+01 9.931405043046244163e-01 0.000000000000000000e+00 2.345703822788097748e-02
-2.626618400000000264e+01 9.931142644328747604e-01 0.000000000000000000e+00 2.420221510857311492e-02
-2.625924399999999892e+01 9.928518657153767579e-01 0.000000000000000000e+00 2.978888790177111612e-02
-2.627034799999999848e+01 9.932717036633733620e-01 0.000000000000000000e+00 1.892259874949423978e-02
-2.626757200000000125e+01 9.931667441763742943e-01 0.000000000000000000e+00 2.266594508655422197e-02
-2.626618400000000264e+01 9.931142644328747604e-01 0.000000000000000000e+00 2.420221510857311492e-02
-2.627590000000000003e+01 9.934816226373718306e-01 0.000000000000000000e+00 0.000000000000000000e+00
-2.627381799999999856e+01 9.934029030221223078e-01 0.000000000000000000e+00 1.189839459504519678e-02
-2.626202000000000325e+01 9.929568252023760477e-01 0.000000000000000000e+00 2.789984975159640404e-02
-2.626513200000000126e+01 9.930744887195018800e-01 0.000000000000000000e+00 2.858482637676738533e-02
-2.626479600000000048e+01 9.930617846893751155e-01 0.000000000000000000e+00 2.557063467291708497e-02
-2.626271399999999900e+01 9.929830650741257037e-01 0.000000000000000000e+00 2.736284076161484696e-02
-2.627590000000000003e+01 9.934816226373718306e-01 0.000000000000000000e+00 0.000000000000000000e+00
-2.627034799999999848e+01 9.932717036633733620e-01 0.000000000000000000e+00 1.892259874949423978e-02
-2.627034799999999848e+01 9.932717036633733620e-01 0.000000000000000000e+00 1.892259874949423978e-02
-2.626618400000000264e+01 9.931142644328747604e-01 0.000000000000000000e+00 2.420221510857311492e-02
-2.626271399999999900e+01 9.929830650741257037e-01 0.000000000000000000e+00 2.736284076161484696e-02
-2.626826600000000056e+01 9.931929840481240612e-01 0.000000000000000000e+00 2.182394301882480819e-02
-2.627415399999999934e+01 9.934156070522490722e-01 1.000000000000000048e-04 2.324631140502519608e-02
-2.626549000000000333e+01 9.930880245611251045e-01 0.000000000000000000e+00 2.490559752101558985e-02
-2.627034799999999848e+01 9.932717036633733620e-01 0.000000000000000000e+00 1.892259874949423978e-02
-2.627590000000000003e+01 9.934816226373718306e-01 0.000000000000000000e+00 0.000000000000000000e+00
-2.626132600000000039e+01 9.929305853306261698e-01 0.000000000000000000e+00 2.840959654337975315e-02
-2.626479600000000048e+01 9.930617846893751155e-01 0.000000000000000000e+00 2.557063467291708497e-02
-2.626479600000000048e+01 9.930617846893751155e-01 0.000000000000000000e+00 2.557063467291708497e-02
-2.626340799999999831e+01 9.930093049458754706e-01 0.000000000000000000e+00 2.679693062477726123e-02
-2.627034799999999848e+01 9.932717036633733620e-01 0.000000000000000000e+00 1.892259874949423978e-02
-2.626340799999999831e+01 9.930093049458754706e-01 0.000000000000000000e+00 2.679693062477726123e-02
-2.627381799999999856e+01 9.934029030221223078e-01 0.000000000000000000e+00 1.189839459504519678e-02
-2.626479600000000048e+01 9.930617846893751155e-01 0.000000000000000000e+00 2.557063467291708497e-02
-2.626479600000000048e+01 9.930617846893751155e-01 0.000000000000000000e+00 2.557063467291708497e-02
-2.627242999999999995e+01 9.933504232786228849e-01 0.000000000000000000e+00 1.520157820089714298e-02
-2.626271399999999900e+01 9.929830650741257037e-01 0.000000000000000000e+00 2.736284076161484696e-02
-2.626271399999999900e+01 9.929830650741257037e-01 0.000000000000000000e+00 2.736284076161484696e-02
-2.626132600000000039e+01 9.929305853306261698e-01 0.000000000000000000e+00 2.840959654337975315e-02
-2.627692999999999657e+01 9.935205665392481400e-01 1.000000000000000048e-04 1.864935073476512925e-02
-2.626687799999999839e+01 9.931405043046244163e-01 0.000000000000000000e+00 2.345703822788097748e-02
-2.627173600000000064e+01 9.933241834068731180e-01 0.000000000000000000e+00 1.656461800637077514e-02
-2.627520600000000073e+01 9.934553827656220637e-01 0.000000000000000000e+00 6.940000000000147440e-03
-2.627415399999999934e+01 9.934156070522490722e-01 1.000000000000000048e-04 2.324631140502519608e-02
-2.626757200000000125e+01 9.931667441763742943e-01 0.000000000000000000e+00 2.266594508655422197e-02
-2.626618400000000264e+01 9.931142644328747604e-01 0.000000000000000000e+00 2.420221510857311492e-02
-2.626965399999999562e+01 9.932454637916234841e-01 0.000000000000000000e+00 1.996107029376797959e-02
-2.626271399999999900e+01 9.929830650741257037e-01 0.000000000000000000e+00 2.736284076161484696e-02
-2.626965399999999562e+01 9.932454637916234841e-01 0.000000000000000000e+00 1.996107029376797959e-02
-2.627451199999999787e+01 9.934291428938720747e-01 0.000000000000000000e+00 9.764947413058755118e-03
-2.626235600000000403e+01 9.929695292325028122e-01 0.000000000000000000e+00 3.071678486963302923e-02
-2.626202000000000325e+01 9.929568252023760477e-01 0.000000000000000000e+00 2.789984975159640404e-02
-2.626549000000000333e+01 9.930880245611251045e-01 0.000000000000000000e+00 2.490559752101558985e-02
-2.627451199999999787e+01 9.934291428938720747e-01 0.000000000000000000e+00 9.764947413058755118e-03
-2.626826600000000056e+01 9.931929840481240612e-01 0.000000000000000000e+00 2.182394301882480819e-02
-2.626895999999999631e+01 9.932192239198737171e-01 0.000000000000000000e+00 2.092488731369731084e-02
-2.626410200000000117e+01 9.930355448176253486e-01 0.000000000000000000e+00 2.620024666396403648e-02
-2.626757200000000125e+01 9.931667441763742943e-01 0.000000000000000000e+00 2.266594508655422197e-02
-2.626271399999999900e+01 9.929830650741257037e-01 0.000000000000000000e+00 2.736284076161484696e-02
-2.625855000000000317e+01 9.928256258436271020e-01 0.000000000000000000e+00 3.020247330831430863e-02
-2.626549000000000333e+01 9.930880245611251045e-01 0.000000000000000000e+00 2.490559752101558985e-02
-2.626895999999999631e+01 9.932192239198737171e-01 0.000000000000000000e+00 2.092488731369731084e-02
-2.626479600000000048e+01 9.930617846893751155e-01 0.000000000000000000e+00 2.557063467291708497e-02
-2.627034799999999848e+01 9.932717036633733620e-01 0.000000000000000000e+00 1.892259874949423978e-02
-2.625924399999999892e+01 9.928518657153767579e-01 0.000000000000000000e+00 2.978888790177111612e-02
-2.625299799999999806e+01 9.926157068696286334e-01 0.000000000000000000e+00 3.279716044619390009e-02
-2.626132600000000039e+01 9.929305853306261698e-01 0.000000000000000000e+00 2.840959654337975315e-02
-2.625785600000000031e+01 9.927993859718772240e-01 0.000000000000000000e+00 3.059457375801122314e-02
-2.626687799999999839e+01 9.931405043046244163e-01 0.000000000000000000e+00 2.345703822788097748e-02
-2.625299799999999806e+01 9.926157068696286334e-01 0.000000000000000000e+00 3.279716044619390009e-02
-2.626618400000000264e+01 9.931142644328747604e-01 0.000000000000000000e+00 2.420221510857311492e-02
-2.626479600000000048e+01 9.930617846893751155e-01 0.000000000000000000e+00 2.557063467291708497e-02
-2.625716200000000100e+01 9.927731461001274571e-01 0.000000000000000000e+00 3.096600540769082685e-02
-2.626340799999999831e+01 9.930093049458754706e-01 0.000000000000000000e+00 2.679693062477726123e-02
-2.626618400000000264e+01 9.931142644328747604e-01 0.000000000000000000e+00 2.420221510857311492e-02
-2.626895999999999631e+01 9.932192239198737171e-01 0.000000000000000000e+00 2.092488731369731084e-02
-2.626513200000000126e+01 9.930744887195018800e-01 0.000000000000000000e+00 2.858482637676738533e-02
-2.626757200000000125e+01 9.931667441763742943e-01 0.000000000000000000e+00 2.266594508655422197e-02
-2.625924399999999892e+01 9.928518657153767579e-01 0.000000000000000000e+00 2.978888790177111612e-02
-2.625993799999999823e+01 9.928781055871265249e-01 0.000000000000000000e+00 2.935290937690726923e-02
-2.627762399999999943e+01 9.935468064109980180e-01 1.000000000000000048e-04 1.723999999999996716e-02
-2.626063200000000109e+01 9.929043454588764028e-01 0.000000000000000000e+00 2.889352407259062477e-02
-2.626757200000000125e+01 9.931667441763742943e-01 0.000000000000000000e+00 2.266594508655422197e-02
-2.626479600000000048e+01 9.930617846893751155e-01 0.000000000000000000e+00 2.557063467291708497e-02
-2.625993799999999823e+01 9.928781055871265249e-01 0.000000000000000000e+00 2.935290937690726923e-02
-2.626410200000000117e+01 9.930355448176253486e-01 0.000000000000000000e+00 2.620024666396403648e-02
-2.627276600000000073e+01 9.933631273087495384e-01 0.000000000000000000e+00 1.972665847388939062e-02
-2.626826600000000056e+01 9.931929840481240612e-01 0.000000000000000000e+00 2.182394301882480819e-02
-2.625785600000000031e+01 9.927993859718772240e-01 0.000000000000000000e+00 3.059457375801122314e-02
-2.626549000000000333e+01 9.930880245611251045e-01 0.000000000000000000e+00 2.490559752101558985e-02
-2.625716200000000100e+01 9.927731461001274571e-01 0.000000000000000000e+00 3.096600540769082685e-02
-2.626687799999999839e+01 9.931405043046244163e-01 0.000000000000000000e+00 2.345703822788097748e-02
-2.627104199999999778e+01 9.932979435351231290e-01 0.000000000000000000e+00 1.779640855835169094e-02
-2.626965399999999562e+01 9.932454637916234841e-01 0.000000000000000000e+00 1.996107029376797959e-02
-2.627590000000000003e+01 9.934816226373718306e-01 0.000000000000000000e+00 0.000000000000000000e+00
-2.627590000000000003e+01 9.934816226373718306e-01 0.000000000000000000e+00 0.000000000000000000e+00
-2.625924399999999892e+01 9.928518657153767579e-01 0.000000000000000000e+00 2.978888790177111612e-02
-2.625160999999999589e+01 9.925632271261289885e-01 0.000000000000000000e+00 3.326845048961330625e-02
-2.627312399999999570e+01 9.933766631503724298e-01 0.000000000000000000e+00 1.366807915834545445e-02
-2.626132600000000039e+01 9.929305853306261698e-01 0.000000000000000000e+00 2.840959654337975315e-02
-2.626410200000000117e+01 9.930355448176253486e-01 0.000000000000000000e+00 2.620024666396403648e-02
