-2.493676800000000782e+01 9.061687785485614821e-01 0.000000000000000000e+00 9.503539734884323131e-01
-2.457318000000002911e+01 8.929564771847723348e-01 0.000000000000000000e+00 9.240185839226088271e-01
-2.388823200000001989e+01 8.680663834673632007e-01 0.000000000000000000e+00 7.727623065341631126e-01
-2.493024600000001811e+01 9.059317777963515894e-01 0.000000000000000000e+00 8.720212247694920649e-01
-2.426314400000001470e+01 8.816901838372905864e-01 0.000000000000000000e+00 8.048583465706523610e-01
-2.518814800000002307e+01 9.153035913499458776e-01 0.000000000000000000e+00 7.887723831500454974e-01
-2.525196200000000246e+01 9.176225067135679314e-01 0.000000000000000000e+00 9.754423645824606970e-01
-2.537290400000000901e+01 9.220173771480695279e-01 0.000000000000000000e+00 7.966636728636531384e-01
-2.479455800000000565e+01 9.010010574550584295e-01 0.000000000000000000e+00 7.959686336112304916e-01
-2.461896000000001905e+01 8.946200611216298393e-01 0.000000000000000000e+00 1.083873383152788250e+00
-2.491170600000002366e+01 9.052580590067199617e-01 0.000000000000000000e+00 8.711916137351325418e-01
-2.559875600000000162e+01 9.302245365912156227e-01 0.000000000000000000e+00 8.977399164793797848e-01
-2.607833600000000018e+01 9.476518320136343432e-01 0.000000000000000000e+00 7.281042057621179842e-01
-2.536550200000001354e+01 9.217483983734819919e-01 0.000000000000000000e+00 5.782422438054938274e-01
-2.648511799999999994e+01 9.624337455348870307e-01 2.999999999999999737e-04 5.298260908462456564e-01
-2.625412199999999530e+01 9.540396600154801288e-01 2.999999999999999737e-04 6.820670679395659519e-01
-2.616710800000001313e+01 9.508776876982732995e-01 1.000000000000000048e-04 6.196635874016762635e-01
-2.638922800000001345e+01 9.589492312556102682e-01 0.000000000000000000e+00 4.725375884957872530e-01
-2.641796000000000433e+01 9.599933136862304206e-01 1.000000000000000048e-04 5.110133940405955366e-01
-2.664170399999999717e+01 9.681238712303180671e-01 0.000000000000000000e+00 4.705632833320104735e-01
-2.570859799999999851e+01 9.342160478798208212e-01 1.000000000000000048e-04 8.353910925858123449e-01
-2.668322000000001282e+01 9.696325071132935181e-01 1.000000000000000048e-04 4.844371462706684173e-01
-2.646425000000001404e+01 9.616754303406028770e-01 0.000000000000000000e+00 5.412762511888083994e-01
-2.682730200000000664e+01 9.748682541816717784e-01 2.999999999999999737e-04 4.026405324601560753e-01
-2.596694800000001990e+01 9.436041411538986790e-01 2.999999999999999737e-04 8.775891278204660528e-01
-2.683431800000000678e+01 9.751232062328075711e-01 1.000000000000000048e-04 3.510731520019234608e-01
-2.571474000000000260e+01 9.344392399405501148e-01 2.999999999999999737e-04 9.578314345278590158e-01
-2.692589800000000722e+01 9.784511008797592835e-01 0.000000000000000000e+00 3.167113276257488841e-01
-2.556553000000000253e+01 9.290171482144999882e-01 0.000000000000000000e+00 9.266388695961685906e-01
-2.693003800000000680e+01 9.786015429395800158e-01 0.000000000000000000e+00 3.257837352873488856e-01
-2.698860799999999571e+01 9.807298983607628529e-01 0.000000000000000000e+00 2.532316006578105294e-01
-2.640778799999999649e+01 9.596236768184773780e-01 0.000000000000000000e+00 4.133786703581480704e-01
-2.642016999999999882e+01 9.600736221287914374e-01 0.000000000000000000e+00 4.052273718905138322e-01
-2.695320200000000455e+01 9.794432917013400353e-01 0.000000000000000000e+00 2.582855744631457617e-01
-2.688113199999999736e+01 9.768243643459585401e-01 0.000000000000000000e+00 2.775755581473406952e-01
-2.653444200000000208e+01 9.642261136891373541e-01 0.000000000000000000e+00 4.260959642421346394e-01
-2.664756599999999409e+01 9.683368884657451714e-01 0.000000000000000000e+00 3.973929364030402978e-01
-2.673069599999999824e+01 9.713577214205509902e-01 0.000000000000000000e+00 2.801318823322149210e-01
-2.686419200000000274e+01 9.762087874151947897e-01 0.000000000000000000e+00 2.984290998078454327e-01
-2.699293999999999727e+01 9.808873174436477660e-01 2.000000000000000096e-04 3.111982394590684931e-01
-2.698311200000000198e+01 9.805301810755517877e-01 0.000000000000000000e+00 3.317297656682359208e-01
-2.711597800000000547e+01 9.853583537132664105e-01 1.000000000000000048e-04 2.203527253099335226e-01
-2.697561999999999927e+01 9.802579318214027504e-01 0.000000000000000000e+00 3.198308757623451459e-01
-2.720213999999999643e+01 9.884893654906263816e-01 0.000000000000000000e+00 1.872075950285231605e-01
-2.713274400000000242e+01 9.859676077168783026e-01 2.000000000000000096e-04 2.015368800096900281e-01
-2.717858999999999625e+01 9.876335900054143968e-01 1.000000000000000048e-04 1.931236592905632155e-01
-2.725073000000000079e+01 9.902550610671212450e-01 1.000000000000000048e-04 2.064137736673494761e-01
-2.717954200000000142e+01 9.876681844114409969e-01 1.000000000000000048e-04 1.913421923722469775e-01
-2.721864399999999762e+01 9.890890987648488508e-01 0.000000000000000000e+00 2.090650550339854530e-01
-2.718429400000000129e+01 9.878408657322786945e-01 0.000000000000000000e+00 1.958976942955245049e-01
-2.725526199999999122e+01 9.904197478823641987e-01 1.000000000000000048e-04 2.060822326699273954e-01
-2.718563399999999675e+01 9.878895595390803086e-01 0.000000000000000000e+00 1.946724782341303639e-01
-2.719823999999999486e+01 9.883476447096357642e-01 0.000000000000000000e+00 1.947425329541903616e-01
-2.726169200000000359e+01 9.906534054776900966e-01 1.000000000000000048e-04 2.124548901282193036e-01
-2.716342999999999819e+01 9.870826958926410821e-01 0.000000000000000000e+00 1.950975252109418967e-01
-2.727811200000000369e+01 9.912500863043219868e-01 1.000000000000000048e-04 1.998848574009091938e-01
-2.719573000000000107e+01 9.882564346685369649e-01 1.000000000000000048e-04 1.982985757677420691e-01
-2.720810599999999724e+01 9.887061619468801021e-01 2.000000000000000096e-04 2.085869001474710271e-01
-2.712379599999999513e+01 9.856424493711593016e-01 1.000000000000000048e-04 2.417490066289008643e-01
-2.743023400000000223e+01 9.967779962135115968e-01 2.999999999999999737e-04 1.541004579991748225e-01
-2.738062400000000807e+01 9.949752352019888280e-01 5.000000000000000104e-04 1.867789051744915552e-01
-2.730346599999999668e+01 9.921714167354072078e-01 0.000000000000000000e+00 1.997916693847756053e-01
-2.750746799999999936e+01 9.995845764183888260e-01 2.999999999999999737e-04 4.092340221053436707e-03
-2.749750399999999928e+01 9.992224979922890160e-01 2.000000000000000096e-04 4.649169779257723151e-02
-2.750883599999999873e+01 9.996342877077208922e-01 2.999999999999999737e-04 3.793762025092379565e-03
-2.733487799999999979e+01 9.933128867796314765e-01 2.000000000000000096e-04 1.941960581630338967e-01
-2.725371200000000727e+01 9.903634229565865255e-01 0.000000000000000000e+00 2.010530053634028425e-01
-2.738585399999999836e+01 9.951652864031629298e-01 2.000000000000000096e-04 1.794944367163535393e-01
-2.744400399999999962e+01 9.972783795863934264e-01 1.000000000000000048e-04 1.408043803267207961e-01
-2.748315800000000309e+01 9.987011835502147550e-01 4.000000000000000192e-04 8.685085460405368718e-02
-2.730307599999999724e+01 9.921572446573081461e-01 0.000000000000000000e+00 1.971373582151295656e-01
-2.748010000000000019e+01 9.985900599224533103e-01 4.000000000000000192e-04 9.186404535117519143e-02
-2.751069999999999993e+01 9.997020229733020180e-01 2.000000000000000096e-04 1.967411261202770423e-03
-2.750925200000000004e+01 9.996494045910265802e-01 1.000000000000000048e-04 3.235799746585452021e-03
-2.751097999999999999e+01 9.997121977986038743e-01 1.000000000000000048e-04 7.999999999999118927e-04
-2.751097999999999999e+01 9.997121977986038743e-01 1.000000000000000048e-04 7.999999999999118927e-04
-2.751089999999999947e+01 9.997092907056605027e-01 0.000000000000000000e+00 0.000000000000000000e+00
-2.751122000000000156e+01 9.997209190774342114e-01 4.000000000000000192e-04 1.575571084535285458e-03
-2.751097999999999999e+01 9.997121977986038743e-01 1.000000000000000048e-04 7.999999999999118927e-04
-2.750909999999999656e+01 9.996438811144340297e-01 0.000000000000000000e+00 3.133397807202989351e-03
-2.751061999999999585e+01 9.996991158803585353e-01 1.000000000000000048e-04 1.784784173354046809e-03
-2.751314000000000348e+01 9.997906893080756863e-01 2.799999999999999972e-03 3.610086878833306239e-03
-2.750980399999999904e+01 9.996694635323359890e-01 1.600000000000000077e-03 5.139074318248984009e-03
-2.750937199999999905e+01 9.996537652304416932e-01 1.600000000000000077e-03 5.329810958044059813e-03
-2.751401999999999859e+01 9.998226673304528855e-01 3.899999999999999821e-03 3.921657040001145893e-03
-2.751145200000000202e+01 9.997293496469700225e-01 2.399999999999999790e-03 5.015621656989326278e-03
-2.751248399999999705e+01 9.997668511459396612e-01 2.700000000000000143e-03 4.371411255376766135e-03
-2.751325199999999782e+01 9.997947592381962734e-01 3.299999999999999982e-03 4.223753895493250962e-03
-2.751325999999999894e+01 9.997950499474906882e-01 3.399999999999999811e-03 4.355699853309310567e-03
-2.751007599999999798e+01 9.996793476483434304e-01 1.399999999999999986e-03 4.743717163285954795e-03
-2.751361999999999952e+01 9.998081318657359162e-01 3.399999999999999811e-03 3.808761828555767316e-03
-2.751426000000000016e+01 9.998313886092831115e-01 4.199999999999999740e-03 3.968359709990428724e-03
-2.751297999999999888e+01 9.997848751221887209e-01 2.599999999999999881e-03 3.526752018214076266e-03
-2.751409999999999556e+01 9.998255744233961462e-01 4.000000000000000083e-03 3.938927711338214080e-03
-2.751316399999999973e+01 9.997915614359585978e-01 3.099999999999999891e-03 4.053867588395041084e-03
-2.751370000000000005e+01 9.998110389586793989e-01 3.500000000000000073e-03 3.834979883528395923e-03
-2.751074799999999954e+01 9.997037672290680632e-01 1.699999999999999905e-03 4.686461911989227465e-03
-2.751409999999999556e+01 9.998255744233961462e-01 4.000000000000000083e-03 3.938927711338214080e-03
-2.750908400000000142e+01 9.996432996958455330e-01 1.600000000000000077e-03 5.434025239454828675e-03
-2.751009200000000376e+01 9.996799290669323712e-01 1.600000000000000077e-03 4.986925937191315564e-03
-2.751011599999999646e+01 9.996808011948151718e-01 1.899999999999999996e-03 5.330884286188210426e-03
-2.751377999999999702e+01 9.998139460516226595e-01 3.599999999999999901e-03 3.859345210594949602e-03
-2.751314800000000460e+01 9.997909800173701012e-01 2.899999999999999800e-03 3.763849308375514895e-03
-2.751269999999999527e+01 9.997747002968867536e-01 3.599999999999999901e-03 5.277740563398712614e-03
-2.751154000000000011e+01 9.997325474492076980e-01 8.000000000000000383e-04 2.181279394754085700e-03
-2.751089999999999947e+01 9.997092907056605027e-01 0.000000000000000000e+00 0.000000000000000000e+00
-2.751289999999999480e+01 9.997819680292452382e-01 2.500000000000000052e-03 3.481553119113573250e-03
-2.751266000000000034e+01 9.997732467504152343e-01 2.200000000000000133e-03 3.330665599145445945e-03
-2.751027600000000106e+01 9.996866153807020261e-01 2.099999999999999870e-03 5.471637060442978429e-03
-2.751649999999999707e+01 9.999127872116980731e-01 7.000000000000000146e-03 3.684529491774300291e-03
-2.749570399999999637e+01 9.991570884010624320e-01 5.199999999999999761e-03 7.815167320180889388e-02
-2.746826399999999779e+01 9.981599555214779596e-01 4.300000000000000003e-03 1.137632678642420958e-01
-2.751665999999999812e+01 9.999186013975849274e-01 7.199999999999999803e-03 3.610086878833306239e-03
-2.747448400000000390e+01 9.983859819978271322e-01 5.300000000000000024e-03 1.067886184681834105e-01
-2.751745999999999981e+01 9.999476723270189771e-01 8.200000000000000691e-03 3.088983357322612477e-03
-2.751625999999999905e+01 9.999040659328679581e-01 6.700000000000000226e-03 3.780652501001670503e-03
-2.751858000000000359e+01 9.999883716282266244e-01 9.599999999999999159e-03 1.575571084535287410e-03
-2.751881999999999451e+01 9.999970929070564063e-01 9.900000000000000813e-03 7.999999999999095075e-04
-2.751810000000000045e+01 9.999709290705660614e-01 8.999999999999999320e-03 2.412090756621844152e-03
-2.751391599999999826e+01 9.998188881096264913e-01 4.400000000000000265e-03 4.787667659326318159e-03
-2.751594000000000051e+01 9.998924375610944715e-01 6.300000000000000044e-03 3.881892696750850226e-03
-2.751890000000000214e+01 1.000000000000000222e+00 1.250000000000000069e-02 3.570611593983173639e-15
-2.751890000000000214e+01 1.000000000000000222e+00 1.140000000000000041e-02 3.570611593983173639e-15
-2.751737999999999573e+01 9.999447652340753834e-01 8.099999999999999561e-03 3.154217955228953620e-03
-2.751890000000000214e+01 1.000000000000000222e+00 1.409999999999999969e-02 3.570611593983173639e-15
-2.751689999999999969e+01 9.999273226764151534e-01 7.499999999999999722e-03 3.481553119113573683e-03
-2.751890000000000214e+01 1.000000000000000222e+00 1.239999999999999956e-02 3.570611593983173639e-15
-2.751507600000000053e+01 9.998610409573057689e-01 7.199999999999999803e-03 6.360057175271882635e-03
-2.751890000000000214e+01 1.000000000000000222e+00 1.170000000000000033e-02 3.570611593983173639e-15
-2.751890000000000214e+01 1.000000000000000222e+00 1.149999999999999981e-02 3.570611593983173639e-15
-2.751890000000000214e+01 1.000000000000000222e+00 1.340000000000000045e-02 3.570611593983173639e-15
-2.751890000000000214e+01 1.000000000000000222e+00 1.439999999999999961e-02 3.570611593983173639e-15
-2.751890000000000214e+01 1.000000000000000222e+00 1.359999999999999924e-02 3.570611593983173639e-15
-2.751513999999999882e+01 9.998633666316604218e-01 5.300000000000000024e-03 4.012908464372293149e-03
-2.751890000000000214e+01 1.000000000000000222e+00 1.379999999999999977e-02 3.570611593983173639e-15
-2.751890000000000214e+01 1.000000000000000222e+00 1.099999999999999936e-02 3.570611593983173639e-15
-2.751633999999999958e+01 9.999069730258114408e-01 6.799999999999999621e-03 3.750609378096793258e-03
-2.751890000000000214e+01 1.000000000000000222e+00 2.309999999999999901e-02 3.570611593983173639e-15
-2.751890000000000214e+01 1.000000000000000222e+00 1.190000000000000085e-02 3.570611593983173639e-15
-2.751890000000000214e+01 1.000000000000000222e+00 1.170000000000000033e-02 3.570611593983173639e-15
-2.751890000000000214e+01 1.000000000000000222e+00 1.600000000000000033e-02 3.570611593983173639e-15
-2.751890000000000214e+01 1.000000000000000222e+00 1.209999999999999964e-02 3.570611593983173639e-15
-2.751890000000000214e+01 1.000000000000000222e+00 1.290000000000000001e-02 3.570611593983173639e-15
-2.751681999999999562e+01 9.999244155834715597e-01 7.400000000000000328e-03 3.526752018214076266e-03
-2.751890000000000214e+01 1.000000000000000222e+00 1.420000000000000082e-02 3.570611593983173639e-15
-2.751665999999999812e+01 9.999186013975849274e-01 7.199999999999999803e-03 3.610086878833306239e-03
-2.751890000000000214e+01 1.000000000000000222e+00 1.140000000000000041e-02 3.570611593983173639e-15
-2.751890000000000214e+01 1.000000000000000222e+00 1.099999999999999936e-02 3.570611593983173639e-15
-2.751777999999999835e+01 9.999593006987924637e-01 8.600000000000000006e-03 2.789880704157909289e-03
-2.750727600000000095e+01 9.995775993953247562e-01 4.799999999999999580e-03 2.049329587346935752e-02
-2.751817999999999742e+01 9.999738361635094330e-01 9.100000000000000450e-03 2.300987930117037207e-03
-2.751890000000000214e+01 1.000000000000000222e+00 1.349999999999999985e-02 3.570611593983173639e-15
-2.751890000000000214e+01 1.000000000000000222e+00 1.349999999999999985e-02 3.570611593983173639e-15
-2.751890000000000214e+01 1.000000000000000222e+00 1.679999999999999896e-02 3.570611593983173639e-15
-2.751890000000000214e+01 1.000000000000000222e+00 1.099999999999999936e-02 3.570611593983173639e-15
-2.751890000000000214e+01 1.000000000000000222e+00 1.030000000000000013e-02 3.570611593983173639e-15
-2.751890000000000214e+01 1.000000000000000222e+00 1.099999999999999936e-02 3.570611593983173639e-15
-2.751890000000000214e+01 1.000000000000000222e+00 1.110000000000000049e-02 3.570611593983173639e-15
-2.751890000000000214e+01 1.000000000000000222e+00 1.529999999999999936e-02 3.570611593983173639e-15
-2.751890000000000214e+01 1.000000000000000222e+00 1.129999999999999928e-02 3.570611593983173639e-15
-2.751890000000000214e+01 1.000000000000000222e+00 1.209999999999999964e-02 3.570611593983173639e-15
-2.751801999999999637e+01 9.999680219776225787e-01 8.899999999999999925e-03 2.515728301881484281e-03
-2.751890000000000214e+01 1.000000000000000222e+00 1.439999999999999961e-02 3.570611593983173639e-15
-2.751890000000000214e+01 1.000000000000000222e+00 1.009999999999999960e-02 3.570611593983173639e-15
-2.751890000000000214e+01 1.000000000000000222e+00 1.450000000000000074e-02 3.570611593983173639e-15
-2.751874000000000109e+01 9.999941858141132567e-01 9.799999999999999684e-03 1.125642353090195152e-03
-2.751890000000000214e+01 1.000000000000000222e+00 1.179999999999999973e-02 3.570611593983173639e-15
-2.751890000000000214e+01 1.000000000000000222e+00 1.409999999999999969e-02 3.570611593983173639e-15
-2.751890000000000214e+01 1.000000000000000222e+00 1.660000000000000017e-02 3.570611593983173639e-15
-2.751890000000000214e+01 1.000000000000000222e+00 1.379999999999999977e-02 3.570611593983173639e-15
-2.751890000000000214e+01 1.000000000000000222e+00 1.119999999999999989e-02 3.570611593983173639e-15
-2.751890000000000214e+01 1.000000000000000222e+00 1.250000000000000069e-02 3.570611593983173639e-15
-2.751890000000000214e+01 1.000000000000000222e+00 1.069999999999999944e-02 3.570611593983173639e-15
-2.751890000000000214e+01 1.000000000000000222e+00 1.190000000000000085e-02 3.570611593983173639e-15
-2.751890000000000214e+01 1.000000000000000222e+00 1.080000000000000057e-02 3.570611593983173639e-15
-2.751890000000000214e+01 1.000000000000000222e+00 1.089999999999999997e-02 3.570611593983173639e-15
-2.751890000000000214e+01 1.000000000000000222e+00 1.110000000000000049e-02 3.570611593983173639e-15
-2.751737999999999573e+01 9.999447652340753834e-01 8.099999999999999561e-03 3.154217955228953620e-03
-2.751890000000000214e+01 1.000000000000000222e+00 1.009999999999999960e-02 3.570611593983173639e-15
-2.751890000000000214e+01 1.000000000000000222e+00 1.030000000000000013e-02 3.570611593983173639e-15
-2.751890000000000214e+01 1.000000000000000222e+00 1.290000000000000001e-02 3.570611593983173639e-15
-2.751849999999999596e+01 9.999854645352829197e-01 9.499999999999999764e-03 1.752343308460530078e-03
-2.751890000000000214e+01 1.000000000000000222e+00 1.170000000000000033e-02 3.570611593983173639e-15
-2.751881999999999451e+01 9.999970929070564063e-01 9.900000000000000813e-03 7.999999999999095075e-04
-2.751890000000000214e+01 1.000000000000000222e+00 1.140000000000000041e-02 3.570611593983173639e-15
-2.751890000000000214e+01 1.000000000000000222e+00 1.609999999999999973e-02 3.570611593983173639e-15
-2.751761999999999730e+01 9.999534865129056094e-01 8.399999999999999481e-03 2.947623593419441100e-03
-2.751890000000000214e+01 1.000000000000000222e+00 1.069999999999999944e-02 3.570611593983173639e-15
-2.751890000000000214e+01 1.000000000000000222e+00 1.209999999999999964e-02 3.570611593983173639e-15
-2.751890000000000214e+01 1.000000000000000222e+00 1.559999999999999928e-02 3.570611593983173639e-15
-2.751890000000000214e+01 1.000000000000000222e+00 1.089999999999999997e-02 3.570611593983173639e-15
-2.751890000000000214e+01 1.000000000000000222e+00 1.239999999999999956e-02 3.570611593983173639e-15
-2.751890000000000214e+01 1.000000000000000222e+00 1.039999999999999952e-02 3.570611593983173639e-15
-2.751890000000000214e+01 1.000000000000000222e+00 1.499999999999999944e-02 3.570611593983173639e-15
-2.751890000000000214e+01 1.000000000000000222e+00 1.069999999999999944e-02 3.570611593983173639e-15
-2.751890000000000214e+01 1.000000000000000222e+00 1.679999999999999896e-02 3.570611593983173639e-15
-2.751890000000000214e+01 1.000000000000000222e+00 2.000000000000000042e-02 3.570611593983173639e-15
-2.751874000000000109e+01 9.999941858141132567e-01 9.799999999999999684e-03 1.125642353090195152e-03
-2.751817999999999742e+01 9.999738361635094330e-01 9.100000000000000450e-03 2.300987930117037207e-03
-2.751890000000000214e+01 1.000000000000000222e+00 1.190000000000000085e-02 3.570611593983173639e-15
-2.751890000000000214e+01 1.000000000000000222e+00 1.020000000000000073e-02 3.570611593983173639e-15
-2.751890000000000214e+01 1.000000000000000222e+00 1.110000000000000049e-02 3.570611593983173639e-15
-2.751849999999999596e+01 9.999854645352829197e-01 9.499999999999999764e-03 1.752343308460530078e-03
-2.751642000000000365e+01 9.999098801187549235e-01 6.899999999999999883e-03 3.718585589693444628e-03
-2.751890000000000214e+01 1.000000000000000222e+00 1.080000000000000057e-02 3.570611593983173639e-15
-2.751642000000000365e+01 9.999098801187549235e-01 6.899999999999999883e-03 3.718585589693444628e-03
-2.751890000000000214e+01 1.000000000000000222e+00 2.019999999999999921e-02 3.570611593983173639e-15
-2.751067600000000013e+01 9.997011508454189954e-01 3.500000000000000073e-03 6.675949900254478202e-03
-2.751890000000000214e+01 1.000000000000000222e+00 1.050000000000000065e-02 3.570611593983173639e-15
-2.751649999999999707e+01 9.999127872116980731e-01 7.000000000000000146e-03 3.684529491774300291e-03
-2.751890000000000214e+01 1.000000000000000222e+00 1.099999999999999936e-02 3.570611593983173639e-15
-2.751890000000000214e+01 1.000000000000000222e+00 1.039999999999999952e-02 3.570611593983173639e-15
-2.751890000000000214e+01 1.000000000000000222e+00 1.200000000000000025e-02 3.570611593983173639e-15
-2.751890000000000214e+01 1.000000000000000222e+00 1.159999999999999920e-02 3.570611593983173639e-15
-2.751890000000000214e+01 1.000000000000000222e+00 1.299999999999999940e-02 3.570611593983173639e-15
-2.751890000000000214e+01 1.000000000000000222e+00 1.050000000000000065e-02 3.570611593983173639e-15
-2.751890000000000214e+01 1.000000000000000222e+00 1.359999999999999924e-02 3.570611593983173639e-15
-2.751890000000000214e+01 1.000000000000000222e+00 1.179999999999999973e-02 3.570611593983173639e-15
-2.751890000000000214e+01 1.000000000000000222e+00 1.430000000000000021e-02 3.570611593983173639e-15
-2.751441999999999410e+01 9.998372027951697438e-01 4.400000000000000265e-03 3.991101212558430429e-03
-2.751890000000000214e+01 1.000000000000000222e+00 1.260000000000000009e-02 3.570611593983173639e-15
-2.751793999999999585e+01 9.999651148846792070e-01 8.800000000000000530e-03 2.612789058968435513e-03
-2.751890000000000214e+01 1.000000000000000222e+00 1.469999999999999953e-02 3.570611593983173639e-15
-2.751625999999999905e+01 9.999040659328679581e-01 6.700000000000000226e-03 3.780652501001670503e-03
-2.751890000000000214e+01 1.000000000000000222e+00 1.370000000000000037e-02 3.570611593983173639e-15
-2.751890000000000214e+01 1.000000000000000222e+00 1.069999999999999944e-02 3.570611593983173639e-15
-2.751890000000000214e+01 1.000000000000000222e+00 1.629999999999999852e-02 3.570611593983173639e-15
-2.751777999999999835e+01 9.999593006987924637e-01 8.600000000000000006e-03 2.789880704157909289e-03
-2.751890000000000214e+01 1.000000000000000222e+00 1.020000000000000073e-02 3.570611593983173639e-15
-2.751890000000000214e+01 1.000000000000000222e+00 1.050000000000000065e-02 3.570611593983173639e-15
-2.751890000000000214e+01 1.000000000000000222e+00 1.349999999999999985e-02 3.570611593983173639e-15
-2.751890000000000214e+01 1.000000000000000222e+00 1.299999999999999940e-02 3.570611593983173639e-15
-2.751890000000000214e+01 1.000000000000000222e+00 1.099999999999999936e-02 3.570611593983173639e-15
-2.751890000000000214e+01 1.000000000000000222e+00 4.780000000000000221e-02 3.570611593983173639e-15
-2.751890000000000214e+01 1.000000000000000222e+00 1.030000000000000013e-02 3.570611593983173639e-15
-2.751890000000000214e+01 1.000000000000000222e+00 1.460000000000000013e-02 3.570611593983173639e-15
-2.751890000000000214e+01 1.000000000000000222e+00 1.569999999999999868e-02 3.570611593983173639e-15
-2.751890000000000214e+01 1.000000000000000222e+00 1.250000000000000069e-02 3.570611593983173639e-15
-2.751890000000000214e+01 1.000000000000000222e+00 1.260000000000000009e-02 3.570611593983173639e-15
-2.751890000000000214e+01 1.000000000000000222e+00 1.439999999999999961e-02 3.570611593983173639e-15
-2.751890000000000214e+01 1.000000000000000222e+00 1.460000000000000013e-02 3.570611593983173639e-15
-2.751890000000000214e+01 1.000000000000000222e+00 1.030000000000000013e-02 3.570611593983173639e-15
-2.751890000000000214e+01 1.000000000000000222e+00 1.239999999999999956e-02 3.570611593983173639e-15
-2.751890000000000214e+01 1.000000000000000222e+00 1.020000000000000073e-02 3.570611593983173639e-15
-2.751890000000000214e+01 1.000000000000000222e+00 1.450000000000000074e-02 3.570611593983173639e-15
-2.751890000000000214e+01 1.000000000000000222e+00 1.370000000000000037e-02 3.570611593983173639e-15
-2.751890000000000214e+01 1.000000000000000222e+00 1.760000000000000106e-02 3.570611593983173639e-15
-2.751890000000000214e+01 1.000000000000000222e+00 1.080000000000000057e-02 3.570611593983173639e-15
-2.751890000000000214e+01 1.000000000000000222e+00 1.349999999999999985e-02 3.570611593983173639e-15
-2.751890000000000214e+01 1.000000000000000222e+00 1.179999999999999973e-02 3.570611593983173639e-15
-2.751890000000000214e+01 1.000000000000000222e+00 2.000000000000000042e-02 3.570611593983173639e-15
-2.751890000000000214e+01 1.000000000000000222e+00 1.209999999999999964e-02 3.570611593983173639e-15
-2.751890000000000214e+01 1.000000000000000222e+00 1.519999999999999997e-02 3.570611593983173639e-15
-2.751890000000000214e+01 1.000000000000000222e+00 1.480000000000000066e-02 3.570611593983173639e-15
-2.751890000000000214e+01 1.000000000000000222e+00 1.450000000000000074e-02 3.570611593983173639e-15
-2.751890000000000214e+01 1.000000000000000222e+00 1.200000000000000025e-02 3.570611593983173639e-15
-2.751890000000000214e+01 1.000000000000000222e+00 1.510000000000000057e-02 3.570611593983173639e-15
-2.751890000000000214e+01 1.000000000000000222e+00 1.569999999999999868e-02 3.570611593983173639e-15
-2.751890000000000214e+01 1.000000000000000222e+00 1.469999999999999953e-02 3.570611593983173639e-15
-2.751890000000000214e+01 1.000000000000000222e+00 1.239999999999999956e-02 3.570611593983173639e-15
-2.751890000000000214e+01 1.000000000000000222e+00 1.450000000000000074e-02 3.570611593983173639e-15
-2.751890000000000214e+01 1.000000000000000222e+00 1.379999999999999977e-02 3.570611593983173639e-15
-2.751890000000000214e+01 1.000000000000000222e+00 1.250000000000000069e-02 3.570611593983173639e-15
-2.751890000000000214e+01 1.000000000000000222e+00 1.209999999999999964e-02 3.570611593983173639e-15
-2.751890000000000214e+01 1.000000000000000222e+00 1.450000000000000074e-02 3.570611593983173639e-15
-2.751890000000000214e+01 1.000000000000000222e+00 1.149999999999999981e-02 3.570611593983173639e-15
-2.751890000000000214e+01 1.000000000000000222e+00 1.239999999999999956e-02 3.570611593983173639e-15
-2.751890000000000214e+01 1.000000000000000222e+00 1.220000000000000077e-02 3.570611593983173639e-15
-2.751890000000000214e+01 1.000000000000000222e+00 1.519999999999999997e-02 3.570611593983173639e-15
-2.751890000000000214e+01 1.000000000000000222e+00 1.239999999999999956e-02 3.570611593983173639e-15
-2.751890000000000214e+01 1.000000000000000222e+00 1.379999999999999977e-02 3.570611593983173639e-15
-2.751890000000000214e+01 1.000000000000000222e+00 1.460000000000000013e-02 3.570611593983173639e-15
-2.751890000000000214e+01 1.000000000000000222e+00 1.379999999999999977e-02 3.570611593983173639e-15
-2.751890000000000214e+01 1.000000000000000222e+00 1.439999999999999961e-02 3.570611593983173639e-15
-2.751890000000000214e+01 1.000000000000000222e+00 1.319999999999999993e-02 3.570611593983173639e-15
-2.751890000000000214e+01 1.000000000000000222e+00 1.060000000000000005e-02 3.570611593983173639e-15
-2.751890000000000214e+01 1.000000000000000222e+00 1.349999999999999985e-02 3.570611593983173639e-15
-2.751890000000000214e+01 1.000000000000000222e+00 1.370000000000000037e-02 3.570611593983173639e-15
-2.751890000000000214e+01 1.000000000000000222e+00 1.430000000000000021e-02 3.570611593983173639e-15
-2.751890000000000214e+01 1.000000000000000222e+00 1.349999999999999985e-02 3.570611593983173639e-15
-2.751890000000000214e+01 1.000000000000000222e+00 1.359999999999999924e-02 3.570611593983173639e-15
-2.751890000000000214e+01 1.000000000000000222e+00 1.469999999999999953e-02 3.570611593983173639e-15
-2.751890000000000214e+01 1.000000000000000222e+00 1.250000000000000069e-02 3.570611593983173639e-15
-2.751890000000000214e+01 1.000000000000000222e+00 1.179999999999999973e-02 3.570611593983173639e-15
-2.751890000000000214e+01 1.000000000000000222e+00 1.280000000000000061e-02 3.570611593983173639e-15
-2.751890000000000214e+01 1.000000000000000222e+00 1.290000000000000001e-02 3.570611593983173639e-15
-2.751890000000000214e+01 1.000000000000000222e+00 1.299999999999999940e-02 3.570611593983173639e-15
-2.751890000000000214e+01 1.000000000000000222e+00 1.450000000000000074e-02 3.570611593983173639e-15
-2.751890000000000214e+01 1.000000000000000222e+00 1.499999999999999944e-02 3.570611593983173639e-15
-2.751890000000000214e+01 1.000000000000000222e+00 1.439999999999999961e-02 3.570611593983173639e-15
-2.751890000000000214e+01 1.000000000000000222e+00 1.379999999999999977e-02 3.570611593983173639e-15
-2.751890000000000214e+01 1.000000000000000222e+00 1.280000000000000061e-02 3.570611593983173639e-15
-2.751890000000000214e+01 1.000000000000000222e+00 1.190000000000000085e-02 3.570611593983173639e-15
-2.751890000000000214e+01 1.000000000000000222e+00 1.060000000000000005e-02 3.570611593983173639e-15
-2.751890000000000214e+01 1.000000000000000222e+00 1.409999999999999969e-02 3.570611593983173639e-15
-2.751890000000000214e+01 1.000000000000000222e+00 1.370000000000000037e-02 3.570611593983173639e-15
-2.751890000000000214e+01 1.000000000000000222e+00 1.420000000000000082e-02 3.570611593983173639e-15
-2.751890000000000214e+01 1.000000000000000222e+00 1.239999999999999956e-02 3.570611593983173639e-15
-2.751890000000000214e+01 1.000000000000000222e+00 1.710000000000000062e-02 3.570611593983173639e-15
-2.751890000000000214e+01 1.000000000000000222e+00 1.179999999999999973e-02 3.570611593983173639e-15
-2.751890000000000214e+01 1.000000000000000222e+00 1.389999999999999916e-02 3.570611593983173639e-15
-2.751890000000000214e+01 1.000000000000000222e+00 1.299999999999999940e-02 3.570611593983173639e-15
-2.751890000000000214e+01 1.000000000000000222e+00 1.200000000000000025e-02 3.570611593983173639e-15
-2.751890000000000214e+01 1.000000000000000222e+00 1.280000000000000061e-02 3.570611593983173639e-15
-2.751890000000000214e+01 1.000000000000000222e+00 1.209999999999999964e-02 3.570611593983173639e-15
-2.751890000000000214e+01 1.000000000000000222e+00 1.209999999999999964e-02 3.570611593983173639e-15
-2.751890000000000214e+01 1.000000000000000222e+00 1.190000000000000085e-02 3.570611593983173639e-15
-2.751890000000000214e+01 1.000000000000000222e+00 1.190000000000000085e-02 3.570611593983173639e-15
-2.751890000000000214e+01 1.000000000000000222e+00 1.329999999999999932e-02 3.570611593983173639e-15
-2.751890000000000214e+01 1.000000000000000222e+00 1.030000000000000013e-02 3.570611593983173639e-15
-2.751890000000000214e+01 1.000000000000000222e+00 1.409999999999999969e-02 3.570611593983173639e-15
-2.751890000000000214e+01 1.000000000000000222e+00 1.480000000000000066e-02 3.570611593983173639e-15
-2.751890000000000214e+01 1.000000000000000222e+00 1.480000000000000066e-02 3.570611593983173639e-15
-2.751890000000000214e+01 1.000000000000000222e+00 1.420000000000000082e-02 3.570611593983173639e-15
-2.751890000000000214e+01 1.000000000000000222e+00 1.220000000000000077e-02 3.570611593983173639e-15
-2.751890000000000214e+01 1.000000000000000222e+00 1.310000000000000053e-02 3.570611593983173639e-15
-2.751890000000000214e+01 1.000000000000000222e+00 1.299999999999999940e-02 3.570611593983173639e-15
-2.751890000000000214e+01 1.000000000000000222e+00 1.050000000000000065e-02 3.570611593983173639e-15
-2.751890000000000214e+01 1.000000000000000222e+00 1.340000000000000045e-02 3.570611593983173639e-15
-2.751890000000000214e+01 1.000000000000000222e+00 1.280000000000000061e-02 3.570611593983173639e-15
-2.751890000000000214e+01 1.000000000000000222e+00 1.220000000000000077e-02 3.570611593983173639e-15
-2.751890000000000214e+01 1.000000000000000222e+00 1.349999999999999985e-02 3.570611593983173639e-15
-2.751890000000000214e+01 1.000000000000000222e+00 1.209999999999999964e-02 3.570611593983173639e-15
-2.751890000000000214e+01 1.000000000000000222e+00 1.319999999999999993e-02 3.570611593983173639e-15
-2.751890000000000214e+01 1.000000000000000222e+00 1.209999999999999964e-02 3.570611593983173639e-15
-2.751890000000000214e+01 1.000000000000000222e+00 1.159999999999999920e-02 3.570611593983173639e-15
-2.751890000000000214e+01 1.000000000000000222e+00 1.170000000000000033e-02 3.570611593983173639e-15
-2.751890000000000214e+01 1.000000000000000222e+00 1.370000000000000037e-02 3.570611593983173639e-15
-2.751890000000000214e+01 1.000000000000000222e+00 1.499999999999999944e-02 3.570611593983173639e-15
-2.751890000000000214e+01 1.000000000000000222e+00 1.359999999999999924e-02 3.570611593983173639e-15
-2.751890000000000214e+01 1.000000000000000222e+00 1.340000000000000045e-02 3.570611593983173639e-15
-2.751890000000000214e+01 1.000000000000000222e+00 1.159999999999999920e-02 3.570611593983173639e-15
-2.751890000000000214e+01 1.000000000000000222e+00 1.580000000000000154e-02 3.570611593983173639e-15
-2.751890000000000214e+01 1.000000000000000222e+00 1.269999999999999948e-02 3.570611593983173639e-15
-2.751890000000000214e+01 1.000000000000000222e+00 1.319999999999999993e-02 3.570611593983173639e-15
-2.751890000000000214e+01 1.000000000000000222e+00 1.190000000000000085e-02 3.570611593983173639e-15
-2.751890000000000214e+01 1.000000000000000222e+00 1.069999999999999944e-02 3.570611593983173639e-15
-2.751890000000000214e+01 1.000000000000000222e+00 1.480000000000000066e-02 3.570611593983173639e-15
-2.751890000000000214e+01 1.000000000000000222e+00 1.209999999999999964e-02 3.570611593983173639e-15
-2.751890000000000214e+01 1.000000000000000222e+00 1.269999999999999948e-02 3.570611593983173639e-15
-2.751890000000000214e+01 1.000000000000000222e+00 1.510000000000000057e-02 3.570611593983173639e-15
-2.751890000000000214e+01 1.000000000000000222e+00 1.250000000000000069e-02 3.570611593983173639e-15
-2.751890000000000214e+01 1.000000000000000222e+00 1.409999999999999969e-02 3.570611593983173639e-15
-2.751890000000000214e+01 1.000000000000000222e+00 1.179999999999999973e-02 3.570611593983173639e-15
-2.751890000000000214e+01 1.000000000000000222e+00 1.400000000000000029e-02 3.570611593983173639e-15
-2.751890000000000214e+01 1.000000000000000222e+00 1.290000000000000001e-02 3.570611593983173639e-15
-2.751890000000000214e+01 1.000000000000000222e+00 1.200000000000000025e-02 3.570611593983173639e-15
-2.751890000000000214e+01 1.000000000000000222e+00 1.439999999999999961e-02 3.570611593983173639e-15
-2.751890000000000214e+01 1.000000000000000222e+00 1.349999999999999985e-02 3.570611593983173639e-15
-2.751890000000000214e+01 1.000000000000000222e+00 1.299999999999999940e-02 3.570611593983173639e-15
-2.751890000000000214e+01 1.000000000000000222e+00 1.400000000000000029e-02 3.570611593983173639e-15
-2.751890000000000214e+01 1.000000000000000222e+00 1.349999999999999985e-02 3.570611593983173639e-15
-2.751890000000000214e+01 1.000000000000000222e+00 1.420000000000000082e-02 3.570611593983173639e-15
-2.751890000000000214e+01 1.000000000000000222e+00 1.269999999999999948e-02 3.570611593983173639e-15
-2.751890000000000214e+01 1.000000000000000222e+00 1.170000000000000033e-02 3.570611593983173639e-15
-2.751890000000000214e+01 1.000000000000000222e+00 1.329999999999999932e-02 3.570611593983173639e-15
-2.751890000000000214e+01 1.000000000000000222e+00 1.119999999999999989e-02 3.570611593983173639e-15
-2.751890000000000214e+01 1.000000000000000222e+00 1.349999999999999985e-02 3.570611593983173639e-15
-2.751890000000000214e+01 1.000000000000000222e+00 1.260000000000000009e-02 3.570611593983173639e-15
-2.751890000000000214e+01 1.000000000000000222e+00 1.319999999999999993e-02 3.570611593983173639e-15
-2.751890000000000214e+01 1.000000000000000222e+00 1.280000000000000061e-02 3.570611593983173639e-15
-2.751890000000000214e+01 1.000000000000000222e+00 1.450000000000000074e-02 3.570611593983173639e-15
-2.751890000000000214e+01 1.000000000000000222e+00 1.290000000000000001e-02 3.570611593983173639e-15
-2.751890000000000214e+01 1.000000000000000222e+00 1.499999999999999944e-02 3.570611593983173639e-15
-2.751890000000000214e+01 1.000000000000000222e+00 1.319999999999999993e-02 3.570611593983173639e-15
-2.751890000000000214e+01 1.000000000000000222e+00 1.359999999999999924e-02 3.570611593983173639e-15
-2.751890000000000214e+01 1.000000000000000222e+00 1.159999999999999920e-02 3.570611593983173639e-15
-2.751890000000000214e+01 1.000000000000000222e+00 1.329999999999999932e-02 3.570611593983173639e-15
-2.751890000000000214e+01 1.000000000000000222e+00 1.239999999999999956e-02 3.570611593983173639e-15
-2.751890000000000214e+01 1.000000000000000222e+00 1.280000000000000061e-02 3.570611593983173639e-15
-2.751890000000000214e+01 1.000000000000000222e+00 1.460000000000000013e-02 3.570611593983173639e-15
-2.751890000000000214e+01 1.000000000000000222e+00 1.299999999999999940e-02 3.570611593983173639e-15
-2.751890000000000214e+01 1.000000000000000222e+00 1.310000000000000053e-02 3.570611593983173639e-15
-2.751890000000000214e+01 1.000000000000000222e+00 1.220000000000000077e-02 3.570611593983173639e-15
-2.751890000000000214e+01 1.000000000000000222e+00 1.260000000000000009e-02 3.570611593983173639e-15
-2.751890000000000214e+01 1.000000000000000222e+00 1.209999999999999964e-02 3.570611593983173639e-15
-2.751890000000000214e+01 1.000000000000000222e+00 1.400000000000000029e-02 3.570611593983173639e-15
-2.751890000000000214e+01 1.000000000000000222e+00 1.559999999999999928e-02 3.570611593983173639e-15
-2.751890000000000214e+01 1.000000000000000222e+00 1.370000000000000037e-02 3.570611593983173639e-15
-2.751890000000000214e+01 1.000000000000000222e+00 1.469999999999999953e-02 3.570611593983173639e-15
-2.751890000000000214e+01 1.000000000000000222e+00 1.430000000000000021e-02 3.570611593983173639e-15
-2.751890000000000214e+01 1.000000000000000222e+00 1.280000000000000061e-02 3.570611593983173639e-15
-2.751890000000000214e+01 1.000000000000000222e+00 1.679999999999999896e-02 3.570611593983173639e-15
-2.751890000000000214e+01 1.000000000000000222e+00 1.209999999999999964e-02 3.570611593983173639e-15
-2.751890000000000214e+01 1.000000000000000222e+00 1.319999999999999993e-02 3.570611593983173639e-15
-2.751890000000000214e+01 1.000000000000000222e+00 1.420000000000000082e-02 3.570611593983173639e-15
-2.751890000000000214e+01 1.000000000000000222e+00 1.319999999999999993e-02 3.570611593983173639e-15
-2.751890000000000214e+01 1.000000000000000222e+00 1.450000000000000074e-02 3.570611593983173639e-15
-2.751890000000000214e+01 1.000000000000000222e+00 1.260000000000000009e-02 3.570611593983173639e-15
-2.751890000000000214e+01 1.000000000000000222e+00 1.159999999999999920e-02 3.570611593983173639e-15
-2.751890000000000214e+01 1.000000000000000222e+00 1.250000000000000069e-02 3.570611593983173639e-15
-2.751890000000000214e+01 1.000000000000000222e+00 1.190000000000000085e-02 3.570611593983173639e-15
-2.751890000000000214e+01 1.000000000000000222e+00 1.329999999999999932e-02 3.570611593983173639e-15
-2.751890000000000214e+01 1.000000000000000222e+00 1.260000000000000009e-02 3.570611593983173639e-15
-2.751890000000000214e+01 1.000000000000000222e+00 1.349999999999999985e-02 3.570611593983173639e-15
-2.751890000000000214e+01 1.000000000000000222e+00 1.129999999999999928e-02 3.570611593983173639e-15
-2.751890000000000214e+01 1.000000000000000222e+00 1.430000000000000021e-02 3.570611593983173639e-15
-2.751890000000000214e+01 1.000000000000000222e+00 1.209999999999999964e-02 3.570611593983173639e-15
-2.751890000000000214e+01 1.000000000000000222e+00 1.389999999999999916e-02 3.570611593983173639e-15
-2.751890000000000214e+01 1.000000000000000222e+00 1.499999999999999944e-02 3.570611593983173639e-15
-2.751890000000000214e+01 1.000000000000000222e+00 1.230000000000000017e-02 3.570611593983173639e-15
-2.751890000000000214e+01 1.000000000000000222e+00 1.269999999999999948e-02 3.570611593983173639e-15
-2.751890000000000214e+01 1.000000000000000222e+00 1.349999999999999985e-02 3.570611593983173639e-15
-2.751890000000000214e+01 1.000000000000000222e+00 1.129999999999999928e-02 3.570611593983173639e-15
-2.751890000000000214e+01 1.000000000000000222e+00 1.370000000000000037e-02 3.570611593983173639e-15
-2.751890000000000214e+01 1.000000000000000222e+00 1.389999999999999916e-02 3.570611593983173639e-15
-2.751890000000000214e+01 1.000000000000000222e+00 1.220000000000000077e-02 3.570611593983173639e-15
-2.751890000000000214e+01 1.000000000000000222e+00 1.370000000000000037e-02 3.570611593983173639e-15
-2.751890000000000214e+01 1.000000000000000222e+00 1.409999999999999969e-02 3.570611593983173639e-15
-2.751890000000000214e+01 1.000000000000000222e+00 1.170000000000000033e-02 3.570611593983173639e-15
-2.751890000000000214e+01 1.000000000000000222e+00 1.319999999999999993e-02 3.570611593983173639e-15
-2.751890000000000214e+01 1.000000000000000222e+00 1.370000000000000037e-02 3.570611593983173639e-15
-2.751890000000000214e+01 1.000000000000000222e+00 1.119999999999999989e-02 3.570611593983173639e-15
-2.751890000000000214e+01 1.000000000000000222e+00 1.280000000000000061e-02 3.570611593983173639e-15
-2.751890000000000214e+01 1.000000000000000222e+00 1.200000000000000025e-02 3.570611593983173639e-15
-2.751890000000000214e+01 1.000000000000000222e+00 1.269999999999999948e-02 3.570611593983173639e-15
-2.751890000000000214e+01 1.000000000000000222e+00 1.220000000000000077e-02 3.570611593983173639e-15
-2.751890000000000214e+01 1.000000000000000222e+00 1.409999999999999969e-02 3.570611593983173639e-15
-2.751890000000000214e+01 1.000000000000000222e+00 1.250000000000000069e-02 3.570611593983173639e-15
-2.751890000000000214e+01 1.000000000000000222e+00 1.280000000000000061e-02 3.570611593983173639e-15
-2.751890000000000214e+01 1.000000000000000222e+00 1.250000000000000069e-02 3.570611593983173639e-15
-2.751890000000000214e+01 1.000000000000000222e+00 1.280000000000000061e-02 3.570611593983173639e-15
-2.751890000000000214e+01 1.000000000000000222e+00 1.239999999999999956e-02 3.570611593983173639e-15
-2.751890000000000214e+01 1.000000000000000222e+00 1.469999999999999953e-02 3.570611593983173639e-15
-2.751890000000000214e+01 1.000000000000000222e+00 1.349999999999999985e-02 3.570611593983173639e-15
-2.751890000000000214e+01 1.000000000000000222e+00 1.290000000000000001e-02 3.570611593983173639e-15
-2.751890000000000214e+01 1.000000000000000222e+00 1.370000000000000037e-02 3.570611593983173639e-15
-2.751890000000000214e+01 1.000000000000000222e+00 1.290000000000000001e-02 3.570611593983173639e-15
-2.751890000000000214e+01 1.000000000000000222e+00 1.220000000000000077e-02 3.570611593983173639e-15
-2.751890000000000214e+01 1.000000000000000222e+00 1.260000000000000009e-02 3.570611593983173639e-15
-2.751890000000000214e+01 1.000000000000000222e+00 1.190000000000000085e-02 3.570611593983173639e-15
-2.751890000000000214e+01 1.000000000000000222e+00 1.209999999999999964e-02 3.570611593983173639e-15
-2.751890000000000214e+01 1.000000000000000222e+00 1.499999999999999944e-02 3.570611593983173639e-15
-2.751890000000000214e+01 1.000000000000000222e+00 1.239999999999999956e-02 3.570611593983173639e-15
-2.751890000000000214e+01 1.000000000000000222e+00 1.319999999999999993e-02 3.570611593983173639e-15
-2.751890000000000214e+01 1.000000000000000222e+00 1.149999999999999981e-02 3.570611593983173639e-15
-2.751890000000000214e+01 1.000000000000000222e+00 1.280000000000000061e-02 3.570611593983173639e-15
-2.751890000000000214e+01 1.000000000000000222e+00 1.280000000000000061e-02 3.570611593983173639e-15
-2.751890000000000214e+01 1.000000000000000222e+00 1.140000000000000041e-02 3.570611593983173639e-15
-2.751890000000000214e+01 1.000000000000000222e+00 1.549999999999999989e-02 3.570611593983173639e-15
-2.751890000000000214e+01 1.000000000000000222e+00 1.409999999999999969e-02 3.570611593983173639e-15
-2.751890000000000214e+01 1.000000000000000222e+00 1.319999999999999993e-02 3.570611593983173639e-15
-2.751890000000000214e+01 1.000000000000000222e+00 1.269999999999999948e-02 3.570611593983173639e-15
-2.751890000000000214e+01 1.000000000000000222e+00 1.559999999999999928e-02 3.570611593983173639e-15
-2.751890000000000214e+01 1.000000000000000222e+00 1.310000000000000053e-02 3.570611593983173639e-15
-2.751890000000000214e+01 1.000000000000000222e+00 1.299999999999999940e-02 3.570611593983173639e-15
-2.751890000000000214e+01 1.000000000000000222e+00 1.379999999999999977e-02 3.570611593983173639e-15
-2.751890000000000214e+01 1.000000000000000222e+00 1.200000000000000025e-02 3.570611593983173639e-15
-2.751890000000000214e+01 1.000000000000000222e+00 1.230000000000000017e-02 3.570611593983173639e-15
-2.751890000000000214e+01 1.000000000000000222e+00 1.260000000000000009e-02 3.570611593983173639e-15
-2.751890000000000214e+01 1.000000000000000222e+00 1.329999999999999932e-02 3.570611593983173639e-15
-2.751890000000000214e+01 1.000000000000000222e+00 1.230000000000000017e-02 3.570611593983173639e-15
-2.751890000000000214e+01 1.000000000000000222e+00 1.290000000000000001e-02 3.570611593983173639e-15
-2.751890000000000214e+01 1.000000000000000222e+00 1.430000000000000021e-02 3.570611593983173639e-15
-2.751890000000000214e+01 1.000000000000000222e+00 1.420000000000000082e-02 3.570611593983173639e-15
-2.751890000000000214e+01 1.000000000000000222e+00 1.170000000000000033e-02 3.570611593983173639e-15
-2.751890000000000214e+01 1.000000000000000222e+00 1.119999999999999989e-02 3.570611593983173639e-15
-2.751890000000000214e+01 1.000000000000000222e+00 1.209999999999999964e-02 3.570611593983173639e-15
-2.751890000000000214e+01 1.000000000000000222e+00 1.170000000000000033e-02 3.570611593983173639e-15
-2.751890000000000214e+01 1.000000000000000222e+00 1.299999999999999940e-02 3.570611593983173639e-15
-2.751890000000000214e+01 1.000000000000000222e+00 1.480000000000000066e-02 3.570611593983173639e-15
-2.751890000000000214e+01 1.000000000000000222e+00 1.269999999999999948e-02 3.570611593983173639e-15
-2.751890000000000214e+01 1.000000000000000222e+00 1.490000000000000005e-02 3.570611593983173639e-15
-2.751890000000000214e+01 1.000000000000000222e+00 1.420000000000000082e-02 3.570611593983173639e-15
-2.751890000000000214e+01 1.000000000000000222e+00 1.469999999999999953e-02 3.570611593983173639e-15
-2.751890000000000214e+01 1.000000000000000222e+00 1.430000000000000021e-02 3.570611593983173639e-15
-2.751890000000000214e+01 1.000000000000000222e+00 1.379999999999999977e-02 3.570611593983173639e-15
-2.751890000000000214e+01 1.000000000000000222e+00 1.409999999999999969e-02 3.570611593983173639e-15
-2.751890000000000214e+01 1.000000000000000222e+00 1.209999999999999964e-02 3.570611593983173639e-15
-2.751890000000000214e+01 1.000000000000000222e+00 1.319999999999999993e-02 3.570611593983173639e-15
-2.751890000000000214e+01 1.000000000000000222e+00 1.179999999999999973e-02 3.570611593983173639e-15
-2.751890000000000214e+01 1.000000000000000222e+00 1.170000000000000033e-02 3.570611593983173639e-15
-2.751890000000000214e+01 1.000000000000000222e+00 1.400000000000000029e-02 3.570611593983173639e-15
-2.751890000000000214e+01 1.000000000000000222e+00 1.200000000000000025e-02 3.570611593983173639e-15
-2.751890000000000214e+01 1.000000000000000222e+00 1.280000000000000061e-02 3.570611593983173639e-15
-2.751890000000000214e+01 1.000000000000000222e+00 1.529999999999999936e-02 3.570611593983173639e-15
-2.751890000000000214e+01 1.000000000000000222e+00 1.170000000000000033e-02 3.570611593983173639e-15
-2.751890000000000214e+01 1.000000000000000222e+00 1.519999999999999997e-02 3.570611593983173639e-15
-2.751890000000000214e+01 1.000000000000000222e+00 1.450000000000000074e-02 3.570611593983173639e-15
-2.751890000000000214e+01 1.000000000000000222e+00 1.239999999999999956e-02 3.570611593983173639e-15
-2.751890000000000214e+01 1.000000000000000222e+00 1.290000000000000001e-02 3.570611593983173639e-15
-2.751890000000000214e+01 1.000000000000000222e+00 1.290000000000000001e-02 3.570611593983173639e-15
-2.751890000000000214e+01 1.000000000000000222e+00 1.230000000000000017e-02 3.570611593983173639e-15
-2.751890000000000214e+01 1.000000000000000222e+00 1.329999999999999932e-02 3.570611593983173639e-15
-2.751890000000000214e+01 1.000000000000000222e+00 1.159999999999999920e-02 3.570611593983173639e-15
-2.751890000000000214e+01 1.000000000000000222e+00 1.060000000000000005e-02 3.570611593983173639e-15
-2.751890000000000214e+01 1.000000000000000222e+00 1.290000000000000001e-02 3.570611593983173639e-15
-2.751890000000000214e+01 1.000000000000000222e+00 1.439999999999999961e-02 3.570611593983173639e-15
-2.751890000000000214e+01 1.000000000000000222e+00 1.089999999999999997e-02 3.570611593983173639e-15
-2.751890000000000214e+01 1.000000000000000222e+00 1.430000000000000021e-02 3.570611593983173639e-15
-2.751890000000000214e+01 1.000000000000000222e+00 1.170000000000000033e-02 3.570611593983173639e-15
-2.751890000000000214e+01 1.000000000000000222e+00 1.359999999999999924e-02 3.570611593983173639e-15
-2.751890000000000214e+01 1.000000000000000222e+00 1.299999999999999940e-02 3.570611593983173639e-15
-2.751890000000000214e+01 1.000000000000000222e+00 1.340000000000000045e-02 3.570611593983173639e-15
-2.751890000000000214e+01 1.000000000000000222e+00 1.239999999999999956e-02 3.570611593983173639e-15
-2.751890000000000214e+01 1.000000000000000222e+00 1.349999999999999985e-02 3.570611593983173639e-15
-2.751890000000000214e+01 1.000000000000000222e+00 1.200000000000000025e-02 3.570611593983173639e-15
-2.751890000000000214e+01 1.000000000000000222e+00 1.439999999999999961e-02 3.570611593983173639e-15
-2.751890000000000214e+01 1.000000000000000222e+00 1.129999999999999928e-02 3.570611593983173639e-15
-2.751890000000000214e+01 1.000000000000000222e+00 1.280000000000000061e-02 3.570611593983173639e-15
-2.751890000000000214e+01 1.000000000000000222e+00 1.310000000000000053e-02 3.570611593983173639e-15
-2.751890000000000214e+01 1.000000000000000222e+00 1.280000000000000061e-02 3.570611593983173639e-15
-2.751890000000000214e+01 1.000000000000000222e+00 1.400000000000000029e-02 3.570611593983173639e-15
-2.751890000000000214e+01 1.000000000000000222e+00 1.099999999999999936e-02 3.570611593983173639e-15
-2.751890000000000214e+01 1.000000000000000222e+00 1.349999999999999985e-02 3.570611593983173639e-15
-2.751890000000000214e+01 1.000000000000000222e+00 1.430000000000000021e-02 3.570611593983173639e-15
-2.751890000000000214e+01 1.000000000000000222e+00 1.310000000000000053e-02 3.570611593983173639e-15
-2.751890000000000214e+01 1.000000000000000222e+00 1.290000000000000001e-02 3.570611593983173639e-15
-2.751890000000000214e+01 1.000000000000000222e+00 1.389999999999999916e-02 3.570611593983173639e-15
-2.751890000000000214e+01 1.000000000000000222e+00 1.400000000000000029e-02 3.570611593983173639e-15
-2.751890000000000214e+01 1.000000000000000222e+00 1.370000000000000037e-02 3.570611593983173639e-15
-2.751890000000000214e+01 1.000000000000000222e+00 1.269999999999999948e-02 3.570611593983173639e-15
-2.751890000000000214e+01 1.000000000000000222e+00 1.340000000000000045e-02 3.570611593983173639e-15
-2.751890000000000214e+01 1.000000000000000222e+00 1.179999999999999973e-02 3.570611593983173639e-15
-2.751890000000000214e+01 1.000000000000000222e+00 1.329999999999999932e-02 3.570611593983173639e-15
-2.751890000000000214e+01 1.000000000000000222e+00 1.310000000000000053e-02 3.570611593983173639e-15
-2.751890000000000214e+01 1.000000000000000222e+00 1.409999999999999969e-02 3.570611593983173639e-15
-2.751890000000000214e+01 1.000000000000000222e+00 1.260000000000000009e-02 3.570611593983173639e-15
-2.751890000000000214e+01 1.000000000000000222e+00 1.319999999999999993e-02 3.570611593983173639e-15
-2.751890000000000214e+01 1.000000000000000222e+00 1.340000000000000045e-02 3.570611593983173639e-15
-2.751890000000000214e+01 1.000000000000000222e+00 1.230000000000000017e-02 3.570611593983173639e-15
-2.751890000000000214e+01 1.000000000000000222e+00 1.409999999999999969e-02 3.570611593983173639e-15
-2.751890000000000214e+01 1.000000000000000222e+00 1.540000000000000049e-02 3.570611593983173639e-15
-2.751890000000000214e+01 1.000000000000000222e+00 1.239999999999999956e-02 3.570611593983173639e-15
-2.751890000000000214e+01 1.000000000000000222e+00 1.200000000000000025e-02 3.570611593983173639e-15
-2.751890000000000214e+01 1.000000000000000222e+00 1.540000000000000049e-02 3.570611593983173639e-15
-2.751890000000000214e+01 1.000000000000000222e+00 1.230000000000000017e-02 3.570611593983173639e-15
-2.751890000000000214e+01 1.000000000000000222e+00 1.379999999999999977e-02 3.570611593983173639e-15
-2.751890000000000214e+01 1.000000000000000222e+00 1.349999999999999985e-02 3.570611593983173639e-15
-2.751890000000000214e+01 1.000000000000000222e+00 1.329999999999999932e-02 3.570611593983173639e-15
-2.751890000000000214e+01 1.000000000000000222e+00 1.190000000000000085e-02 3.570611593983173639e-15
-2.751890000000000214e+01 1.000000000000000222e+00 1.439999999999999961e-02 3.570611593983173639e-15
-2.751890000000000214e+01 1.000000000000000222e+00 1.370000000000000037e-02 3.570611593983173639e-15
-2.751890000000000214e+01 1.000000000000000222e+00 1.060000000000000005e-02 3.570611593983173639e-15
-2.751890000000000214e+01 1.000000000000000222e+00 1.230000000000000017e-02 3.570611593983173639e-15
-2.751890000000000214e+01 1.000000000000000222e+00 1.510000000000000057e-02 3.570611593983173639e-15
-2.751890000000000214e+01 1.000000000000000222e+00 1.230000000000000017e-02 3.570611593983173639e-15
-2.751890000000000214e+01 1.000000000000000222e+00 1.359999999999999924e-02 3.570611593983173639e-15
-2.751890000000000214e+01 1.000000000000000222e+00 1.170000000000000033e-02 3.570611593983173639e-15
-2.751890000000000214e+01 1.000000000000000222e+00 1.220000000000000077e-02 3.570611593983173639e-15
-2.751890000000000214e+01 1.000000000000000222e+00 1.329999999999999932e-02 3.570611593983173639e-15
-2.751890000000000214e+01 1.000000000000000222e+00 1.400000000000000029e-02 3.570611593983173639e-15
-2.751890000000000214e+01 1.000000000000000222e+00 1.329999999999999932e-02 3.570611593983173639e-15
-2.751890000000000214e+01 1.000000000000000222e+00 1.269999999999999948e-02 3.570611593983173639e-15
-2.751890000000000214e+01 1.000000000000000222e+00 1.379999999999999977e-02 3.570611593983173639e-15
-2.751890000000000214e+01 1.000000000000000222e+00 1.250000000000000069e-02 3.570611593983173639e-15
-2.751890000000000214e+01 1.000000000000000222e+00 1.290000000000000001e-02 3.570611593983173639e-15
-2.751890000000000214e+01 1.000000000000000222e+00 1.379999999999999977e-02 3.570611593983173639e-15
-2.751890000000000214e+01 1.000000000000000222e+00 1.370000000000000037e-02 3.570611593983173639e-15
-2.751890000000000214e+01 1.000000000000000222e+00 1.269999999999999948e-02 3.570611593983173639e-15
-2.751890000000000214e+01 1.000000000000000222e+00 1.239999999999999956e-02 3.570611593983173639e-15
-2.751890000000000214e+01 1.000000000000000222e+00 1.299999999999999940e-02 3.570611593983173639e-15
-2.751890000000000214e+01 1.000000000000000222e+00 1.379999999999999977e-02 3.570611593983173639e-15
-2.751890000000000214e+01 1.000000000000000222e+00 1.340000000000000045e-02 3.570611593983173639e-15
-2.751890000000000214e+01 1.000000000000000222e+00 1.310000000000000053e-02 3.570611593983173639e-15
-2.751890000000000214e+01 1.000000000000000222e+00 1.349999999999999985e-02 3.570611593983173639e-15
-2.751890000000000214e+01 1.000000000000000222e+00 1.439999999999999961e-02 3.570611593983173639e-15
-2.751890000000000214e+01 1.000000000000000222e+00 1.140000000000000041e-02 3.570611593983173639e-15
-2.751890000000000214e+01 1.000000000000000222e+00 1.430000000000000021e-02 3.570611593983173639e-15
-2.751890000000000214e+01 1.000000000000000222e+00 1.450000000000000074e-02 3.570611593983173639e-15
-2.751890000000000214e+01 1.000000000000000222e+00 1.430000000000000021e-02 3.570611593983173639e-15
-2.751890000000000214e+01 1.000000000000000222e+00 1.159999999999999920e-02 3.570611593983173639e-15
-2.751890000000000214e+01 1.000000000000000222e+00 1.170000000000000033e-02 3.570611593983173639e-15
-2.751890000000000214e+01 1.000000000000000222e+00 1.340000000000000045e-02 3.570611593983173639e-15
-2.751890000000000214e+01 1.000000000000000222e+00 1.340000000000000045e-02 3.570611593983173639e-15
-2.751890000000000214e+01 1.000000000000000222e+00 1.299999999999999940e-02 3.570611593983173639e-15
-2.751890000000000214e+01 1.000000000000000222e+00 1.549999999999999989e-02 3.570611593983173639e-15
-2.751890000000000214e+01 1.000000000000000222e+00 1.280000000000000061e-02 3.570611593983173639e-15
-2.751890000000000214e+01 1.000000000000000222e+00 1.299999999999999940e-02 3.570611593983173639e-15
-2.751890000000000214e+01 1.000000000000000222e+00 1.370000000000000037e-02 3.570611593983173639e-15
-2.751890000000000214e+01 1.000000000000000222e+00 1.529999999999999936e-02 3.570611593983173639e-15
-2.751890000000000214e+01 1.000000000000000222e+00 1.569999999999999868e-02 3.570611593983173639e-15
-2.751890000000000214e+01 1.000000000000000222e+00 1.230000000000000017e-02 3.570611593983173639e-15
-2.751890000000000214e+01 1.000000000000000222e+00 1.170000000000000033e-02 3.570611593983173639e-15
-2.751890000000000214e+01 1.000000000000000222e+00 1.379999999999999977e-02 3.570611593983173639e-15
-2.751890000000000214e+01 1.000000000000000222e+00 1.319999999999999993e-02 3.570611593983173639e-15
-2.751890000000000214e+01 1.000000000000000222e+00 1.209999999999999964e-02 3.570611593983173639e-15
-2.751890000000000214e+01 1.000000000000000222e+00 1.420000000000000082e-02 3.570611593983173639e-15
-2.751890000000000214e+01 1.000000000000000222e+00 1.340000000000000045e-02 3.570611593983173639e-15
-2.751890000000000214e+01 1.000000000000000222e+00 1.310000000000000053e-02 3.570611593983173639e-15
-2.751890000000000214e+01 1.000000000000000222e+00 1.310000000000000053e-02 3.570611593983173639e-15
-2.751890000000000214e+01 1.000000000000000222e+00 1.200000000000000025e-02 3.570611593983173639e-15
-2.751890000000000214e+01 1.000000000000000222e+00 1.220000000000000077e-02 3.570611593983173639e-15
-2.751890000000000214e+01 1.000000000000000222e+00 1.450000000000000074e-02 3.570611593983173639e-15
-2.751890000000000214e+01 1.000000000000000222e+00 1.370000000000000037e-02 3.570611593983173639e-15
-2.751890000000000214e+01 1.000000000000000222e+00 1.329999999999999932e-02 3.570611593983173639e-15
-2.751890000000000214e+01 1.000000000000000222e+00 1.310000000000000053e-02 3.570611593983173639e-15
-2.751890000000000214e+01 1.000000000000000222e+00 1.549999999999999989e-02 3.570611593983173639e-15
-2.751890000000000214e+01 1.000000000000000222e+00 1.230000000000000017e-02 3.570611593983173639e-15
-2.751890000000000214e+01 1.000000000000000222e+00 1.230000000000000017e-02 3.570611593983173639e-15
-2.751890000000000214e+01 1.000000000000000222e+00 1.389999999999999916e-02 3.570611593983173639e-15
-2.751890000000000214e+01 1.000000000000000222e+00 1.349999999999999985e-02 3.570611593983173639e-15
-2.751890000000000214e+01 1.000000000000000222e+00 1.450000000000000074e-02 3.570611593983173639e-15
-2.751890000000000214e+01 1.000000000000000222e+00 1.569999999999999868e-02 3.570611593983173639e-15
-2.751890000000000214e+01 1.000000000000000222e+00 1.519999999999999997e-02 3.570611593983173639e-15
-2.751890000000000214e+01 1.000000000000000222e+00 1.559999999999999928e-02 3.570611593983173639e-15
-2.751890000000000214e+01 1.000000000000000222e+00 1.239999999999999956e-02 3.570611593983173639e-15
-2.751890000000000214e+01 1.000000000000000222e+00 1.469999999999999953e-02 3.570611593983173639e-15
-2.751890000000000214e+01 1.000000000000000222e+00 1.359999999999999924e-02 3.570611593983173639e-15
-2.751890000000000214e+01 1.000000000000000222e+00 1.119999999999999989e-02 3.570611593983173639e-15
-2.751890000000000214e+01 1.000000000000000222e+00 1.190000000000000085e-02 3.570611593983173639e-15
-2.751890000000000214e+01 1.000000000000000222e+00 1.590000000000000094e-02 3.570611593983173639e-15
-2.751890000000000214e+01 1.000000000000000222e+00 1.069999999999999944e-02 3.570611593983173639e-15
-2.751890000000000214e+01 1.000000000000000222e+00 1.310000000000000053e-02 3.570611593983173639e-15
-2.751890000000000214e+01 1.000000000000000222e+00 1.349999999999999985e-02 3.570611593983173639e-15
-2.751890000000000214e+01 1.000000000000000222e+00 1.290000000000000001e-02 3.570611593983173639e-15
-2.751890000000000214e+01 1.000000000000000222e+00 1.450000000000000074e-02 3.570611593983173639e-15
-2.751890000000000214e+01 1.000000000000000222e+00 1.250000000000000069e-02 3.570611593983173639e-15
-2.751890000000000214e+01 1.000000000000000222e+00 1.469999999999999953e-02 3.570611593983173639e-15
-2.751890000000000214e+01 1.000000000000000222e+00 1.490000000000000005e-02 3.570611593983173639e-15
-2.751890000000000214e+01 1.000000000000000222e+00 1.329999999999999932e-02 3.570611593983173639e-15
-2.751890000000000214e+01 1.000000000000000222e+00 1.250000000000000069e-02 3.570611593983173639e-15
-2.751890000000000214e+01 1.000000000000000222e+00 1.409999999999999969e-02 3.570611593983173639e-15
-2.751890000000000214e+01 1.000000000000000222e+00 1.159999999999999920e-02 3.570611593983173639e-15
-2.751890000000000214e+01 1.000000000000000222e+00 1.319999999999999993e-02 3.570611593983173639e-15
-2.751890000000000214e+01 1.000000000000000222e+00 1.140000000000000041e-02 3.570611593983173639e-15
-2.751890000000000214e+01 1.000000000000000222e+00 1.260000000000000009e-02 3.570611593983173639e-15
-2.751890000000000214e+01 1.000000000000000222e+00 1.389999999999999916e-02 3.570611593983173639e-15
-2.751890000000000214e+01 1.000000000000000222e+00 1.250000000000000069e-02 3.570611593983173639e-15
-2.751890000000000214e+01 1.000000000000000222e+00 1.310000000000000053e-02 3.570611593983173639e-15
-2.751890000000000214e+01 1.000000000000000222e+00 1.480000000000000066e-02 3.570611593983173639e-15
-2.751890000000000214e+01 1.000000000000000222e+00 1.280000000000000061e-02 3.570611593983173639e-15
-2.751890000000000214e+01 1.000000000000000222e+00 1.220000000000000077e-02 3.570611593983173639e-15
-2.751890000000000214e+01 1.000000000000000222e+00 1.409999999999999969e-02 3.570611593983173639e-15
-2.751890000000000214e+01 1.000000000000000222e+00 1.389999999999999916e-02 3.570611593983173639e-15
-2.751890000000000214e+01 1.000000000000000222e+00 1.310000000000000053e-02 3.570611593983173639e-15
-2.751890000000000214e+01 1.000000000000000222e+00 1.319999999999999993e-02 3.570611593983173639e-15
-2.751890000000000214e+01 1.000000000000000222e+00 1.280000000000000061e-02 3.570611593983173639e-15
-2.751890000000000214e+01 1.000000000000000222e+00 1.529999999999999936e-02 3.570611593983173639e-15
-2.751890000000000214e+01 1.000000000000000222e+00 1.110000000000000049e-02 3.570611593983173639e-15
-2.751890000000000214e+01 1.000000000000000222e+00 1.329999999999999932e-02 3.570611593983173639e-15
-2.751890000000000214e+01 1.000000000000000222e+00 1.400000000000000029e-02 3.570611593983173639e-15
-2.751890000000000214e+01 1.000000000000000222e+00 1.260000000000000009e-02 3.570611593983173639e-15
-2.751890000000000214e+01 1.000000000000000222e+00 1.110000000000000049e-02 3.570611593983173639e-15
-2.751890000000000214e+01 1.000000000000000222e+00 1.129999999999999928e-02 3.570611593983173639e-15
-2.751890000000000214e+01 1.000000000000000222e+00 1.310000000000000053e-02 3.570611593983173639e-15
-2.751890000000000214e+01 1.000000000000000222e+00 1.190000000000000085e-02 3.570611593983173639e-15
-2.751890000000000214e+01 1.000000000000000222e+00 1.430000000000000021e-02 3.570611593983173639e-15
-2.751890000000000214e+01 1.000000000000000222e+00 1.030000000000000013e-02 3.570611593983173639e-15
-2.751890000000000214e+01 1.000000000000000222e+00 1.319999999999999993e-02 3.570611593983173639e-15
-2.751890000000000214e+01 1.000000000000000222e+00 1.170000000000000033e-02 3.570611593983173639e-15
-2.751890000000000214e+01 1.000000000000000222e+00 1.409999999999999969e-02 3.570611593983173639e-15
-2.751890000000000214e+01 1.000000000000000222e+00 1.519999999999999997e-02 3.570611593983173639e-15
-2.751890000000000214e+01 1.000000000000000222e+00 1.340000000000000045e-02 3.570611593983173639e-15
-2.751890000000000214e+01 1.000000000000000222e+00 1.299999999999999940e-02 3.570611593983173639e-15
-2.751890000000000214e+01 1.000000000000000222e+00 1.480000000000000066e-02 3.570611593983173639e-15
-2.751890000000000214e+01 1.000000000000000222e+00 1.490000000000000005e-02 3.570611593983173639e-15
-2.751890000000000214e+01 1.000000000000000222e+00 1.349999999999999985e-02 3.570611593983173639e-15
-2.751890000000000214e+01 1.000000000000000222e+00 1.299999999999999940e-02 3.570611593983173639e-15
-2.751890000000000214e+01 1.000000000000000222e+00 1.469999999999999953e-02 3.570611593983173639e-15
-2.751890000000000214e+01 1.000000000000000222e+00 1.430000000000000021e-02 3.570611593983173639e-15
-2.751890000000000214e+01 1.000000000000000222e+00 1.299999999999999940e-02 3.570611593983173639e-15
-2.751890000000000214e+01 1.000000000000000222e+00 1.299999999999999940e-02 3.570611593983173639e-15
-2.751890000000000214e+01 1.000000000000000222e+00 1.480000000000000066e-02 3.570611593983173639e-15
-2.751890000000000214e+01 1.000000000000000222e+00 1.310000000000000053e-02 3.570611593983173639e-15
-2.751890000000000214e+01 1.000000000000000222e+00 1.269999999999999948e-02 3.570611593983173639e-15
-2.751890000000000214e+01 1.000000000000000222e+00 1.290000000000000001e-02 3.570611593983173639e-15
-2.751890000000000214e+01 1.000000000000000222e+00 1.149999999999999981e-02 3.570611593983173639e-15
-2.751890000000000214e+01 1.000000000000000222e+00 1.230000000000000017e-02 3.570611593983173639e-15
-2.751890000000000214e+01 1.000000000000000222e+00 1.269999999999999948e-02 3.570611593983173639e-15
-2.751890000000000214e+01 1.000000000000000222e+00 1.389999999999999916e-02 3.570611593983173639e-15
-2.751890000000000214e+01 1.000000000000000222e+00 1.420000000000000082e-02 3.570611593983173639e-15
-2.751890000000000214e+01 1.000000000000000222e+00 1.319999999999999993e-02 3.570611593983173639e-15
-2.751890000000000214e+01 1.000000000000000222e+00 1.450000000000000074e-02 3.570611593983173639e-15
-2.751890000000000214e+01 1.000000000000000222e+00 1.439999999999999961e-02 3.570611593983173639e-15
-2.751890000000000214e+01 1.000000000000000222e+00 1.450000000000000074e-02 3.570611593983173639e-15
-2.751890000000000214e+01 1.000000000000000222e+00 1.349999999999999985e-02 3.570611593983173639e-15
-2.751890000000000214e+01 1.000000000000000222e+00 1.460000000000000013e-02 3.570611593983173639e-15
-2.751890000000000214e+01 1.000000000000000222e+00 1.260000000000000009e-02 3.570611593983173639e-15
-2.751890000000000214e+01 1.000000000000000222e+00 1.250000000000000069e-02 3.570611593983173639e-15
-2.751890000000000214e+01 1.000000000000000222e+00 1.359999999999999924e-02 3.570611593983173639e-15
-2.751890000000000214e+01 1.000000000000000222e+00 1.250000000000000069e-02 3.570611593983173639e-15
-2.751890000000000214e+01 1.000000000000000222e+00 1.430000000000000021e-02 3.570611593983173639e-15
-2.751890000000000214e+01 1.000000000000000222e+00 1.329999999999999932e-02 3.570611593983173639e-15
-2.751890000000000214e+01 1.000000000000000222e+00 1.340000000000000045e-02 3.570611593983173639e-15
-2.751890000000000214e+01 1.000000000000000222e+00 1.359999999999999924e-02 3.570611593983173639e-15
-2.751890000000000214e+01 1.000000000000000222e+00 1.340000000000000045e-02 3.570611593983173639e-15
-2.751890000000000214e+01 1.000000000000000222e+00 1.140000000000000041e-02 3.570611593983173639e-15
-2.751890000000000214e+01 1.000000000000000222e+00 1.389999999999999916e-02 3.570611593983173639e-15
-2.751890000000000214e+01 1.000000000000000222e+00 1.269999999999999948e-02 3.570611593983173639e-15
-2.751890000000000214e+01 1.000000000000000222e+00 1.340000000000000045e-02 3.570611593983173639e-15
-2.751890000000000214e+01 1.000000000000000222e+00 1.310000000000000053e-02 3.570611593983173639e-15
-2.751890000000000214e+01 1.000000000000000222e+00 1.619999999999999912e-02 3.570611593983173639e-15
-2.751890000000000214e+01 1.000000000000000222e+00 1.379999999999999977e-02 3.570611593983173639e-15
-2.751890000000000214e+01 1.000000000000000222e+00 1.370000000000000037e-02 3.570611593983173639e-15
-2.751890000000000214e+01 1.000000000000000222e+00 1.370000000000000037e-02 3.570611593983173639e-15
-2.751890000000000214e+01 1.000000000000000222e+00 1.280000000000000061e-02 3.570611593983173639e-15
-2.751890000000000214e+01 1.000000000000000222e+00 1.370000000000000037e-02 3.570611593983173639e-15
-2.751890000000000214e+01 1.000000000000000222e+00 1.409999999999999969e-02 3.570611593983173639e-15
-2.751890000000000214e+01 1.000000000000000222e+00 1.190000000000000085e-02 3.570611593983173639e-15
-2.751890000000000214e+01 1.000000000000000222e+00 1.329999999999999932e-02 3.570611593983173639e-15
-2.751890000000000214e+01 1.000000000000000222e+00 1.439999999999999961e-02 3.570611593983173639e-15
-2.751890000000000214e+01 1.000000000000000222e+00 1.069999999999999944e-02 3.570611593983173639e-15
-2.751890000000000214e+01 1.000000000000000222e+00 1.340000000000000045e-02 3.570611593983173639e-15
-2.751890000000000214e+01 1.000000000000000222e+00 1.260000000000000009e-02 3.570611593983173639e-15
-2.751890000000000214e+01 1.000000000000000222e+00 1.269999999999999948e-02 3.570611593983173639e-15
-2.751890000000000214e+01 1.000000000000000222e+00 1.310000000000000053e-02 3.570611593983173639e-15
-2.751890000000000214e+01 1.000000000000000222e+00 1.439999999999999961e-02 3.570611593983173639e-15
-2.751890000000000214e+01 1.000000000000000222e+00 1.430000000000000021e-02 3.570611593983173639e-15
-2.751890000000000214e+01 1.000000000000000222e+00 1.389999999999999916e-02 3.570611593983173639e-15
-2.751890000000000214e+01 1.000000000000000222e+00 1.200000000000000025e-02 3.570611593983173639e-15
-2.751890000000000214e+01 1.000000000000000222e+00 1.290000000000000001e-02 3.570611593983173639e-15
-2.751890000000000214e+01 1.000000000000000222e+00 1.170000000000000033e-02 3.570611593983173639e-15
-2.751890000000000214e+01 1.000000000000000222e+00 1.430000000000000021e-02 3.570611593983173639e-15
-2.751890000000000214e+01 1.000000000000000222e+00 1.319999999999999993e-02 3.570611593983173639e-15
-2.751890000000000214e+01 1.000000000000000222e+00 1.349999999999999985e-02 3.570611593983173639e-15
-2.751890000000000214e+01 1.000000000000000222e+00 1.179999999999999973e-02 3.570611593983173639e-15
-2.751890000000000214e+01 1.000000000000000222e+00 1.400000000000000029e-02 3.570611593983173639e-15
-2.751890000000000214e+01 1.000000000000000222e+00 1.239999999999999956e-02 3.570611593983173639e-15
-2.751890000000000214e+01 1.000000000000000222e+00 1.329999999999999932e-02 3.570611593983173639e-15
-2.751890000000000214e+01 1.000000000000000222e+00 1.480000000000000066e-02 3.570611593983173639e-15
-2.751890000000000214e+01 1.000000000000000222e+00 1.290000000000000001e-02 3.570611593983173639e-15
-2.751890000000000214e+01 1.000000000000000222e+00 1.400000000000000029e-02 3.570611593983173639e-15
-2.751890000000000214e+01 1.000000000000000222e+00 1.450000000000000074e-02 3.570611593983173639e-15
-2.751890000000000214e+01 1.000000000000000222e+00 1.559999999999999928e-02 3.570611593983173639e-15
-2.751890000000000214e+01 1.000000000000000222e+00 1.089999999999999997e-02 3.570611593983173639e-15
-2.751890000000000214e+01 1.000000000000000222e+00 1.409999999999999969e-02 3.570611593983173639e-15
-2.751890000000000214e+01 1.000000000000000222e+00 1.319999999999999993e-02 3.570611593983173639e-15
-2.751890000000000214e+01 1.000000000000000222e+00 1.209999999999999964e-02 3.570611593983173639e-15
-2.751890000000000214e+01 1.000000000000000222e+00 1.230000000000000017e-02 3.570611593983173639e-15
-2.751890000000000214e+01 1.000000000000000222e+00 1.340000000000000045e-02 3.570611593983173639e-15
-2.751890000000000214e+01 1.000000000000000222e+00 1.379999999999999977e-02 3.570611593983173639e-15
-2.751890000000000214e+01 1.000000000000000222e+00 1.069999999999999944e-02 3.570611593983173639e-15
-2.751890000000000214e+01 1.000000000000000222e+00 1.329999999999999932e-02 3.570611593983173639e-15
-2.751890000000000214e+01 1.000000000000000222e+00 1.290000000000000001e-02 3.570611593983173639e-15
-2.751890000000000214e+01 1.000000000000000222e+00 1.060000000000000005e-02 3.570611593983173639e-15
-2.751890000000000214e+01 1.000000000000000222e+00 1.529999999999999936e-02 3.570611593983173639e-15
-2.751890000000000214e+01 1.000000000000000222e+00 1.140000000000000041e-02 3.570611593983173639e-15
-2.751890000000000214e+01 1.000000000000000222e+00 1.349999999999999985e-02 3.570611593983173639e-15
-2.751890000000000214e+01 1.000000000000000222e+00 1.190000000000000085e-02 3.570611593983173639e-15
-2.751890000000000214e+01 1.000000000000000222e+00 1.379999999999999977e-02 3.570611593983173639e-15
-2.751890000000000214e+01 1.000000000000000222e+00 1.149999999999999981e-02 3.570611593983173639e-15
-2.751890000000000214e+01 1.000000000000000222e+00 1.510000000000000057e-02 3.570611593983173639e-15
-2.751890000000000214e+01 1.000000000000000222e+00 1.260000000000000009e-02 3.570611593983173639e-15
-2.751890000000000214e+01 1.000000000000000222e+00 1.340000000000000045e-02 3.570611593983173639e-15
-2.751890000000000214e+01 1.000000000000000222e+00 1.239999999999999956e-02 3.570611593983173639e-15
-2.751890000000000214e+01 1.000000000000000222e+00 1.409999999999999969e-02 3.570611593983173639e-15
-2.751890000000000214e+01 1.000000000000000222e+00 1.420000000000000082e-02 3.570611593983173639e-15
-2.751890000000000214e+01 1.000000000000000222e+00 1.290000000000000001e-02 3.570611593983173639e-15
-2.751890000000000214e+01 1.000000000000000222e+00 1.370000000000000037e-02 3.570611593983173639e-15
-2.751890000000000214e+01 1.000000000000000222e+00 1.379999999999999977e-02 3.570611593983173639e-15
-2.751890000000000214e+01 1.000000000000000222e+00 1.230000000000000017e-02 3.570611593983173639e-15
-2.751890000000000214e+01 1.000000000000000222e+00 1.370000000000000037e-02 3.570611593983173639e-15
-2.751890000000000214e+01 1.000000000000000222e+00 1.170000000000000033e-02 3.570611593983173639e-15
-2.751890000000000214e+01 1.000000000000000222e+00 1.310000000000000053e-02 3.570611593983173639e-15
-2.751890000000000214e+01 1.000000000000000222e+00 1.230000000000000017e-02 3.570611593983173639e-15
-2.751890000000000214e+01 1.000000000000000222e+00 1.430000000000000021e-02 3.570611593983173639e-15
-2.751890000000000214e+01 1.000000000000000222e+00 1.230000000000000017e-02 3.570611593983173639e-15
-2.751890000000000214e+01 1.000000000000000222e+00 1.349999999999999985e-02 3.570611593983173639e-15
-2.751890000000000214e+01 1.000000000000000222e+00 1.420000000000000082e-02 3.570611593983173639e-15
-2.751890000000000214e+01 1.000000000000000222e+00 1.260000000000000009e-02 3.570611593983173639e-15
-2.751890000000000214e+01 1.000000000000000222e+00 1.269999999999999948e-02 3.570611593983173639e-15
-2.751890000000000214e+01 1.000000000000000222e+00 1.450000000000000074e-02 3.570611593983173639e-15
-2.751890000000000214e+01 1.000000000000000222e+00 1.269999999999999948e-02 3.570611593983173639e-15
-2.751890000000000214e+01 1.000000000000000222e+00 1.230000000000000017e-02 3.570611593983173639e-15
-2.751890000000000214e+01 1.000000000000000222e+00 1.220000000000000077e-02 3.570611593983173639e-15
-2.751890000000000214e+01 1.000000000000000222e+00 1.200000000000000025e-02 3.570611593983173639e-15
-2.751890000000000214e+01 1.000000000000000222e+00 1.409999999999999969e-02 3.570611593983173639e-15
-2.751890000000000214e+01 1.000000000000000222e+00 1.119999999999999989e-02 3.570611593983173639e-15
-2.751890000000000214e+01 1.000000000000000222e+00 1.099999999999999936e-02 3.570611593983173639e-15
-2.751890000000000214e+01 1.000000000000000222e+00 1.209999999999999964e-02 3.570611593983173639e-15
-2.751890000000000214e+01 1.000000000000000222e+00 1.329999999999999932e-02 3.570611593983173639e-15
-2.751890000000000214e+01 1.000000000000000222e+00 1.379999999999999977e-02 3.570611593983173639e-15
-2.751890000000000214e+01 1.000000000000000222e+00 1.480000000000000066e-02 3.570611593983173639e-15
-2.751890000000000214e+01 1.000000000000000222e+00 1.319999999999999993e-02 3.570611593983173639e-15
-2.751890000000000214e+01 1.000000000000000222e+00 1.220000000000000077e-02 3.570611593983173639e-15
-2.751890000000000214e+01 1.000000000000000222e+00 1.430000000000000021e-02 3.570611593983173639e-15
-2.751890000000000214e+01 1.000000000000000222e+00 1.519999999999999997e-02 3.570611593983173639e-15
-2.751890000000000214e+01 1.000000000000000222e+00 1.269999999999999948e-02 3.570611593983173639e-15
-2.751890000000000214e+01 1.000000000000000222e+00 1.290000000000000001e-02 3.570611593983173639e-15
-2.751890000000000214e+01 1.000000000000000222e+00 1.099999999999999936e-02 3.570611593983173639e-15
-2.751890000000000214e+01 1.000000000000000222e+00 1.379999999999999977e-02 3.570611593983173639e-15
-2.751890000000000214e+01 1.000000000000000222e+00 1.329999999999999932e-02 3.570611593983173639e-15
-2.751890000000000214e+01 1.000000000000000222e+00 1.420000000000000082e-02 3.570611593983173639e-15
-2.751890000000000214e+01 1.000000000000000222e+00 1.379999999999999977e-02 3.570611593983173639e-15
-2.751890000000000214e+01 1.000000000000000222e+00 1.519999999999999997e-02 3.570611593983173639e-15
-2.751890000000000214e+01 1.000000000000000222e+00 1.190000000000000085e-02 3.570611593983173639e-15
-2.751890000000000214e+01 1.000000000000000222e+00 1.170000000000000033e-02 3.570611593983173639e-15
-2.751890000000000214e+01 1.000000000000000222e+00 1.460000000000000013e-02 3.570611593983173639e-15
-2.751890000000000214e+01 1.000000000000000222e+00 1.269999999999999948e-02 3.570611593983173639e-15
-2.751890000000000214e+01 1.000000000000000222e+00 1.460000000000000013e-02 3.570611593983173639e-15
-2.751890000000000214e+01 1.000000000000000222e+00 1.340000000000000045e-02 3.570611593983173639e-15
-2.751890000000000214e+01 1.000000000000000222e+00 1.359999999999999924e-02 3.570611593983173639e-15
-2.751890000000000214e+01 1.000000000000000222e+00 1.510000000000000057e-02 3.570611593983173639e-15
-2.751890000000000214e+01 1.000000000000000222e+00 1.269999999999999948e-02 3.570611593983173639e-15
-2.751890000000000214e+01 1.000000000000000222e+00 1.280000000000000061e-02 3.570611593983173639e-15
-2.751890000000000214e+01 1.000000000000000222e+00 1.370000000000000037e-02 3.570611593983173639e-15
-2.751890000000000214e+01 1.000000000000000222e+00 1.379999999999999977e-02 3.570611593983173639e-15
-2.751890000000000214e+01 1.000000000000000222e+00 1.209999999999999964e-02 3.570611593983173639e-15
-2.751890000000000214e+01 1.000000000000000222e+00 1.260000000000000009e-02 3.570611593983173639e-15
