4.499999999999999833e-02
8.427999999999999936e-01
-3.357999999999999874e-01
-1.542999999999999927e-01
-5.100999999999999979e-01
-9.669999999999999429e-02
9.669999999999999429e-02
-8.999999999999999667e-02
3.393999999999999795e-01
-3.259000000000000230e-01
-8.959000000000000297e-01
2.681999999999999940e-01
5.141999999999999904e-01
-5.266999999999999460e-01
5.000999999999999890e-01
-9.669999999999999429e-02
4.535000000000000142e-01
-2.104000000000000037e-01
-2.731999999999999984e-01
9.039000000000000368e-01
-5.772000000000000464e-01
-9.603000000000000425e-01
-5.755000000000000115e-01
4.102000000000000091e-01
-3.209999999999999659e-02
9.608999999999999764e-01
-7.649000000000000243e-01
1.794999999999999929e-01
-4.631000000000000116e-01
3.392999999999999905e-01
-4.575000000000000178e-01
3.820999999999999952e-01
8.024000000000000021e-01
2.419999999999999929e-01
7.408000000000000140e-01
-8.223000000000000309e-01
3.958999999999999742e-01
-8.027999999999999581e-01
-5.010000000000000009e-01
7.779999999999999416e-02
-8.483000000000000540e-01
-5.812000000000000499e-01
-9.341000000000000414e-01
6.775999999999999801e-01
9.575000000000000178e-01
-1.451000000000000068e-01
8.385000000000000231e-01
-8.567000000000000171e-01
-8.679999999999999938e-01
5.634000000000000119e-01
4.899000000000000021e-01
6.562999999999999945e-01
8.127999999999999670e-01
8.739999999999999991e-01
9.861999999999999655e-01
-7.594999999999999529e-01
5.345999999999999641e-01
-5.127000000000000446e-01
8.456000000000000183e-01
-9.153000000000000025e-01
-8.350999999999999535e-01
2.699999999999999969e-02
-2.977000000000000202e-01
7.320999999999999730e-01
5.062999999999999723e-01
8.719999999999999973e-02
-9.109000000000000430e-01
-4.188999999999999946e-01
7.390999999999999792e-01
-1.617999999999999994e-01
-8.001000000000000334e-01
3.990000000000000213e-01
-8.688000000000000167e-01
-4.087999999999999967e-01
6.602999999999999980e-01
7.339999999999999858e-01
-3.307999999999999829e-01
5.877000000000000002e-01
-9.402000000000000357e-01
1.778000000000000136e-01
-6.731000000000000316e-01
-4.364000000000000101e-01
2.817999999999999949e-01
-8.720999999999999863e-01
-1.617000000000000104e-01
5.766000000000000014e-01
1.340000000000000045e-02
8.295000000000000151e-01
-6.072999999999999510e-01
4.905999999999999805e-01
5.856999999999999984e-01
-3.884000000000000230e-01
6.259000000000000119e-01
-3.256999999999999895e-01
-9.737999999999999989e-01
7.130000000000000226e-02
-5.094999999999999529e-01
5.799999999999999600e-03
-4.649999999999999967e-02
-5.223999999999999755e-01
-4.884000000000000008e-01
-7.110999999999999543e-01
4.914000000000000035e-01
3.171999999999999820e-01
-8.793999999999999595e-01
-6.066000000000000281e-01
5.728999999999999648e-01
-5.473000000000000087e-01
-6.740000000000000435e-01
6.071999999999999620e-01
5.217000000000000526e-01
-5.168000000000000371e-01
-1.638000000000000012e-01
5.726999999999999869e-01
-5.705000000000000071e-01
-7.089999999999999636e-01
4.067000000000000060e-01
-3.983999999999999764e-01
-3.108000000000000207e-01
-8.263000000000000345e-01
-2.272000000000000131e-01
-6.166000000000000369e-01
-9.398999999999999577e-01
-5.580000000000000238e-02
2.449000000000000066e-01
