-1.420000000000000082e-02
6.282999999999999696e-01
-2.782999999999999918e-01
8.624000000000000554e-01
-1.448000000000000120e-01
9.086999999999999522e-01
5.269000000000000350e-01
-4.450000000000000067e-01
-7.895999999999999686e-01
4.449999999999999789e-02
6.189999999999999669e-02
-4.081000000000000183e-01
7.539000000000000146e-01
-7.779000000000000359e-01
-8.133000000000000229e-01
-2.829999999999999738e-01
8.600999999999999757e-01
4.806000000000000272e-01
9.339999999999999691e-02
-7.179999999999999716e-01
-8.165000000000000036e-01
6.598000000000000531e-01
-9.102000000000000091e-01
8.478999999999999870e-01
-8.153000000000000247e-01
-6.836999999999999744e-01
9.584000000000000297e-01
-3.832999999999999741e-01
2.426999999999999991e-01
-3.910000000000000281e-02
-9.194999999999999840e-01
6.885000000000000009e-01
-6.578000000000000513e-01
7.577000000000000401e-01
8.011000000000000343e-01
-4.767000000000000126e-01
-4.205999999999999739e-01
8.340000000000000191e-02
-3.529999999999999805e-01
-9.897000000000000242e-01
-2.544000000000000150e-01
-3.246999999999999886e-01
2.781000000000000139e-01
-7.366000000000000325e-01
4.546000000000000041e-01
-9.635000000000000231e-01
-2.511999999999999789e-01
5.167000000000000481e-01
-5.647999999999999687e-01
9.318999999999999506e-01
-7.302999999999999492e-01
2.338000000000000078e-01
-9.546999999999999931e-01
5.645999999999999908e-01
-8.108999999999999542e-01
-1.567000000000000060e-01
-7.465000000000000524e-01
3.855999999999999983e-01
-5.293999999999999817e-01
-4.540000000000000147e-01
-9.450000000000000067e-02
7.218999999999999861e-01
2.570000000000000062e-02
-9.455000000000000071e-01
2.826000000000000179e-01
-8.418999999999999817e-01
-2.101999999999999980e-01
-6.367000000000000437e-01
8.186999999999999833e-01
7.063000000000000389e-01
4.250000000000000305e-02
-6.037000000000000144e-01
-4.963000000000000189e-01
2.546999999999999820e-01
-7.053000000000000380e-01
4.082000000000000073e-01
-1.718000000000000083e-01
5.859999999999999654e-01
8.811999999999999833e-01
6.389000000000000234e-01
9.274999999999999911e-01
-1.098999999999999977e-01
3.598000000000000087e-01
5.630000000000000282e-02
-8.480000000000000038e-02
-2.853999999999999870e-01
-7.374000000000000554e-01
-5.907000000000000028e-01
7.950000000000000122e-02
-4.189999999999999974e-02
-1.202000000000000013e-01
8.640999999999999792e-01
3.084999999999999964e-01
1.155000000000000054e-01
-6.953000000000000291e-01
9.881999999999999673e-01
-8.987000000000000544e-01
-2.738999999999999768e-01
4.208000000000000074e-01
3.279000000000000248e-01
9.044999999999999707e-01
8.844999999999999529e-01
3.839000000000000190e-01
-7.049999999999999323e-02
-1.454999999999999905e-01
-5.275999999999999579e-01
-5.300000000000000024e-03
2.773999999999999799e-01
3.754000000000000115e-01
4.228999999999999981e-01
-9.388999999999999568e-01
5.687999999999999723e-01
8.286999999999999922e-01
-4.809999999999999831e-01
-8.295000000000000151e-01
-5.595999999999999863e-01
8.677000000000000268e-01
3.133000000000000229e-01
-2.908000000000000029e-01
-5.290000000000000258e-02
-2.299999999999999961e-02
9.357999999999999652e-01
3.829000000000000181e-01
-6.020999999999999686e-01
5.040000000000000036e-01
