-1.153791751699800444e-01
1.124507911363699653e-01
-2.099758152893749785e-01
-3.481202961746335811e-01
1.080796572869701655e-01
5.554367530920666374e-01
-4.919916146563207415e-01
1.399644903591739320e+00
5.685044373408891794e-01
-5.156566524122790929e-01
3.867661685468986588e-01
-3.222067303784045822e-01
2.689697705336231703e-02
5.710708576355926214e-01
9.294365242466762211e-01
9.388091407053776871e-01
-2.719546801129920643e-01
-3.583070948758866336e-01
-4.665889562788116396e-01
4.868303117375332584e-02
-2.769890433106941274e-01
3.282587329949407384e-02
-5.077745280291072749e-01
1.536684936253199241e-01
-1.824870091549768703e-01
-1.939631017819055114e-01
1.396148169862578559e-01
-6.397165746559892174e-02
2.189538085503468512e-01
7.424663906469670671e-01
8.095869544032942289e-02
6.917129102231585336e-02
2.547454315878692754e-01
1.886376744559514207e-01
-5.046610631408362212e-03
-3.043736025015376101e-01
-2.486289070092713993e-01
-3.679543916667269432e-01
4.258600345448185914e-02
1.771552725391825067e-01
1.418853370003043401e-01
1.050731733464112111e-01
7.387888991660263027e-02
1.650357556475008647e-02
5.929941236264333337e-01
-4.324747280974333141e-01
-2.503918514236016524e-01
-7.805132951238576838e-04
1.646599269934929388e-01
3.395317405089393059e-01
2.050182019885885276e-01
1.752009567883954233e-01
5.077941629998799361e-02
-2.007073540107792431e-01
7.175306442785120420e-02
-5.843810451148279822e-02
-2.551342359216218769e-01
-3.581807034051360805e-01
2.651177256385398584e-01
3.062145320311920882e-01
-8.379669151060521737e-02
-1.097573004293095067e-01
1.421585492557774222e-01
8.296188213906348363e-02
1.920538262862190315e-01
4.964526678272097870e-02
1.900816564601763292e-01
-4.189310470940582065e-01
-1.923961418785207211e-01
-2.806796194186562121e-01
7.148419420515514378e-02
6.980962774828464168e-02
4.561000371490450123e-01
3.055464427600644850e-01
-3.062162678677243441e-02
2.791975765000751508e-01
-2.918204263434633766e-02
-6.969350280938757525e-02
1.238714697579821888e-01
4.311843328014497989e-01
2.665640707923792596e-01
3.099583902413562964e-01
1.010638919517449441e+00
-7.346147106792542958e-02
-1.205782929337033821e-01
8.413259016225388409e-02
8.788579573986342319e-02
9.604674611287024044e-01
-6.323127819786780734e-02
-3.052655870896047730e-01
-1.814518509365614096e-01
-3.438243596284779047e-01
-4.999470216862422767e-01
-2.208697671265174856e-01
1.006692155719487225e+00
-1.225257742682396844e-01
-1.366565703607192372e-01
-1.343627082605221290e-01
3.867704207824318452e-01
2.217111147313876318e-01
6.131719582145208625e-01
2.728686176269663061e-02
6.323949970108602159e-01
-5.367559215949425644e-01
-2.783055815277614697e-01
8.787335293042577988e-02
-1.864759595868978048e-01
-1.734492231154609876e-01
-1.275263209525641650e-01
3.802156752851366672e-01
-4.221400412850687817e-04
-1.227698640880844905e-01
-2.546981371300567343e-01
3.004305476301137312e-01
-1.501278742019717394e-01
-2.785658997999334030e-01
1.584237052668829304e-01
-2.508563804002308384e-01
2.028199030621109789e-01
3.144500412130384059e-02
-3.371090230759553608e-01
3.063884496092849630e-01
-2.766790621323621524e-01
-2.575019630447794583e-01
-1.760599182736711787e-01
2.665771003375762005e-01
1.117862253942280448e+00
-6.986862612082408996e-02
-3.361032294923747554e-01
-3.205159766651354269e-01
-5.745049064773316561e-02
-2.489468386223599727e-01
-4.025151190609386337e-02
-1.278843982243345681e-03
1.124752697291500625e-02
-1.513514444954146554e-01
-1.045290897058285401e-01
-2.266143189447559769e-01
-1.518803785376702520e-01
-1.638692722477660402e-01
-2.247631133224899935e-01
-2.433408663017031792e-01
-2.699573541279689515e-01
-1.777505822792788959e-01
-3.217394701876926111e-01
-1.519497144098052588e-01
-1.763745379300737659e-01
-1.030583527393280768e-01
-2.917096463716111199e-01
1.086409681940040360e-02
-2.014524635481330650e-01
-6.066737228921661312e-02
-1.848253173182165254e-01
-1.686946322703373191e-01
-1.649261566116547173e-01
-3.213432420476615703e-01
-1.596050691427807755e-01
-2.213337359432988316e-01
-1.762105135809857448e-01
-6.672558419006274777e-02
-1.990833657306881610e-01
-3.800114591616191723e-02
-1.930046788752788900e-01
3.718760485909779201e-02
-1.058295329859457005e-02
-1.612708885887595978e-01
-1.138098343748199931e-01
-1.576516224020411694e-01
1.143856045864942494e+00
-9.817579846437679558e-02
-2.018892932416750940e-01
-1.045655585143306227e-01
-7.843080922476194927e-02
-2.825009136309553637e-01
-3.443851474557292347e-01
-2.458581041645760967e-01
-1.813253947799659815e-01
-2.475032860775780996e-01
-2.529431452165503136e-01
-2.722844017017529983e-01
-4.561236530197987360e-01
2.778356790930086584e-02
4.970162828959741597e-01
-1.639198322645499806e-01
-4.640462187259918048e-02
-9.059972745022527862e-02
-1.171646955445872912e-01
-1.227420160205116018e-01
-4.376521520985747205e-01
-3.030816438615812625e-01
8.952199942627858675e-01
6.514102164489130042e-02
-1.429982293756192901e-01
4.277459221114126575e-01
-2.800803365953203894e-01
-6.210726471701581014e-02
8.299303835146275288e-02
8.224752564600336102e-01
-2.818792206351881657e-01
-7.180011766019828157e-02
1.138659494824768803e+00
1.207624293195452170e+00
1.099481440309677094e+00
1.230468831370239879e+00
1.189132276084314155e+00
5.201461963495894458e-02
1.026600756163439820e+00
-1.471588036814014955e-01
-2.932941507944394899e-01
1.559979201581153108e+00
7.974729126545664071e-02
-2.386023127371906388e-02
9.678097533061927882e-01
1.057991645126046265e+00
7.377346028377723686e-01
5.266282105786542767e-01
-2.786494210031565388e-01
4.403309916190549789e-01
-2.638316299331414649e-01
5.583098869069964554e-01
-1.909102364887848291e-01
1.507508798484443746e-01
-2.329542874581558842e-01
-2.015899988994755976e-01
-5.137920898553851590e-01
-5.721940864575824071e-01
6.045531338233800511e-01
4.570250963024941604e-01
-2.663111080308695477e-01
1.886050067607786540e-01
-3.995667880804578687e-01
-5.086350384141571368e-01
1.506187960385880764e+00
-1.990695231365809947e-01
2.081365005576014393e-01
-1.661654312262915156e-01
-7.263397854215701832e-01
-2.775782533059796275e-01
1.152244372126711713e+00
1.117093812607758530e+00
