7.392999999999999572e-01
-2.283000000000000029e-01
2.026000000000000023e-01
1.635000000000000064e-01
-9.374000000000000110e-01
-4.108999999999999875e-01
-2.016000000000000014e-01
6.716999999999999638e-01
-2.918999999999999928e-01
3.252999999999999781e-01
1.208000000000000046e-01
-5.725999999999999979e-01
-8.677000000000000268e-01
3.367999999999999883e-01
7.770000000000000240e-01
8.333000000000000407e-01
8.607000000000000206e-01
9.627999999999999892e-01
-4.586999999999999966e-01
-6.358000000000000318e-01
-8.892999999999999794e-01
-7.194000000000000394e-01
-9.830999999999999739e-01
-9.149999999999999800e-02
-5.264999999999999680e-01
-9.353000000000000203e-01
-1.593999999999999861e-01
3.200000000000000067e-02
-4.449999999999999789e-02
7.521999999999999797e-01
2.805000000000000271e-01
3.565999999999999726e-01
-5.625000000000000000e-01
4.001000000000000112e-01
-8.729000000000000092e-01
5.484999999999999876e-01
8.830999999999999961e-01
-4.757000000000000117e-01
-5.560000000000000497e-01
8.721999999999999753e-01
-6.697999999999999510e-01
3.412000000000000033e-01
4.153999999999999915e-01
-7.697000000000000508e-01
1.001999999999999974e-01
8.381999999999999451e-01
-9.500999999999999446e-01
2.944999999999999840e-01
-3.799000000000000155e-01
1.421000000000000041e-01
5.944000000000000394e-01
-3.285000000000000142e-01
7.044000000000000261e-01
8.705000000000000515e-01
6.182999999999999607e-01
-6.307000000000000384e-01
7.528000000000000247e-01
-2.270999999999999963e-01
7.752000000000000002e-01
8.820999999999999952e-01
1.880000000000000004e-01
-3.635999999999999788e-01
7.012000000000000455e-01
7.768000000000000460e-01
-8.219999999999999529e-02
-1.320999999999999952e-01
6.525999999999999579e-01
2.109000000000000041e-01
6.598000000000000531e-01
1.802999999999999881e-01
8.093000000000000194e-01
-4.858999999999999986e-01
-8.559999999999999831e-01
-2.429999999999999938e-01
-2.409999999999999989e-02
-1.115000000000000019e-01
-2.630000000000000046e-02
5.619999999999999996e-02
-8.691999999999999726e-01
8.706000000000000405e-01
7.985999999999999766e-01
-6.494999999999999662e-01
-2.606999999999999873e-01
-7.086000000000000076e-01
-3.860000000000000098e-01
-8.257999999999999785e-01
-7.435000000000000497e-01
1.468000000000000138e-01
-3.623999999999999999e-01
8.762999999999999678e-01
-3.719000000000000083e-01
7.032000000000000473e-01
-9.474000000000000199e-01
-5.134999999999999565e-01
-5.149999999999999717e-02
-8.731999999999999762e-01
5.301000000000000156e-01
2.892000000000000126e-01
-3.057000000000000273e-01
-8.958000000000000407e-01
5.481000000000000316e-01
9.284000000000000030e-01
3.116999999999999771e-01
8.246999999999999886e-01
-5.961999999999999522e-01
-6.343999999999999639e-01
3.524999999999999800e-01
1.024999999999999939e-01
2.916000000000000258e-01
-1.799000000000000044e-01
-3.365000000000000213e-01
9.110000000000000042e-02
1.559000000000000108e-01
6.165000000000000480e-01
2.444999999999999951e-01
4.662999999999999923e-01
4.017000000000000015e-01
-7.921000000000000263e-01
8.830999999999999961e-01
8.751999999999999780e-01
-4.359999999999999987e-01
5.099000000000000199e-01
4.385999999999999899e-01
-3.490000000000000047e-02
-6.925000000000000044e-01
-2.944999999999999840e-01
-1.358999999999999930e-01
4.399999999999999745e-02
-6.286000000000000476e-01
6.163999999999999480e-01
