8.838000000000000300e-01
-9.139999999999999514e-02
-7.915999999999999703e-01
6.049999999999999822e-01
-9.510999999999999455e-01
8.286999999999999922e-01
1.545999999999999874e-01
3.961999999999999966e-01
5.977000000000000091e-01
-9.243000000000000105e-01
4.985999999999999877e-01
-7.669000000000000261e-01
-1.554000000000000103e-01
-3.054999999999999938e-01
2.179999999999999993e-02
-7.879999999999999505e-02
-8.746000000000000441e-01
-2.300000000000000100e-01
1.265999999999999903e-01
-9.418999999999999595e-01
-4.102999999999999980e-01
4.696000000000000174e-01
2.139999999999999958e-01
-9.043999999999999817e-01
-9.633000000000000451e-01
-2.373999999999999999e-01
-1.875000000000000000e-01
-3.770999999999999908e-01
1.993000000000000049e-01
-2.066000000000000059e-01
3.380000000000000226e-01
7.218999999999999861e-01
4.466999999999999860e-01
2.299999999999999961e-02
5.426999999999999602e-01
-6.311999999999999833e-01
9.636000000000000121e-01
9.475000000000000089e-01
3.579999999999999849e-01
-4.208999999999999964e-01
-6.210000000000000242e-02
-5.809999999999999887e-02
4.403000000000000247e-01
7.710000000000000187e-02
9.478999999999999648e-01
-9.215999999999999748e-01
-5.342999999999999972e-01
7.477000000000000313e-01
-1.723000000000000087e-01
8.064000000000000057e-01
2.591999999999999860e-01
2.640000000000000124e-01
-4.633999999999999786e-01
6.735999999999999766e-01
-5.012999999999999678e-01
9.866000000000000325e-01
1.845999999999999863e-01
6.158000000000000140e-01
-2.765000000000000235e-01
-6.850000000000000533e-01
-1.990000000000000102e-01
-9.700000000000000289e-03
6.049999999999999822e-02
-9.596999999999999975e-01
4.109999999999999765e-01
-3.372999999999999887e-01
2.066999999999999948e-01
5.474999999999999867e-01
-9.274999999999999911e-01
-6.108999999999999986e-01
-1.019000000000000045e-01
8.172000000000000375e-01
1.706000000000000016e-01
8.888000000000000345e-01
6.572999999999999954e-01
2.247999999999999998e-01
-5.673000000000000265e-01
-7.809000000000000385e-01
5.981999999999999540e-01
2.354999999999999871e-01
4.976999999999999758e-01
-2.116999999999999993e-01
-7.271999999999999575e-01
7.950000000000000400e-01
2.134999999999999953e-01
3.498999999999999888e-01
-6.595999999999999641e-01
5.175999999999999490e-01
7.049999999999999600e-01
6.208000000000000185e-01
-3.406000000000000139e-01
-7.633999999999999675e-01
3.168000000000000260e-01
-2.891000000000000236e-01
4.536000000000000032e-01
8.957000000000000517e-01
-4.796000000000000263e-01
-8.306000000000000050e-01
8.903999999999999693e-01
-9.268999999999999462e-01
2.227999999999999980e-01
8.703999999999999515e-01
5.590000000000000524e-01
3.988999999999999768e-01
8.174000000000000155e-01
6.482999999999999874e-01
6.762000000000000233e-01
-8.024000000000000021e-01
-8.710999999999999854e-01
6.216000000000000414e-01
-5.174999999999999600e-01
1.238999999999999962e-01
9.495000000000000107e-01
7.235000000000000320e-01
-6.977999999999999758e-01
-6.292999999999999705e-01
1.307999999999999996e-01
4.249999999999999889e-01
6.733000000000000096e-01
-5.494999999999999885e-01
-2.200999999999999901e-01
2.393000000000000127e-01
7.701000000000000068e-01
8.921000000000000041e-01
-2.404999999999999916e-01
3.235000000000000098e-01
2.576999999999999846e-01
-6.604999999999999760e-01
1.784999999999999920e-01
7.269999999999999796e-01
