-5.624000000000000110e-01
9.393000000000000238e-01
-9.840999999999999748e-01
-8.819000000000000172e-01
-1.928999999999999881e-01
6.385999999999999455e-01
2.610000000000000167e-02
-9.535000000000000142e-01
-3.489999999999999769e-01
-4.495999999999999996e-01
2.235999999999999932e-01
-3.104999999999999982e-01
1.865999999999999881e-01
-4.576999999999999957e-01
-3.030999999999999805e-01
-1.658000000000000029e-01
6.955999999999999961e-01
-4.279999999999999777e-02
-5.792000000000000481e-01
-1.315999999999999948e-01
3.901000000000000023e-01
-1.524000000000000077e-01
8.572999999999999510e-01
-2.218999999999999861e-01
1.180999999999999966e-01
1.739999999999999880e-02
-9.648999999999999799e-01
1.623999999999999888e-01
1.060000000000000005e-02
-7.076000000000000068e-01
-6.887999999999999678e-01
4.830999999999999739e-01
-3.729999999999999982e-01
-8.895999999999999464e-01
-3.407000000000000028e-01
-6.222999999999999643e-01
-1.655000000000000082e-01
7.379999999999999893e-01
-2.555000000000000049e-01
-3.714000000000000079e-01
6.233999999999999542e-01
3.670999999999999819e-01
-6.048000000000000043e-01
3.240000000000000102e-01
-1.653000000000000025e-01
6.753000000000000114e-01
1.534999999999999976e-01
-2.514000000000000123e-01
-2.306999999999999884e-01
-3.286999999999999922e-01
-1.837000000000000022e-01
-5.598999999999999533e-01
-4.302000000000000268e-01
6.661000000000000254e-01
8.358999999999999764e-01
-4.243000000000000105e-01
1.754000000000000004e-01
-9.520999999999999464e-01
1.761000000000000065e-01
5.135999999999999455e-01
5.756999999999999895e-01
-8.460999999999999632e-01
-1.763000000000000123e-01
-3.687000000000000277e-01
1.426000000000000045e-01
-3.407999999999999918e-01
-7.825999999999999623e-01
-8.995999999999999552e-01
6.148000000000000131e-01
-9.822999999999999510e-01
1.582999999999999963e-01
8.394000000000000350e-01
-4.830999999999999739e-01
9.949000000000000066e-01
-6.826999999999999735e-01
7.315000000000000391e-01
9.758999999999999897e-01
-1.570999999999999897e-01
-1.155999999999999944e-01
5.656999999999999806e-01
4.979999999999999705e-02
-1.446000000000000063e-01
-1.832999999999999907e-01
5.960999999999999632e-01
-6.332999999999999741e-01
-5.531000000000000361e-01
9.497999999999999776e-01
-4.248999999999999999e-01
5.475999999999999757e-01
-1.431999999999999940e-01
4.642999999999999905e-01
-2.829999999999999877e-02
3.139000000000000123e-01
3.939999999999999752e-02
-6.733000000000000096e-01
-5.685999999999999943e-01
-7.126000000000000112e-01
-4.188999999999999946e-01
-9.321000000000000396e-01
-4.189999999999999974e-02
6.858999999999999542e-01
1.890999999999999903e-01
-7.085000000000000187e-01
-4.489000000000000212e-01
5.552000000000000268e-01
-4.356999999999999762e-01
1.865999999999999881e-01
-2.672999999999999821e-01
7.932000000000000162e-01
-1.865999999999999881e-01
-6.664999999999999813e-01
2.265999999999999959e-01
6.827999999999999625e-01
-7.481999999999999762e-01
7.068999999999999728e-01
8.848000000000000309e-01
-7.224000000000000421e-01
-4.410000000000000031e-01
1.796999999999999986e-01
-4.597999999999999865e-01
-2.806000000000000161e-01
-4.909999999999999781e-02
1.419999999999999873e-01
4.369000000000000106e-01
6.832000000000000295e-01
-3.527000000000000135e-01
-7.349999999999999867e-01
-1.965000000000000080e-01
-9.201000000000000290e-01
5.783000000000000362e-01
