-1.365933638892904978e-01
3.715026737656146327e-02
7.701627744887998839e-01
-3.873267060981315790e-01
-6.352194117189416400e-02
6.778410651775851337e-02
1.148596511651041297e-04
-1.007103139460118965e-02
3.269093301895741044e-02
2.209500114352663802e-02
5.610635999150798137e-01
-4.533239338055992593e-03
3.961900521969782818e-01
3.427818046703363930e-02
7.875853029618707923e-01
4.437011764111308681e-02
3.699494790686328610e-02
3.488442686007583310e-02
1.230413031417659786e-01
-3.049477473763307356e-01
-3.173448296838716522e-03
7.176748005008611875e-01
-8.755120758054921182e-02
5.322081740021881308e-02
3.586029218366529325e-01
7.797983100123470623e-02
5.859706443489575561e-02
1.164379518903136290e+00
5.061655442861746623e-01
4.768794416630943167e-01
-4.074290254601669048e-01
1.166685112178033279e+00
1.158846971238595813e+00
-2.019289864867399309e-01
-1.674281011830740795e-01
9.841163821589603566e-01
1.122899253748588233e+00
-1.658788594292799623e-01
4.120507087282607173e-02
1.092043427652947152e+00
4.329669210113734623e-02
7.700787586264801199e-01
-4.993593448943440261e-01
7.691370264542784704e-03
4.353800916701470181e-01
-6.325172915893573222e-01
-5.424630638692224949e-01
7.879767510888223692e-01
-3.085834900994565144e-01
6.795823922014594676e-02
8.203102192739307463e-02
1.083612980524546021e+00
1.163430085258803093e+00
-1.926587586139246744e-01
1.120221416919998880e+00
1.000795071624578592e+00
1.106067216969880862e+00
-1.269755568549754410e-01
-1.740197089280533672e-03
-1.132101100636443564e-01
-2.310838327072120002e-01
-1.834419655724487952e-01
4.330986478737300915e-01
-3.390768039877808948e-01
4.868936692895962093e-01
-1.574869855587333611e-01
-2.883231396135770841e-01
-6.483938580616098735e-01
9.979347677221509505e-01
-4.239854521292493739e-01
-5.458852845583724855e-01
7.058494172891938145e-01
-2.145913623911994972e-01
2.285280488371345745e-03
-1.828492603833352728e-02
1.105152561491712510e-01
-7.429697025728067283e-02
-9.254696141654243646e-02
-1.012207264237648535e-01
1.255780894996540109e+00
-8.382335341719152066e-02
-2.334108495141661577e-01
-7.162963184952073070e-02
-1.540214571981038394e-01
-1.591852248207900611e-01
-2.313913964747371377e-01
-5.327552906779541297e-01
-5.406328495297793024e-01
1.171897728540876704e+00
1.171829722119103856e+00
-1.898496575758720217e-01
-4.067819626887454049e-02
-2.215192662635926887e-02
9.902940676708367196e-01
1.043385967627666222e+00
-2.931506272261383272e-01
-4.105651435001193006e-01
-1.805181719261643170e-01
1.008277213328517385e+00
-5.931486679998737577e-02
-6.802425038196204810e-01
-2.629939287173456153e-01
-1.789417300131191518e-02
1.177818220714270225e+00
-6.167860740648544587e-02
-7.207938575382975832e-02
-5.355274609714316680e-01
-2.170024761052048168e-01
-3.716906677560975480e-01
-1.967766777623794761e-01
-4.076022296691849678e-01
-2.979201951565277895e-01
-7.916849773545779623e-02
-2.744394436020554107e-01
-7.660150562060828727e-02
-1.594342473667568205e-01
-2.105002792897153474e-01
-2.012103487216486408e-01
-2.210783932938544805e-01
-1.137996339598713325e-01
