1.319972699348267164e-01
6.010970483995566882e-01
5.849631883546220212e-01
1.113927620887494641e+00
1.025727828503833816e+00
3.611287191331044588e-01
-3.895344173610239547e-01
1.097721302735662485e+00
-1.310819430888010562e-01
-6.880130362452346882e-01
-7.291773917804317273e-01
1.554821808066678690e+00
-1.039708363779083378e+00
1.174956518695001284e+00
7.710125615174330260e-01
8.918004134194239541e-01
2.246415246752251627e-01
1.539693484113201949e+00
1.378369048706267197e+00
7.399419538429448107e-01
2.028838676171392796e-01
9.411549771849515578e-01
1.226493325389161670e+00
-5.283814642378190651e-01
6.777147939791334785e-01
2.381096496382806293e-01
-1.582637014663602626e-01
7.088170013363666033e-01
1.031477643479053352e+00
6.049128098649015906e-01
1.061304584060711376e+00
-4.131014900184315497e-01
1.222990703436556803e+00
1.491156444218194155e+00
1.510442851789913554e+00
-4.271414772009319294e-01
8.479616844373337736e-01
2.886293086594798885e-01
-2.766360221488230464e-01
-6.632778423574735294e-02
-4.197953434260432437e-01
-5.939894942538335998e-02
-1.142724793332474537e-01
6.034838755484317474e-01
-1.806714401939330528e-01
-3.909877926882927568e-01
-4.570357414267476326e-01
2.012368884123750590e+00
5.350732196819002473e-01
-9.266444947277592270e-01
1.375998664423970785e+00
1.520942152729399588e+00
1.216553114330098939e+00
1.091420420907055044e+00
-2.433725305604623468e-01
6.304291372769553758e-01
-7.391739717539389520e-01
-8.612068381845567888e-01
9.846204914789054019e-01
-3.105821035179608947e-01
6.629216450151934059e-02
-4.688044881525659235e-01
-8.602280254976629736e-02
-7.816548790156740978e-01
1.286235543483316590e+00
1.637320829512945164e-01
7.523757383165988188e-02
9.893455715445800269e-01
4.418128922834385630e-01
6.622447734747573256e-02
1.210852146333836754e-01
1.255886726274964282e-01
-2.972998060904473716e-01
4.641532191008673758e-01
1.193508330476459545e+00
6.972536204801774162e-02
1.327611966678735045e-01
1.399823464767399606e-01
-4.474894532294813182e-02
-2.967150636401953978e-01
4.995805842825611770e-02
1.364984645408892971e+00
-1.491742780325771844e-01
-2.351196857710499688e-01
6.451890154377058068e-03
1.347439069925042698e+00
4.332373799742297166e-02
1.398228434020898081e-01
-5.190308066420439709e-03
1.382404582533561799e+00
1.716212891671481111e-01
1.039434554779285064e-01
3.315698617570578266e-02
1.819150814448325382e-02
-8.159563090421007026e-02
-3.059373924341631246e-01
1.294835936761673967e+00
-1.646513092839990700e-01
-4.979167942498273491e-02
-5.127364645691810663e-02
-1.106429104697189830e-01
-5.127431878216489464e-02
9.785564432802482671e-01
-6.381326505887204015e-02
-6.139429773012231029e-02
5.148792724191578185e-02
1.080547421721288259e+00
5.214466618445816326e-02
-3.701042485583068142e-01
-4.220924261509612085e-01
-3.646008357685186496e-01
-1.962478376428470062e-01
1.134070754507444878e+00
-1.269767554643009000e-01
1.497023776913142534e-01
9.512259220516902647e-02
1.925798851102483167e-01
1.211795479038272894e-01
7.593539322689180082e-02
1.195036220056037157e+00
1.009790651196072198e-01
1.269996903012331035e+00
1.219518696751953790e+00
1.090325167261128186e-01
1.174119501050169712e+00
3.598864443050001777e-02
1.118223702905602329e-01
1.288131078478862657e+00
-4.414216447962902024e-01
-2.457034877695490060e-01
5.434335893382632315e-02
1.245263413227903238e+00
-6.174225758417526411e-01
-5.961540957237422278e-01
-1.569604210221186291e-01
-3.241643755061748289e-01
1.379155632044537949e+00
-1.220928225853956488e-02
-4.932618566966907592e-01
-3.891388185384924703e-01
3.584024754788636691e-02
-6.776718858370264775e-02
-5.545068735253702585e-02
1.116353826527046067e+00
2.449806049796443841e-01
1.684315149787855848e-01
-2.562941004751086993e-01
-2.957083055104996472e-01
-3.095122446574857800e-01
-2.914187910995343356e-01
1.073533171843043865e+00
1.210833264476273707e-01
-1.698620468393977900e-01
-4.004212769407015649e-01
8.190715012817053609e-01
-1.338332628707347982e-01
-1.303828623142745946e-01
-4.182984997855726701e-03
1.725853805221942427e-01
2.199617594724450897e-01
7.824023524589140965e-02
-2.380427180982541691e-01
8.480964234113927969e-01
-1.010976791936643859e-01
-1.702776891956733762e-01
7.676226092427712588e-01
3.672974232706144315e-02
-9.857104552643380490e-04
2.797672990553625727e-01
-1.043781608833155294e-01
-2.157248961236951645e-01
-2.278571916327845892e-01
-1.621397200343638323e-01
1.204976047371340453e+00
7.399243018511305614e-01
1.057373491843868418e+00
-2.835337697195105533e-01
-2.360671822719496160e-01
2.423303501480563171e-01
1.175369876423563859e-01
-4.520279643951531368e-01
-4.060937379721129559e-01
1.009388656752918806e-01
2.403944491782488424e-01
-4.497802869950063842e-01
-3.132484010370201188e-01
1.478787600960747295e-01
1.190351020721418240e-01
3.654100596323157923e-03
8.878358067336719617e-02
1.107745714051184827e+00
-2.211818458331121784e-02
2.297095255902687275e-02
1.242436164565910550e+00
1.180562056053160724e-01
2.750292881495179920e-01
-1.356930423895249815e-01
-7.856340718287631308e-02
-1.101821693332963453e-01
-8.280744301127357376e-02
-8.885179776530560680e-02
-7.451059094556768125e-02
2.666198497851922367e-02
4.396442597177065148e-03
-4.347741351843922852e-01
-4.538685975954911966e-01
-2.071270236497833039e-01
-3.254535194380713814e-01
-1.046725191904276098e-01
-1.670593696402941086e-01
4.072333566043526143e-01
4.328152147687417961e-01
-1.238560701885072918e-01
5.820941945948311380e-01
8.260884138877678806e-01
9.942029917165177977e-02
5.993151550038999104e-02
6.637650253137897249e-02
-1.385128967639306374e-01
1.984884512559973585e-02
-4.466401272903010311e-02
1.254285813905214431e+00
1.811985421349277259e-01
1.038116025201136550e+00
8.930628696007065770e-01
-2.266176979251224299e-01
-1.500615996841983546e-01
-1.143918811954669490e-01
4.614725620194299466e-02
1.221182516158651588e+00
-2.982376427775369487e-01
-2.174878772494281687e-01
8.770461799011534110e-01
4.326432698854866532e-02
7.511441084224559916e-02
1.318634306740610607e-01
8.897052001973406732e-01
-2.004667713121477124e-01
-1.440041121952926051e-01
4.587015061631807278e-01
