-5.100000000000000366e-03
5.006000000000000449e-01
-6.079999999999999849e-01
-5.020999999999999908e-01
8.939000000000000279e-01
5.625999999999999890e-01
-4.167000000000000148e-01
-4.359999999999999987e-02
9.339999999999999691e-02
-7.489000000000000101e-01
-9.550999999999999490e-01
8.105999999999999872e-01
-8.824999999999999512e-01
-2.243999999999999884e-01
7.244000000000000439e-01
-5.010999999999999899e-01
-4.329000000000000070e-01
1.320000000000000062e-01
6.897999999999999687e-01
5.685999999999999943e-01
-7.430000000000000493e-02
-9.597999999999999865e-01
-5.407999999999999474e-01
-7.248999999999999888e-01
8.475000000000000311e-01
-9.328999999999999515e-01
-2.928999999999999937e-01
-5.221000000000000085e-01
8.374000000000000332e-01
6.320999999999999952e-01
2.426000000000000101e-01
-4.199999999999999845e-01
-3.131999999999999784e-01
-9.011000000000000121e-01
9.102999999999999980e-01
9.156999999999999584e-01
9.900000000000000813e-03
5.572000000000000286e-01
-5.195999999999999508e-01
4.964999999999999969e-01
-5.020000000000000157e-02
8.477000000000000091e-01
-9.207999999999999519e-01
-7.102000000000000535e-01
4.914000000000000035e-01
8.094000000000000083e-01
7.155000000000000249e-01
3.961000000000000076e-01
5.525999999999999801e-01
-9.029000000000000359e-01
-6.723999999999999977e-01
1.006999999999999978e-01
-4.843999999999999972e-01
2.030000000000000138e-01
-8.278999999999999693e-01
-2.713999999999999746e-01
3.281000000000000028e-01
-5.189000000000000279e-01
-1.386999999999999900e-01
-8.571999999999999620e-01
3.331000000000000072e-01
-4.965999999999999859e-01
-8.952999999999999847e-01
-5.122999999999999776e-01
2.164000000000000090e-01
-2.107999999999999874e-01
9.363000000000000211e-01
6.532999999999999918e-01
3.500000000000000073e-03
6.987999999999999767e-01
-3.309000000000000274e-01
6.212999999999999634e-01
-1.859999999999999987e-01
-7.180999999999999606e-01
4.541000000000000036e-01
-6.516999999999999460e-01
3.634000000000000008e-01
9.353000000000000203e-01
2.916000000000000258e-01
-2.641999999999999904e-01
-9.203000000000000069e-01
7.368000000000000105e-01
8.144000000000000128e-01
-3.205999999999999961e-01
4.400000000000000265e-03
8.619999999999999885e-02
-4.979000000000000092e-01
-1.913999999999999868e-01
4.112999999999999989e-01
-3.927999999999999825e-01
6.855999999999999872e-01
2.305000000000000104e-01
4.162000000000000144e-01
9.333000000000000185e-01
2.651999999999999913e-01
-9.294000000000000039e-01
7.732999999999999874e-01
6.197000000000000286e-01
-7.669000000000000261e-01
-6.679999999999999827e-02
-5.054999999999999494e-01
5.339000000000000412e-01
-5.928999999999999826e-01
1.635000000000000064e-01
-8.298999999999999710e-01
8.000000000000000167e-02
3.415000000000000258e-01
9.527999999999999803e-01
-9.090000000000000302e-01
-4.109999999999999765e-02
7.913000000000000034e-01
8.640999999999999792e-01
-9.042999999999999927e-01
-4.100000000000000346e-03
5.124999999999999556e-01
-8.195999999999999952e-01
-1.708999999999999964e-01
-1.257000000000000062e-01
-4.225999999999999757e-01
3.191999999999999837e-01
2.967000000000000193e-01
-7.965999999999999748e-01
4.182000000000000162e-01
-3.518000000000000016e-01
6.019999999999999796e-01
4.922000000000000264e-01
-9.719999999999999751e-01
8.425000000000000266e-01
-9.748999999999999888e-01
9.850999999999999757e-01
-1.350999999999999979e-01
6.161999999999999700e-01
-1.000000000000000056e-01
-7.124000000000000332e-01
-9.500999999999999446e-01
5.510000000000000453e-01
-8.319999999999999618e-02
9.472000000000000419e-01
6.031999999999999584e-01
5.915000000000000258e-01
2.058999999999999997e-01
-8.436000000000000165e-01
-8.762999999999999678e-01
-5.997000000000000108e-01
-5.000000000000000104e-03
4.182000000000000162e-01
3.138000000000000234e-01
-2.293000000000000038e-01
6.733999999999999986e-01
5.683000000000000274e-01
