-8.870753137815553524e-01
-6.213737978189495248e-01
7.447015620025922988e-01
-1.475637741062573727e-01
-3.547561055860384283e-01
1.801280987302892461e-02
9.951720306825013740e-01
1.297632227918157577e+00
-1.087509120390025147e-01
3.815140649237309667e-01
6.802749812146651198e-01
-2.242485647433369589e-01
6.796242987217611109e-01
5.206464610736878385e-01
2.943338897751045513e-01
8.245306147168915967e-01
3.930015005063659111e-02
2.649823558455196015e-01
3.241780150513729475e-01
-1.265511243079229520e-01
-4.759148834802384709e-02
7.144709476235494572e-01
-6.335573090869769941e-02
-3.122138285452482620e-01
6.794749201278033057e-01
3.216895527177288799e-02
3.334264500294757683e-02
-5.681745806617390926e-01
1.339431437976521255e-01
8.149703074280835458e-02
5.904076463980408723e-02
8.271075500789475121e-02
9.792119505801820389e-02
-1.044248475263570564e-01
1.597988811392285491e-02
-1.826716948482742242e-01
3.578560830742696930e-02
1.267244948599592913e-01
-1.207141293737535176e-01
-9.009771851730413728e-02
1.927019716209467382e-02
6.049668389814387703e-01
8.791031881302965867e-02
-1.463745271262273384e-01
2.683041751754545179e-01
-4.462092851099997565e-02
-1.239212240767942341e-01
-6.145057884961144939e-02
-4.053717552450666894e-01
4.799011215114786788e-01
1.351282676544572625e-01
-1.030812527983819143e-01
4.328272948480735988e-02
7.622061333553095674e-02
-2.120180824132550657e-01
-6.450236859358671193e-02
-7.444744828534537173e-02
-7.598747926569088262e-02
-1.931125901239598153e-01
-2.616379617746154018e-01
-4.226170218575765469e-01
-4.528214425900833895e-01
6.412812048441635104e-02
3.619943103633720960e-01
9.436479174747297582e-03
-5.079985503351762688e-01
8.743485088726898891e-01
2.871016948129236912e-01
-2.627686531085962063e-01
-2.825169736393059461e-01
-3.985167103466482619e-01
1.733218874168689361e-01
-1.588972526016174391e-01
-8.251906538608523578e-02
1.531610960516058273e-01
-7.216228494571122476e-02
-4.389637275695624230e-01
-1.952829581444359697e-01
-4.232669913690627339e-02
-2.395598054577408043e-01
2.788144266870892785e-03
-9.840460449789213693e-02
5.792365025984722027e-03
6.304435883350827385e-01
2.570071438641876038e-01
3.317518310720458941e-02
1.863428155046794044e-01
4.558591714971750933e-03
4.926949750466935729e-01
5.927230922698674132e-01
-7.844608626244112259e-02
-4.258869460724328676e-02
-2.507049796212277304e-01
-2.459849166010009969e-01
7.489057474683957771e-02
-3.585161561911913153e-01
3.904670774848057468e-01
-8.051697408718065663e-02
1.564111509173060077e-01
-2.308477273080688716e-02
-5.358727515609919279e-02
-7.292272080239418919e-02
2.150102990160534036e-02
1.658589547335159037e-02
-3.936770262407866816e-02
-4.879039884115110581e-01
1.784131290162556949e-01
3.092267033986436653e-01
2.616044188558704908e-01
2.726022072168505783e-01
-1.557293606581447443e-01
-1.757194077524823483e-01
-8.272052370172533475e-02
-1.060880144915176404e-01
5.265681201273807177e-02
-2.170486688844124601e-01
-7.888272236706282692e-02
-1.313103912174708732e-01
7.103246848711297634e-01
2.726381694711967063e-02
-4.789244782384599608e-01
-7.449061763603930242e-01
1.970687424201132132e-01
-5.849078605887817472e-01
4.021449904192320735e-01
7.764997428720156643e-03
-4.913975885110464376e-02
-3.957555603830036073e-02
-2.433638817817126987e-01
-1.446354622959241110e-01
-5.079681809323610686e-01
2.013446303541620991e-02
-3.818996323406251281e-02
-6.313406476189492578e-02
1.109509260255148871e-01
-7.547548023293743080e-01
-1.125184139490346957e-01
6.468141289020000462e-02
2.670498203777597612e-01
-3.460176308875235751e-01
-1.079176023068039725e-01
-1.063802580177260378e-02
-2.641515136095575964e-02
-1.225700113681899711e-01
-1.886512370034235109e-01
1.796255073046746156e-02
6.638293773326671421e-02
-8.224616107887045002e-02
2.817449640413756118e-01
1.973645251907495402e-01
-8.514869315123793636e-02
2.507775830028266539e-01
1.952120025188824326e-01
-1.121321472403670610e-01
-4.132278485465659124e-01
1.325389341289980316e-01
6.282196710066693945e-02
-2.012562333547038285e-01
1.112090562227569246e-01
-4.365297736948627327e-01
1.486106905415766552e-02
3.061278241587021831e-02
1.736724487881727286e-01
9.604914448994085474e-02
1.994598415120530863e-02
-6.810471434967159399e-02
-1.246485516314283920e-01
-8.971620720321208525e-03
1.611055109775932082e-01
5.482907788681767869e-02
1.953012933492861147e-01
-2.245146781175997586e-01
-2.601682225534963089e-01
2.773886392847915369e-02
1.406970509502492306e-01
-8.311990955178647986e-04
-4.537698580814810700e-01
3.581780847114392485e-01
-1.024919382055522604e-01
-9.208383459218397182e-02
-1.861528751684061178e-01
-2.630006663715531712e-01
-2.188662289393480676e-01
1.284203128973109842e-01
-1.293064671658499254e-01
-3.106964085546573551e-01
-2.586031747164894146e-01
-1.385253410031271060e-01
4.574309367382507485e-01
4.884891731302276607e-01
8.034573169841201512e-01
-5.819387337540481431e-01
3.092141638300129891e-01
-5.873311564180830890e-01
6.186705977583472488e-02
1.517579193490243838e+00
-1.826887317588694049e-01
-2.851715436594613462e-01
-5.824614797637911456e-01
4.612887862254096416e-01
-2.077706034528576384e-01
-2.344717221776248528e-01
-1.121286100949627773e-01
-4.646683328632605914e-01
-7.227499312386852504e-01
-4.582510043374989350e-01
-3.107686285789035829e-01
-1.561486242689588341e-02
4.153778200182284275e-03
-5.110381328374928867e-01
1.225414792135840480e+00
-6.095607573223297271e-01
1.424918714996571856e+00
-2.325784883467617303e-01
-8.548856343587729611e-01
1.308782768203479385e+00
1.449247682109686686e+00
6.087688610236685616e-01
-2.650641719048667522e-01
5.539387400028851216e-01
-8.514539960103717497e-01
1.490896466644757501e+00
1.344712748179041961e+00
-1.599393500818484526e-01
1.265116590047848044e+00
-3.594865891724963736e-01
1.447979904528169826e+00
-1.072788983616181024e+00
1.177990692199706757e+00
-4.543234820945324937e-01
1.312973826555055679e+00
-6.668648878206785424e-01
-7.274321078910362948e-01
-6.450745057765027157e-01
-3.700610650016925574e-01
-2.598437807088604390e-01
-3.340531427531495678e-02
1.152821658891848511e+00
3.967224095213113810e-01
7.389057518100997646e-01
