3.002629737797216786e-02
5.185381882473402704e-03
3.539324426902627080e-02
7.725722192687015655e-01
2.972578784114486214e-02
1.235237102500763400e-02
4.093779180279846774e-02
2.919264940799614627e-01
-2.652994474021742877e-02
1.707235021142034515e-01
-4.901442690703573801e-02
1.043870655243438611e-01
9.919489425537891814e-02
1.088223983926501076e-01
-1.247355024488088771e-01
6.330790980463653350e-02
2.173386111095696460e-01
7.111860925795469857e-02
-7.839406437517756898e-02
7.847494528732087415e-01
1.513301716473657299e-01
1.514010106005055922e-01
5.715327369732039475e-01
-5.107934202191793949e-01
1.019757421464785596e-01
2.946399486576202834e-02
1.402697520689572264e-01
8.885668041243570403e-02
6.252400011482851967e-03
3.494636659288320457e-01
-1.495734999042228897e-01
1.397393478401223854e+00
-1.168231053241177153e-01
-3.526632773493421635e-01
-1.241219978690254883e-01
-1.413094471458840873e-01
-3.674940081002231462e-01
-5.470554994072965999e-02
-3.886125234959435515e-01
-3.801521506089194230e-02
1.028485628832924714e+00
1.138165694977978815e+00
1.106358529958407333e+00
-3.972068392665522585e-01
1.084061977847330382e+00
-9.243810644693331580e-02
1.396591945848190797e+00
1.046704491844429485e+00
-8.939150824995793776e-02
-1.547033878375204397e-01
-2.416928532269623231e-01
-1.490100509725703626e-01
-1.697929231231197489e-01
1.138455336531476014e+00
1.048039725794200239e+00
1.004448772785604627e+00
-1.224173326977960052e-01
-2.819002315871760866e-01
-1.144638030697305280e-03
1.078548242024049530e+00
-2.360531008892963467e-01
-2.904958970787302475e-01
-3.212548154086040109e-01
-3.324987482830105701e-01
1.024029416528998704e+00
-2.869258308349438846e-01
-2.086145275783391484e-01
1.117669890550953005e+00
1.243208793088431907e+00
-2.354726678939615958e-01
-2.271808645420923464e-02
-2.691106360577930068e-01
1.028134270284235097e+00
-5.428119288927377162e-03
-3.380196850013889032e-01
-2.148380139415554391e-01
-1.450723458326587945e-01
-2.510276401343885522e-01
1.097545479028462889e+00
-5.968578812422422469e-02
-1.274218942869539961e-01
1.089932661017044779e+00
-3.955374573607912669e-01
-1.589874848587675138e-01
-2.911527155172172199e-01
-6.641301316545772382e-02
1.120493598429531890e+00
1.193018929181300036e+00
1.013487351996814612e+00
-1.289616444385802314e-02
-2.733857078195191248e-02
1.073947988684984534e+00
1.151553782504024070e+00
1.029393485719861667e+00
1.007999703090972865e+00
7.152035211877831589e-02
3.610406051213837370e-02
-1.317537493064529219e-01
-2.631322910466157294e-01
-4.312094317803951693e-01
-7.654228458779956112e-02
-2.647415226213080050e-02
-1.168402510806172134e-01
1.097944323869279426e+00
-2.980321908489667188e-02
1.057441886925028829e+00
-1.014845312709991287e-01
-1.106865273533130661e-01
1.100155927100193942e+00
-2.107075528584247959e-01
-1.224088692125309408e-01
-1.985653650556753191e-01
-4.023890339172804254e-01
-1.325970649527045409e-01
-3.760344241602203708e-02
-2.155030496230628256e-01
-1.026439388536341535e-01
-1.007963937919411773e-01
1.007312348863044438e+00
1.044863853306582158e+00
