-2.555091896998982204e-01
5.218967195489645876e-03
7.660087210722639206e-01
1.475572328559051849e+00
-4.204567985426455046e-01
2.466422089648917237e-01
1.390702205070189601e+00
1.706148558652350156e+00
-1.351796227530019656e-01
2.857416081976869165e-02
2.503439910128193446e-01
2.936811055152007133e-01
1.766859878542603068e+00
1.983213986570843357e+00
-3.355545902468075048e-01
1.500164111259929545e+00
2.262981294812106969e-01
-4.401148580720212200e-01
-5.229111936303282304e-01
-2.895836856339958909e-02
9.048118121033106309e-01
1.030612613518741671e+00
2.573179499368999368e-01
1.062634850405102638e+00
-7.855160984523894552e-01
4.431019986423291313e-01
2.142099911874382645e+00
-3.528416068157734786e-01
-5.551693236733534764e-01
-1.543731945006744100e-01
1.479247466433704306e+00
-3.175328573840299762e-01
-1.575697278739558727e-01
9.978381347724204486e-01
3.105968122899780415e-01
9.008534537073152881e-01
-7.500517002998776661e-01
-9.614871449231291445e-01
1.204106783288300120e+00
-1.183298906826922181e+00
-2.355037465997430191e-01
-3.693357715777832451e-01
1.508299064113884480e+00
3.853641921384943769e-01
-4.648629232373766018e-01
2.871311789963207350e-01
1.012831773956814008e+00
8.494772483843705535e-01
2.175274056984746462e-01
8.745169051053613973e-01
6.627253024695077821e-01
-1.022323279465642276e+00
-5.259992794505804481e-01
7.560609907820233788e-01
-4.873631936490476768e-01
9.704429764104722800e-01
3.529192632854983858e-01
-3.837947148613731763e-01
-1.231430690442880324e-02
2.269922896516499700e-01
-7.433668759231361056e-01
-3.764527519203342276e-01
-8.339797563343211984e-01
-7.914817541930225797e-01
-2.937359454121047930e-01
-4.749584018179931477e-01
1.362306042922599048e+00
7.106819159521886586e-01
1.108389539192610185e-01
-6.692414827877102290e-01
-6.137312940696120211e-01
7.256149614924060076e-01
4.625750099387340025e-02
-4.129453027525660236e-01
3.925703684949494177e-01
1.269290086813943175e+00
1.447622428582132192e+00
2.931176046849925387e-01
2.788887914933089185e-01
3.042243667200085766e-01
-4.713925504578427850e-01
-4.567823931138339510e-01
9.078386355732116497e-01
2.781636157820807087e-01
-5.745817817863654309e-01
4.246598718316717258e-02
-1.390513199283485365e-02
-1.162047852561173544e-01
7.150674185877950451e-02
1.062843677322623803e-01
-5.713133483430099524e-01
4.215131829909646854e-01
-2.524110142598769146e-03
-1.069809513268735468e-01
2.005538589040148367e-01
3.471582975816242533e-01
-1.302121139598036437e-01
-1.179958825205427581e-01
-1.349104879910481003e-01
-1.898023765540849950e-01
-9.125717140217522172e-02
-8.590100643965525862e-01
1.455739062376906479e-01
5.770497717246068081e-01
-1.883224220772275748e-01
1.349284645158047719e-02
-5.615873290930728512e-01
-2.338748572394184488e-01
-2.791898684914263518e-01
-4.517877390744243771e-01
4.780541863965108162e-01
-2.878758303515513983e-01
-3.371210826791147808e-01
1.437217094081367330e+00
4.583630145782019993e-01
2.928938476139745228e-01
3.807575733321844329e-03
1.329608318944400791e-01
1.625605959999426864e-01
1.984886997347764248e-01
-2.460947249502891121e-01
2.080456449896055382e-01
9.273529676726108284e-02
8.711920423713125083e-02
-1.394537678548208315e-01
8.125022688388708891e-01
2.961352775624938594e-01
-3.919437987164723358e-01
1.670565560461813592e-01
-3.370504084991698401e-01
1.467419674524129969e-01
1.216910998279253642e+00
9.884826952500320729e-01
-1.006932335000589596e-01
-6.455815622174487789e-01
-3.203388710245831938e-01
4.671456226439318210e-02
4.601070594775862332e-01
-5.841132183276979972e-02
-2.562122261461702299e-01
-5.292657912018232658e-01
-4.174617116606306466e-02
2.723462181905353940e-01
-6.095166860972277972e-02
-1.900061033836373536e-01
-1.314257536516247604e-01
-6.701997542013757858e-01
-3.070871992957046603e-01
-1.074029468369936124e-01
-2.380062234465469412e-02
-3.735837582602732909e-01
-2.214401736700890855e-01
-8.683167318238959043e-01
5.535595087973943507e-01
5.236059150286169472e-02
-2.675328006056215124e-01
-1.798004513708530150e-01
-1.634224607470853019e-01
-9.382491357702654744e-02
-2.912507537556033310e-01
9.506679843452744971e-02
5.704483595403763568e-02
6.692457893497412436e-02
-8.506285465383017774e-02
-4.836128586910428684e-01
-5.526949938972093301e-01
-6.128420694373838407e-01
-3.872682162487894875e-01
-3.317825658436346359e-01
-2.719347317925602803e-01
1.146538017501627094e+00
-2.112760903420352748e-02
1.115732697307681098e+00
6.794987117098191982e-03
8.692472262933854943e-02
5.368199054494549732e-02
-1.891611459276457408e-01
-1.162548642751069228e-01
1.055356127399097455e+00
-8.391679419984737764e-02
1.121204937707555249e+00
3.561191279662457299e-01
-2.382711422376329324e-01
9.650710630586993855e-01
-1.082899843994644812e-01
-2.625172255510802022e-01
1.188713584463237799e-01
1.295188661834064225e+00
-6.860274921564958328e-01
-4.269922033665870531e-01
-1.659344595137984546e-01
-1.084086624630100915e-01
-5.932002179019476781e-03
1.425613058757209117e-01
1.117265444198543012e+00
2.188465051422842922e-02
-1.195035854918581886e-01
8.315199206355621264e-01
-2.426600674903409693e-01
-6.329882076707525618e-02
-9.454130046097120044e-02
9.184175869110340340e-01
-3.115089605085932800e-01
1.186729490916630381e+00
-4.819084326500009952e-01
-4.336347827913309416e-01
-6.369736073241867302e-01
-2.307442557195510946e-01
-3.788739041262823570e-01
-3.076984684281742211e-01
-2.638042979783076017e-02
-2.813426831299338168e-02
2.801273228492806924e-02
4.700905591707293246e-02
7.691905176474080064e-02
-2.795827834512815691e-01
-4.004385729260204752e-01
-3.287580718930306900e-01
3.910157787617499908e-02
8.402307281840547259e-02
-1.910802907074959089e-01
-2.450974549520206214e-01
-3.311836842024241667e-01
-1.940810663639306044e-01
1.949084017642171984e-01
-1.968844492481491293e-01
2.758059741442079119e-02
-1.870147644824317612e-01
-6.281854161121112889e-02
1.262273150398582455e+00
1.143811778821238301e+00
-1.560339254726360869e-01
-2.230067332351162723e-01
-4.145430845045631751e-01
-1.417205674002484060e-02
9.494003207447111736e-02
1.465279823726030849e-02
1.376404749513992387e+00
-8.435755466618763965e-01
-1.184485517002028393e-01
