1.387737221261211351e+00
-4.771391475232440449e-01
-1.274185014678510086e+00
1.290602488857233832e+00
5.075878766094020778e-01
-8.148715073368046902e-01
-4.566447885599271284e-01
7.722911309349279607e-01
1.114668553639067028e+00
-5.940092991805508982e-01
3.169315794933427743e-01
1.133946344342529056e+00
6.003004403359992747e-01
-6.265936132895566502e-02
3.790827914095146016e-03
1.346517533943617062e+00
1.394878284753795716e+00
1.284494944892678125e+00
-2.271617830712803487e-01
-7.980593755900720065e-01
1.747171317984740790e+00
1.033942092963714865e+00
1.120757865290310518e+00
1.368594758884633000e+00
1.702589062294197209e-01
5.245591436150195408e-01
2.794429680781252423e-01
9.327446224403291852e-01
-2.587092068276155565e-01
8.877108499917951701e-01
2.190438268788239828e-01
1.360298135420171306e+00
9.910627967752515532e-01
-7.700075066202589913e-02
1.002676493978392203e-01
-1.048433759203976523e+00
-5.134963683729668604e-01
9.847515722651349890e-01
1.181525508086865628e+00
1.421749119610872691e+00
1.493117553317530710e+00
1.345956212392938611e-01
-9.304875170807801466e-01
-5.320640503163812651e-01
1.152663467470467884e+00
-6.138148068108465472e-01
7.860829091247210076e-01
1.346329323770621977e+00
9.436055891908212701e-01
1.165924213104802876e+00
7.905868842783002615e-01
-1.321190861470111777e-01
1.486307519003856603e+00
1.348668114357585157e+00
1.226110424844125690e+00
-3.044866360779327485e-01
6.557015757848553283e-01
-9.652489860734032590e-01
-6.855936226604328887e-01
1.511475829401134563e+00
4.187059945298702845e-01
1.047435619931877532e-01
-6.436305811564344559e-01
1.354783231201936111e+00
1.339551832885302218e+00
-7.967856177134202689e-01
1.359303059100047006e+00
1.434640420263157967e+00
1.089940520222422826e+00
2.065402791850753650e-01
1.017843263678097410e+00
-7.404760805524764899e-01
9.357886497291069139e-01
5.018360902195789786e-01
-4.137168060877699505e-01
1.344514996610902902e+00
1.276960610008787800e+00
-4.884599767845345109e-01
1.392545229184577016e+00
5.698834081385943662e-02
1.669465860578755345e+00
-2.794643292645098698e-01
-7.162999590945320350e-01
1.499697229340243521e+00
-3.130630589091513150e-01
1.333653885329458388e+00
1.963297088942861590e+00
5.697381808280943538e-01
5.517448506582749435e-01
-3.388633569318470068e-02
3.983606270628307078e-01
-6.985181218199187914e-01
-7.026373012160525011e-01
-5.743833858372667800e-01
2.019528539991531368e-01
-3.063997389549419914e-01
-6.390604485160612525e-01
1.128390525863267602e+00
-3.084050124742550997e-02
5.403174698968900014e-01
-3.137586317033145278e-01
-2.637216553748035208e-01
1.299139131837442618e-01
2.192815997140420969e-01
-2.416995657674301037e-02
-1.788217329309719494e-01
-5.407399123499302407e-01
2.868249971380178454e-01
-6.194146124860436808e-01
-3.492374637745948029e-01
1.934901839010776947e-01
-1.089391620855317960e-01
-1.415003526563255766e-02
3.216241733225309041e-01
-2.089252630465245758e-02
-7.789096567590386710e-02
-3.707279378223510835e-01
1.435077525459385328e-01
-1.878804624948890167e-01
-1.749174526868152169e-01
-4.052411213451086458e-01
-3.377749307526395350e-01
-5.923597771335009643e-01
-4.667513971527329497e-01
1.710109280044756763e-01
1.888017591069645479e-02
-1.433652419808502665e-01
1.077080968938031735e-01
3.189577061770541566e-01
7.112873067203949462e-02
-3.466138908906811755e-01
-7.420702150626333395e-04
5.556242632831193129e-01
-2.942600981057881815e-01
-1.133447156049469801e-02
1.110813749906232328e-02
-2.362136003623639402e-01
-1.566452013911117935e-01
1.230238463141919980e-01
2.264192910546568294e-01
3.135310417622075990e-02
1.227800476706478072e+00
-2.078958430971645788e-01
-1.853337879435103808e-01
-3.997552387348463077e-02
-3.991684124988580940e-01
4.145182577605123486e-02
-1.753790337080984169e-02
-1.233682208080752324e-01
-9.681313505634150940e-02
-4.364368465022036014e-01
-2.397615371605043011e-01
-7.144674604407412755e-01
-4.255541133624783923e-01
-3.165282017826936412e-01
-1.016721308964997073e-01
-4.835650502685941987e-01
4.400139286599111244e-02
3.369977197764659899e-02
-1.811063487794320470e-01
3.714379527629019240e-01
8.741572633585602548e-01
2.212336797067812610e-01
2.599006375609355657e-01
1.433948176936087893e-01
9.028538752373711507e-01
-3.574771821976902575e-01
-3.416228017359161928e-01
9.003340950299287826e-02
4.720068497168512789e-02
-4.904999328993452090e-02
4.333920754759722216e-02
2.410973567244426574e-01
6.806947184966171127e-01
-7.050236933465582334e-01
-2.618206936427186493e-01
-2.124212446928377407e-01
-5.054635119675212618e-01
-2.547497863447986677e-02
1.206731410809880056e-01
-1.641900942012582687e-01
-2.363523221451688250e-01
3.775175546329612164e-01
2.961114904031769690e-01
-5.286451132635328759e-02
-2.675357285205414160e-01
-4.937599176032760329e-01
-3.445143301005371694e-01
-6.154062764091432491e-01
-4.999426868490430831e-01
-3.707160700294225841e-01
-2.550506249911329570e-01
-4.388713833486460048e-01
-1.755389818100910326e-01
-8.802601941620978587e-02
-5.431675264156033967e-01
-7.813801023666613887e-02
-4.716430705253288336e-02
-7.969984356266261727e-02
-4.182358803607330588e-02
2.752463261963328245e-01
6.932527393807980109e-02
-2.881800880878919446e-02
-3.956058934948077366e-01
-3.898494455324926777e-01
-2.315951561559244365e-01
-4.147196965376760969e-01
9.191106828504717885e-02
1.538775366546376311e-01
1.730420039653345898e-01
6.702170692423691234e-01
-9.951241846911260125e-02
3.560274025955204591e-01
-2.903131415581392538e-01
1.692559986409489514e-01
2.765504678317449172e-01
-2.227826642710594163e-01
9.232140406163695801e-01
-1.616555358661651287e-01
-4.813174688008022839e-01
6.575902763363120074e-02
2.335365496946394809e-02
4.440221581529813499e-01
9.520379055311096739e-01
-3.322219307093681601e-02
-7.209391583838051232e-02
2.781740071618561960e-01
2.766732199606958958e-02
8.924100226342829290e-02
4.497450482866865440e-01
5.852206600518714552e-01
2.519638491301801064e-01
9.556562867035842679e-01
-7.676004397691696957e-01
7.589850260054431530e-02
-1.508667605143474977e-01
1.998654618951360429e-01
-4.941211284057843156e-01
6.508113505969974344e-02
9.764112582720987366e-01
4.893143558019361627e-01
-1.051598852764093900e-01
-4.503779847657208846e-01
-3.414617878012239371e-01
-2.136735463242961097e-01
-2.863290248000799898e-01
-3.499365774773924298e-01
-2.130617769452287091e-01
1.376526470263479962e-01
-4.493261415830196448e-01
-4.111807073379695199e-01
-7.791542985495598650e-01
4.395413810027030688e-01
2.286029713286596432e-01
-7.535205880842400783e-02
-2.243029653689204705e-01
-1.149329129538099320e-02
-1.086003863249531548e-01
-5.893646705637885230e-02
9.786646472056986790e-02
-4.534997703497180288e-02
3.252045922992597982e-01
-2.778635878732606534e-01
-2.639367803974617122e-01
-1.810256237636304333e-01
4.640333489814792434e-01
1.670960505691377607e-01
1.416922423272515795e-02
3.767834216846157602e-01
-6.501685641976673313e-03
1.734788858150088930e-01
1.508508671946057200e-01
1.440801094670894067e-01
1.216918121512839679e-01
-1.178880326435663983e-01
-1.266796745131502921e-01
-3.256733438560491800e-01
-3.120847916802980127e-01
3.293355883721312827e-01
6.873179304376416665e-01
8.115410857601085270e-01
-8.773556447754597698e-02
5.483516002858974253e-02
-9.034049772840448134e-02
-1.059009337907175635e-01
-4.773231449101944524e-01
-2.767633013564289035e-01
-4.144581667583761564e-01
-2.420200693153848059e-01
-7.220357940573772504e-02
-1.760780102055046481e-01
-4.962586350963128501e-01
1.225281294147217981e-01
7.525167864042777710e-01
-2.211588206627937703e-01
1.998562707810419281e-01
1.504863512082022514e-01
-2.884717800334758997e-01
-1.731631200530947268e-01
5.395488862546191644e-01
-4.747347159999645849e-01
-3.707382838671138270e-01
-4.447360307299210169e-01
1.379405159274569026e-01
-5.258199760494558506e-01
1.592207000837496944e-01
-3.156658363805306955e-01
-2.416339300444254601e-01
1.274833939211721168e+00
-4.176115546863877759e-01
-2.438335625427169306e-01
-1.707874701227447556e-01
-6.463131833982566077e-01
-6.170515298162221329e-01
-3.881902393309636379e-01
-5.834642053922861615e-01
-3.486207676833563696e-01
-4.563379178577590123e-01
-1.669134011568758624e-01
-1.642444893451150065e-02
4.882635412034838640e-01
-4.830143624370058508e-01
-1.297346073990067461e-01
1.859030547183285753e-01
3.680734485017856383e-01
-2.061281040186611346e-01
-3.688591868018055719e-01
-4.474090264370518821e-01
1.080372265535376020e+00
-1.355695748311971371e-01
9.552392775075219111e-02
8.530001735280297315e-02
1.175432736157107305e+00
-1.274062298357875045e-01
8.336001056447925883e-01
9.793769474832122457e-01
5.182571668346594995e-01
1.576828808357405021e-01
1.139277844454019695e-01
-8.845892624670700921e-02
-4.070105891181564073e-01
-3.643667567114673433e-01
-3.671016242227764792e-01
-6.743806545006906239e-01
1.087147540111849553e+00
3.813686010224159179e-02
9.639294072273348890e-01
8.225496410046975182e-01
1.620637062826859598e-01
2.458068183779575921e-01
-1.635640257756471386e-03
3.519660242001259598e-01
-3.425416047567478306e-01
-6.087361921961786937e-01
1.276194508804169958e+00
6.784815733086215772e-01
-1.505480779030319849e-01
1.422471399896886590e-01
2.915564358958928626e-01
-5.551034651330892800e-01
