-6.911000000000000476e-01
-7.883000000000000007e-01
5.768999999999999684e-01
-9.616999999999999993e-01
-7.151999999999999469e-01
-1.203999999999999931e-01
-6.149999999999999911e-02
-8.267999999999999794e-01
5.473000000000000087e-01
6.294999999999999485e-01
8.366000000000000103e-01
4.549999999999999878e-02
3.427000000000000046e-01
9.885000000000000453e-01
-1.079999999999999988e-01
4.716000000000000192e-01
-2.602999999999999758e-01
-8.925999999999999490e-01
8.772999999999999687e-01
3.251000000000000001e-01
8.636000000000000343e-01
5.987000000000000099e-01
-9.717000000000000082e-01
3.492999999999999994e-01
9.850999999999999757e-01
3.234000000000000208e-01
5.158000000000000362e-01
5.561000000000000387e-01
4.590000000000000191e-01
-8.949000000000000288e-01
7.733999999999999764e-01
3.361000000000000099e-01
-9.281000000000000361e-01
9.988000000000000211e-01
2.627999999999999781e-01
-3.962999999999999856e-01
6.280000000000000027e-01
-5.655000000000000027e-01
-5.769999999999999574e-01
6.399000000000000243e-01
9.801999999999999602e-01
5.033999999999999586e-01
-6.387000000000000455e-01
4.870999999999999774e-01
3.551000000000000267e-01
-1.701999999999999902e-01
8.279999999999999860e-02
-1.598999999999999866e-01
5.296999999999999487e-01
4.265999999999999792e-01
1.325999999999999956e-01
7.760000000000000231e-02
3.478999999999999870e-01
8.637000000000000233e-01
-7.758000000000000451e-01
1.890000000000000013e-01
8.086999999999999744e-01
-6.629000000000000448e-01
6.891000000000000458e-01
-3.406000000000000139e-01
2.848999999999999866e-01
-4.879999999999999893e-01
5.413000000000000034e-01
-5.694000000000000172e-01
-7.482999999999999652e-01
-3.876000000000000001e-01
-2.290999999999999981e-01
-8.973999999999999755e-01
8.074000000000000066e-01
-7.752000000000000002e-01
-3.976999999999999980e-01
6.284999999999999476e-01
6.596999999999999531e-01
-7.272999999999999465e-01
5.718999999999999639e-01
-9.787000000000000144e-01
1.042000000000000010e-01
-5.379000000000000448e-01
-7.805999999999999606e-01
-8.426000000000000156e-01
-1.759999999999999898e-01
-4.557999999999999829e-01
3.013000000000000123e-01
-4.476999999999999869e-01
1.142999999999999988e-01
-8.316999999999999948e-01
-5.880999999999999561e-01
-6.350999999999999979e-01
-8.023000000000000131e-01
-4.652000000000000024e-01
-5.030000000000000027e-01
-9.083999999999999853e-01
-3.795999999999999930e-01
7.951000000000000290e-01
3.820999999999999952e-01
5.522000000000000242e-01
-3.339999999999999913e-02
3.049000000000000044e-01
-9.311000000000000387e-01
-4.799999999999999580e-03
-5.429000000000000492e-01
-5.059999999999999915e-02
9.637999999999999901e-01
6.432999999999999829e-01
3.443999999999999839e-01
-6.108000000000000096e-01
-9.778000000000000025e-01
-3.729000000000000092e-01
-4.873999999999999999e-01
5.389000000000000457e-01
