1.639760304756575082e-01
9.126197712907971882e-01
1.015790237103920246e+00
1.009731343209750554e+00
-2.290268533574824766e-02
1.041565394804732161e-02
1.090850855912185002e+00
-1.474234806666082642e-01
-9.722324327096097674e-02
6.232444856383513310e-01
-1.096094281698921369e-01
-9.676727621380230848e-02
-1.252930559680164035e-01
-9.697045097613042619e-02
-9.185182247361901864e-02
-7.369035517720132211e-02
-1.124387119289091824e-01
-6.149669844235199079e-02
5.983686343675698183e-01
-1.002361148671560981e-01
-8.587285770102025262e-02
-1.370163328138401526e-01
-1.133894075294859805e-01
-1.494082871151061753e-01
-1.157488000104228976e-01
-6.854863215167159018e-02
-1.313387563046341244e-01
-8.878105162664474970e-02
9.389422040698135463e-01
-3.693605844806248373e-02
-9.061138851536995609e-02
-4.731206520599791354e-02
-2.393807409682710205e-02
-7.303882022780827654e-02
-4.656153753873762402e-02
9.386129732177643792e-01
5.369668080563403528e-02
9.988879042722292878e-02
6.640369627029122368e-01
9.178951129283208221e-02
8.139724893585095766e-03
9.487258838750169121e-02
8.593937619935453354e-01
7.092152725289883886e-02
1.026250973188914950e-01
2.701336735028192840e-02
5.566251742139999292e-02
6.121937589261967905e-02
8.332013783683747676e-02
6.617848809805876309e-02
8.524010620688499129e-02
9.447983945431839836e-02
9.139440201633577954e-02
2.395319292351075213e-02
5.940822126080960025e-02
2.120045103629535424e-02
2.123169154147729748e-02
3.751899080954237270e-02
7.045839725352188998e-02
9.059458193159405925e-02
4.490282940875078149e-02
2.822008737816764784e-02
8.508229283378924979e-02
6.245605631959486731e-02
1.120121145403096152e+00
6.370531248118547207e-01
5.013803062707644642e-01
9.008870794034449236e-01
-6.074953609213584217e-03
1.686987113808659580e-02
1.286199781570929309e-03
5.192921639671665285e-02
3.644151992757352354e-02
2.318594233479876962e-02
-8.532712038509279728e-02
-6.112116946936505457e-04
4.396912348913453034e-02
6.924222453911084776e-03
1.665864607215641890e-02
7.990810469247863757e-02
6.592528642594433497e-02
-8.041533446510065741e-02
8.942907637230742071e-03
-3.143302290167843908e-03
5.783167197003238891e-02
-9.103361049800352822e-02
7.442647473141862646e-03
6.849329916275786502e-03
-2.954944729560108480e-02
4.212229140687691158e-03
4.170206814749243679e-02
-5.333836916948513779e-02
-4.173564779603830543e-02
-1.355898698132128322e-02
4.473049749104172912e-02
1.361194535883424733e-02
-3.163760384091355432e-02
1.966456933064324262e-03
-6.669132713961334336e-02
-7.187437262621471090e-02
-1.489380089605317481e-02
-1.969716330311452324e-02
3.479087233536540952e-02
2.186438018275848466e-02
6.237803049459617055e-02
-2.344600665479687832e-02
-2.738198095842534624e-02
2.432679863195809367e-02
-4.873699575132203060e-02
4.250018567322282753e-02
-8.446455110445136305e-02
-2.188852296999415498e-02
4.637088683946776965e-03
-3.884575960789861393e-02
-7.818100696161595087e-02
8.726704945614782716e-02
5.291366173725792210e-02
-2.361566937410310846e-02
1.957624249137657896e-02
-1.271368514903675750e-02
3.678946084501144142e-03
-5.624393677708206495e-03
4.213576219921146004e-02
-4.574731777443066111e-02
9.133251223121776805e-05
-1.609027443965736076e-02
-8.708117188315592228e-02
-7.512727879838417000e-02
-1.839527801082900538e-02
-2.868005134933146461e-02
8.868880296550986364e-02
-3.065777653888253698e-02
-3.685879834131920024e-02
-3.649457565159267003e-02
2.327529134082617981e-02
3.682501790849320583e-02
-1.648923281038373184e-02
1.610849713618013601e-02
-1.514237183865716624e-02
-7.820309323276961044e-02
-4.078513499935271930e-02
2.444485979048230048e-02
-1.039713465704662776e-01
1.140291667503390803e-02
-2.848749922174021940e-02
4.267767897957285006e-02
-6.130709580124106550e-02
-4.770257336961316458e-03
-8.562086779141923898e-02
5.361941849271919386e-02
-4.599729420701859084e-02
-4.175291524439141144e-02
-2.083460626746147515e-02
-1.956765744045142058e-02
-6.467786234765315889e-02
-6.352556134635234386e-02
1.897489356318498785e-02
-1.308232509299541921e-02
3.929707400328665001e-02
-6.340390431606754244e-03
-7.510561234113649273e-03
3.744423663789053086e-02
-4.863620204115506190e-02
3.393051168183747884e-02
7.734067606316442911e-02
2.127467674299230588e-02
-1.458619937418528106e-02
-3.006305349203546376e-02
-9.486880933681380093e-03
-8.850674029389463127e-02
7.676040948470565228e-02
3.025535616209228465e-02
8.984269199572731193e-03
-5.428245686910621731e-02
1.514754355676903308e-02
6.902336967041155721e-03
-1.195753153849090852e-02
4.296759323917525436e-03
1.716903972005891232e-02
-4.024803704178482600e-02
-2.251517071787070834e-02
-2.211440528859719840e-02
3.795262244296019466e-02
-1.156921473477700441e-02
-3.791512445525152541e-02
2.256351105686904904e-02
-1.815092353817165244e-02
1.234318947327693594e-02
1.524010511132651950e-02
-1.010449338881452483e-02
-4.465266010773655259e-03
6.726048366390235955e-03
-9.074729211015715447e-02
3.478284096403332082e-02
-3.702344145354718313e-02
-1.131562418509254701e-02
5.242394887052859165e-02
-3.602112631179784502e-02
-4.993005596211524955e-02
-9.589080133828330188e-03
1.042710505866962026e-02
2.267354084406554560e-02
-3.389301369413023901e-02
-1.754495657146346033e-02
1.810246760731658603e-03
1.877451084855016536e-02
1.409523312850348778e-02
7.219638194322046398e-02
-1.899120576337510677e-02
-1.968571859897473575e-02
2.649145398916939384e-02
5.747427594593187278e-02
2.599752465249111077e-02
-2.640797640060827886e-02
8.227896559403116011e-04
-5.328295270732075900e-02
-1.768349772687331789e-02
-1.857759013997553957e-02
1.715418168310023361e-02
1.255280826494010668e-02
-1.885187971618088477e-03
2.892857361868726371e-02
-5.376202400704199053e-02
6.640154674569989646e-02
9.424789916921066241e-03
-9.674050217948015895e-02
1.757641278531987946e-03
-7.261387938659411706e-03
-4.589752266361863016e-03
5.135818598081438868e-04
-3.167755991326694914e-02
2.423222932002037553e-04
1.161574801523241988e-02
4.579865163233766585e-03
3.365945289951307456e-02
-5.517594692935958584e-02
1.187817307337669590e-02
1.757080907074530518e-02
1.568845641572009370e-02
-1.067572467452388915e-02
-1.737812307746703809e-03
-1.227418659843013213e-03
-4.154409958986038376e-02
3.333538706642492216e-02
-2.641140797876486389e-03
-3.288708443528168962e-02
-2.661096931092539128e-02
-2.281536146659942244e-03
2.481067050912408832e-03
-9.159259394243923769e-02
1.217653851821779570e-02
1.064734717201187017e-03
6.052617880526054567e-03
7.011525284781995604e-02
5.938493918488942092e-02
1.973807462364019633e-02
9.324397775319301709e-03
3.201804138433127223e-02
4.019558367062075338e-02
-5.344839895667965329e-02
-1.405612886652944302e-02
4.167978109205373871e-02
5.125377806802042940e-02
5.086042341189731669e-03
-3.857088592419352646e-02
5.122787689548772422e-02
-3.218132767982445630e-02
-1.102609324871573274e-02
1.970554756976093669e-02
-2.624333328837940779e-02
-4.256147355284945616e-02
-6.993158390194131879e-02
2.055747528339137153e-02
-5.567170156994623656e-03
1.912548177558686530e-02
-6.221325351668093723e-03
5.750800770551062896e-02
-1.312529292960249762e-02
4.042226912635508984e-02
3.217686175234541618e-02
9.692637975247617166e-02
-2.075007608423175276e-02
3.456017119396303378e-02
-5.718158113427303929e-02
-3.481300727976506526e-02
7.266559656773697619e-03
6.231315892580722299e-03
-2.633308386297142367e-02
-1.262935575009005613e-02
-7.423077697388372198e-02
2.220611503276902210e-02
-3.260699036021579011e-02
3.610239527324533848e-02
-5.499363480020970363e-02
1.592638579131438678e-02
-1.588286427511075710e-02
-1.630611745863514957e-04
-3.315593459049401975e-02
-9.639075420347056194e-03
-1.256189223093070843e-02
5.880908986066371580e-02
7.058870218761575943e-02
-2.171886025068503479e-02
-4.738973321103213260e-02
-3.464796259897429120e-02
-1.844667878732652103e-02
-5.543076043008805798e-03
5.618805182773399520e-02
1.230381750840733998e-03
-2.968156335394900314e-02
1.837294228214347500e-02
5.109335142574070177e-02
-4.587342854962738956e-03
-3.266784624336995305e-03
4.362839256053992892e-02
6.299524138116194272e-02
3.313339807752376659e-02
-3.956858302742557315e-02
4.880581608721085846e-02
2.459906211998268838e-02
2.940162138991498503e-02
-3.515233271837769902e-02
2.472856798264622125e-02
-4.804589624853918689e-02
1.340312970430305832e-02
-3.429821462298369723e-03
-8.793370194963193165e-02
4.842432594912604582e-02
-8.944902093496427675e-02
5.056247778095361578e-02
1.530114353342079334e-02
-9.941657335135748591e-03
-7.885224706570399117e-03
5.211795362292793304e-02
-6.976392902546553476e-02
-7.510037370443406468e-02
3.568155141565107491e-02
-2.860355253743140230e-02
3.044168397690405134e-02
1.488652398860610890e-02
-4.709116698190939782e-02
-5.708440154120333204e-02
-2.295549065093206720e-02
-7.130534996761639377e-02
1.306862308848542875e-02
1.169304996426266154e-02
5.467614617521440734e-02
2.206496368168000058e-02
-1.285604120582643610e-02
-4.033055938218284980e-02
2.868903796882515955e-02
-1.638522655168501291e-02
-3.782216133212802645e-02
-4.137584236053538228e-02
2.988850503131502533e-03
5.705423522547094922e-02
5.028619860726560309e-02
-6.203513961213439482e-02
-4.352826812180820605e-03
9.210916322987100502e-02
1.269416040031613735e-02
6.326308761495563759e-02
-1.853783485190232602e-02
8.391073937812981720e-02
-4.132444158403561496e-02
-3.095935453225108491e-02
-6.325349864261343991e-02
6.631420558250743225e-02
2.388928967886055563e-02
4.905579251979902411e-02
4.217511591871759419e-02
3.335486314189610446e-02
1.829102229459799236e-02
3.626563289548962593e-02
4.003011917593253879e-03
-1.759434950512990189e-02
2.512389399093917924e-03
-2.399976970787318087e-02
2.681230727372884218e-02
2.312068744276001356e-02
-1.541784787521030195e-02
-3.271402662849670195e-03
-1.043739373036284106e-02
3.513140247967445895e-02
1.130850089105311485e+00
-7.237169095908213556e-02
-1.378492527701069836e-01
-1.271380136140803085e-01
-1.453031684997332651e-01
-1.487187099412989877e-01
-8.611738298715615469e-02
-1.892140888833656887e-01
-7.695258438035884607e-02
-1.355894256626612449e-01
-1.678512435034220096e-01
-1.307198044421385708e-01
-1.184018894519209275e-01
-1.933396035503344712e-01
-1.577479791569327272e-01
-1.427098386978852829e-01
-1.537887138764572892e-01
-1.291540886017218115e-01
-9.348235127932037758e-02
-7.059836416983272800e-02
-1.405132586396447558e-01
-1.219736410658175257e-01
-8.083153594755482230e-02
-1.794597876210850540e-01
-9.146446923313167332e-02
-8.394308998435275060e-02
-6.250454892963946962e-02
-1.661104437680529788e-01
-1.604848697212718778e-01
-1.291681435015456791e-01
-1.408722609380119173e-01
-1.779438662829009310e-01
-1.908571066728166066e-01
-1.614849762359080176e-01
-1.378145170891141857e-01
-1.706186532788105392e-01
-1.286714031849031381e-01
-1.475459289431113041e-01
-7.043050850907597860e-02
-1.933799611912596084e-01
-1.296801434237128681e-01
-8.980980595525736576e-02
-1.496738407764950929e-01
-1.238035890229306213e-01
-9.829113486202921413e-02
-1.149172782169328444e-01
-8.923496055244856118e-02
-1.051447055848791778e-01
-2.110210690977515346e-01
-1.801189624228386466e-01
-1.438932612630816066e-01
-1.639634574277655243e-01
-6.106713424619215208e-02
-1.860507325015060276e-01
-2.055013083682206143e-01
-1.718026781968561845e-01
-1.350232139840253087e-01
-1.660741018127952773e-01
-8.250246275237090032e-02
-1.016028708291822485e-01
-1.446474070307924020e-01
-1.613857888000073404e-01
-7.939673145978536073e-02
-8.070564420198617084e-02
-7.395889071780083202e-02
-1.210695094385569187e-01
-1.901981326553434659e-01
-1.001287126219074092e-01
-2.039442262519830518e-01
-1.348166069566118785e-01
-2.016916273787304481e-01
-7.220825255255526598e-02
-1.973733597998825195e-01
-4.898373529875497956e-02
-1.093350735753291919e-01
-1.940208646232440270e-01
-4.183942893382786021e-02
-1.332862291500380991e-01
-1.926093511123279645e-01
-4.874680984457371163e-02
1.004728068300861699e+00
-1.485622989846807351e-01
-6.021259633687874729e-02
-1.538140126961383969e-01
-6.964604431460101608e-02
-1.373511069634792414e-01
-1.428405492662470355e-01
-1.521322435400263885e-02
-1.463783683362830379e-01
-9.482218480113269177e-02
-1.488283381599242727e-01
-9.875735596762694191e-02
-1.820946797695557340e-01
-4.336699576043602511e-02
-6.939165062778243631e-02
-2.304616057503086901e-01
1.007368381624980547e+00
-4.298932052372968216e-02
-1.251990397911616204e-02
-5.439627722105493807e-02
1.001239039811646414e+00
1.008977065302002041e+00
1.034946705275757273e+00
-3.974966611425351931e-02
-1.000548240056862853e-01
1.025102251870311898e+00
1.005534417982204554e+00
-1.140133473739509407e-01
-8.633784413011133529e-02
1.006243387286195112e+00
-5.547970921321888904e-02
-1.138446885760631272e-01
-6.056115785251781070e-02
1.081275469997714733e+00
-1.083843599943588309e-01
-1.816455253280263860e-01
-4.093569887512908678e-02
-7.296139439884828659e-02
-4.593141262550068382e-02
-1.992322206937526680e-02
-8.727068790986867997e-02
-5.340882011626364723e-02
-1.045427543038363605e-01
-1.384608416967448088e-02
-1.009005274065360724e-01
-1.683146536290530682e-01
-4.077968948708046715e-02
-1.434286464317502396e-01
-6.622146758029096025e-02
-8.050927717301163689e-02
-1.376133312373447604e-01
-8.231814278038662724e-02
-1.919993684599523298e-01
-1.336610934067765655e-01
-1.278156605698878290e-01
-8.806980935702049540e-02
-2.074701990493083570e-01
-1.687007618056517999e-01
-7.146555148898521559e-02
1.060295520245843282e+00
-2.713077548351281593e-02
-2.106447993510547623e-02
1.022975544742625198e+00
-1.771106115076066523e-01
-5.221917323828307450e-02
-1.136145897875120714e-01
1.083794108046215676e+00
1.036952540264952649e+00
-7.574767789685774022e-02
1.021604790441200894e+00
1.040838318497778081e+00
-1.869000500194487741e-02
-5.787366022184523701e-02
-1.285019412521466405e-04
-6.858128526077759968e-02
-8.334093791902520698e-02
-2.568753805585098290e-02
-5.676432705715066945e-02
1.000055617246446538e+00
-1.625093776488097663e-01
-1.934215235378642164e-02
1.045854512245035561e+00
1.051471251783357097e+00
1.078609857853913390e+00
1.070065281897929488e+00
1.003034452872042959e+00
1.025296611056456975e+00
1.115667609083264677e+00
-8.836235205764744749e-02
-8.640550843355312982e-02
-9.500710712598725571e-03
-3.877867332068606759e-02
1.040229339766820305e+00
-1.469086396282226481e-01
-8.614107553257055461e-02
-3.284228520350326169e-02
-4.257630725316471042e-03
1.092530834561223685e+00
-6.475393525436150266e-02
1.053964992580734394e+00
-4.059034990802169035e-02
-1.877333047946983316e-03
1.004310838560369179e+00
1.110324136954382146e+00
1.024183864558943613e+00
1.039603896724645260e+00
1.046568902724672512e+00
-9.300087056819765496e-02
-4.022532408115867680e-02
-1.206432444053188655e-02
-1.756834368226028453e-01
-5.817503743093380836e-02
-7.488611253763213793e-02
-2.959961902975165662e-03
-1.409067958347226535e-01
-2.308453045155098859e-01
-4.466787713130537102e-02
-1.846076958581239214e-01
-2.119607395431409302e-01
-1.052714004675805448e-01
-3.785406169653121600e-02
-1.263539509881736467e-01
-1.462153314983215546e-01
-6.904971499345731629e-03
1.043822976867589292e+00
1.022448686783505645e+00
-1.476095775608864125e-01
-1.053294271254394399e-02
1.105262164390552915e+00
-2.273307764223253535e-01
-2.459005116386408368e-02
-1.358508467993883306e-01
1.082797214080112536e+00
-2.384700876701427164e-01
1.016770507254521227e+00
-3.574763378144816400e-02
