-9.174999999999999822e-01
7.466000000000000414e-01
5.639999999999999458e-01
-6.987999999999999767e-01
-4.760000000000000342e-02
1.396999999999999909e-01
-3.980000000000000204e-02
-2.595999999999999974e-01
-7.710000000000000187e-02
4.878000000000000114e-01
8.389999999999999680e-01
-9.232000000000000206e-01
6.909999999999999476e-01
5.016000000000000458e-01
-8.591999999999999638e-01
-9.301000000000000378e-01
-7.198999999999999844e-01
-6.995000000000000107e-01
8.027999999999999581e-01
5.080999999999999961e-01
8.179999999999999771e-02
-4.529999999999999999e-02
-9.604000000000000314e-01
-9.002999999999999892e-01
2.620999999999999996e-01
2.293000000000000038e-01
2.152000000000000024e-01
9.545000000000000151e-01
-1.269000000000000128e-01
-6.329999999999999516e-02
2.636999999999999900e-01
-9.859999999999999321e-02
3.044000000000000039e-01
7.995999999999999774e-01
-2.510999999999999899e-01
5.944000000000000394e-01
9.647999999999999909e-01
2.300999999999999990e-01
-6.723999999999999977e-01
-1.502999999999999892e-01
-4.210999999999999743e-01
-6.049999999999999822e-02
-7.000999999999999446e-01
-1.466000000000000081e-01
-6.183999999999999497e-01
-4.123999999999999888e-01
7.617000000000000437e-01
1.029999999999999943e-01
-3.452999999999999958e-01
1.849000000000000088e-01
2.850000000000000103e-02
-2.093000000000000138e-01
5.396999999999999575e-01
3.030000000000000054e-02
1.622000000000000108e-01
1.749999999999999889e-01
-2.172999999999999932e-01
9.973999999999999533e-01
-7.874999999999999778e-01
-7.798000000000000487e-01
-4.440999999999999948e-01
2.484000000000000097e-01
5.844000000000000306e-01
-2.883999999999999897e-01
8.339999999999999636e-01
1.246000000000000024e-01
8.213000000000000300e-01
-4.307000000000000273e-01
1.272000000000000075e-01
-6.102999999999999536e-01
4.974000000000000088e-01
7.540999999999999925e-01
-1.069999999999999979e-01
1.184999999999999942e-01
-7.649000000000000243e-01
1.319999999999999993e-02
-4.030000000000000249e-02
-3.548000000000000043e-01
5.756000000000000005e-01
8.859000000000000208e-01
-6.218000000000000194e-01
-8.995999999999999552e-01
8.627000000000000224e-01
-1.223000000000000059e-01
-2.553000000000000269e-01
6.564999999999999725e-01
-9.011000000000000121e-01
1.658999999999999919e-01
-7.805999999999999606e-01
1.842000000000000026e-01
-8.430999999999999606e-01
-4.212000000000000188e-01
-3.996000000000000107e-01
7.829999999999999460e-02
-1.413999999999999979e-01
-7.470999999999999863e-01
2.152999999999999914e-01
-4.285999999999999810e-01
5.855000000000000204e-01
-5.666999999999999815e-01
-7.792999999999999927e-01
-7.385000000000000453e-01
-3.420000000000000262e-01
8.274000000000000243e-01
-3.356000000000000094e-01
-9.258999999999999453e-01
2.396999999999999964e-01
-6.787999999999999590e-01
-9.318999999999999506e-01
-2.179999999999999993e-02
7.370999999999999774e-01
-8.544000000000000483e-01
3.200000000000000153e-03
-3.244000000000000217e-01
4.789999999999999813e-02
6.545999999999999597e-01
4.041000000000000147e-01
9.897000000000000242e-01
-7.884999999999999787e-01
2.170999999999999874e-01
7.421999999999999709e-01
6.983000000000000318e-01
9.197999999999999510e-01
8.629999999999999893e-01
5.729999999999999538e-01
8.319999999999999618e-02
1.882000000000000062e-01
-9.714000000000000412e-01
-2.599999999999999881e-02
-9.774000000000000465e-01
8.880000000000000115e-01
3.920000000000000151e-01
-7.984999999999999876e-01
-5.314999999999999725e-01
-4.761000000000000232e-01
-4.798000000000000043e-01
-3.849999999999999950e-02
-2.149999999999999967e-01
-4.316999999999999726e-01
7.879000000000000448e-01
3.645999999999999797e-01
-9.081000000000000183e-01
-4.789999999999999813e-02
-3.771999999999999797e-01
6.747999999999999554e-01
9.121000000000000218e-01
2.003000000000000058e-01
-1.025999999999999968e-01
4.400000000000000022e-01
-4.390000000000000013e-01
-6.598000000000000531e-01
-2.989999999999999949e-02
-9.499999999999999764e-03
-3.599999999999999901e-03
8.425000000000000266e-01
-3.664999999999999925e-01
6.350000000000000089e-02
-5.651000000000000467e-01
-6.974000000000000199e-01
-8.477000000000000091e-01
-2.667999999999999816e-01
-8.384000000000000341e-01
8.980000000000000482e-02
2.669000000000000261e-01
1.822000000000000008e-01
5.596999999999999753e-01
2.508000000000000229e-01
2.167999999999999927e-01
7.912000000000000144e-01
-4.626000000000000112e-01
9.899999999999999911e-01
-8.709999999999999687e-02
-3.514999999999999791e-01
-6.995999999999999996e-01
6.270999999999999908e-01
-7.560000000000000053e-01
5.380000000000000338e-01
3.620000000000000301e-02
-5.356999999999999540e-01
-2.902000000000000135e-01
-8.343000000000000416e-01
3.073000000000000176e-01
-3.254000000000000226e-01
3.969999999999999918e-02
-6.409000000000000252e-01
