6.687999999999999501e-01
5.299999999999999850e-02
-8.709999999999999687e-02
6.229999999999999982e-01
4.358000000000000207e-01
9.983999999999999542e-01
7.754999999999999671e-01
9.211000000000000298e-01
-6.850000000000000533e-01
-1.499999999999999944e-02
-2.837999999999999967e-01
7.301999999999999602e-01
7.137999999999999901e-01
5.119000000000000217e-01
-2.346000000000000030e-01
-9.871999999999999664e-01
-8.154000000000000137e-01
3.128000000000000225e-01
5.947000000000000064e-01
-9.246999999999999664e-01
-7.210999999999999632e-01
-6.641000000000000236e-01
-6.239000000000000101e-01
4.959000000000000075e-01
-9.274999999999999911e-01
2.767000000000000015e-01
9.689999999999999725e-01
5.776000000000000023e-01
-6.558000000000000496e-01
9.314999999999999947e-01
6.864000000000000101e-01
-9.323000000000000176e-01
4.647000000000000020e-01
-2.013000000000000067e-01
5.316999999999999504e-01
-7.936999999999999611e-01
-6.937999999999999723e-01
-9.156999999999999584e-01
-3.372999999999999887e-01
3.230999999999999983e-01
6.804000000000000048e-01
8.636000000000000343e-01
1.691000000000000003e-01
3.755000000000000004e-01
-5.806999999999999940e-01
5.135999999999999455e-01
8.751999999999999780e-01
3.709999999999999964e-01
4.603999999999999759e-01
-4.001000000000000112e-01
9.848000000000000087e-01
9.869999999999999607e-02
-1.703000000000000069e-01
-5.111999999999999877e-01
1.257000000000000062e-01
9.098000000000000531e-01
-8.404000000000000359e-01
-4.324999999999999956e-01
1.244999999999999996e-01
-2.167000000000000037e-01
-9.854000000000000536e-01
1.055999999999999994e-01
9.465999999999999970e-01
-9.351000000000000423e-01
8.673999999999999488e-01
3.850000000000000089e-01
4.879999999999999893e-01
-1.524000000000000077e-01
-9.747000000000000108e-01
5.181000000000000050e-01
-4.501999999999999891e-01
-4.163000000000000034e-01
-5.140000000000000124e-02
-8.405000000000000249e-01
-4.243999999999999995e-01
-4.514000000000000234e-01
-6.794000000000000039e-01
-2.116999999999999993e-01
2.386000000000000065e-01
6.705999999999999739e-01
2.215000000000000024e-01
9.276999999999999691e-01
6.855999999999999872e-01
-2.988999999999999990e-01
2.592999999999999750e-01
-9.052999999999999936e-01
8.828000000000000291e-01
-9.597999999999999865e-01
7.969000000000000528e-01
7.782000000000000028e-01
5.345999999999999641e-01
3.558000000000000052e-01
-5.073999999999999622e-01
-8.200000000000000344e-02
-1.948999999999999899e-01
8.668000000000000149e-01
7.779000000000000359e-01
-8.393000000000000460e-01
-9.766000000000000236e-01
-7.608000000000000318e-01
9.995000000000000551e-01
5.162999999999999812e-01
3.795999999999999930e-01
-4.827000000000000179e-01
5.669999999999999485e-01
-9.062000000000000055e-01
3.099000000000000088e-01
-7.048999999999999710e-01
2.571999999999999842e-01
-3.350000000000000200e-02
5.493000000000000105e-01
-3.054999999999999938e-01
7.750000000000000222e-01
1.219999999999999973e-01
4.889999999999999902e-01
5.703000000000000291e-01
-9.291000000000000369e-01
9.640999999999999570e-01
6.391999999999999904e-01
1.696000000000000008e-01
-3.121999999999999775e-01
9.317999999999999616e-01
9.234999999999999876e-01
2.252000000000000113e-01
1.779999999999999916e-01
-2.743999999999999773e-01
4.334000000000000075e-01
2.733999999999999764e-01
9.073999999999999844e-01
3.750000000000000000e-01
4.757000000000000117e-01
3.597000000000000197e-01
5.535999999999999810e-01
-1.729999999999999871e-01
-4.729999999999999760e-01
-8.417000000000000037e-01
3.983999999999999764e-01
-8.143000000000000238e-01
-3.136999999999999789e-01
-8.809999999999999776e-02
7.300000000000000065e-03
6.389999999999999847e-02
-1.492999999999999883e-01
-5.063999999999999613e-01
-3.007000000000000228e-01
3.663000000000000145e-01
-8.978000000000000425e-01
-3.800999999999999934e-01
5.386999999999999567e-01
-5.002999999999999670e-01
-4.723999999999999866e-01
-8.518999999999999906e-01
-8.528999999999999915e-01
-7.832999999999999963e-01
-1.454999999999999905e-01
8.094999999999999973e-01
-6.706999999999999629e-01
-9.780999999999999694e-01
-4.027999999999999914e-01
-3.564999999999999836e-01
-5.554000000000000048e-01
-3.343999999999999750e-01
3.013000000000000123e-01
9.141000000000000236e-01
3.261999999999999900e-01
-1.082999999999999935e-01
4.862000000000000210e-01
-4.055000000000000271e-01
9.332000000000000295e-01
9.177999999999999492e-01
-7.258999999999999897e-01
-8.647000000000000242e-01
1.560999999999999888e-01
-2.129000000000000059e-01
-4.002999999999999892e-01
-4.121000000000000218e-01
6.572999999999999954e-01
8.707000000000000295e-01
-8.459999999999999465e-02
3.028000000000000136e-01
5.215999999999999526e-01
1.175999999999999962e-01
-7.529000000000000137e-01
-3.516000000000000236e-01
5.369999999999999774e-02
