-8.880000000000000115e-01
7.210999999999999632e-01
-6.219000000000000083e-01
6.642000000000000126e-01
-3.578000000000000069e-01
-9.496999999999999886e-01
-5.473000000000000087e-01
6.650000000000000355e-01
-9.534000000000000252e-01
-4.677999999999999936e-01
-4.409000000000000141e-01
-7.427000000000000268e-01
1.582000000000000073e-01
-3.669000000000000039e-01
6.807999999999999607e-01
-8.712999999999999634e-01
-2.054999999999999882e-01
7.594999999999999529e-01
-2.620000000000000107e-01
4.320000000000000229e-02
-1.905000000000000027e-01
-1.115000000000000019e-01
-7.314000000000000501e-01
7.289999999999999813e-01
-1.215999999999999998e-01
9.713000000000000522e-01
-9.896000000000000352e-01
-7.485000000000000542e-01
3.931999999999999940e-01
9.598999999999999755e-01
9.777000000000000135e-01
-6.523999999999999799e-01
-6.393999999999999684e-01
-4.385999999999999899e-01
-9.737000000000000099e-01
1.040999999999999981e-01
-5.132999999999999785e-01
-7.803999999999999826e-01
5.524999999999999911e-01
4.104999999999999760e-01
8.696000000000000396e-01
9.615000000000000213e-01
-5.480000000000000149e-02
9.700000000000000289e-02
2.907000000000000139e-01
-7.967999999999999527e-01
5.291000000000000147e-01
3.004999999999999893e-01
-6.690000000000000113e-02
-5.570000000000000506e-01
5.522000000000000242e-01
9.131000000000000227e-01
-5.462000000000000188e-01
3.815000000000000058e-01
3.451000000000000179e-01
2.898000000000000020e-01
7.053000000000000380e-01
5.663000000000000256e-01
-4.234999999999999876e-01
-9.301000000000000378e-01
-8.393000000000000460e-01
-8.726000000000000423e-01
-6.179000000000000048e-01
2.521999999999999797e-01
-7.280000000000000360e-02
-1.262000000000000066e-01
2.682999999999999829e-01
-7.859000000000000430e-01
2.884999999999999787e-01
-9.001000000000000112e-01
4.038999999999999813e-01
-5.606999999999999762e-01
7.657000000000000473e-01
-9.471000000000000529e-01
2.903000000000000025e-01
8.955999999999999517e-01
-5.494999999999999885e-01
-8.708000000000000185e-01
4.547999999999999821e-01
5.238000000000000433e-01
8.760999999999999899e-01
9.456999999999999851e-01
7.894999999999999796e-01
-9.792999999999999483e-01
-7.922000000000000153e-01
8.179999999999999494e-01
9.368999999999999551e-01
5.000000000000000104e-04
3.759000000000000119e-01
-4.224999999999999867e-01
1.053000000000000047e-01
9.457999999999999741e-01
-6.543999999999999817e-01
-5.312999999999999945e-01
-3.541000000000000258e-01
-6.321999999999999842e-01
1.963999999999999913e-01
-2.333000000000000074e-01
-3.916000000000000036e-01
5.020000000000000018e-01
-8.064999999999999947e-01
5.445999999999999730e-01
3.472000000000000086e-01
-6.270000000000000573e-02
3.996999999999999997e-01
7.094000000000000306e-01
6.619000000000000439e-01
4.300000000000000003e-03
9.152000000000000135e-01
8.621999999999999664e-01
-6.787999999999999590e-01
-3.847999999999999754e-01
-7.903999999999999915e-01
-1.297999999999999987e-01
-7.756999999999999451e-01
-4.818000000000000060e-01
4.398000000000000242e-01
4.108999999999999875e-01
3.919000000000000261e-01
1.222000000000000031e-01
-1.137999999999999984e-01
-3.091999999999999749e-01
-2.097999999999999865e-01
6.672000000000000153e-01
-7.243000000000000549e-01
-2.353999999999999981e-01
-9.020000000000000240e-02
-2.253000000000000003e-01
-5.688999999999999613e-01
1.474000000000000032e-01
-6.326000000000000512e-01
9.782999999999999474e-01
5.219000000000000306e-01
-4.909999999999999920e-01
-9.076999999999999513e-01
-9.756000000000000227e-01
3.620999999999999774e-01
-1.948999999999999899e-01
-3.478999999999999870e-01
-1.628000000000000003e-01
2.529000000000000137e-01
2.058999999999999997e-01
3.832999999999999741e-01
7.128999999999999782e-01
6.712000000000000188e-01
9.564000000000000279e-01
6.474999999999999645e-01
-4.429999999999999910e-02
7.195000000000000284e-01
6.934000000000000163e-01
6.434999999999999609e-01
8.777000000000000357e-01
-8.235999999999999988e-01
-2.215000000000000024e-01
-1.145000000000000046e-01
-6.432999999999999829e-01
9.774000000000000465e-01
-3.563000000000000056e-01
-9.525000000000000133e-01
9.495999999999999996e-01
4.818999999999999950e-01
5.703000000000000291e-01
4.000000000000000083e-03
-5.094999999999999529e-01
-1.887999999999999956e-01
5.048000000000000265e-01
3.204000000000000181e-01
-9.436999999999999833e-01
9.235999999999999766e-01
4.259999999999999898e-02
-1.298999999999999877e-01
-9.161000000000000254e-01
4.612999999999999878e-01
-3.590000000000000135e-02
-4.499999999999999833e-02
8.483000000000000540e-01
9.516999999999999904e-01
-8.610999999999999766e-01
8.525000000000000355e-01
-3.894000000000000239e-01
-6.949999999999999512e-01
-1.676999999999999880e-01
-6.993000000000000327e-01
6.620000000000000329e-01
5.753000000000000336e-01
