-6.043116200000001470e+01 6.281081244010586762e-01 0.000000000000000000e+00 1.974222944989043604e+00
-6.046875800000005086e+01 6.284988889050575622e-01 0.000000000000000000e+00 1.995263140701602822e+00
-5.979775400000001895e+01 6.215246218223622332e-01 0.000000000000000000e+00 1.797795324549971596e+00
-6.054976600000001241e+01 6.293408681299722529e-01 0.000000000000000000e+00 2.037294071701456488e+00
-6.047114200000004303e+01 6.285236676734777816e-01 0.000000000000000000e+00 2.447281376712542311e+00
-6.016381400000002344e+01 6.253293684532188479e-01 0.000000000000000000e+00 2.106660057767730798e+00
-5.989477600000007129e+01 6.225330470193768395e-01 0.000000000000000000e+00 2.594120084956700545e+00
-6.105988200000005151e+01 6.346429009452108083e-01 0.000000000000000000e+00 2.168044157568677299e+00
-5.988012399999999502e+01 6.223807573738662224e-01 0.000000000000000000e+00 1.691908887338365419e+00
-6.103636400000006290e+01 6.343984600577484700e-01 0.000000000000000000e+00 2.594433674390640654e+00
-6.009902400000002132e+01 6.246559555312574119e-01 0.000000000000000000e+00 2.052706524415455203e+00
-5.978639200000000642e+01 6.214065277087746919e-01 0.000000000000000000e+00 2.645153218898766312e+00
-6.159438200000003150e+01 6.401983756602651621e-01 0.000000000000000000e+00 2.325588809828599501e+00
-5.990360400000002983e+01 6.226248032977383939e-01 0.000000000000000000e+00 1.763476473764022501e+00
-6.032380400000006659e+01 6.269922691074037990e-01 0.000000000000000000e+00 2.710001816090934046e+00
-6.149346400000005275e+01 6.391494563014368246e-01 0.000000000000000000e+00 2.137549845151943018e+00
-5.993468200000004487e+01 6.229478211521716213e-01 0.000000000000000000e+00 1.963633152411235150e+00
-6.076759000000003397e+01 6.316048825814823964e-01 0.000000000000000000e+00 2.487102236833992119e+00
-6.095151600000001224e+01 6.335165687226255171e-01 0.000000000000000000e+00 2.555935024099435182e+00
-6.042210800000003701e+01 6.280140191287106877e-01 0.000000000000000000e+00 2.048921588813751971e+00
-6.107482000000002387e+01 6.347981632114284567e-01 0.000000000000000000e+00 2.800470934350401286e+00
-6.078148800000001728e+01 6.317493353178523785e-01 0.000000000000000000e+00 1.908643651745787873e+00
-6.076591800000003474e+01 6.315875041834962955e-01 0.000000000000000000e+00 2.244509475302617574e+00
-6.130322200000001232e+01 6.371721230540249303e-01 0.000000000000000000e+00 2.225266432150668550e+00
-5.936245400000003514e+01 6.170002099543301366e-01 0.000000000000000000e+00 2.051832133613589182e+00
-6.052050200000005020e+01 6.290367045901010812e-01 0.000000000000000000e+00 2.055285732057711368e+00
-6.114181200000001581e+01 6.354944632340867594e-01 0.000000000000000000e+00 2.305402239329846115e+00
-5.985366400000002329e+01 6.221057379894693318e-01 0.000000000000000000e+00 2.225798381583242946e+00
-5.976559600000000927e+01 6.211903786869332755e-01 0.000000000000000000e+00 2.230321067430028670e+00
-5.955507000000006457e+01 6.190022180323752066e-01 0.000000000000000000e+00 2.201108224338940378e+00
-6.094627400000005224e+01 6.334620845346814466e-01 0.000000000000000000e+00 2.260576725135924558e+00
-6.213126600000002497e+01 6.457786291437399573e-01 0.000000000000000000e+00 2.239603260871230628e+00
-6.142768000000002360e+01 6.384657119634473688e-01 0.000000000000000000e+00 2.304199938890685306e+00
-6.199112000000004485e+01 6.443219826340750300e-01 0.000000000000000000e+00 2.312649179769138197e+00
-6.089408800000003197e+01 6.329196747994524364e-01 0.000000000000000000e+00 2.457315445160889844e+00
-6.217810200000007370e+01 6.462654321629253129e-01 0.000000000000000000e+00 1.972196696297012330e+00
-6.101952400000006804e+01 6.342234288244436025e-01 0.000000000000000000e+00 2.336169305608796876e+00
-6.317129400000004580e+01 6.565884500173581051e-01 0.000000000000000000e+00 2.704602887701936798e+00
-6.256557200000002439e+01 6.502927095957445891e-01 0.000000000000000000e+00 2.094898417829910375e+00
-6.159063200000003491e+01 6.401593989901408488e-01 0.000000000000000000e+00 1.901612539684903957e+00
-6.244505000000005879e+01 6.490400305992851671e-01 0.000000000000000000e+00 2.153854026618284845e+00
-6.268724800000004649e+01 6.515573830128243982e-01 0.000000000000000000e+00 2.090646171073006876e+00
-6.234639000000003506e+01 6.480145803927604975e-01 0.000000000000000000e+00 2.351077495747450286e+00
-6.181584400000001978e+01 6.425002026786849063e-01 0.000000000000000000e+00 2.181786921348108255e+00
-6.211057800000003937e+01 6.455636026499982361e-01 0.000000000000000000e+00 1.978453024261147331e+00
-6.348619400000002599e+01 6.598614509299316477e-01 0.000000000000000000e+00 2.397808042536459183e+00
-6.333785600000004479e+01 6.583196585851577298e-01 0.000000000000000000e+00 2.274271439620774160e+00
-6.210473400000002897e+01 6.455028614072764181e-01 0.000000000000000000e+00 1.948652148123897421e+00
-6.255757400000000246e+01 6.502095801537032260e-01 0.000000000000000000e+00 1.899402288686276918e+00
-6.398332800000004994e+01 6.650285517100888999e-01 0.000000000000000000e+00 2.306310654348107558e+00
-6.305168200000002088e+01 6.553452293595147804e-01 0.000000000000000000e+00 2.147344709611139546e+00
-6.259768200000002736e+01 6.506264538297958921e-01 0.000000000000000000e+00 2.046004082679063085e+00
-6.266547200000002960e+01 6.513310480878569120e-01 0.000000000000000000e+00 2.626874706808203008e+00
-6.238293400000005562e+01 6.483944106415669983e-01 0.000000000000000000e+00 2.140360201358546099e+00
-6.297746000000000777e+01 6.545737823168564784e-01 0.000000000000000000e+00 2.379103445681277407e+00
-6.260265800000003367e+01 6.506781732726063527e-01 0.000000000000000000e+00 1.938426538272417732e+00
-6.404906400000001554e+01 6.657117971467000350e-01 0.000000000000000000e+00 2.232253791711439561e+00
-6.272880000000002809e+01 6.519892653053591669e-01 0.000000000000000000e+00 2.314802164027383924e+00
-6.363702600000004850e+01 6.614291653587833775e-01 0.000000000000000000e+00 2.286702409589897123e+00
-6.284930800000003615e+01 6.532417987889173050e-01 0.000000000000000000e+00 2.591856845470077442e+00
-6.261425400000002384e+01 6.507986995304093636e-01 0.000000000000000000e+00 2.310407788371934945e+00
-6.355627200000007093e+01 6.605898261536582439e-01 0.000000000000000000e+00 2.330396933028944684e+00
-6.306122000000004846e+01 6.554443652207539994e-01 0.000000000000000000e+00 1.759045994081146258e+00
-6.389342400000001732e+01 6.640941094298599134e-01 0.000000000000000000e+00 2.540448721563364209e+00
-6.341863200000008760e+01 6.591592264534149592e-01 0.000000000000000000e+00 2.135582919352535747e+00
-6.337420400000001308e+01 6.586974516533384838e-01 0.000000000000000000e+00 2.199088081337077227e+00
-6.383357400000004844e+01 6.634720417746758914e-01 0.000000000000000000e+00 2.153301647511504768e+00
-6.375969600000003368e+01 6.627041701918903183e-01 0.000000000000000000e+00 2.406661764870354325e+00
-6.182049200000002287e+01 6.425485129620817082e-01 0.000000000000000000e+00 2.064828380555506104e+00
-6.235034400000001398e+01 6.480556773937393711e-01 0.000000000000000000e+00 2.038864608794301425e+00
-6.287103200000001380e+01 6.534675932373920082e-01 0.000000000000000000e+00 2.531941243788243590e+00
-6.436366000000003851e+01 6.689816383505493569e-01 0.000000000000000000e+00 2.197418220907380260e+00
-6.364335000000003362e+01 6.614948956152808535e-01 0.000000000000000000e+00 2.275233720994727538e+00
-6.374501800000003726e+01 6.625516103081343644e-01 0.000000000000000000e+00 2.430557991070271484e+00
-6.481208400000001291e+01 6.736424581702378234e-01 0.000000000000000000e+00 2.121391716275621508e+00
-6.312889000000000550e+01 6.561477122253704941e-01 0.000000000000000000e+00 1.637243230512371195e+00
-6.324204000000003134e+01 6.573237682852555164e-01 0.000000000000000000e+00 2.183399201412163482e+00
-6.501755200000003754e+01 6.757780470921329607e-01 0.000000000000000000e+00 2.293929630743724690e+00
-6.516874800000000789e+01 6.773495448564308408e-01 0.000000000000000000e+00 2.525280419051405989e+00
-6.350299400000003658e+01 6.600360664120887844e-01 0.000000000000000000e+00 1.982663173450693206e+00
-6.546144400000002861e+01 6.803917623067540221e-01 0.000000000000000000e+00 1.998920372960959924e+00
-6.591911400000003596e+01 6.851486830043013176e-01 0.000000000000000000e+00 2.384109009482358044e+00
-6.650536400000002857e+01 6.912420357670715498e-01 0.000000000000000000e+00 1.838938773980386410e+00
-6.538313000000002262e+01 6.795777839216561311e-01 0.000000000000000000e+00 1.754378375132147339e+00
-6.586158200000001273e+01 6.845507081281430040e-01 0.000000000000000000e+00 1.854725614621017815e+00
-6.659105200000007585e+01 6.921326578763024040e-01 0.000000000000000000e+00 1.964283316934671619e+00
-6.628247400000002187e+01 6.889253664326683291e-01 0.000000000000000000e+00 2.190463518616065919e+00
-6.653398600000004137e+01 6.915395265010180204e-01 0.000000000000000000e+00 2.102479253624927935e+00
-6.628217000000000780e+01 6.889222067239434422e-01 0.000000000000000000e+00 2.099677712907580762e+00
-6.714703600000001416e+01 6.979114325329432988e-01 0.000000000000000000e+00 2.069620751552458504e+00
-6.616864600000003804e+01 6.877422633908252259e-01 0.000000000000000000e+00 1.925501093139343256e+00
-6.712121800000005578e+01 6.976430859544716645e-01 0.000000000000000000e+00 1.977727878268597639e+00
-6.736562200000005873e+01 7.001833670438228907e-01 0.000000000000000000e+00 2.211140528753192669e+00
-6.835367200000005994e+01 7.104529400881814949e-01 0.000000000000000000e+00 2.417493874646956975e+00
-6.647400200000002712e+01 6.909160660794877451e-01 0.000000000000000000e+00 2.187741692967311469e+00
-6.826532000000004530e+01 7.095346289524946393e-01 0.000000000000000000e+00 2.275472583260830017e+00
-6.812403000000001896e+01 7.080660919599965908e-01 0.000000000000000000e+00 2.163889506575293442e+00
-6.888691400000000442e+01 7.159953394296311169e-01 0.000000000000000000e+00 1.705375089700121638e+00
-6.890008400000007782e+01 7.161322254951084654e-01 0.000000000000000000e+00 2.123405836767950028e+00
-6.774576000000004683e+01 7.041344372912154981e-01 0.000000000000000000e+00 1.821457765836823839e+00
-6.814887600000000134e+01 7.083243357855721900e-01 0.000000000000000000e+00 1.959537844870261170e+00
-6.815596999999999639e+01 7.083980692516687050e-01 0.000000000000000000e+00 2.246416671168785406e+00
-6.983666600000006497e+01 7.258668515373445373e-01 0.000000000000000000e+00 1.977372841930434388e+00
-6.994053800000006049e+01 7.269464741184522572e-01 0.000000000000000000e+00 2.398855669225170573e+00
-6.949325400000002162e+01 7.222975032064810064e-01 0.000000000000000000e+00 2.113617913322839215e+00
-6.988274000000006936e+01 7.263457344971601115e-01 0.000000000000000000e+00 2.306283110605162889e+00
-6.992837200000002440e+01 7.268200234067898613e-01 0.000000000000000000e+00 1.679174266774589031e+00
-6.968038800000003619e+01 7.242425325896935107e-01 0.000000000000000000e+00 2.009675620002473018e+00
-6.932180600000006621e+01 7.205155106359544259e-01 0.000000000000000000e+00 1.898457917630554492e+00
-6.977628800000005072e+01 7.252392959670065364e-01 0.000000000000000000e+00 2.101831606883131975e+00
-6.918040000000006273e+01 7.190457679651274248e-01 0.000000000000000000e+00 2.300728620118927203e+00
-6.873821800000004600e+01 7.144498261120828531e-01 0.000000000000000000e+00 2.273826609257103559e+00
-6.966054400000004421e+01 7.240362784451743750e-01 0.000000000000000000e+00 2.402545988305579527e+00
-6.836417600000002892e+01 7.105621163396440565e-01 0.000000000000000000e+00 1.677541845516405283e+00
-6.969502200000002290e+01 7.243946351471866052e-01 0.000000000000000000e+00 1.811865099421314795e+00
-6.919479000000005442e+01 7.191953344406177839e-01 0.000000000000000000e+00 1.568856701228604766e+00
-7.009466000000000463e+01 7.285483840792256194e-01 0.000000000000000000e+00 2.472985187210310354e+00
-7.012082199999998977e+01 7.288203061175702047e-01 0.000000000000000000e+00 1.969633948023866044e+00
-7.009489200000005837e+01 7.285507954358845240e-01 0.000000000000000000e+00 2.433792801024604824e+00
-7.003146399999999971e+01 7.278915388405116094e-01 0.000000000000000000e+00 1.987610918956614015e+00
-6.990469000000003064e+01 7.265738779396208047e-01 0.000000000000000000e+00 2.238262115227938498e+00
-6.986306800000001260e+01 7.261412680825766186e-01 0.000000000000000000e+00 1.940165527504591925e+00
-6.998928600000004963e+01 7.274531500425110986e-01 0.000000000000000000e+00 2.173028206179690613e+00
-6.938973600000002762e+01 7.212215600230329482e-01 0.000000000000000000e+00 2.389351420534895354e+00
-6.844071600000002320e+01 7.113576561613282889e-01 0.000000000000000000e+00 2.043887382926184770e+00
-6.976687600000002476e+01 7.251414697218835359e-01 0.000000000000000000e+00 2.251997319154440458e+00
-6.897880200000004436e+01 7.169504029668006817e-01 0.000000000000000000e+00 1.965287116864387063e+00
-6.952712800000007576e+01 7.226495820661592573e-01 0.000000000000000000e+00 2.120053027070766483e+00
-6.963157800000003306e+01 7.237352122513551755e-01 0.000000000000000000e+00 2.103671495247095624e+00
-6.912223200000003942e+01 7.184411826457159922e-01 0.000000000000000000e+00 1.833561098076581297e+00
-6.919739600000005453e+01 7.192224206279095311e-01 0.000000000000000000e+00 1.975512267942651778e+00
-6.924416800000004457e+01 7.197085584452574958e-01 0.000000000000000000e+00 2.259268155523291632e+00
-6.941005200000005004e+01 7.214327200310987065e-01 0.000000000000000000e+00 2.216623430814617102e+00
-6.972241600000006656e+01 7.246793623208899193e-01 0.000000000000000000e+00 2.509375638982572543e+00
-6.996571800000005226e+01 7.272081894661137635e-01 0.000000000000000000e+00 1.943505051531714933e+00
-6.883814000000000988e+01 7.154883932673260505e-01 0.000000000000000000e+00 2.456921050519297101e+00
-6.927438000000006468e+01 7.200225752873367080e-01 0.000000000000000000e+00 1.832295908019622388e+00
-6.894835199999999986e+01 7.166339124053906495e-01 0.000000000000000000e+00 1.626911873252296026e+00
-6.961907600000004948e+01 7.236052692300501965e-01 0.000000000000000000e+00 2.167671717062695791e+00
-7.047911000000006254e+01 7.325442723003725565e-01 0.000000000000000000e+00 1.968366970461565835e+00
-6.889996600000007732e+01 7.161309990292218375e-01 0.000000000000000000e+00 1.882298398193661848e+00
-6.981811000000001854e+01 7.256739845797901545e-01 0.000000000000000000e+00 2.092922545174811244e+00
-7.011595400000005895e+01 7.287697092028602164e-01 0.000000000000000000e+00 2.336146304027686860e+00
-6.970786400000002914e+01 7.245281120532497399e-01 0.000000000000000000e+00 1.813641060092245683e+00
-6.890872000000000241e+01 7.162219861679594013e-01 0.000000000000000000e+00 2.158018889274291308e+00
-6.974556800000001999e+01 7.249199990853476550e-01 0.000000000000000000e+00 2.034998219286938248e+00
-7.003505600000002573e+01 7.279288732936016748e-01 0.000000000000000000e+00 1.873684114916089438e+00
-6.956852000000003500e+01 7.230798013541018809e-01 0.000000000000000000e+00 2.162166355273984486e+00
-6.958518400000006920e+01 7.232530032823560884e-01 0.000000000000000000e+00 1.857524855943651909e+00
-6.920150600000000907e+01 7.192651390583653104e-01 0.000000000000000000e+00 1.915530479460301416e+00
-6.888888400000001866e+01 7.160158151736698562e-01 0.000000000000000000e+00 2.519002770005814629e+00
-6.908795200000005821e+01 7.180848839118862958e-01 0.000000000000000000e+00 2.296395140235444554e+00
-6.929039200000001131e+01 7.201890004718777272e-01 0.000000000000000000e+00 2.066495227868682782e+00
-6.978191600000006645e+01 7.252977921535292971e-01 0.000000000000000000e+00 2.018366272269318085e+00
-6.899941400000004421e+01 7.171646395333614032e-01 0.000000000000000000e+00 1.902987024750215195e+00
-6.889821200000004353e+01 7.161127683413820444e-01 0.000000000000000000e+00 1.808448384513780871e+00
-6.961884600000001910e+01 7.236028786609489671e-01 0.000000000000000000e+00 2.191058352791493302e+00
-6.965252000000003818e+01 7.239528787648868979e-01 0.000000000000000000e+00 2.212157325583176348e+00
-6.963637000000004207e+01 7.237850192388848303e-01 0.000000000000000000e+00 2.005721761296260119e+00
-6.929955400000002896e+01 7.202842282723256329e-01 0.000000000000000000e+00 2.098003152755909539e+00
-6.950682600000004641e+01 7.224385675709952270e-01 0.000000000000000000e+00 1.858995005922405852e+00
-6.931090000000000373e+01 7.204021560854535489e-01 0.000000000000000000e+00 1.891324900270664910e+00
-7.001387400000004391e+01 7.277087122731822344e-01 0.000000000000000000e+00 1.985669675938935397e+00
-6.881888400000003969e+01 7.152882506646826011e-01 0.000000000000000000e+00 2.119717771414034946e+00
-6.955593200000006959e+01 7.229489644678288585e-01 0.000000000000000000e+00 1.948039842833992230e+00
-6.937821000000002414e+01 7.211017613297386886e-01 0.000000000000000000e+00 1.956907536539643555e+00
-6.906561000000004924e+01 7.178526661081747751e-01 0.000000000000000000e+00 1.934401210904158397e+00
-6.954634400000001904e+01 7.228493089176544206e-01 0.000000000000000000e+00 2.009703154939489256e+00
-6.923160799999999426e+01 7.195780125847872633e-01 0.000000000000000000e+00 2.053147881416645504e+00
-7.036390400000001932e+01 7.313468466314805294e-01 0.000000000000000000e+00 1.945513918649929730e+00
-6.987741200000004937e+01 7.262903564442472204e-01 0.000000000000000000e+00 1.820080003751638476e+00
-6.999265000000002601e+01 7.274881147140570548e-01 0.000000000000000000e+00 2.053098668285859851e+00
-6.865114000000008332e+01 7.135447566504601324e-01 0.000000000000000000e+00 2.044979188750888799e+00
-7.014694600000004243e+01 7.290918331923248452e-01 0.000000000000000000e+00 1.899130695308415939e+00
-6.997237400000003049e+01 7.272773704571394715e-01 0.000000000000000000e+00 1.693528862883116215e+00
-6.825682400000005146e+01 7.094463234086610948e-01 0.000000000000000000e+00 1.733355507382642102e+00
-6.863286200000001713e+01 7.133547791633841895e-01 0.000000000000000000e+00 2.582478092440544160e+00
-6.915904000000004714e+01 7.188237568520990939e-01 0.000000000000000000e+00 1.962872331533303871e+00
-6.924585600000004604e+01 7.197261031437027778e-01 0.000000000000000000e+00 2.055417771406616634e+00
-6.894679800000004377e+01 7.166177604732916206e-01 0.000000000000000000e+00 1.987906117632623371e+00
-6.916739399999998739e+01 7.189105864793567946e-01 0.000000000000000000e+00 1.606004380399575826e+00
-6.953071800000002156e+01 7.226868957316910924e-01 0.000000000000000000e+00 1.983111094876487623e+00
-6.894405400000005102e+01 7.165892399445393801e-01 0.000000000000000000e+00 1.726733818948071209e+00
-6.878880000000002326e+01 7.149755642262769495e-01 0.000000000000000000e+00 1.981208047549970486e+00
-7.041101200000002791e+01 7.318364767584717434e-01 0.000000000000000000e+00 2.035576260963459561e+00
-6.959026200000005247e+01 7.233057828905935516e-01 0.000000000000000000e+00 2.226793837358314931e+00
-6.926468200000005027e+01 7.199217764215056770e-01 0.000000000000000000e+00 1.901247530703475075e+00
-7.006430000000001712e+01 7.282328289578992031e-01 0.000000000000000000e+00 2.164070567848068727e+00
-6.907236600000003079e+01 7.179228864770705876e-01 0.000000000000000000e+00 1.970616371001876255e+00
-6.882989000000003443e+01 7.154026445930528055e-01 0.000000000000000000e+00 2.087500901372816742e+00
-6.892659000000004710e+01 7.164077229933256685e-01 0.000000000000000000e+00 1.643403254613038378e+00
-6.997383400000003917e+01 7.272925453740413104e-01 0.000000000000000000e+00 1.778651139829325434e+00
-7.006725200000003895e+01 7.282635113926212433e-01 0.000000000000000000e+00 2.414714979959416308e+00
-6.985425600000007762e+01 7.260496781046744674e-01 0.000000000000000000e+00 2.023023844750298395e+00
-6.933861400000006370e+01 7.206902092683410421e-01 0.000000000000000000e+00 1.982550335128259400e+00
-6.964344400000005919e+01 7.238585448294075908e-01 0.000000000000000000e+00 2.012414753640686449e+00
-6.927391400000010435e+01 7.200177317864630000e-01 0.000000000000000000e+00 2.028319211276253586e+00
-6.905519400000001440e+01 7.177444045092371550e-01 0.000000000000000000e+00 1.800981646232033162e+00
-6.987006600000003687e+01 7.262140037459182684e-01 0.000000000000000000e+00 2.129742023558988340e+00
-6.930957200000003127e+01 7.203883531473405100e-01 0.000000000000000000e+00 2.465754325137715863e+00
-6.929298400000003255e+01 7.202159411462678573e-01 0.000000000000000000e+00 1.867415820596510789e+00
-6.922510400000003017e+01 7.195104114481238877e-01 0.000000000000000000e+00 2.023274638353888655e+00
-6.968520199999998965e+01 7.242925682403539289e-01 0.000000000000000000e+00 1.996711950009087078e+00
-6.979035200000004124e+01 7.253854740706406901e-01 0.000000000000000000e+00 2.165847855932282240e+00
-7.000305200000006778e+01 7.275962308000930578e-01 0.000000000000000000e+00 2.008070652026793912e+00
-6.896462800000000470e+01 7.168030815475089357e-01 0.000000000000000000e+00 1.909395501997022349e+00
-6.929823599999998862e+01 7.202705292719988606e-01 0.000000000000000000e+00 2.284934809560970947e+00
-6.934320400000004270e+01 7.207379167125730346e-01 0.000000000000000000e+00 1.752491457286632581e+00
-7.001831400000001793e+01 7.277548606506091255e-01 0.000000000000000000e+00 2.171122964894183660e+00
-6.947096000000004778e+01 7.220657843041474733e-01 0.000000000000000000e+00 1.903120140265146087e+00
-6.970168400000007125e+01 7.244638785008852278e-01 0.000000000000000000e+00 2.277849247001356048e+00
-6.964202800000003890e+01 7.238438272387683892e-01 0.000000000000000000e+00 2.046281161210070199e+00
-6.933911200000005692e+01 7.206953853701334456e-01 0.000000000000000000e+00 2.042352747917277167e+00
-6.876804800000000739e+01 7.147598725306981704e-01 0.000000000000000000e+00 1.935054655688311476e+00
-6.908931800000004841e+01 7.180990818135901677e-01 0.000000000000000000e+00 1.961367537162359787e+00
-6.905013200000003337e+01 7.176917912014588730e-01 0.000000000000000000e+00 2.018708256891124098e+00
-6.912533800000004192e+01 7.184734657223577070e-01 0.000000000000000000e+00 2.002485222724074365e+00
-6.954668999999999812e+01 7.228529051650843806e-01 0.000000000000000000e+00 1.967740220879952151e+00
-7.008487600000002260e+01 7.284466913484267669e-01 0.000000000000000000e+00 2.655264961540342750e+00
-6.954292200000000435e+01 7.228137414069435440e-01 0.000000000000000000e+00 1.602515521510737617e+00
-7.005082200000001080e+01 7.280927416085829496e-01 0.000000000000000000e+00 1.776807559117580260e+00
-6.914949000000002854e+01 7.187244962655156000e-01 0.000000000000000000e+00 2.034346440977837567e+00
-6.926419800000005011e+01 7.199167458326150015e-01 0.000000000000000000e+00 1.594270223218894555e+00
-6.903606600000004789e+01 7.175455923102672662e-01 0.000000000000000000e+00 2.418398669635956733e+00
-6.986391600000004587e+01 7.261500820069144435e-01 0.000000000000000000e+00 1.946095865501288991e+00
-6.986393999999999949e+01 7.261503314576027712e-01 0.000000000000000000e+00 2.311914761194776347e+00
-6.959965200000006291e+01 7.234033804725850114e-01 0.000000000000000000e+00 2.345146637119290389e+00
-7.008691600000004485e+01 7.284678946569745905e-01 0.000000000000000000e+00 1.997850670586677202e+00
-7.001431800000004557e+01 7.277133271109249568e-01 0.000000000000000000e+00 1.690959160506548598e+00
-6.958835800000002791e+01 7.232859931359488792e-01 0.000000000000000000e+00 1.738749535182387396e+00
-6.907093000000004679e+01 7.179079610108578535e-01 0.000000000000000000e+00 2.226785687687274695e+00
-6.911842400000003295e+01 7.184016031364269805e-01 0.000000000000000000e+00 2.208642681917534656e+00
-6.987571800000003464e+01 7.262727493831295789e-01 0.000000000000000000e+00 1.996039872295625628e+00
-6.972963400000001855e+01 7.247543846155447556e-01 0.000000000000000000e+00 1.966078351050305040e+00
-6.899612800000002721e+01 7.171304855765535669e-01 0.000000000000000000e+00 1.891245596179054411e+00
-6.901976200000004269e+01 7.173761321423453019e-01 0.000000000000000000e+00 2.076042382295426147e+00
-6.975428400000008367e+01 7.250105912604960512e-01 0.000000000000000000e+00 2.373849020614139160e+00
-6.929548800000003439e+01 7.202419671681322688e-01 0.000000000000000000e+00 2.262976729049192670e+00
-6.967213000000002410e+01 7.241567007651902310e-01 0.000000000000000000e+00 2.358282848565536938e+00
-6.900653400000003046e+01 7.172386432377039212e-01 0.000000000000000000e+00 1.720745603499725274e+00
-6.906822000000005346e+01 7.178797938705814285e-01 0.000000000000000000e+00 1.735138404283705471e+00
-6.974484600000005230e+01 7.249124947771267147e-01 0.000000000000000000e+00 2.114979271069705291e+00
-6.949762600000005364e+01 7.223429448069569325e-01 0.000000000000000000e+00 1.813821771038971020e+00
-6.944194000000004507e+01 7.217641568462785928e-01 0.000000000000000000e+00 1.958626471625851906e+00
-7.035705000000004361e+01 7.312756076722721765e-01 0.000000000000000000e+00 2.122658872068641234e+00
-6.936548200000008535e+01 7.209694693144480526e-01 0.000000000000000000e+00 1.915415910020483947e+00
-7.038213200000005543e+01 7.315363044296212536e-01 0.000000000000000000e+00 2.145913288507701466e+00
-6.936163800000005608e+01 7.209295156291256612e-01 0.000000000000000000e+00 1.839766190611505703e+00
-6.968922200000007194e+01 7.243343512307280907e-01 0.000000000000000000e+00 2.133906041666929987e+00
-7.020675200000003713e+01 7.297134435212463410e-01 0.000000000000000000e+00 2.256042123347698602e+00
-7.000810000000002731e+01 7.276486985949692787e-01 0.000000000000000000e+00 2.613508572587796230e+00
-6.972749600000003056e+01 7.247321627166846136e-01 0.000000000000000000e+00 2.259313829592936251e+00
-6.865139200000005815e+01 7.135473758826922364e-01 0.000000000000000000e+00 1.677034106354054810e+00
-6.917909600000001547e+01 7.190322144777023805e-01 0.000000000000000000e+00 1.791102814837040702e+00
-7.022414000000004819e+01 7.298941705452789419e-01 0.000000000000000000e+00 1.968515327639466683e+00
-6.856213200000003383e+01 7.126196271959459594e-01 0.000000000000000000e+00 2.096344011829965659e+00
-6.909478800000002252e+01 7.181559357830779033e-01 0.000000000000000000e+00 1.998102919831304058e+00
-6.950900000000002876e+01 7.224611636458884156e-01 0.000000000000000000e+00 1.933992651422847819e+00
-6.920858000000006882e+01 7.193386646488885150e-01 0.000000000000000000e+00 2.368934506004202412e+00
-6.954360800000006293e+01 7.228208715391322148e-01 0.000000000000000000e+00 1.938730696479195492e+00
-6.936094000000001358e+01 7.209222607715927156e-01 0.000000000000000000e+00 1.895323627918318321e+00
-6.984383800000001941e+01 7.259413957181791721e-01 0.000000000000000000e+00 2.076015759013578155e+00
-6.976218200000008096e+01 7.250926813246671987e-01 0.000000000000000000e+00 1.890459365926224544e+00
-6.947290600000003735e+01 7.220860105974972187e-01 0.000000000000000000e+00 2.425118725316934398e+00
-7.019965600000004713e+01 7.296396892675924839e-01 0.000000000000000000e+00 2.137350996369292488e+00
-7.037502400000001046e+01 7.314624254506224554e-01 0.000000000000000000e+00 1.921197557350017737e+00
-6.968908200000002751e+01 7.243328961017097001e-01 0.000000000000000000e+00 2.368223504858789852e+00
-6.949269800000006114e+01 7.222917242655242376e-01 0.000000000000000000e+00 1.898138748639536910e+00
-7.017138400000003173e+01 7.293458363561909907e-01 0.000000000000000000e+00 1.831425567981004754e+00
-6.915819000000001893e+01 7.188149221402039268e-01 0.000000000000000000e+00 1.868943345688664603e+00
-6.897913200000010647e+01 7.169538329137722377e-01 0.000000000000000000e+00 1.979018660641600480e+00
-6.979688799999999560e+01 7.254534078082223170e-01 0.000000000000000000e+00 2.202354814911447356e+00
-6.879518800000003864e+01 7.150419596846115944e-01 0.000000000000000000e+00 2.126189545570415174e+00
-6.978986400000002277e+01 7.253804019066349973e-01 0.000000000000000000e+00 2.562613170204401492e+00
-6.968697000000001651e+01 7.243109444410955611e-01 0.000000000000000000e+00 1.894001577202205633e+00
-7.017814000000002750e+01 7.294160567250869143e-01 0.000000000000000000e+00 1.883526205087820538e+00
-6.979310400000001380e+01 7.254140777496222992e-01 0.000000000000000000e+00 1.984364993202224259e+00
-6.906731800000002863e+01 7.178704186821939226e-01 0.000000000000000000e+00 1.981724690354237595e+00
-6.813461400000001333e+01 7.081760997137555025e-01 0.000000000000000000e+00 2.142454294363916212e+00
-6.982084600000000307e+01 7.257024219583126934e-01 0.000000000000000000e+00 1.868928099606560478e+00
-6.922745000000000459e+01 7.195347952529534963e-01 0.000000000000000000e+00 2.107152003429168197e+00
-6.977094400000002850e+01 7.251837516136344641e-01 0.000000000000000000e+00 2.064734833970236938e+00
-6.951538400000005424e+01 7.225275175291083762e-01 0.000000000000000000e+00 1.548458643376201316e+00
-6.930969200000004093e+01 7.203896004007845910e-01 0.000000000000000000e+00 1.926476260156209319e+00
-7.036647000000004937e+01 7.313735170676245456e-01 0.000000000000000000e+00 2.319469091356376911e+00
-6.965157800000000066e+01 7.239430878253513280e-01 0.000000000000000000e+00 2.345446501291428731e+00
-6.996341800000006117e+01 7.271842837751042454e-01 0.000000000000000000e+00 2.575095210493597797e+00
-6.878154600000004848e+01 7.149001677555887335e-01 0.000000000000000000e+00 1.795293548683177365e+00
-6.972653800000003343e+01 7.247222054766901955e-01 0.000000000000000000e+00 2.205430077885128792e+00
-6.924171400000007282e+01 7.196830521123284141e-01 0.000000000000000000e+00 2.010180150579001346e+00
-6.904844400000001770e+01 7.176742465030133689e-01 0.000000000000000000e+00 2.242972127898448242e+00
-6.986066200000009019e+01 7.261162606510256357e-01 0.000000000000000000e+00 2.091947807003865734e+00
-6.973227000000001397e+01 7.247817826161974120e-01 0.000000000000000000e+00 1.851100293355443682e+00
-6.996789800000001947e+01 7.272308479036789786e-01 0.000000000000000000e+00 1.978084293225915724e+00
-6.981597600000002046e+01 7.256518042560446968e-01 0.000000000000000000e+00 2.138887765394326568e+00
-7.001489800000003072e+01 7.277193555025707195e-01 0.000000000000000000e+00 1.952352759873547727e+00
-6.870105599999999413e+01 7.140635725080395346e-01 0.000000000000000000e+00 1.648635251469492857e+00
-6.979363600000004908e+01 7.254196072398910733e-01 0.000000000000000000e+00 1.683025024842609518e+00
-6.993208400000000324e+01 7.268586051133234527e-01 0.000000000000000000e+00 2.213095559550244840e+00
-6.994671400000002848e+01 7.270106660957020850e-01 0.000000000000000000e+00 2.278758652549606190e+00
