1.252613175642264709e+00
-4.119307729166258314e-01
2.237499389152817764e-01
9.602763233859865633e-01
1.339200127610657320e+00
1.081061383302940104e+00
-4.685408363638583484e-01
-8.921852732692568955e-01
1.944329370023796522e-01
2.907042135443609898e-01
1.354547227959820299e+00
7.974204346672500998e-01
1.188995919024002035e+00
-7.013384452449855644e-01
1.363546111288683749e+00
-1.523405906095226525e-01
-6.587572771412867345e-01
1.154703809581649088e+00
1.569221675894450163e+00
-6.619691742566530257e-01
-5.531885911677796308e-01
1.175106515173611088e+00
2.839768538170070467e-01
1.321188612219568403e+00
-2.895993233579988724e-01
3.744035360503884524e-01
1.556403082228333457e+00
1.064076414198459108e+00
1.359802960664177940e+00
1.530516155568600656e+00
1.160079378657475013e+00
9.425293396042302985e-02
-8.616827345447823638e-02
-9.146703265125320781e-02
-3.141046714990677335e-01
-2.935207310696316130e-01
-3.460712894877286672e-02
-8.568370893634535967e-02
6.377829641859390081e-03
1.148908232507432625e-02
9.894079546056891994e-01
-7.932925852924417598e-02
8.698424122557211202e-01
-1.628896185654464257e-01
2.684848998057521446e-02
4.883024876073463472e-03
1.158024138147181192e+00
1.436143111566044461e-01
1.272572178992490199e+00
1.891716134464285215e-01
-3.720347663747552436e-01
-3.107405387024513299e-01
-3.303786968096821819e-01
-2.731386902829894270e-01
-2.823314652463896901e-01
-3.121654031662020046e-01
-9.570307745995870752e-02
-1.629586521127192045e-01
-4.595508881400978823e-02
-5.872414046594339777e-03
1.095790807577317949e+00
5.578585571707977975e-02
1.929237813730555196e-01
1.970324085536911407e-01
1.237424085293967524e+00
2.299772592500896051e-01
-1.247192593473632621e-01
-1.308117637336843331e-01
-2.655524452951497083e-01
7.476895950150979075e-01
-1.134117576754787859e-01
8.927769288084758115e-01
-2.212627415348667193e-01
-2.218359479752945729e-01
1.588084863104451128e-01
1.175378038584199425e+00
1.054833007507617770e+00
3.638547548920136043e-02
-1.513497320729148277e-01
-1.589568616128440304e-01
-5.838597343876872348e-02
1.185124624056511228e-02
-2.850653246276738662e-01
-3.087426367627456036e-01
-2.556606563559392642e-01
-2.626936079190998474e-01
1.043082935601270078e+00
3.096787744508631632e-02
1.087188362414707843e+00
7.171664620482572083e-02
-9.287049476770642409e-02
-8.670026747420804536e-02
1.722779365807428353e-01
1.698024619871592589e-01
1.516404977923581643e-01
1.173300900486191400e+00
-1.724172884041316398e-02
-1.167191100485835513e-02
-9.920946029612456862e-02
-1.107134220946323772e-01
-8.875414372501130855e-02
9.372383395075893908e-01
-1.553127843200799996e-01
8.673308131495375273e-01
1.733779108858499451e-01
1.897230382651317881e-01
1.675122660089050503e-02
2.479651903002890595e-02
-1.794952032326678215e-01
-2.043626473838858759e-01
9.492536060987445679e-02
1.079216022261747787e-01
1.646684488010091013e-02
-4.039372642157916526e-03
1.132067403574680275e+00
1.135013441228200221e-01
-1.000305697178557607e-01
-8.827206539834635268e-02
-2.635848222555717268e-01
-2.394489449681565796e-01
