-5.735999999999999988e-01
-2.469999999999999973e-02
-9.318999999999999506e-01
2.071000000000000063e-01
6.484999999999999654e-01
3.719000000000000083e-01
2.316999999999999893e-01
2.096000000000000085e-01
-4.479999999999999954e-02
-5.685999999999999943e-01
-2.554000000000000159e-01
-6.864999999999999991e-01
2.369999999999999885e-02
7.734999999999999654e-01
1.361999999999999877e-01
-3.492999999999999994e-01
9.439999999999999780e-02
2.913999999999999924e-01
8.903999999999999693e-01
-1.264000000000000123e-01
3.836999999999999855e-01
5.048000000000000265e-01
-5.532000000000000250e-01
2.560000000000000053e-01
-6.257000000000000339e-01
6.280000000000000027e-01
8.222000000000000419e-01
8.214000000000000190e-01
-1.255000000000000004e-01
6.465999999999999526e-01
-3.582000000000000184e-01
4.988000000000000211e-01
2.900000000000000147e-02
-6.207000000000000295e-01
2.854999999999999760e-01
-4.667999999999999927e-01
-4.023999999999999799e-01
-1.753000000000000114e-01
4.541999999999999926e-01
-8.590999999999999748e-01
-2.400000000000000050e-02
-2.690000000000000030e-02
6.885999999999999899e-01
-6.959999999999999520e-01
7.090999999999999526e-01
2.959999999999999853e-01
2.837000000000000077e-01
3.119000000000000106e-01
1.698000000000000065e-01
-9.253000000000000114e-01
-6.378000000000000336e-01
-2.391000000000000070e-01
-5.518999999999999462e-01
-7.341999999999999638e-01
-9.002000000000000002e-01
-8.335000000000000187e-01
-2.426000000000000101e-01
5.182999999999999829e-01
-7.495000000000000551e-01
-1.122999999999999970e-01
-4.799999999999999822e-01
-6.743999999999999995e-01
-2.000000000000000042e-03
1.733000000000000096e-01
1.540999999999999870e-01
4.750000000000000056e-02
5.920000000000000262e-02
1.287999999999999978e-01
-6.400000000000000133e-01
4.591000000000000081e-01
-5.370000000000000329e-01
-5.199999999999999761e-02
-4.062000000000000055e-01
4.719999999999999890e-02
1.084999999999999992e-01
-6.966999999999999860e-01
-7.717000000000000526e-01
-8.376000000000000112e-01
-5.479000000000000536e-01
-7.894999999999999796e-01
-1.468000000000000138e-01
9.769999999999999796e-01
6.337000000000000410e-01
-7.358000000000000096e-01
-8.612999999999999545e-01
-1.973000000000000032e-01
4.966999999999999749e-01
-9.834000000000000519e-01
-4.630000000000000226e-01
6.129000000000000004e-01
-8.490000000000000324e-02
5.813000000000000389e-01
-1.471000000000000085e-01
1.024000000000000049e-01
-1.047000000000000014e-01
-2.873999999999999888e-01
6.625999999999999668e-01
5.319999999999999729e-02
6.016000000000000236e-01
-9.510000000000000397e-02
-6.955999999999999961e-01
-3.306999999999999940e-01
-5.506999999999999673e-01
9.026999999999999469e-01
-5.585999999999999854e-01
4.909999999999999920e-01
3.748000000000000220e-01
2.591999999999999860e-01
-1.218999999999999945e-01
3.998999999999999777e-01
-8.306999999999999940e-01
4.011000000000000121e-01
-2.873999999999999888e-01
8.073000000000000176e-01
-9.222000000000000197e-01
5.067000000000000393e-01
6.633999999999999897e-01
5.900999999999999579e-01
-4.042999999999999927e-01
-6.981000000000000538e-01
-4.414000000000000146e-01
8.314000000000000279e-01
3.421000000000000152e-01
-7.859000000000000430e-01
9.021000000000000130e-01
5.008000000000000229e-01
-8.181000000000000494e-01
9.050000000000000266e-01
6.975000000000000089e-01
-3.871999999999999886e-01
8.008999999999999453e-01
-3.826999999999999846e-01
5.493999999999999995e-01
-8.434000000000000385e-01
-9.361000000000000432e-01
8.556000000000000272e-01
4.454000000000000181e-01
4.809999999999999692e-02
-3.109000000000000097e-01
3.222999999999999754e-01
8.137999999999999678e-01
-5.197000000000000508e-01
9.986000000000000432e-01
7.550999999999999934e-01
-1.428000000000000103e-01
-1.670999999999999985e-01
7.109999999999999654e-02
-2.897000000000000131e-01
-1.237999999999999934e-01
9.074999999999999734e-01
4.950999999999999845e-01
-1.723000000000000087e-01
9.900999999999999801e-01
-4.233999999999999986e-01
5.731000000000000538e-01
1.476000000000000090e-01
8.034000000000000030e-01
-4.013999999999999790e-01
6.965000000000000080e-01
-6.627999999999999448e-01
-8.698000000000000176e-01
1.205999999999999989e-01
-8.808000000000000274e-01
-2.751000000000000112e-01
1.796000000000000096e-01
6.400000000000000133e-02
2.656000000000000028e-01
2.235999999999999932e-01
5.778999999999999693e-01
8.027999999999999581e-01
-2.837999999999999967e-01
-5.320000000000000284e-01
2.401999999999999968e-01
-3.316999999999999948e-01
6.747999999999999554e-01
4.186000000000000276e-01
-5.322999999999999954e-01
5.899999999999999689e-01
-3.197999999999999732e-01
8.187999999999999723e-01
9.183000000000000052e-01
1.035999999999999976e-01
4.897000000000000242e-01
3.119999999999999857e-02
-9.795000000000000373e-01
-4.807000000000000162e-01
-3.806999999999999829e-01
-5.275999999999999579e-01
2.121999999999999997e-01
-2.504000000000000115e-01
-3.312999999999999834e-01
-6.717999999999999527e-01
-8.111000000000000432e-01
8.983999999999999764e-01
4.097000000000000086e-01
-4.540000000000000147e-01
8.325000000000000178e-01
5.419999999999999818e-02
-1.696999999999999897e-01
-7.802000000000000046e-01
1.821000000000000119e-01
-3.780000000000000027e-01
1.125000000000000028e-01
-9.537999999999999812e-01
9.024999999999999689e-01
-8.253000000000000336e-01
8.849000000000000199e-01
-3.518000000000000016e-01
-9.021000000000000130e-01
-5.279000000000000359e-01
7.308999999999999941e-01
6.511000000000000121e-01
-1.414999999999999869e-01
4.869999999999999885e-01
6.296000000000000485e-01
-6.296000000000000485e-01
7.255000000000000338e-01
-1.471999999999999975e-01
-7.339999999999999858e-01
9.649999999999999689e-01
-4.718999999999999861e-01
-7.887999999999999456e-01
8.801999999999999824e-01
-5.561000000000000387e-01
-1.163000000000000006e-01
3.431000000000000161e-01
-9.810999999999999721e-01
4.159999999999999809e-01
5.560000000000000497e-01
1.857999999999999929e-01
-6.623999999999999888e-01
-2.541999999999999815e-01
-2.742999999999999883e-01
4.818999999999999950e-01
-7.981000000000000316e-01
-4.969000000000000083e-01
2.732999999999999874e-01
6.116000000000000325e-01
-7.259999999999999787e-02
-1.048000000000000043e-01
8.429999999999999716e-01
4.389000000000000123e-01
-9.484000000000000208e-01
-9.334000000000000075e-01
-4.615000000000000213e-01
-6.092999999999999527e-01
-7.745999999999999552e-01
1.480000000000000066e-02
-2.544000000000000150e-01
-1.100000000000000006e-01
