-5.345113295982210078e-01
1.373522966289245639e+00
1.582158555767169961e-02
9.220784852325700776e-01
2.428328367706032026e-02
2.817182854203632847e-02
9.350979357036214024e-02
6.915390022713341356e-02
3.514566075364215780e-02
9.028994001896226270e-04
4.321790722767309550e-02
3.841084630797544225e-02
1.482676663473757664e-02
4.291424254418156614e-02
4.601077748240900434e-02
6.299992962355950576e-02
6.270800172044233012e-02
1.298334276586278306e-02
3.400578997988465413e-02
4.054830170536231210e-02
6.433540281526600735e-02
1.716268423012012184e-02
6.668367515755878328e-02
5.704713583375246172e-02
4.934726281826981586e-02
3.393669569897225791e-02
6.812149208870287020e-02
5.139723779628180972e-02
2.600117279377066673e-02
3.459082905572707228e-02
1.096056556594306002e-02
1.598925428968856963e-02
2.484842172614982678e-02
6.786199663008861405e-02
2.589854430696859888e-02
7.484000752977011395e-01
4.342568918673253564e-02
2.888466515488223932e-02
1.192751445843638451e-02
3.739300902293322265e-02
6.656618821788762297e-02
1.161817436257517322e-02
7.880532646925773876e-02
8.803211025021642766e-02
5.153579042757494566e-02
5.528774763323183322e-02
6.643972664009904772e-02
9.714703114970441034e-02
1.047055899767776466e-01
1.041071559150311548e-01
5.479694544765379566e-02
8.325901566218843475e-02
9.470526833749118301e-02
1.088584314767686856e-01
4.271051362805744489e-02
1.832834277037102486e-02
5.737824595630239971e-02
4.677690719214504245e-02
1.344028182823802930e-01
9.595690338422140087e-02
6.071589441188151616e-03
4.367229310702724215e-02
4.314899589532561475e-02
4.169880551918091205e-02
-6.098537091887284035e-04
5.279910204579407740e-02
3.550922338945328161e-02
8.708532694808998609e-02
7.055031777556602934e-02
7.522188811860947011e-01
6.277524596637663878e-02
2.928438936912987692e-02
4.782504430881216739e-02
5.218148579126125758e-02
1.451873966331247191e-02
6.164276617033865452e-02
1.293708950419451831e-01
6.200565194186037632e-02
1.058793381549882201e-01
2.227834109142991584e-02
2.477718460621207777e-02
8.469616277110124380e-02
7.023391301587814106e-02
-3.699777720537496435e-03
3.705256744420804688e-02
9.674117405621691923e-02
5.065217996770089021e-02
3.337919250491053896e-02
8.557069697711520984e-02
4.662793839923927430e-02
1.186918504161589734e-02
5.422938539502048655e-02
4.727103299954676929e-02
8.345276391172097574e-02
-3.407814559718595065e-02
3.850080058222035695e-02
1.148562981129321869e+00
8.446510731488956480e-01
5.676736636597817798e-02
8.121335546676977657e-02
7.237431167595542725e-02
1.259245187936662846e-01
7.717972657549350135e-01
1.004944423198264603e-01
1.360969665339751833e-01
8.742852465424315322e-02
3.339239478095093472e-02
8.109391110357662413e-02
8.611720983173525024e-02
9.647312688686586479e-02
1.548137261764240269e-01
9.482411843033156096e-02
1.631738726777789139e-01
7.946542693524086265e-02
1.469720544685167718e-01
4.918648421158543921e-02
1.227691168871367228e-01
8.805282014402830704e-02
6.967293011047716311e-02
5.155184215524721142e-02
9.675666991910228387e-02
1.033742630625360814e-01
9.962566746413159535e-02
7.989495486174834626e-01
1.423167956756154207e-01
6.732468328385897427e-02
1.098203899744608220e-01
5.264486657064315622e-02
1.327775957651314287e-01
7.050871056024646255e-02
4.190792673827689607e-02
6.707772502558008443e-02
9.109144221311135659e-02
1.174744426141589804e+00
1.052504352449708858e+00
-1.331359080798563410e-01
-3.506052274571709593e-02
-3.757648407308566973e-02
-9.799756739730824950e-02
-1.144787292679911445e-01
-1.279411358456273573e-01
-8.193231999316000214e-02
-1.319281506096602330e-01
-7.926413018220755669e-02
-1.493926517153704517e-02
-1.216176140653359716e-01
-7.908706322412714651e-02
-5.831278552310192181e-02
-9.247692484196225193e-02
-6.629867244847421903e-02
-1.410105920964215831e-01
-8.769753480902230114e-02
-7.814705561822599122e-02
-2.205631604211374386e-01
-3.672434154725774669e-02
-9.973463456844181008e-02
-7.180541781546588564e-02
-1.435097621577764160e-01
-1.028247561166255597e-01
-9.724008939655680306e-02
-5.379397790233364160e-03
-3.582064117369893747e-02
-1.060561952857136392e-01
-9.632454949526160493e-02
-3.709009708916792547e-02
-6.203800134857236775e-02
-7.078512602167846834e-02
-1.079889225784358975e-01
-1.140520168816052254e-01
-1.144541700121000788e-01
-8.217504912322132204e-02
-9.584254880780501695e-02
-8.925725763684701219e-02
-8.141175975491274364e-02
-1.094344276394679794e-01
-7.557914866666996800e-02
-1.203423052485495387e-01
-5.886614240451037983e-02
9.655883749617178990e-01
-1.028345295643893209e-01
-1.678774386548910758e-01
-1.146263159513890156e-01
-1.109189017533077359e-01
-1.152760855391937456e-01
-1.132972838176271313e-01
-8.781032618954569269e-02
-6.221518813531748404e-02
-1.136149597019265600e-01
-1.236675831251368568e-01
-5.034461359984793161e-02
-8.819017185087880961e-02
-9.187195243927523403e-02
-1.453274730840061757e-01
-1.056062389645234662e-01
-7.528424647353457178e-02
-1.139993828384553015e-01
-8.202680864491646018e-02
-1.092838673997261340e-01
-9.140554945368638273e-02
-2.643916102885572952e-02
-2.372020579805324825e-01
-3.959768000783462499e-02
-4.027474862176473602e-02
-1.332308354420937979e-01
-1.436527422580024249e-01
-4.865789261562258189e-02
-7.259664732795688413e-02
-8.074769810233699274e-02
-1.178736913582845991e-01
-1.205684329651359049e-01
-1.087593245867381625e-01
-1.550356375154478272e-01
-6.364771181762360341e-02
-5.992644873939111105e-02
-1.410428506089174694e-01
-1.605512763850071301e-01
-6.399877640117761224e-02
-4.443516063345423484e-02
-1.411960855817019356e-01
-5.587951741940427874e-02
-9.431544445463482806e-02
-5.148331673101648465e-02
-1.019326569425170470e-01
-9.083461190642559691e-02
-7.886263134536172781e-02
-1.695004669229033811e-01
-3.232190504375846013e-02
-1.207023831879392300e-01
-1.479053574184253372e-01
-1.346820575405244247e-01
-1.477507031772414270e-01
-1.142734104716945226e-01
-1.121004786226637989e-01
-1.617282090696669783e-01
-9.471097085193208587e-02
-1.869571656326330170e-02
-1.237158953247819160e-01
-8.498251431734388239e-02
-9.641230228241316758e-02
-1.114903445168400897e-01
-1.132237420189460275e-01
-7.300701729074191362e-03
-1.897896605630169931e-01
-4.789410099624472755e-02
-8.459746349570636259e-02
-7.099909515056616882e-02
-8.510990967840383059e-02
-1.430464735259052295e-02
-1.421206959647138279e-01
-6.781116886384314091e-02
-1.355757832547596908e-01
-1.706477720228300743e-01
-1.024569083571121031e-01
-9.141252357170455423e-02
-1.088418108310946625e-01
-1.266086425954795758e-01
-5.079026095959228437e-02
-1.471109987652424456e-01
-9.580511265503807716e-02
-1.293883212722198583e-01
-1.614409826905382206e-01
-1.084999726541849563e-01
-1.476290434317751588e-01
-1.037966502278370451e-01
-6.573510920422842574e-02
-8.435760971722458534e-02
-1.061892607140442341e-01
-1.507776454075704375e-01
-1.575420815677858744e-01
-7.792846175287750088e-02
-7.834631324056648416e-02
-6.447127473493684258e-02
-9.339166788246237860e-02
-1.301414922652242845e-01
-1.349254712757541053e-01
3.697975733227741590e-03
-3.392729568169773613e-02
-8.127712051706577345e-02
-4.685081175784540364e-02
-1.529287781977222982e-01
-8.287499462211275758e-02
-1.173477414598496360e-01
-9.611851914416871812e-02
-1.585394428740989348e-01
-9.805593321438629828e-02
-5.203838305125155217e-02
-5.547237830276056242e-02
-9.650314217593759791e-02
-1.130448493330524634e-01
-3.950522830432511012e-02
-4.397387402004006990e-02
-8.428861157595587961e-02
-9.805890865754961216e-02
-1.169976026405546154e-01
-1.282965901612856952e-01
-1.231466695322351035e-01
-9.747532775606566890e-02
-7.367319843244257704e-02
-1.179958210861240669e-01
-9.570834013047013755e-02
-9.525092301067071554e-02
-1.245940713009962147e-01
-1.711259237657864751e-01
-8.557248605251016604e-02
-5.525504704281092305e-02
-6.743236077764201697e-02
-5.744120020734894139e-02
-1.366300365154845264e-01
-1.655410077537070590e-01
-1.368025430005008203e-01
-1.138186871501279257e-01
-1.124980709495476683e-01
-1.899782044129068315e-01
-7.763998695471072131e-02
-1.585781243694986964e-01
-1.227111590293887000e-01
-1.272119207429152632e-01
-1.356535387061746367e-01
-8.951049372433336759e-02
-6.907291715530408660e-02
2.154400728738918493e-03
-1.199986091716354064e-01
-2.991688702914221953e-02
-1.160934192831858808e-01
-5.351626320792823160e-02
-1.066840835553123923e-01
-1.159473117105197237e-01
-7.121834312548613877e-02
-7.077261246118841942e-02
-1.309082819942734566e-01
-1.439329261774153768e-01
-7.901285784315274785e-02
-1.029494212865737224e-01
-1.147524925996477180e-01
-8.108852948533268323e-02
-7.831552516443393563e-02
-8.888005583772805307e-02
-1.676294222301904502e-01
-1.358587653294000830e-01
-3.250748507137793397e-02
-1.230865561227930255e-01
-9.455889362746582039e-02
-1.044806165515150681e-01
-7.945775499809644427e-02
-2.397477208349955632e-02
-6.615238799018814675e-02
-1.368654628232460202e-01
-1.468500760434352792e-01
-1.233533314534098341e-01
-1.341817844451620723e-01
-4.996494615761540303e-02
-9.282320205178255790e-02
-1.103561640898082508e-01
-8.809451995583565675e-02
-9.395088951327291993e-02
1.002408040863802530e+00
-1.676649857531525289e-01
-7.678079055862978286e-02
-1.677906237743782558e-01
-7.423713807007205345e-02
6.614447302502911574e-01
-1.373212018490008179e-01
-1.087139194828427857e-01
-6.332771854142407730e-02
9.375228984742139948e-01
6.332477227129009734e-01
-1.668403048088961949e-01
-9.991522236054499462e-02
2.675417730726536991e-01
6.674875136660101127e-01
-1.347647841862845419e-01
-1.454736773802149108e-01
-9.326942380132448307e-02
-1.189003674602569782e-01
-1.933353330547187277e-01
-1.899978621924635347e-01
-8.903204893628467731e-02
-1.146558806743055992e-01
6.270394073835683368e-01
-1.973187523850688241e-01
6.384060331025604995e-01
6.309107825484044918e-01
-1.003152474068912947e-01
-1.178284463634100276e-01
-9.152059430617150160e-02
-1.457554778496356618e-01
-1.816937278642401787e-01
-1.521301183700789761e-01
-1.165165028599803448e-01
8.536313501843845186e-01
-4.623871368925109859e-01
2.419920274981525177e-01
-2.470459286309488814e-02
-8.578499539698658527e-02
-1.876100846890436241e-02
-1.283053221446908698e-01
1.000551275102334881e+00
9.516704338494516024e-01
-2.435416982283821700e-03
-4.723232282332927995e-02
1.089498946328727458e+00
6.927823039022255047e-01
6.371859479791154302e-01
-1.637262254330412725e-01
1.544897724027311792e-01
1.481377934348386605e+00
1.006276117477416188e+00
5.016040182518362658e-03
-9.177789603108854957e-03
-1.236619791190911033e-01
1.046664336011122742e+00
1.056376086691656280e+00
1.098376033941916630e+00
1.055290897098318803e+00
-1.198055704740936395e-01
-1.785506370735159554e-01
-8.291157555888728492e-02
-1.957509346658220170e-02
1.005289890969639721e+00
1.058310389711271560e+00
1.008300443778362920e+00
-1.320609016314768791e-01
-4.447870894576076706e-02
1.024096449947414778e+00
-1.191213840099817622e-01
9.981220938430337419e-01
1.030454350016686282e+00
1.013132021353017054e+00
1.120781104486877178e+00
-7.616686500846887864e-02
4.755142822920584433e-01
-1.576077621267272522e-01
-1.388153931383357964e-01
-1.021445116842409906e-01
7.312990980727201995e-01
8.233039807704850555e-01
5.846664341182209457e-01
-7.152628798521130926e-02
-1.955890280084857102e-01
4.938217273866340462e-01
-2.976352328618505627e-01
1.486311822711011477e+00
-4.808736261410204160e-02
-2.084210793517158322e-01
1.058105741364061769e+00
-6.451912548129608294e-02
-1.492410873636256241e-01
-7.331602596356402712e-02
-6.404575911060875204e-02
-5.118492512069108269e-01
-3.051868094052614944e-01
5.662657793683916196e-01
4.874165574698467451e-01
1.939569485452385667e-01
8.141799036270161993e-01
-1.145957189441643015e-01
-9.387717095596340156e-02
8.093994362237667550e-01
-1.258409352990193242e-01
7.895106962212137258e-01
-9.291014769063649092e-02
-1.101120393564510441e-01
1.017574638737619441e+00
-1.389505456819176664e-02
-5.123469709108840336e-02
-6.186711515121121052e-02
-9.793081359850551448e-02
-1.559077649533436027e-01
-8.334303628950663623e-02
-7.234471506960055143e-02
-5.833476825694729195e-02
1.022674708838582136e+00
-2.071766601758518594e-02
1.057066068120513291e+00
1.025716489433911693e+00
-6.334033022133482571e-02
-5.469965850473044316e-02
1.010418806086543775e+00
-6.775104685551987249e-02
1.006865401229589452e+00
