1.504645260697153208e+00
-4.486652332967152462e-02
9.416470361859283766e-01
-3.852269828000073892e-02
1.179865539905207428e-02
3.615876997742591831e-02
9.673570455440556187e-03
1.635749385597929165e-04
5.122443212011233010e-02
7.187457094835653613e-03
5.363486813007687509e-02
-7.023026009603125508e-03
1.322203896767458996e-02
4.305077873060740579e-02
-4.723135536932021594e-02
2.937128588180733940e-02
1.534883498574657161e-03
4.617890077048043829e-02
2.687255962943103926e-02
1.122857766692708648e-02
6.614132479681353663e-03
2.459287310151226161e-02
1.729072079834504359e-03
4.395253805233442779e-02
-9.652501744025352576e-03
5.047190453768285456e-02
3.350406845945518020e-02
2.584766851276982733e-02
1.474282902722078709e-02
-1.347570651270717235e-02
-1.776246627408215040e-02
2.193455006016272954e-02
1.932567954497299567e-02
-7.629194095417036851e-03
3.787761990184460720e-02
1.970768782155137705e-02
4.277625498723214813e-03
4.740722159702696198e-02
-1.280922133059175100e-02
1.545726817409698653e-02
2.884054538640069831e-02
-2.591838668703232845e-02
-5.445415497021487659e-03
-1.504519981771341650e-02
1.853827316286918263e-03
-2.481113995742784475e-02
8.784798665836295734e-03
-8.091874927295177045e-03
2.946369716806649525e-02
-1.241984512713864564e-02
1.196224835175177525e-02
-6.610796744820160789e-03
1.060089295389033716e-03
1.788531228049678248e-02
-3.854391465355813673e-02
-2.048176805948976470e-03
4.739473358537018427e-02
1.599849859929521750e-02
2.096922675910548733e-02
1.178691666809331996e-02
1.687415797665779704e-02
4.989945408334173910e-02
2.146699890373925459e-02
1.085780860083949279e-02
-3.865674278547413106e-02
4.838678123137488823e-02
-3.378899328079333977e-03
6.339424923974006088e-02
-3.509400889494794507e-02
-2.272410611948427403e-02
-2.082215401007427025e-02
-8.048791287079994777e-03
-1.867974797743923547e-03
2.384284312141266710e-02
-1.419126958063227952e-02
1.851745543055575982e-02
1.110681955327333034e-02
2.811261918693658962e-02
3.278763123071590235e-02
1.274537156274030761e-02
5.825705588454913042e-02
-9.185949628533876532e-03
2.562937806901304655e-02
6.824981203935462926e-01
-1.694100486730655553e-02
3.606357625007584888e-04
3.211577620358787438e-02
3.134002091947635238e-02
1.420771772773285306e-02
-1.080776770238111445e-02
-1.829470533088822098e-02
-2.125923441805742040e-02
2.314526279027447758e-02
5.056931102860402066e-02
-4.660793724633937804e-03
-8.544565349849639335e-03
3.277052265474466458e-02
9.078391819885379965e-03
-2.585161307183346351e-03
-1.626278095423503572e-02
-1.470752398251735753e-02
5.880465519569214733e-02
-1.542895641592217752e-02
1.100416809745617328e-02
1.948914761755994249e-02
2.146000561720928443e-02
-1.134600100478320994e-02
-1.322319891700906441e-02
1.462669051881133539e-02
-1.034221462782172925e-02
-8.053661611626097144e-03
2.888937351197823009e-02
-1.916024941880927965e-02
-1.270819331628949417e-02
1.703912461064257394e-02
2.828507862791380945e-02
2.405048150810110835e-03
5.728607573108928513e-03
3.760038604306832621e-02
-2.004702312654671470e-02
2.044985035430483405e-02
-3.012756715602927723e-02
6.718685837986224096e-02
2.393363096615663474e-02
1.880043377469508073e-02
3.579262147565244467e-02
-6.191574193505645571e-03
-3.525091647728326172e-02
4.460753426372446317e-02
2.244830685971616058e-02
-1.154768239303806746e-02
2.173074570992537813e-02
3.493681803682381626e-02
2.389991333468460127e-02
5.168174310697774138e-02
1.905028164077992962e-03
5.804784444212997448e-03
-7.050374755132347154e-03
2.191144723859677138e-02
1.945792758841780393e-02
-2.431055518624024997e-02
2.364927894073504816e-02
-5.911967612512241191e-03
-1.713344512693611849e-02
4.157244791069502482e-02
2.361855843205919181e-02
-1.531044518529988373e-02
1.047717400554513609e-02
-3.152231447822129162e-02
2.373856822407994366e-02
4.625195563866994070e-02
1.450006208061457857e-02
-1.491211486062639889e-03
-3.295479410213370680e-03
3.971610497793407607e-02
2.374381318897576809e-02
7.266880848972196230e-03
1.380872575530442750e-02
3.946447154305413041e-02
-1.727967974343396634e-02
-2.327979470410114146e-02
-1.826898002687443040e-02
2.009868746651893509e-02
6.008588794449780737e-03
1.785084536832399690e-02
-5.035059433983913625e-03
7.980820475383282667e-03
1.616305334575995553e-03
2.011267403957674518e-02
3.165646713485663344e-02
-3.978199007481375733e-03
-4.739842838420996879e-03
1.503167673683671740e-02
-2.510242000538728813e-02
4.865252611942633837e-02
5.921313805698197319e-02
1.037639575147449554e-02
-6.940605132668962486e-03
-7.521547434937627535e-03
4.810305360653491236e-02
2.027451867064587049e-02
1.880492945889200226e-02
-1.438886717220796106e-03
3.375919853760292466e-02
2.772474154488016249e-02
-3.080527833660211268e-02
4.314964653574907862e-03
2.366513871553922038e-02
3.266924488020900297e-02
-1.878423538782770380e-02
3.356351139494186814e-02
1.823884789049673438e-02
-1.907936435044061373e-03
-2.058275882661752057e-02
2.929947981478146779e-02
1.743624338132520116e-02
-7.031767617763845686e-03
4.860994199967780954e-02
7.098792212073533683e-03
-9.127505733981003747e-03
-1.129942072130303218e-02
9.600515587249766614e-03
1.734807801902825408e-02
3.142581355955782751e-02
2.783763317025601119e-02
4.811753970005640951e-02
3.655376578612451466e-02
5.180987010657567976e-02
1.589622178382867762e-02
-2.151926472668294274e-02
3.281772733880700815e-02
-3.393010781251562698e-03
6.810874841328075080e-01
-3.098242033043490176e-02
1.497647972531636687e-02
2.585715940162880075e-02
-8.830415936669350901e-03
4.492572880073575359e-02
1.231703276291711002e-02
4.328630263045225857e-02
2.561052117141268680e-02
-4.076105018869183999e-03
1.521237826551014027e-02
3.028203657192538034e-02
-2.290665291580039689e-02
5.590056808494120455e-02
1.793401552595899270e-02
-4.474278951562118967e-02
2.757326196348480057e-02
-1.644223368173990119e-02
-4.932283098050042024e-03
1.145898148198978839e-02
5.643564213725171461e-03
2.636155019244131037e-02
1.508487566649432260e-02
6.602110249171448675e-02
1.936239429924404079e-02
-2.690310365332760148e-03
-2.769955178962007700e-02
7.970917699005953053e-04
-4.147645795313528033e-02
-1.637017785448281054e-02
-9.528495788275623268e-03
5.337536724784961578e-02
1.289672626401827497e-02
-9.893395488881011335e-03
1.924200986687357728e-02
1.064726072430922585e-02
-4.543156654827536396e-03
-1.313403451378018783e-02
-1.237064236120993116e-02
-1.593134912486820348e-02
-1.469903213459125037e-02
-6.443332508502633629e-03
-4.430889430035224799e-03
2.225486755915488668e-02
7.903644563343576249e-03
3.435212933105885602e-02
2.903569576142891150e-03
1.542242662157552666e-02
-7.504563739083861505e-03
4.500786267027392061e-03
-4.967417323190372047e-02
3.358382960677287754e-03
1.227082711978830926e-02
-7.546273698016451106e-03
-3.718411709821616007e-02
1.661066093070257335e-02
9.400457640511044460e-03
3.842309625100662901e-02
-1.826211162046288000e-02
-1.965889572425809015e-02
-2.544200628949868682e-03
1.076052569366025224e+00
-5.168085895095315269e-02
-8.623506232475976196e-02
-1.253109249592015417e-01
-6.348040652496311775e-02
-7.956633921999781145e-02
-1.005680528235513710e-01
-6.378099296553718656e-02
-1.029126770120830647e-01
-1.282449832979273563e-01
-7.764855526988607981e-02
-5.008451642088629363e-02
-5.142023414767910722e-02
-3.082200820075027548e-02
-3.343512463990377936e-02
-5.605066398984449860e-02
-9.574555736210639545e-02
-8.558019099348582182e-02
-6.353285617392119555e-02
-2.694810210474459997e-02
-6.926335496291938232e-02
-2.273839337528957630e-02
1.010611591034465073e+00
-9.677547169278108430e-02
-7.430554255875423952e-02
-3.974909134285155299e-02
-6.072695284414164618e-02
-6.882767624557054043e-02
-7.318299519093988958e-02
-6.969571793582314545e-02
-6.081561772690441403e-02
-8.633099826363439810e-02
-2.604274926898929310e-02
-4.304317905764018515e-02
-7.070087799406699069e-02
-5.349027496923391273e-02
-5.378836380748048401e-02
-7.259018927759978979e-02
-9.197333169033655720e-02
-8.670888549636182607e-02
-6.947430548915053961e-02
-2.650480570028477742e-02
-5.012875199149941646e-02
-3.038046011792467499e-02
-5.568179613485847029e-02
-7.734387579481645514e-02
-6.976302831864847169e-03
-7.151035090965009167e-02
-9.527828397526659499e-02
-6.906694654891101792e-02
-9.124977629495165110e-02
-6.361268257775902490e-02
-9.667831496209192133e-02
-9.176253405357187587e-02
-8.892912908879772871e-02
-6.831779072963017896e-02
-1.379338351510800767e-02
-8.948122408413654305e-02
-4.361550463186225635e-02
-5.496585842658384402e-02
-8.187952162850847815e-02
-4.872597364211070370e-02
-4.008401981548263826e-02
-1.154310625464020912e-01
-5.133859056079519145e-02
-5.801880263628330509e-02
-3.812877183040244006e-02
-3.636546458448509239e-02
-3.560706763657768559e-02
-5.852781399140718349e-02
-9.054233043460149788e-02
-5.008866547408302033e-02
-1.207299756525467560e-01
-7.215523183159912313e-02
-7.468817523591479712e-02
-7.973370658554720936e-02
-1.050601435059117655e-01
-1.077189660677281141e-01
-4.053396287547295779e-02
-5.291445275174803953e-02
-2.217758478114204013e-02
-5.447607860940870128e-02
-5.018319972232288678e-02
-3.774414107137741281e-02
-5.999952616514263315e-02
-8.965892849001128040e-02
-7.710223276924888826e-03
-7.929075681208737347e-02
-8.564902794706515110e-02
-6.987504578321276916e-02
-5.103200987462498672e-02
-8.524004556531036836e-02
-1.001252559395579833e-01
-8.165423789822183476e-02
-9.058941023854884256e-02
-5.682007839736130661e-02
-8.281624738287235443e-02
-6.935217273514948655e-02
-5.416812424195748682e-02
-7.984972021383729412e-02
-3.291777432631986383e-02
-7.298231284361812732e-02
-6.411857192996818500e-02
-9.472381625771135460e-02
-8.085463051184650640e-02
-6.170114263347661887e-02
-7.467331450204413301e-02
-1.041583841841870056e-01
-6.124595460859131452e-02
-7.927614583844755369e-02
-6.424407644711725707e-02
-5.108008871950454888e-02
-3.651744368635975648e-03
-6.919469890815883872e-02
-5.104924333071146625e-02
-6.136633904096083086e-02
-1.047681737933739941e-02
-7.980139160872697091e-02
-6.292496777582674838e-02
-8.323509529382910541e-03
-6.667399375526673888e-02
-1.971270104035397625e-02
-8.151774393081491488e-02
-2.257020786762840847e-02
-1.017260941538305520e-02
-1.073850366360291630e-01
-5.676425698525605634e-02
-8.194758129203702501e-02
-1.045023040252117674e-01
-8.435102401547386886e-02
-1.061784449497644445e-01
-8.267850461430038822e-02
-6.295356532251963899e-02
-1.029951258983726886e-01
-6.811698350218942100e-02
-1.350032174418949737e-01
-4.978433263001186271e-02
-6.807827066605490196e-02
-4.944016302875302304e-02
-1.116151008244822967e-01
-7.282259117452873076e-02
-6.267658122397679055e-02
-1.004922786021476000e-01
-5.776417207860354286e-02
-2.639790832050454769e-02
-8.597846169456789533e-02
-6.892295977451144695e-02
-6.674317733984597156e-02
-9.512255846990880226e-02
-1.072442967446592954e-01
-7.478158556310667004e-02
-8.827388311717418445e-02
-5.068259530847326472e-02
-4.699338690486782460e-02
-6.611715331549802843e-02
-7.708637299445574020e-02
-7.616887877804295881e-02
-4.664709434162955110e-02
-3.916615095871844865e-02
-3.736113375386764662e-02
-8.202375816314232126e-02
-5.019331501176528543e-02
-1.027602263991089504e-01
-1.903410248693463563e-02
-8.510330183767028656e-02
-6.163695425356077728e-02
-9.548833233133063869e-02
-7.361620431530993547e-02
-3.443194573968798994e-02
-8.288043576278737723e-02
-1.139729623053725716e-01
-7.316738517636940664e-02
-7.628164552330343740e-02
-6.278385324410634682e-02
-9.918041297761732988e-02
-3.087710834150734357e-02
-9.115236980402849354e-02
-7.065204986848849789e-02
-7.207643247804601527e-02
-8.744904994725311020e-02
1.006283467945154664e+00
-1.064945165247942749e-01
-7.612317265537930921e-02
-5.471609819345114867e-02
-9.262345757718180861e-02
-9.913158485203896197e-02
-9.825742403607524988e-02
-1.072027116658416102e-01
-7.624380684798129360e-02
-5.262036007723346065e-02
-5.522023922402927859e-02
-9.874333256963410688e-02
-2.472601331991234469e-02
-2.409574337160336199e-02
-5.675301777476496334e-02
-4.809820129613161244e-02
-7.949468604243958847e-02
-3.114023074711258152e-02
-9.238143991127627241e-02
-9.397565947936276087e-02
-1.458683431173657119e-01
1.056551711026860740e+00
-4.652895775135696549e-02
-8.782219173555340375e-02
-1.017865361302416061e-01
-4.753049628622106615e-02
-9.116098653207206637e-02
-1.387998787594723615e-01
-1.329049128569371671e-02
-3.508419458851440992e-02
-1.061419799557278831e-01
-1.192633835635916184e-01
1.000164342233401671e+00
-3.044277529609060173e-02
1.021009206410546710e+00
-1.126193867219079936e-01
-7.043538286624541345e-02
-6.579371381358911641e-02
1.003297834118288101e+00
1.021294432596784763e+00
-5.684293145869524083e-02
-8.254226040712697721e-02
-9.139151522725412480e-02
1.008068254571122813e+00
-2.919047748716387114e-02
-5.260524958313161220e-02
-4.585822664528099724e-02
-3.850640930290016167e-02
-7.598780260902240902e-02
-3.881536271128525895e-02
-4.402648509550550517e-03
1.021512098639958399e+00
1.020485958722137765e+00
1.023396914239295130e+00
1.042376693875526561e+00
1.026054987520412798e+00
-4.622749714996591403e-02
1.043725773774793142e+00
1.009187679936021542e+00
-4.705482792222588292e-03
-1.022534628860821276e-01
-3.113835754536484202e-02
1.007248791246214248e+00
-7.999533042975316699e-02
-7.060784230722529087e-02
1.017394551436533678e+00
-4.015295363982760574e-02
1.011924677450807719e+00
1.029313609282096920e+00
1.024752363024513002e+00
-4.011086904054673996e-02
-8.309697788491736403e-02
-3.323059901849379199e-04
1.039953145453317962e+00
-5.652074075780010509e-04
1.033734365408548017e+00
1.054229440379192972e+00
1.046886239764855508e+00
-4.244662674080419695e-02
-4.026884238802863440e-03
1.002986757747917235e+00
-1.590332050057940982e-01
-8.514251419427212864e-02
-1.874363133580165749e-02
-1.026203606685555936e-01
-5.838819802108665552e-02
-4.783657745192499561e-02
-1.133510593248724940e-01
-1.244671380209126932e-01
-5.468737576664066402e-02
-1.285155016397642735e-01
-1.329822136491112250e-01
-2.287703831403118879e-02
-1.264021554271103354e-01
-3.036572426416756648e-02
-1.178486167230120563e-01
-9.163827833758968200e-02
-1.201906184290992413e-01
-1.757426641228443942e-01
-1.923903075821917913e-02
-7.250577031879978929e-02
-4.280178579231765090e-02
-1.103790374307095784e-01
-1.233179911882686525e-01
-1.389703401185870268e-01
-9.017043744746822131e-02
-4.912484073442302535e-02
-4.934912542377703493e-02
-3.489537585226624300e-02
-2.596232647392132664e-02
-7.782753648627799281e-02
-8.316566194902501319e-02
-4.403447742294509804e-02
-1.735140535626030767e-01
-4.274646390067823182e-02
-1.106797487514019629e-01
-1.681910385939577313e-01
-6.046632804086839175e-02
-8.435339673768967039e-02
-1.495380702227843972e-01
-7.950679941374623472e-02
-8.249280788096670369e-02
-2.115943719077842053e-02
-1.452074775404952889e-01
-3.620724147679649230e-02
-5.229292441159744814e-02
-2.972771174863191035e-02
-9.250669466819291809e-02
-1.304205478179847888e-01
-6.612377196167398830e-02
-5.158135750740176773e-02
-6.022431037496255718e-02
-1.236993750642650797e-01
-7.542434352307590684e-02
-5.430262012750115830e-02
-9.513517136168253563e-02
-1.792851383894841222e-01
-6.854669598329685143e-02
-8.523717332262938096e-02
-7.873866181674689380e-02
-8.313194431755101255e-02
-8.431018821735637714e-02
-1.438555253985477900e-01
-1.564008570286914146e-01
-1.154439251984102355e-01
-3.384550871229190933e-02
-1.944974097890200815e-01
