-9.016999999999999460e-01
7.945999999999999730e-01
5.165999999999999481e-01
6.712000000000000188e-01
-3.012000000000000233e-01
-2.033000000000000085e-01
-9.294999999999999929e-01
-2.884999999999999787e-01
2.270999999999999963e-01
3.790000000000000036e-01
8.938000000000000389e-01
-1.600000000000000033e-01
2.056000000000000050e-01
-2.988999999999999990e-01
9.518999999999999684e-01
-3.930000000000000160e-02
-8.542999999999999483e-01
9.447999999999999732e-01
5.296999999999999487e-01
2.787000000000000033e-01
1.274000000000000132e-01
4.369000000000000106e-01
6.666999999999999593e-01
4.596000000000000085e-01
1.350000000000000089e-01
7.116000000000000103e-01
4.394000000000000128e-01
-6.729999999999999871e-02
1.990000000000000102e-01
-2.147999999999999909e-01
-7.150999999999999579e-01
6.049999999999999822e-01
8.182000000000000384e-01
-6.078999999999999959e-01
-9.865000000000000435e-01
8.441999999999999504e-01
-7.098999999999999755e-01
-1.739999999999999880e-01
-6.790000000000000480e-01
-8.076999999999999735e-01
7.445000000000000506e-01
-8.959000000000000297e-01
2.484999999999999987e-01
-5.294999999999999707e-01
-9.973999999999999533e-01
-3.204000000000000181e-01
-6.312999999999999723e-01
9.011000000000000121e-01
-3.042000000000000259e-01
1.706999999999999906e-01
-9.710999999999999632e-01
-7.592999999999999750e-01
7.228999999999999870e-01
6.044000000000000483e-01
-7.099999999999999367e-02
1.572000000000000064e-01
-8.882999999999999785e-01
-6.141999999999999682e-01
8.516000000000000236e-01
-7.248999999999999888e-01
-6.503999999999999782e-01
-4.361999999999999766e-01
-1.405000000000000138e-01
-7.468000000000000194e-01
2.376000000000000056e-01
-3.407000000000000028e-01
2.919999999999999818e-01
-1.532999999999999918e-01
2.344999999999999862e-01
-3.470000000000000168e-02
5.707999999999999741e-01
-5.441000000000000281e-01
-8.707000000000000295e-01
5.924000000000000377e-01
-5.846999999999999975e-01
-4.521000000000000019e-01
-3.325000000000000178e-01
2.963000000000000078e-01
-4.908000000000000140e-01
-1.194999999999999951e-01
-8.849000000000000199e-01
7.023000000000000353e-01
-1.398999999999999966e-01
-7.719000000000000306e-01
-4.420000000000000318e-02
5.979999999999999760e-01
6.694999999999999840e-01
6.529999999999999694e-02
-2.084999999999999909e-01
5.044999999999999485e-01
7.460999999999999854e-01
8.797000000000000375e-01
3.336000000000000076e-01
-5.109000000000000208e-01
-2.726999999999999980e-01
8.887000000000000455e-01
-6.158000000000000140e-01
2.878999999999999893e-01
-4.022999999999999909e-01
4.067999999999999949e-01
-8.050000000000000211e-02
-7.452999999999999625e-01
4.429999999999999910e-02
3.582000000000000184e-01
6.151999999999999691e-01
-6.000000000000000125e-03
-3.202999999999999736e-01
7.508000000000000229e-01
7.583999999999999631e-01
9.318999999999999506e-01
8.655000000000000471e-01
-2.152999999999999914e-01
-6.594999999999999751e-01
4.445999999999999952e-01
6.792000000000000259e-01
-3.377999999999999892e-01
9.459999999999999520e-01
-9.593000000000000416e-01
-1.645999999999999963e-01
-3.851999999999999869e-01
-5.929999999999999716e-01
8.499999999999999778e-01
1.806000000000000105e-01
8.860999999999999988e-01
-6.828999999999999515e-01
8.544000000000000483e-01
-8.125999999999999890e-01
-9.260000000000000175e-02
-6.948999999999999622e-01
8.941000000000000059e-01
5.472000000000000197e-01
-2.987000000000000210e-01
-4.172000000000000153e-01
-1.535999999999999865e-01
-2.770000000000000240e-01
6.124000000000000554e-01
-8.165000000000000036e-01
5.203999999999999737e-01
2.480999999999999872e-01
9.811999999999999611e-01
-3.592000000000000193e-01
1.248999999999999971e-01
5.875000000000000222e-01
2.570000000000000062e-01
-6.091999999999999638e-01
9.455999999999999961e-01
9.735000000000000320e-01
-2.860000000000000042e-02
-9.119000000000000439e-01
8.124000000000000110e-01
9.919999999999999651e-02
1.122999999999999970e-01
-2.407999999999999863e-01
-4.435000000000000053e-01
8.676000000000000378e-01
-8.101000000000000423e-01
4.854999999999999871e-01
5.322000000000000064e-01
7.066999999999999948e-01
5.306999999999999496e-01
5.304999999999999716e-01
3.357999999999999874e-01
-7.984999999999999876e-01
6.669000000000000483e-01
4.142000000000000126e-01
8.173000000000000265e-01
8.277999999999999803e-01
-7.045000000000000151e-01
-9.048000000000000487e-01
2.999999999999999889e-02
-9.156999999999999584e-01
-4.827000000000000179e-01
5.742000000000000437e-01
7.760000000000000231e-01
2.782000000000000028e-01
6.962000000000000410e-01
-1.640000000000000138e-02
-7.262999999999999456e-01
7.090000000000000469e-02
-6.650000000000000355e-01
