-8.273000000000000353e-01
9.235999999999999766e-01
7.462999999999999634e-01
-9.920999999999999819e-01
3.528999999999999915e-01
-7.231999999999999540e-01
-7.721999999999999975e-01
7.903000000000000025e-01
7.467000000000000304e-01
7.824999999999999734e-01
8.469999999999999751e-01
7.850000000000000311e-01
3.149000000000000132e-01
2.341999999999999915e-01
-8.822999999999999732e-01
-5.744000000000000217e-01
4.386999999999999789e-01
4.495000000000000107e-01
7.255000000000000338e-01
2.003999999999999948e-01
-1.526000000000000134e-01
-6.454999999999999627e-01
3.995000000000000218e-01
-7.738000000000000433e-01
-1.557999999999999940e-01
2.353999999999999981e-01
-3.891999999999999904e-01
-8.365000000000000213e-01
6.637999999999999456e-01
-6.927999999999999714e-01
5.191999999999999948e-01
-7.652999999999999803e-01
9.092000000000000082e-01
-2.945999999999999730e-01
5.229999999999999927e-02
-9.609999999999999654e-01
-6.816999999999999726e-01
6.733999999999999986e-01
9.573000000000000398e-01
-2.137000000000000011e-01
-2.127000000000000002e-01
-5.603000000000000203e-01
3.376000000000000112e-01
-9.675000000000000266e-01
8.800000000000000044e-01
8.027999999999999581e-01
8.195999999999999952e-01
-6.024000000000000465e-01
6.802000000000000268e-01
-6.326000000000000512e-01
6.081999999999999629e-01
-9.494000000000000217e-01
-1.287999999999999978e-01
3.521000000000000241e-01
6.481000000000000094e-01
5.546999999999999709e-01
4.415000000000000036e-01
-6.510000000000000508e-02
6.256000000000000449e-01
6.095000000000000417e-01
-3.620000000000000301e-02
6.929999999999999494e-01
-2.074000000000000010e-01
-4.494000000000000217e-01
8.225999999999999979e-01
4.950000000000000233e-02
4.335999999999999854e-01
-3.472000000000000086e-01
9.859999999999999321e-02
2.442999999999999894e-01
1.000999999999999945e-01
1.018000000000000016e-01
-8.139999999999999458e-01
-2.424999999999999933e-01
3.135000000000000009e-01
7.308999999999999941e-01
-6.840000000000000524e-01
6.751000000000000334e-01
-6.946999999999999842e-01
1.130000000000000032e-01
-6.491999999999999993e-01
-9.590999999999999526e-01
4.650000000000000244e-01
-8.840000000000000080e-01
-1.207000000000000017e-01
-8.911999999999999922e-01
-9.133000000000000007e-01
1.872999999999999943e-01
-7.501999999999999780e-01
-7.741999999999999993e-01
-9.775000000000000355e-01
-3.078000000000000180e-01
-7.963000000000000078e-01
-1.221000000000000002e-01
-3.741999999999999771e-01
-8.611999999999999655e-01
-8.030000000000000471e-01
-1.882999999999999952e-01
-8.871999999999999886e-01
-1.809999999999999942e-01
-8.842999999999999750e-01
-7.788000000000000478e-01
-1.910000000000000031e-01
7.678000000000000380e-01
-9.262000000000000233e-01
9.249000000000000554e-01
1.782999999999999863e-01
1.593999999999999861e-01
-2.449000000000000066e-01
-1.660000000000000017e-02
-6.887999999999999678e-01
-1.097000000000000058e-01
5.220000000000000334e-02
1.771999999999999964e-01
-9.163000000000000034e-01
-8.883999999999999675e-01
-3.365000000000000213e-01
8.142000000000000348e-01
6.075000000000000400e-01
5.649999999999999467e-01
-2.620000000000000107e-02
-8.219999999999999529e-01
3.763000000000000234e-01
-9.366999999999999771e-01
1.185999999999999971e-01
5.331000000000000183e-01
-4.729999999999999760e-01
-3.452000000000000068e-01
-1.042000000000000010e-01
9.761999999999999567e-01
2.869999999999999982e-02
1.260000000000000009e-02
7.160999999999999588e-01
6.723999999999999977e-01
-5.237000000000000544e-01
-3.598999999999999977e-01
-1.360999999999999988e-01
9.516000000000000014e-01
2.610000000000000167e-02
-6.300999999999999934e-01
4.668999999999999817e-01
-5.506999999999999673e-01
8.353000000000000425e-01
-2.267000000000000126e-01
2.026000000000000023e-01
9.645000000000000240e-01
-8.630000000000000171e-02
-7.124000000000000332e-01
9.479999999999999538e-02
6.461000000000000076e-01
-8.344000000000000306e-01
-9.351000000000000423e-01
-8.519999999999999796e-01
1.932000000000000106e-01
-5.240000000000000213e-02
7.220999999999999641e-01
9.255999999999999783e-01
9.171000000000000263e-01
3.860000000000000236e-02
4.329999999999999960e-01
-8.373000000000000442e-01
6.995999999999999996e-01
-8.095999999999999863e-01
9.707000000000000073e-01
2.444999999999999951e-01
-8.647000000000000242e-01
7.652999999999999803e-01
8.925999999999999490e-01
9.938000000000000167e-01
-4.434000000000000163e-01
9.563000000000000389e-01
-4.623999999999999777e-01
5.079999999999999793e-02
-1.958000000000000018e-01
6.622999999999999998e-01
3.261000000000000010e-01
-5.933000000000000496e-01
5.796999999999999931e-01
-9.836000000000000298e-01
-4.233999999999999986e-01
