-4.938000000000000167e-01
-4.697000000000000064e-01
4.269999999999999907e-01
-4.707999999999999963e-01
4.154999999999999805e-01
7.510999999999999899e-01
6.884000000000000119e-01
-8.799999999999999489e-02
-3.286999999999999922e-01
6.835999999999999854e-01
-6.861000000000000432e-01
6.529000000000000359e-01
9.207999999999999519e-01
7.017999999999999794e-01
-3.009000000000000008e-01
1.630000000000000060e-01
-1.083999999999999964e-01
-8.509999999999999509e-02
-7.980000000000000426e-01
-1.213000000000000050e-01
4.000000000000000192e-04
1.298999999999999877e-01
-9.106999999999999540e-01
5.919999999999999707e-01
7.680000000000000160e-01
5.525999999999999801e-01
-3.941999999999999948e-01
5.129000000000000226e-01
3.699000000000000066e-01
4.934999999999999942e-01
9.026999999999999469e-01
-1.610000000000000042e-01
6.772000000000000242e-01
-9.151000000000000245e-01
-3.338999999999999746e-01
-3.310000000000000164e-01
2.782000000000000028e-01
7.428000000000000158e-01
6.111999999999999655e-01
7.951000000000000290e-01
-9.590999999999999526e-01
1.391000000000000014e-01
-2.514000000000000123e-01
5.402000000000000135e-01
3.267999999999999794e-01
-6.165000000000000480e-01
2.001000000000000001e-01
-6.443999999999999728e-01
-1.559000000000000108e-01
-1.973999999999999921e-01
1.156999999999999973e-01
-4.662999999999999923e-01
7.950000000000000400e-01
9.961999999999999744e-01
8.759000000000000119e-01
-5.147000000000000464e-01
3.862999999999999767e-01
1.305000000000000049e-01
-7.144000000000000350e-01
-4.638999999999999790e-01
9.523000000000000353e-01
4.919999999999999929e-01
4.849999999999999867e-01
-6.250999999999999890e-01
4.121000000000000218e-01
7.423999999999999488e-01
3.052000000000000268e-01
3.402999999999999914e-01
-4.874999999999999889e-01
3.498999999999999888e-01
9.207999999999999519e-01
4.688999999999999835e-01
3.340000000000000191e-01
-2.285999999999999976e-01
-7.849000000000000421e-01
-5.546999999999999709e-01
8.978000000000000425e-01
8.337999999999999856e-01
-4.208999999999999964e-01
2.760000000000000231e-01
-9.152000000000000135e-01
-1.726999999999999924e-01
-8.691999999999999726e-01
9.539999999999999869e-02
6.054000000000000492e-01
8.480999999999999650e-01
-7.933999999999999941e-01
1.990999999999999992e-01
-5.554000000000000048e-01
-8.260999999999999455e-01
-2.809999999999999998e-02
-6.669000000000000483e-01
3.412999999999999923e-01
8.868000000000000327e-01
1.092999999999999944e-01
1.774000000000000021e-01
8.282000000000000473e-01
-5.229999999999999927e-02
-8.143000000000000238e-01
9.072999999999999954e-01
5.322999999999999954e-01
-3.770000000000000018e-01
5.731000000000000538e-01
3.096999999999999753e-01
-6.382999999999999785e-01
-3.659999999999999920e-01
8.475000000000000311e-01
5.039000000000000146e-01
-1.064999999999999974e-01
1.019999999999999934e-01
-1.902000000000000079e-01
2.539000000000000146e-01
-5.022999999999999687e-01
3.552000000000000157e-01
3.565999999999999726e-01
9.071000000000000174e-01
2.584000000000000186e-01
-5.775000000000000133e-01
-6.999999999999999929e-04
-3.114999999999999991e-01
2.696000000000000063e-01
6.450000000000000178e-02
-2.650000000000000133e-01
-2.727999999999999869e-01
-3.602000000000000202e-01
-6.609000000000000430e-01
-2.928000000000000047e-01
8.675000000000000488e-01
9.615000000000000213e-01
6.810000000000000497e-01
6.250000000000000000e-02
5.300000000000000266e-01
8.608000000000000096e-01
2.953000000000000069e-01
-8.347999999999999865e-01
9.364000000000000101e-01
3.296999999999999931e-01
-9.130000000000000338e-01
8.588000000000000078e-01
1.300000000000000044e-01
-7.638000000000000345e-01
-8.336999999999999966e-01
9.203000000000000069e-01
6.349000000000000199e-01
-9.909000000000000030e-01
9.340000000000000524e-01
4.361999999999999766e-01
4.319000000000000061e-01
6.069999999999999840e-01
8.054999999999999938e-01
-5.149999999999999717e-02
5.173999999999999710e-01
4.707000000000000073e-01
4.334000000000000075e-01
-6.967999999999999750e-01
7.523999999999999577e-01
-4.884000000000000008e-01
-7.596000000000000529e-01
4.567999999999999838e-01
7.783999999999999808e-01
5.340000000000000302e-02
8.425000000000000266e-01
8.138999999999999568e-01
-7.278000000000000025e-01
-2.510999999999999899e-01
9.060000000000000275e-01
-1.837000000000000022e-01
6.360000000000000098e-01
8.146999999999999797e-01
5.643000000000000238e-01
1.150999999999999940e-01
-9.510000000000000397e-02
4.678999999999999826e-01
2.595000000000000084e-01
-8.894999999999999574e-01
4.686000000000000165e-01
-6.642000000000000126e-01
4.183000000000000052e-01
-1.584000000000000130e-01
1.150000000000000050e-01
