9.665000000000000258e-01
6.959999999999999520e-02
6.130999999999999783e-01
-9.154999999999999805e-01
4.344000000000000083e-01
3.318999999999999728e-01
8.377999999999999892e-01
1.640000000000000069e-01
-2.660000000000000142e-01
5.252999999999999892e-01
-2.124000000000000055e-01
9.727999999999999980e-01
-5.503000000000000114e-01
-9.276999999999999691e-01
7.500000000000000000e-01
-8.197999999999999732e-01
5.613000000000000211e-01
3.209999999999999659e-02
6.211999999999999744e-01
-1.132999999999999979e-01
-1.385000000000000120e-01
-3.938999999999999724e-01
-8.304000000000000270e-01
-4.639999999999999680e-02
-7.056999999999999940e-01
9.199999999999999845e-02
6.588000000000000522e-01
3.148000000000000242e-01
4.530000000000000138e-01
-5.189000000000000279e-01
5.837999999999999856e-01
7.018999999999999684e-01
4.159999999999999809e-01
-7.027999999999999803e-01
6.509000000000000341e-01
-7.187000000000000055e-01
2.629000000000000226e-01
9.477999999999999758e-01
-7.453999999999999515e-01
4.732999999999999985e-01
-5.306999999999999496e-01
4.269000000000000017e-01
9.888000000000000123e-01
7.501999999999999780e-01
-5.622000000000000330e-01
8.749000000000000110e-01
3.791999999999999815e-01
1.371999999999999886e-01
1.244999999999999996e-01
-7.473999999999999533e-01
6.502000000000000002e-01
5.547999999999999599e-01
-3.788000000000000256e-01
-7.018999999999999684e-01
8.527000000000000135e-01
7.125000000000000222e-01
3.998999999999999777e-01
3.503999999999999893e-01
-6.553999999999999826e-01
-4.394000000000000128e-01
-6.049999999999999822e-02
-9.302000000000000268e-01
7.477000000000000313e-01
3.059999999999999942e-01
4.892000000000000237e-01
-5.968999999999999861e-01
9.147999999999999465e-01
-5.536999999999999700e-01
1.529999999999999971e-01
2.516999999999999793e-01
4.248000000000000109e-01
-7.299999999999999545e-02
7.099999999999999367e-02
-5.775000000000000133e-01
-3.427000000000000046e-01
2.411000000000000087e-01
4.565000000000000169e-01
-5.600000000000000533e-01
-8.296000000000000041e-01
-3.896000000000000019e-01
8.440999999999999615e-01
-9.759999999999999787e-01
2.051999999999999935e-01
4.995999999999999885e-01
-8.679000000000000048e-01
-3.119000000000000106e-01
2.911000000000000254e-01
-6.130000000000000032e-02
3.256000000000000005e-01
-9.893999999999999462e-01
2.715000000000000191e-01
-8.627000000000000224e-01
-8.899999999999999578e-02
1.302999999999999992e-01
-3.371999999999999997e-01
-3.131999999999999784e-01
2.988999999999999990e-01
-1.844999999999999973e-01
-1.920000000000000040e-01
-2.591999999999999860e-01
-4.783000000000000029e-01
6.266000000000000458e-01
-2.124000000000000055e-01
3.610000000000000014e-02
8.616000000000000325e-01
-6.508000000000000451e-01
1.837999999999999912e-01
-6.498000000000000442e-01
3.956000000000000072e-01
-1.814000000000000057e-01
2.775000000000000244e-01
-8.843999999999999639e-01
5.393999999999999906e-01
6.808999999999999497e-01
-3.057000000000000273e-01
-7.649999999999999856e-02
-3.508000000000000007e-01
4.389000000000000123e-01
8.138999999999999568e-01
-3.934000000000000274e-01
-2.872999999999999998e-01
1.107000000000000067e-01
9.474000000000000199e-01
5.342000000000000082e-01
7.719000000000000306e-01
6.278000000000000247e-01
-1.073000000000000065e-01
-8.169999999999999485e-02
5.128000000000000336e-01
4.556999999999999940e-01
9.335999999999999854e-01
4.519000000000000239e-01
-2.934999999999999831e-01
2.270999999999999963e-01
6.343999999999999639e-01
6.310000000000000331e-02
2.160999999999999865e-01
6.743000000000000105e-01
-9.122999999999999998e-01
5.224999999999999645e-01
-2.416999999999999982e-01
6.445999999999999508e-01
9.660000000000000531e-02
-7.920000000000000651e-02
1.739999999999999880e-02
-1.119999999999999989e-02
-7.549999999999999767e-02
-8.374000000000000332e-01
6.369000000000000217e-01
-7.557000000000000384e-01
-7.259999999999999787e-02
-5.323999999999999844e-01
-3.741999999999999771e-01
8.369999999999999662e-02
-3.271000000000000019e-01
1.623999999999999888e-01
-5.572000000000000286e-01
-2.195999999999999897e-01
8.924999999999999600e-01
1.149999999999999981e-02
-4.082000000000000073e-01
-7.410999999999999810e-01
1.381000000000000005e-01
2.807999999999999940e-01
2.368000000000000105e-01
5.179999999999999882e-02
-2.632999999999999785e-01
2.787000000000000033e-01
-6.352999999999999758e-01
4.950000000000000233e-02
1.595999999999999919e-01
8.856000000000000538e-01
4.565000000000000169e-01
-3.093000000000000194e-01
-7.673999999999999710e-01
-4.848000000000000087e-01
1.660000000000000017e-02
7.697000000000000508e-01
-3.310000000000000164e-01
7.056999999999999940e-01
