-8.305000000000000160e-01
1.096000000000000030e-01
-1.305000000000000049e-01
8.362000000000000544e-01
1.852000000000000035e-01
-1.058000000000000052e-01
8.390000000000000235e-02
-4.541000000000000036e-01
8.901999999999999913e-01
-5.003999999999999559e-01
-9.429999999999999494e-02
2.609000000000000208e-01
7.191999999999999504e-01
9.048000000000000487e-01
-2.659000000000000252e-01
-1.237000000000000044e-01
9.810999999999999721e-01
9.272000000000000242e-01
-6.924000000000000155e-01
-2.020000000000000129e-01
3.926999999999999935e-01
9.362000000000000322e-01
-1.779999999999999985e-02
1.716000000000000025e-01
-1.426999999999999935e-01
8.050000000000000211e-02
-3.857999999999999763e-01
8.618999999999999995e-01
1.390000000000000124e-01
-5.925000000000000266e-01
-5.516999999999999682e-01
-4.647999999999999909e-01
9.609999999999999654e-01
-7.784999999999999698e-01
-2.235999999999999932e-01
3.934000000000000274e-01
-7.619000000000000217e-01
9.644000000000000350e-01
8.860999999999999988e-01
-9.492000000000000437e-01
-8.601999999999999647e-01
-4.032999999999999918e-01
-7.663999999999999702e-01
6.229999999999999982e-01
-7.290000000000000646e-02
3.427999999999999936e-01
5.090999999999999970e-01
5.760999999999999455e-01
-5.269999999999999685e-02
6.080999999999999739e-01
-8.114000000000000101e-01
4.159999999999999809e-02
-6.362999999999999767e-01
5.091999999999999860e-01
-7.408000000000000140e-01
9.667000000000000037e-01
2.412999999999999867e-01
-6.858999999999999542e-01
4.531000000000000028e-01
6.955999999999999961e-01
8.050000000000000211e-02
-6.790000000000000480e-01
6.999999999999999556e-01
3.733000000000000207e-01
1.829000000000000070e-01
1.345000000000000084e-01
9.647000000000000020e-01
-4.094999999999999751e-01
-2.222999999999999976e-01
2.429999999999999868e-02
-3.289999999999999869e-02
8.487999999999999989e-01
3.335000000000000187e-01
-8.357999999999999874e-01
-9.532000000000000473e-01
-1.511000000000000121e-01
2.459000000000000075e-01
2.651999999999999913e-01
2.735000000000000209e-01
6.684999999999999831e-01
-6.602999999999999980e-01
1.791999999999999982e-01
-5.272000000000000020e-01
-1.179000000000000048e-01
2.776000000000000134e-01
1.889000000000000123e-01
-8.912999999999999812e-01
-7.875999999999999668e-01
-5.265999999999999570e-01
-2.535000000000000031e-01
-6.450000000000000178e-01
1.074999999999999983e-01
9.072000000000000064e-01
-2.626000000000000001e-01
1.173000000000000015e-01
-8.179999999999999494e-01
-9.163999999999999924e-01
7.235000000000000320e-01
-4.420000000000000040e-01
1.325999999999999956e-01
9.781999999999999584e-01
-8.305000000000000160e-01
9.899999999999999911e-01
6.759999999999999343e-02
-1.238999999999999962e-01
-2.043999999999999984e-01
9.624000000000000332e-01
-2.348999999999999977e-01
-4.635000000000000231e-01
3.976000000000000090e-01
-2.308000000000000052e-01
5.768999999999999684e-01
-9.857000000000000206e-01
6.941000000000000503e-01
2.639999999999999986e-02
-5.406999999999999584e-01
5.732000000000000428e-01
-2.049999999999999878e-01
1.990000000000000102e-01
-1.937000000000000111e-01
-6.114000000000000545e-01
1.852999999999999925e-01
8.185999999999999943e-01
-9.284999999999999920e-01
5.099000000000000199e-01
-7.109999999999999654e-02
4.248000000000000109e-01
-6.360000000000000098e-01
6.651000000000000245e-01
9.651999999999999469e-01
-1.743999999999999995e-01
3.068000000000000171e-01
-1.398000000000000076e-01
9.617999999999999883e-01
-4.194999999999999840e-01
1.466999999999999971e-01
9.045999999999999597e-01
-4.143000000000000016e-01
4.687000000000000055e-01
-5.790999999999999481e-01
3.171999999999999820e-01
7.118999999999999773e-01
6.048999999999999932e-01
8.541999999999999593e-01
-4.197000000000000175e-01
8.707000000000000295e-01
6.598000000000000531e-01
-4.193000000000000060e-01
-8.093000000000000194e-01
-6.814000000000000057e-01
9.494000000000000217e-01
-2.195000000000000007e-01
-9.391000000000000458e-01
6.421999999999999931e-01
6.022999999999999465e-01
3.662000000000000255e-01
5.038000000000000256e-01
-5.647999999999999687e-01
4.883000000000000118e-01
8.629000000000000004e-01
6.391999999999999904e-01
6.542000000000000037e-01
3.339999999999999913e-02
4.164999999999999813e-01
-7.803999999999999826e-01
-5.424999999999999822e-01
-8.357999999999999874e-01
-1.882000000000000062e-01
6.225000000000000533e-01
3.318999999999999728e-01
-3.770999999999999908e-01
-5.442000000000000171e-01
1.791000000000000092e-01
-2.318999999999999950e-01
6.039999999999999813e-01
-9.258999999999999453e-01
-2.120000000000000009e-02
8.859000000000000208e-01
7.638000000000000345e-01
6.922000000000000375e-01
