1.756999999999999951e-01
-2.247000000000000108e-01
-1.129999999999999928e-02
-8.280999999999999472e-01
4.929999999999999660e-02
5.687999999999999723e-01
2.954999999999999849e-01
4.593999999999999750e-01
-8.950000000000000178e-01
-9.542000000000000481e-01
1.446999999999999953e-01
-9.952999999999999625e-01
2.544000000000000150e-01
6.116000000000000325e-01
8.110000000000000542e-02
-1.880000000000000074e-02
-6.458000000000000407e-01
-3.529999999999999805e-02
3.457999999999999963e-01
9.537999999999999812e-01
5.135999999999999455e-01
-6.100999999999999757e-01
-6.300000000000000044e-03
-8.327999999999999847e-01
-4.063999999999999835e-01
-5.013999999999999568e-01
5.040000000000000036e-01
5.101999999999999869e-01
3.647000000000000242e-01
5.280000000000000249e-01
1.622999999999999998e-01
5.288000000000000478e-01
-3.043000000000000149e-01
3.683000000000000163e-01
-1.080000000000000057e-02
-9.819999999999999840e-01
-2.049999999999999878e-01
6.078000000000000069e-01
-5.940000000000000141e-02
1.015000000000000069e-01
-4.476999999999999869e-01
4.386999999999999789e-01
8.546000000000000263e-01
-8.557000000000000162e-01
-2.792999999999999927e-01
2.299999999999999961e-02
-2.597999999999999754e-01
-8.826000000000000512e-01
-3.917999999999999816e-01
-9.979999999999999982e-02
-5.020000000000000018e-01
-9.750999999999999668e-01
7.678000000000000380e-01
-3.760000000000000009e-01
4.144999999999999796e-01
2.053999999999999992e-01
-5.070000000000000201e-02
-8.218999999999999639e-01
-6.260999999999999899e-01
-3.452999999999999958e-01
-8.437999999999999945e-01
4.052999999999999936e-01
-8.085999999999999854e-01
3.695999999999999841e-01
-3.607000000000000206e-01
2.154000000000000081e-01
-1.280999999999999917e-01
7.657000000000000473e-01
4.819999999999999840e-01
1.855999999999999872e-01
1.089999999999999997e-01
-8.578999999999999959e-01
-3.715999999999999859e-01
4.358000000000000207e-01
1.365000000000000102e-01
1.796999999999999986e-01
-5.163999999999999702e-01
1.322000000000000119e-01
4.953000000000000180e-01
-9.734000000000000430e-01
5.290000000000000258e-01
3.310000000000000164e-01
7.690000000000000169e-01
1.250999999999999890e-01
7.689999999999999614e-02
5.184999999999999609e-01
-4.063999999999999835e-01
7.965999999999999748e-01
9.260000000000000175e-02
-6.867999999999999661e-01
-2.061999999999999944e-01
-6.243999999999999551e-01
-4.297000000000000264e-01
-4.593999999999999750e-01
5.926000000000000156e-01
7.082000000000000517e-01
-9.352000000000000313e-01
9.397999999999999687e-01
8.054999999999999938e-01
-9.125999999999999668e-01
-6.384999999999999565e-01
4.756000000000000227e-01
3.015999999999999792e-01
-4.751000000000000223e-01
-5.432000000000000162e-01
3.585999999999999743e-01
6.813000000000000167e-01
-7.479999999999999982e-01
4.823000000000000065e-01
6.410000000000000420e-02
-7.852000000000000091e-01
-4.858000000000000096e-01
5.859999999999999654e-01
-6.908999999999999586e-01
5.154999999999999583e-01
-5.616999999999999771e-01
7.279999999999999805e-01
-8.050000000000000211e-02
-3.860999999999999988e-01
-5.450000000000000400e-01
3.141999999999999793e-01
4.264000000000000012e-01
4.262000000000000233e-01
4.833999999999999964e-01
3.356000000000000094e-01
-4.398000000000000242e-01
4.822000000000000175e-01
8.740000000000000546e-02
6.138000000000000123e-01
1.830000000000000029e-02
-1.376999999999999891e-01
9.352000000000000313e-01
-5.679999999999999494e-01
-6.533999999999999808e-01
-3.553000000000000047e-01
8.370999999999999552e-01
-2.760000000000000231e-01
8.192000000000000393e-01
-4.351999999999999758e-01
8.935999999999999499e-01
6.981000000000000538e-01
-9.886000000000000343e-01
-2.227999999999999980e-01
-2.321000000000000008e-01
-5.546999999999999709e-01
-6.360000000000000098e-01
3.925000000000000155e-01
7.180999999999999606e-01
-6.448000000000000398e-01
8.197999999999999732e-01
4.692999999999999949e-01
9.123999999999999888e-01
1.509999999999999953e-01
-1.019000000000000045e-01
6.024000000000000465e-01
