5.083999999999999631e-01
1.199999999999999956e-01
-2.084000000000000019e-01
-5.082999999999999741e-01
-3.895000000000000129e-01
5.383999999999999897e-01
-1.400000000000000133e-01
-3.377000000000000002e-01
2.619000000000000217e-01
-9.294999999999999929e-01
9.180000000000000659e-02
-5.951999999999999513e-01
2.630000000000000046e-02
-5.426999999999999602e-01
5.322000000000000064e-01
5.473999999999999977e-01
6.653000000000000025e-01
7.268999999999999906e-01
-9.288999999999999480e-01
-5.041999999999999815e-01
-3.523000000000000020e-01
7.380999999999999783e-01
5.863000000000000433e-01
-9.263000000000000123e-01
8.630999999999999783e-01
-6.684999999999999831e-01
8.568999999999999950e-01
-5.661000000000000476e-01
6.320000000000000062e-01
-5.026000000000000467e-01
8.769000000000000128e-01
-8.322000000000000508e-01
5.635999999999999899e-01
9.778000000000000025e-01
-9.634000000000000341e-01
-6.917999999999999705e-01
-3.125000000000000000e-01
9.113999999999999879e-01
4.627999999999999892e-01
6.616999999999999549e-01
-1.499999999999999944e-02
1.729999999999999871e-01
-3.148000000000000242e-01
-9.584000000000000297e-01
9.979000000000000092e-01
-8.294000000000000261e-01
2.180999999999999883e-01
3.150000000000000022e-02
9.666000000000000147e-01
-5.626999999999999780e-01
-3.523999999999999910e-01
8.620999999999999774e-01
-4.178999999999999937e-01
-6.973000000000000309e-01
-5.913000000000000478e-01
-1.680000000000000104e-01
-3.032000000000000250e-01
-6.185000000000000497e-01
4.637000000000000011e-01
7.317000000000000171e-01
-8.034000000000000030e-01
-6.101999999999999647e-01
8.212000000000000410e-01
-3.810000000000000053e-01
3.599999999999999867e-01
5.212999999999999856e-01
-9.622000000000000552e-01
3.998999999999999777e-01
-2.290000000000000091e-01
7.106000000000000094e-01
6.876999999999999780e-01
2.341999999999999915e-01
-6.119999999999999746e-02
-4.966999999999999749e-01
-5.880999999999999561e-01
1.789999999999999925e-02
-7.259999999999999787e-02
5.766999999999999904e-01
-9.299999999999999933e-02
-2.701999999999999957e-01
-7.793999999999999817e-01
-2.959999999999999853e-01
1.179999999999999973e-02
-7.321999999999999620e-01
-3.825000000000000067e-01
3.397000000000000020e-01
-1.481999999999999984e-01
-6.241999999999999771e-01
8.257999999999999785e-01
5.119000000000000217e-01
-2.509000000000000119e-01
7.019999999999999574e-01
-6.238000000000000211e-01
6.788999999999999480e-01
-9.054999999999999716e-01
-8.890000000000000679e-02
-9.778000000000000025e-01
6.869999999999999718e-02
2.259999999999999856e-02
1.078000000000000069e-01
-8.501999999999999558e-01
-8.604000000000000536e-01
-6.859999999999999432e-02
5.199000000000000288e-01
2.861000000000000210e-01
-7.691000000000000059e-01
6.735999999999999766e-01
6.140000000000000319e-02
1.212000000000000022e-01
4.389000000000000123e-01
7.367000000000000215e-01
2.758999999999999786e-01
-2.548000000000000265e-01
-8.598999999999999977e-01
-7.670000000000000151e-01
2.265999999999999959e-01
4.128000000000000003e-01
-3.201999999999999846e-01
-4.400000000000000265e-03
6.268000000000000238e-01
-1.691999999999999893e-01
-4.344000000000000083e-01
5.231999999999999984e-01
5.715999999999999970e-01
-3.019999999999999907e-01
7.446000000000000396e-01
3.240999999999999992e-01
8.970000000000000195e-02
5.870999999999999552e-01
8.491999999999999549e-01
-1.830000000000000029e-02
5.053999999999999604e-01
4.873000000000000109e-01
-5.545999999999999819e-01
-2.806000000000000161e-01
9.024999999999999689e-01
-8.497000000000000108e-01
-6.461000000000000076e-01
-6.219000000000000083e-01
-2.691000000000000059e-01
7.352999999999999536e-01
-1.371999999999999886e-01
5.484999999999999876e-01
2.432999999999999885e-01
-2.952000000000000179e-01
7.268000000000000016e-01
5.129999999999999838e-02
6.637999999999999456e-01
-1.784000000000000030e-01
-4.359999999999999987e-01
-6.086000000000000298e-01
1.269999999999999948e-02
6.139000000000000012e-01
9.701999999999999513e-01
-2.495999999999999885e-01
