7.493999999999999551e-01
-6.132999999999999563e-01
4.490000000000000241e-02
6.552000000000000046e-01
9.276999999999999691e-01
-4.399000000000000132e-01
6.119999999999999885e-01
-6.260000000000000286e-02
5.194999999999999618e-01
4.444000000000000172e-01
4.425000000000000044e-01
-3.047000000000000264e-01
7.608000000000000318e-01
-6.485999999999999543e-01
7.984999999999999876e-01
-7.661999999999999922e-01
1.584000000000000130e-01
9.375000000000000000e-01
3.931999999999999940e-01
-9.307999999999999607e-01
-2.993000000000000105e-01
7.655999999999999472e-01
-3.543000000000000038e-01
8.172000000000000375e-01
6.361999999999999877e-01
-7.614999999999999547e-01
-6.652000000000000135e-01
5.302999999999999936e-01
-4.934999999999999942e-01
6.521000000000000130e-01
-8.315000000000000169e-01
4.556999999999999940e-01
4.845999999999999752e-01
-7.536000000000000476e-01
-8.949000000000000288e-01
9.375000000000000000e-01
-6.814999999999999947e-01
7.048999999999999710e-01
-9.850999999999999757e-01
3.310000000000000164e-01
-3.231999999999999873e-01
2.599999999999999881e-02
7.452999999999999625e-01
-4.773999999999999910e-01
-3.816999999999999837e-01
-8.502999999999999448e-01
4.642000000000000015e-01
-6.045000000000000373e-01
-7.510999999999999899e-01
5.669999999999999485e-01
2.686000000000000054e-01
7.530000000000000027e-01
4.981999999999999762e-01
7.275000000000000355e-01
-1.197000000000000008e-01
8.255000000000000115e-01
-8.225000000000000089e-01
4.642999999999999905e-01
-4.141000000000000236e-01
8.056999999999999718e-01
7.548000000000000265e-01
2.857000000000000095e-01
6.784999999999999920e-01
-4.639999999999999680e-02
-3.750999999999999890e-01
1.318999999999999895e-01
9.029000000000000359e-01
-8.582999999999999519e-01
-4.030000000000000249e-02
5.250000000000000222e-01
-1.713999999999999968e-01
-4.215999999999999748e-01
-5.040999999999999925e-01
9.797000000000000153e-01
4.331999999999999740e-01
1.860999999999999877e-01
5.463000000000000078e-01
-6.038000000000000034e-01
3.526000000000000245e-01
-7.102000000000000535e-01
-1.809999999999999942e-01
-1.030000000000000013e-02
3.099999999999999891e-03
-6.201999999999999735e-01
3.538999999999999924e-01
7.160999999999999588e-01
6.395999999999999464e-01
-1.854999999999999982e-01
5.062999999999999723e-01
6.861000000000000432e-01
-7.748000000000000442e-01
-1.270999999999999908e-01
-5.040000000000000036e-01
9.865000000000000435e-01
-4.900999999999999801e-01
-5.322999999999999954e-01
3.332999999999999852e-01
-4.379000000000000115e-01
-5.818999999999999728e-01
-2.172000000000000042e-01
6.364999999999999547e-01
1.995000000000000107e-01
9.560999999999999499e-01
5.214999999999999636e-01
-4.335999999999999854e-01
4.399000000000000132e-01
-1.091000000000000025e-01
3.459999999999999742e-01
-3.085999999999999854e-01
-5.397999999999999465e-01
-2.437000000000000000e-01
-7.207999999999999963e-01
-5.290000000000000258e-02
6.756999999999999673e-01
8.308999999999999719e-01
-9.574000000000000288e-01
-6.098000000000000087e-01
-7.429999999999999938e-01
9.236999999999999655e-01
-4.274999999999999911e-01
-4.677000000000000046e-01
-4.803000000000000047e-01
8.177999999999999714e-01
-9.680999999999999606e-01
8.838000000000000300e-01
1.623999999999999888e-01
6.797999999999999599e-01
4.510000000000000120e-01
6.176000000000000378e-01
7.267000000000000126e-01
3.192999999999999727e-01
3.862999999999999767e-01
5.879999999999999810e-02
1.484999999999999931e-01
8.511999999999999567e-01
-7.448000000000000176e-01
-1.842000000000000026e-01
-1.763000000000000123e-01
-3.030999999999999805e-01
4.209999999999999853e-02
-7.120999999999999552e-01
-8.712999999999999634e-01
-3.660000000000000059e-02
-3.595999999999999752e-01
8.970000000000000195e-01
9.385000000000000009e-01
7.809000000000000385e-01
-7.177999999999999936e-01
6.959999999999999520e-02
1.068999999999999950e-01
-7.319999999999999840e-01
-2.625000000000000111e-01
-1.700000000000000122e-02
9.690000000000000002e-02
-9.006999999999999451e-01
-1.554999999999999993e-01
5.020000000000000157e-02
-2.610000000000000167e-02
-2.999999999999999889e-02
1.917000000000000093e-01
-9.818999999999999950e-01
-1.210999999999999993e-01
3.032000000000000250e-01
3.427999999999999936e-01
8.809999999999999776e-02
3.305000000000000160e-01
1.208000000000000046e-01
-9.062999999999999945e-01
8.071000000000000396e-01
-9.689999999999999725e-01
6.384999999999999565e-01
-6.062999999999999501e-01
-4.744999999999999774e-01
8.418999999999999817e-01
-1.421000000000000041e-01
2.179999999999999993e-02
1.480000000000000066e-02
-3.427999999999999936e-01
-7.401999999999999691e-01
-8.003000000000000114e-01
8.100000000000000255e-02
-1.236000000000000015e-01
6.119999999999999885e-01
5.362999999999999989e-01
2.878000000000000003e-01
9.169000000000000483e-01
1.081000000000000016e-01
3.568000000000000060e-01
1.660000000000000087e-01
-9.895000000000000462e-01
7.439999999999999392e-02
-7.899000000000000465e-01
-3.259999999999999704e-02
-6.211999999999999744e-01
-6.971000000000000529e-01
1.375000000000000111e-01
3.931000000000000050e-01
-7.369999999999999885e-01
9.264000000000000012e-01
-9.179000000000000492e-01
-8.800000000000000044e-01
-7.864999999999999769e-01
9.865000000000000435e-01
1.053999999999999937e-01
6.722000000000000197e-01
-8.580000000000000127e-02
6.269000000000000128e-01
3.839000000000000190e-01
-2.338000000000000078e-01
-1.510000000000000057e-02
-1.325000000000000067e-01
6.965999999999999970e-01
1.471000000000000085e-01
6.612000000000000099e-01
-7.446000000000000396e-01
