6.418000000000000371e-01
-5.062999999999999723e-01
8.808000000000000274e-01
-7.022000000000000464e-01
-3.210000000000000075e-01
9.768999999999999906e-01
-4.737000000000000099e-01
-5.545999999999999819e-01
3.377999999999999892e-01
9.171000000000000263e-01
9.829999999999999849e-01
1.869000000000000106e-01
-9.879999999999999893e-01
6.040999999999999703e-01
-4.025000000000000244e-01
1.973999999999999921e-01
4.182000000000000162e-01
7.528000000000000247e-01
4.265999999999999792e-01
-7.342999999999999527e-01
1.995999999999999996e-01
8.384000000000000341e-01
3.229000000000000203e-01
1.617999999999999994e-01
-5.119000000000000217e-01
8.898000000000000353e-01
1.759999999999999898e-01
4.870999999999999774e-01
4.000000000000000083e-03
-6.299000000000000155e-01
3.985000000000000209e-01
-1.181999999999999995e-01
-5.600000000000000117e-02
5.365999999999999659e-01
2.028999999999999970e-01
-6.219999999999999835e-02
1.146999999999999964e-01
-1.255999999999999894e-01
8.705000000000000515e-01
4.027000000000000024e-01
-8.486000000000000210e-01
3.209999999999999659e-02
-2.061999999999999944e-01
-7.170999999999999597e-01
3.564999999999999836e-01
-2.328999999999999959e-01
7.519000000000000128e-01
-3.771999999999999797e-01
-3.688000000000000167e-01
-8.577000000000000179e-01
1.315000000000000058e-01
-4.900000000000000189e-02
-8.749000000000000110e-01
3.133000000000000229e-01
4.711000000000000187e-01
-4.234999999999999876e-01
5.499999999999999681e-03
8.705000000000000515e-01
6.586999999999999522e-01
-7.714999999999999636e-01
8.370999999999999552e-01
-3.220000000000000084e-01
-9.034999999999999698e-01
7.144000000000000350e-01
-4.047999999999999932e-01
-7.580000000000000071e-01
-2.343999999999999972e-01
-7.193000000000000504e-01
-3.513999999999999901e-01
-8.678000000000000158e-01
9.939000000000000057e-01
4.544000000000000261e-01
8.246999999999999886e-01
5.249999999999999806e-02
-1.149000000000000021e-01
-9.931999999999999718e-01
7.369999999999999885e-01
-8.800999999999999934e-01
6.969999999999999529e-01
9.603000000000000425e-01
2.053000000000000103e-01
-2.058000000000000107e-01
-3.642000000000000237e-01
-9.669999999999999707e-01
-5.990000000000000185e-02
9.831999999999999629e-01
-9.268999999999999462e-01
6.239999999999999714e-02
-3.028000000000000136e-01
-4.203999999999999959e-01
3.773000000000000242e-01
-8.158999999999999586e-01
3.730999999999999872e-01
-6.357000000000000428e-01
-1.658000000000000029e-01
9.769999999999999518e-02
6.240999999999999881e-01
-1.290000000000000001e-02
-8.115999999999999881e-01
-3.313999999999999724e-01
5.911999999999999478e-01
-5.581000000000000405e-01
-5.037000000000000366e-01
-5.444999999999999840e-01
1.441000000000000059e-01
8.507000000000000117e-01
8.772999999999999687e-01
8.017999999999999572e-01
4.611999999999999988e-01
-8.800000000000000530e-03
7.186000000000000165e-01
7.725999999999999535e-01
-2.746000000000000107e-01
1.892999999999999960e-01
-3.281999999999999917e-01
-2.247999999999999998e-01
-3.971000000000000085e-01
9.141000000000000236e-01
7.252999999999999448e-01
2.871000000000000218e-01
8.164000000000000146e-01
1.484999999999999931e-01
-4.227000000000000202e-01
7.153000000000000469e-01
3.951999999999999957e-01
2.344999999999999862e-01
-3.091999999999999749e-01
-4.457999999999999741e-01
9.890000000000000180e-02
1.250999999999999890e-01
-1.010999999999999954e-01
6.071999999999999620e-01
4.970000000000000112e-02
4.036000000000000143e-01
4.817000000000000171e-01
7.982000000000000206e-01
9.657999999999999918e-01
-6.640000000000000069e-02
5.928999999999999826e-01
6.958999999999999631e-01
3.709000000000000075e-01
-1.077000000000000041e-01
-9.905000000000000471e-01
5.486999999999999655e-01
-8.071000000000000396e-01
7.551999999999999824e-01
-3.195999999999999952e-01
9.779999999999999805e-01
7.744999999999999662e-01
8.046999999999999709e-01
8.618999999999999995e-01
-9.634000000000000341e-01
-8.919000000000000261e-01
2.589999999999999941e-02
-7.196000000000000174e-01
1.320000000000000062e-01
9.353000000000000203e-01
-3.134000000000000119e-01
-9.199999999999999845e-03
6.568000000000000504e-01
5.395999999999999686e-01
1.247000000000000053e-01
-8.617000000000000215e-01
2.932000000000000162e-01
9.849999999999999867e-01
6.488000000000000433e-01
-4.536000000000000032e-01
-3.200000000000000153e-03
9.500000000000000111e-02
-8.730999999999999872e-01
8.335000000000000187e-01
9.428999999999999604e-01
-5.200000000000000178e-01
4.023999999999999799e-01
-6.183999999999999497e-01
-3.563999999999999946e-01
2.038000000000000089e-01
-5.063999999999999613e-01
-9.935000000000000497e-01
-1.140000000000000041e-01
-5.046000000000000485e-01
4.223000000000000087e-01
-8.585000000000000409e-01
-2.792999999999999927e-01
-5.655000000000000027e-01
-2.709999999999999909e-02
-1.812999999999999889e-01
-3.538000000000000034e-01
-3.385000000000000231e-01
-2.121999999999999997e-01
-9.718999999999999861e-01
-1.469999999999999918e-01
-3.350000000000000200e-02
-6.584999999999999742e-01
8.022000000000000242e-01
7.611999999999999877e-01
7.305000000000000382e-01
-7.967999999999999527e-01
3.936000000000000054e-01
-3.071999999999999731e-01
3.967999999999999861e-01
7.036000000000000032e-01
-6.503999999999999782e-01
-8.260000000000000675e-02
-8.221000000000000529e-01
7.156000000000000139e-01
6.460000000000000187e-01
-8.989000000000000323e-01
6.611000000000000210e-01
6.262999999999999678e-01
-1.464000000000000024e-01
-5.651000000000000467e-01
5.935000000000000275e-01
-9.698999999999999844e-01
-4.681000000000000161e-01
