3.669999999999999929e-01
-5.665999999999999925e-01
-1.970999999999999974e-01
-9.233000000000000096e-01
-8.393000000000000460e-01
7.925999999999999712e-01
7.764999999999999680e-01
2.330000000000000127e-02
9.983999999999999542e-01
1.461999999999999966e-01
4.379999999999999866e-02
9.031000000000000139e-01
6.821000000000000396e-01
8.113000000000000211e-01
-6.624999999999999778e-01
3.310000000000000164e-01
2.594000000000000195e-01
-6.572999999999999954e-01
-1.950999999999999956e-01
1.484999999999999931e-01
2.503000000000000225e-01
3.682000000000000273e-01
8.782999999999999696e-01
-6.566999999999999504e-01
-9.630999999999999561e-01
2.328999999999999959e-01
-1.718999999999999972e-01
-9.602000000000000535e-01
-8.728000000000000203e-01
-4.320000000000000229e-02
-6.187000000000000277e-01
5.340000000000000302e-01
1.282999999999999974e-01
-2.384000000000000008e-01
-1.358999999999999930e-01
9.979999999999999982e-02
-6.122999999999999554e-01
-8.496000000000000218e-01
2.777999999999999914e-01
6.292999999999999705e-01
-7.731999999999999984e-01
3.902999999999999803e-01
4.363000000000000211e-01
1.267000000000000071e-01
-6.560000000000000275e-01
-3.562000000000000166e-01
-9.627000000000000002e-01
-7.668000000000000371e-01
-2.680000000000000160e-01
-2.983000000000000096e-01
1.360999999999999988e-01
-5.766999999999999904e-01
-5.880999999999999561e-01
-2.431000000000000105e-01
-7.813999999999999835e-01
-7.310999999999999721e-01
-9.295999999999999819e-01
-9.829999999999999849e-02
1.175999999999999962e-01
7.671000000000000041e-01
-5.869999999999999662e-01
9.950000000000000511e-02
-4.437999999999999723e-01
-4.202000000000000179e-01
6.137000000000000233e-01
-6.139999999999999902e-01
-6.321999999999999842e-01
5.981999999999999540e-01
-4.026000000000000134e-01
-2.954999999999999849e-01
3.634000000000000008e-01
-1.577000000000000068e-01
3.210999999999999965e-01
-7.240000000000000602e-02
6.401999999999999913e-01
-1.019999999999999934e-01
7.096000000000000085e-01
-6.580000000000000293e-01
7.466000000000000414e-01
4.153000000000000025e-01
1.726000000000000034e-01
8.221000000000000529e-01
-3.921999999999999931e-01
7.803999999999999826e-01
-3.715999999999999859e-01
-7.449999999999999678e-02
8.719999999999999973e-02
-3.537000000000000144e-01
-1.590999999999999914e-01
-4.687000000000000055e-01
-5.352999999999999980e-01
2.950999999999999734e-01
8.428999999999999826e-01
-5.154999999999999583e-01
8.055999999999999828e-01
2.558000000000000274e-01
6.840000000000000246e-02
2.725000000000000200e-01
-3.809000000000000163e-01
4.344999999999999973e-01
4.152000000000000135e-01
3.912999999999999812e-01
9.913999999999999480e-01
-9.455000000000000071e-01
-9.838000000000000078e-01
2.565999999999999948e-01
6.498000000000000442e-01
-4.316999999999999726e-01
-8.203000000000000291e-01
1.241000000000000020e-01
3.831999999999999851e-01
2.110000000000000070e-02
6.390000000000000124e-01
-1.953000000000000014e-01
-1.395000000000000129e-01
5.858999999999999764e-01
9.460000000000000353e-02
-9.323000000000000176e-01
6.927999999999999714e-01
4.632999999999999896e-01
-4.917000000000000259e-01
-2.882000000000000117e-01
-3.392999999999999905e-01
8.407000000000000028e-01
-4.714999999999999747e-01
-6.101999999999999647e-01
1.015999999999999959e-01
6.642000000000000126e-01
3.886999999999999900e-01
6.655999999999999694e-01
4.680000000000000132e-02
-9.462000000000000410e-01
6.146000000000000352e-01
3.075999999999999845e-01
-5.330000000000000016e-02
5.479000000000000536e-01
-8.479999999999999760e-01
1.396000000000000019e-01
9.513000000000000345e-01
-1.509999999999999953e-01
