-1.140000000000000041e-01
9.997000000000000330e-01
-8.719000000000000083e-01
-4.244999999999999885e-01
-2.515000000000000013e-01
-4.900000000000000189e-02
-2.706000000000000072e-01
9.985000000000000542e-01
7.651999999999999913e-01
2.285999999999999976e-01
4.862000000000000210e-01
6.747999999999999554e-01
-2.520000000000000018e-01
-1.746000000000000052e-01
6.151999999999999691e-01
-7.408000000000000140e-01
-7.631000000000000005e-01
2.975999999999999757e-01
5.352000000000000091e-01
4.797000000000000153e-01
7.020999999999999464e-01
7.530000000000000027e-01
-1.290999999999999925e-01
7.315000000000000391e-01
7.288999999999999924e-01
-9.980999999999999872e-01
4.340999999999999859e-01
-5.180000000000000160e-01
-3.366999999999999993e-01
-3.281000000000000028e-01
-6.582000000000000073e-01
-7.249999999999999500e-02
-3.810999999999999943e-01
1.671999999999999875e-01
5.312000000000000055e-01
-1.019999999999999934e-01
4.791000000000000258e-01
-6.024000000000000465e-01
-8.320999999999999508e-01
-1.471999999999999975e-01
-6.097000000000000197e-01
-9.343000000000000194e-01
1.087000000000000050e-01
-2.069999999999999965e-02
-4.519999999999999712e-02
7.572999999999999732e-01
-8.252000000000000446e-01
8.751999999999999780e-01
5.050000000000000044e-01
-4.144999999999999796e-01
-1.200999999999999984e-01
5.101999999999999869e-01
7.017999999999999794e-01
9.096999999999999531e-01
-6.592999999999999972e-01
8.971999999999999975e-01
-5.157000000000000473e-01
-5.469999999999999862e-02
4.461999999999999855e-01
-3.381000000000000116e-01
-4.420000000000000318e-02
-4.126000000000000223e-01
-5.008000000000000229e-01
-2.822999999999999954e-01
-8.809000000000000163e-01
-2.210000000000000020e-01
1.097999999999999948e-01
6.611000000000000210e-01
-3.483999999999999875e-01
-2.255000000000000060e-01
-1.199999999999999956e-01
-7.307000000000000162e-01
8.931999999999999940e-01
6.291999999999999815e-01
5.382000000000000117e-01
-8.334000000000000297e-01
-4.687000000000000055e-01
4.409000000000000141e-01
-5.300000000000000266e-01
-1.660000000000000087e-01
4.722000000000000086e-01
3.239000000000000212e-01
9.428999999999999604e-01
8.980000000000000482e-02
-1.319999999999999993e-02
-1.706000000000000016e-01
6.100999999999999757e-01
-7.501999999999999780e-01
7.682999999999999829e-01
-7.449999999999999678e-02
8.339999999999999636e-01
9.083999999999999853e-01
-4.768999999999999906e-01
-1.081000000000000016e-01
3.590999999999999748e-01
-5.360000000000000181e-02
3.300000000000000155e-01
-1.811000000000000110e-01
-3.257999999999999785e-01
-8.981000000000000094e-01
4.869999999999999885e-01
4.877000000000000224e-01
7.180000000000000271e-02
7.841000000000000192e-01
-7.530000000000000027e-01
-1.497999999999999887e-01
-5.344999999999999751e-01
8.167999999999999705e-01
-2.520999999999999908e-01
-5.325999999999999623e-01
-9.339999999999999691e-02
-6.923000000000000265e-01
8.995999999999999552e-01
1.889000000000000123e-01
-1.239999999999999956e-02
-1.748000000000000109e-01
3.089000000000000079e-01
5.671000000000000485e-01
1.345999999999999974e-01
-2.888000000000000012e-01
1.632000000000000117e-01
-2.068000000000000116e-01
-7.281999999999999584e-01
6.559000000000000385e-01
2.788999999999999813e-01
5.125999999999999446e-01
-5.342000000000000082e-01
-7.665999999999999481e-01
-6.988999999999999657e-01
-9.546000000000000041e-01
6.782000000000000250e-01
-7.510000000000000009e-01
-4.305999999999999828e-01
2.406000000000000083e-01
1.801000000000000101e-01
3.865000000000000102e-01
-8.314000000000000279e-01
9.960999999999999854e-01
-5.377999999999999448e-01
2.029999999999999860e-02
