-7.518281000000003189e+01 6.068380945770011081e-01 0.000000000000000000e+00 2.718498115121508629e+00
-7.417732800000004545e+01 5.987223460300731270e-01 0.000000000000000000e+00 2.317767045234649714e+00
-7.413034600000007401e+01 5.983431307897888463e-01 0.000000000000000000e+00 2.531819208739323646e+00
-7.334102400000003286e+01 5.919721178083940938e-01 0.000000000000000000e+00 2.313427593535032578e+00
-7.448657000000002881e+01 6.012183930126635545e-01 0.000000000000000000e+00 2.970706065972203103e+00
-7.346969200000005173e+01 5.930106616451175094e-01 0.000000000000000000e+00 2.386456988236542287e+00
-7.416187800000001573e+01 5.985976413461003842e-01 0.000000000000000000e+00 2.312114550986791084e+00
-7.389314800000002492e+01 5.964285869950369801e-01 0.000000000000000000e+00 2.447752648941473375e+00
-7.493058200000007218e+01 6.048022361285214643e-01 0.000000000000000000e+00 2.703252977036101345e+00
-7.376905000000004975e+01 5.954269299159680173e-01 0.000000000000000000e+00 2.542935308205297229e+00
-7.465521000000002516e+01 6.025795708706003229e-01 0.000000000000000000e+00 2.589266232063642370e+00
-7.516118400000006261e+01 6.066635403054422282e-01 0.000000000000000000e+00 2.910768782086911255e+00
-7.461173400000002687e+01 6.022286543113518631e-01 0.000000000000000000e+00 2.489406909051295802e+00
-7.474396600000000035e+01 6.032959649761446830e-01 0.000000000000000000e+00 2.611003943461541521e+00
-7.543985600000003444e+01 6.089128415152792462e-01 0.000000000000000000e+00 2.735746869615333754e+00
-7.460013800000002959e+01 6.021350571906175508e-01 0.000000000000000000e+00 3.231317098657568554e+00
-7.464724600000002397e+01 6.025152894399752324e-01 0.000000000000000000e+00 2.487544223551664491e+00
-7.417552600000001917e+01 5.987078011860264004e-01 0.000000000000000000e+00 2.780706371512407404e+00
-7.526456800000003966e+01 6.074980043214817105e-01 0.000000000000000000e+00 2.550249094305507391e+00
-7.504037000000003843e+01 6.056883900342799887e-01 0.000000000000000000e+00 2.498847301994835846e+00
-7.453290600000006805e+01 6.015923940635732325e-01 0.000000000000000000e+00 2.277318003542009528e+00
-7.424928600000004053e+01 5.993031550688623366e-01 0.000000000000000000e+00 2.815486658222749128e+00
-7.526464600000008431e+01 6.074986338985273182e-01 0.000000000000000000e+00 2.343948224486783527e+00
-7.511959600000004400e+01 6.063278627392900688e-01 0.000000000000000000e+00 2.453755977178535996e+00
-7.418371199999999988e+01 5.987738744897802556e-01 0.000000000000000000e+00 2.303429063628327444e+00
-7.438796800000004339e+01 6.004225269124011666e-01 0.000000000000000000e+00 2.698067076645198181e+00
-7.535506800000004546e+01 6.082284751240391030e-01 0.000000000000000000e+00 2.901254271527499817e+00
-7.446270799999999213e+01 6.010257908658055426e-01 0.000000000000000000e+00 2.914199375322024110e+00
-7.498268200000005379e+01 6.052227613087780567e-01 0.000000000000000000e+00 3.073732370347361353e+00
-7.410816800000003468e+01 5.981641210499087924e-01 0.000000000000000000e+00 2.407627884973301491e+00
-7.410547400000004359e+01 5.981423764273443577e-01 0.000000000000000000e+00 2.981321095770271601e+00
-7.431582000000007326e+01 5.998401842885018320e-01 0.000000000000000000e+00 2.485942601708635014e+00
-7.492707200000005230e+01 6.047739051614828831e-01 0.000000000000000000e+00 2.577193190160585790e+00
-7.615447600000005934e+01 6.146808972602909593e-01 0.000000000000000000e+00 2.971800863304160600e+00
-7.480497000000005414e+01 6.037883587975728661e-01 0.000000000000000000e+00 2.778113826725324476e+00
-7.521923600000002352e+01 6.071321070571552569e-01 0.000000000000000000e+00 2.480163502573769385e+00
-7.564872400000007246e+01 6.105987196985784848e-01 0.000000000000000000e+00 2.515038753004643191e+00
-7.577774400000006949e+01 6.116401047035060490e-01 0.000000000000000000e+00 3.022350604985891920e+00
-7.513512000000005742e+01 6.064531647143056592e-01 0.000000000000000000e+00 2.758097944877113239e+00
-7.591101800000004118e+01 6.127158258719039852e-01 0.000000000000000000e+00 2.711445601254359961e+00
-7.427232600000006357e+01 5.994891224422428389e-01 0.000000000000000000e+00 2.455597437585970599e+00
-7.412615200000003313e+01 5.983092789163528824e-01 0.000000000000000000e+00 2.490569703456166017e+00
-7.468652200000002495e+01 6.028323056967845872e-01 0.000000000000000000e+00 1.917423774976320994e+00
-7.551144200000001661e+01 6.094906479558522827e-01 0.000000000000000000e+00 2.609999660558823820e+00
-7.524782400000007954e+01 6.073628551157580491e-01 0.000000000000000000e+00 1.806246640155974692e+00
-7.418300200000004452e+01 5.987681437243682625e-01 0.000000000000000000e+00 2.620231996127691865e+00
-7.464806200000002434e+01 6.025218757844491568e-01 0.000000000000000000e+00 2.503087484630357906e+00
-7.505448200000004988e+01 6.058022950504755588e-01 0.000000000000000000e+00 1.996268949936558013e+00
-7.539856800000005421e+01 6.085795853993015703e-01 0.000000000000000000e+00 2.953753655323914984e+00
-7.526008200000005388e+01 6.074617955698765615e-01 0.000000000000000000e+00 2.602630018851367133e+00
-7.557333600000005447e+01 6.099902254127971268e-01 0.000000000000000000e+00 2.767027018574121922e+00
-7.636663800000002311e+01 6.163933629665026004e-01 0.000000000000000000e+00 2.860247284456080230e+00
-7.632946800000004828e+01 6.160933452899165497e-01 0.000000000000000000e+00 2.800522174934344299e+00
-7.565885200000005284e+01 6.106804678564600186e-01 0.000000000000000000e+00 2.547991147269082823e+00
-7.590156600000005938e+01 6.126395340484149798e-01 0.000000000000000000e+00 2.486874193640268960e+00
-7.612604800000006833e+01 6.144514406417816987e-01 0.000000000000000000e+00 3.022184171783344642e+00
-7.583786200000007227e+01 6.121253471754193320e-01 0.000000000000000000e+00 2.482433500376987290e+00
-7.603038600000006397e+01 6.136793047532265177e-01 0.000000000000000000e+00 2.653940050209319779e+00
-7.518692000000002906e+01 6.068712684443879901e-01 0.000000000000000000e+00 2.815588458435061003e+00
-7.459593000000008090e+01 6.021010923161742578e-01 0.000000000000000000e+00 2.484680061167561238e+00
-7.607955200000004936e+01 6.140761481507792663e-01 0.000000000000000000e+00 2.264427781732689215e+00
-7.503589400000004161e+01 6.056522619976805188e-01 0.000000000000000000e+00 2.686142434674225310e+00
-7.372386400000002027e+01 5.950622110907262119e-01 0.000000000000000000e+00 2.527626569462052331e+00
-7.657418400000001668e+01 6.180685706260338197e-01 0.000000000000000000e+00 2.620128869709050790e+00
-7.501662000000003161e+01 6.054966918954871602e-01 0.000000000000000000e+00 2.435652033995634458e+00
-7.647393200000003333e+01 6.172593865498131604e-01 0.000000000000000000e+00 2.614685183084652476e+00
-7.547011200000004294e+01 6.091570528368502879e-01 0.000000000000000000e+00 2.466705390657544239e+00
-7.539656200000003139e+01 6.085633939691363903e-01 0.000000000000000000e+00 2.605271836949073716e+00
-7.507360800000003564e+01 6.059566705705826672e-01 0.000000000000000000e+00 2.057979751236879817e+00
-7.599598800000003962e+01 6.134016612762498433e-01 0.000000000000000000e+00 3.080667424907279628e+00
-7.599746200000008400e+01 6.134135586681062069e-01 0.000000000000000000e+00 2.207606398217423660e+00
-7.590650600000002157e+01 6.126794072612834485e-01 0.000000000000000000e+00 2.938908503695709218e+00
-7.563479200000006131e+01 6.104862675524874716e-01 0.000000000000000000e+00 2.346044643356605341e+00
-7.562289600000003986e+01 6.103902489815786758e-01 0.000000000000000000e+00 2.765736659021343247e+00
-7.404799800000003529e+01 5.976784588599654002e-01 0.000000000000000000e+00 2.374634642306139298e+00
-7.605562800000006973e+01 6.138830455708856881e-01 0.000000000000000000e+00 2.716096934126563500e+00
-7.533506800000009207e+01 6.080670451124245979e-01 0.000000000000000000e+00 3.009383511446431569e+00
-7.524622800000004474e+01 6.073499730008309339e-01 0.000000000000000000e+00 2.750741508187318107e+00
-7.585009800000008795e+01 6.122241100565254390e-01 0.000000000000000000e+00 2.571107834094364275e+00
-7.670953200000005268e+01 6.191610320866366424e-01 0.000000000000000000e+00 2.626578887584195332e+00
-7.682652000000008741e+01 6.201053007965771080e-01 0.000000000000000000e+00 2.929024419857439110e+00
-7.583177400000001001e+01 6.120762078798832606e-01 0.000000000000000000e+00 2.553613722187725976e+00
-7.542266400000006854e+01 6.087740762772952952e-01 0.000000000000000000e+00 2.538837676373528307e+00
-7.584590000000005716e+01 6.121902258970871591e-01 0.000000000000000000e+00 2.557534420949879372e+00
-7.522725400000005891e+01 6.071968243488119477e-01 0.000000000000000000e+00 2.424970866988181317e+00
-7.504201200000004235e+01 6.057016434382335168e-01 0.000000000000000000e+00 2.326150281728994518e+00
-7.562201600000004476e+01 6.103831460610676940e-01 0.000000000000000000e+00 2.578915837226757546e+00
-7.526604400000000794e+01 6.075099178563386770e-01 0.000000000000000000e+00 2.273603983370006354e+00
-7.373818800000003648e+01 5.951778272650449786e-01 0.000000000000000000e+00 2.416641825129586252e+00
-7.613608000000004949e+01 6.145324139356075355e-01 0.000000000000000000e+00 2.726153858349513737e+00
-7.553576400000002877e+01 6.096869629929771994e-01 0.000000000000000000e+00 2.724475752945486828e+00
-7.607705200000005163e+01 6.140559693993273838e-01 0.000000000000000000e+00 2.574047956373993085e+00
-7.526776800000008905e+01 6.075238331233404621e-01 0.000000000000000000e+00 2.765158862328735978e+00
-7.543556400000004203e+01 6.088781986347867603e-01 0.000000000000000000e+00 3.021159777689235604e+00
-7.606583400000005213e+01 6.139654233058126076e-01 0.000000000000000000e+00 2.343653012731374385e+00
-7.651656600000004005e+01 6.176035069055726412e-01 0.000000000000000000e+00 2.796270076702646712e+00
-7.581278000000006045e+01 6.119228977978529160e-01 0.000000000000000000e+00 2.643713280959036016e+00
-7.538635200000003067e+01 6.084809839482070437e-01 0.000000000000000000e+00 2.640577394254230992e+00
-7.405786000000004776e+01 5.977580599986928034e-01 0.000000000000000000e+00 2.364578017492355411e+00
-7.664689000000005592e+01 6.186554171472576913e-01 0.000000000000000000e+00 2.787512423689304519e+00
-7.604758000000001061e+01 6.138180861342114047e-01 0.000000000000000000e+00 2.581706683337183783e+00
-7.496727600000002667e+01 6.050984117708309018e-01 0.000000000000000000e+00 2.750218953161232882e+00
-7.563234000000004187e+01 6.104664762330632710e-01 0.000000000000000000e+00 2.843900565822023552e+00
-7.727883800000003589e+01 6.237561857962578005e-01 0.000000000000000000e+00 2.938089219883555536e+00
-7.613914600000002508e+01 6.145571611563879211e-01 0.000000000000000000e+00 2.397340405297655686e+00
-7.582542600000004995e+01 6.120249699941969768e-01 0.000000000000000000e+00 2.436790004863369496e+00
-7.541976399999998648e+01 6.087506689256104719e-01 0.000000000000000000e+00 2.111115431509029694e+00
-7.662804600000006872e+01 6.185033177903141999e-01 0.000000000000000000e+00 2.575995242146149167e+00
-7.705693800000007343e+01 6.219651198173908879e-01 0.000000000000000000e+00 2.481342913972840680e+00
-7.596458600000005390e+01 6.131482000150133560e-01 0.000000000000000000e+00 2.414612270065633837e+00
-7.606059400000006576e+01 6.139231286427696554e-01 0.000000000000000000e+00 2.777401158550775406e+00
-7.654142000000005908e+01 6.178041159810065963e-01 0.000000000000000000e+00 2.333325167951080026e+00
-7.526696600000005333e+01 6.075173597798744218e-01 0.000000000000000000e+00 2.062703728498010314e+00
-7.603467000000003395e+01 6.137138830617141494e-01 0.000000000000000000e+00 2.215111930933888473e+00
-7.662488800000001277e+01 6.184778279914797672e-01 0.000000000000000000e+00 2.840730000477362793e+00
-7.662209400000004678e+01 6.184552762188574304e-01 0.000000000000000000e+00 2.129125216761688311e+00
-7.661222600000003524e+01 6.183756266511265531e-01 0.000000000000000000e+00 2.941452574254750818e+00
-7.627410200000005602e+01 6.156464585887631014e-01 0.000000000000000000e+00 2.793415882557635843e+00
-7.626081400000002475e+01 6.155392044890459768e-01 0.000000000000000000e+00 2.552717993462155111e+00
-7.687280800000003467e+01 6.204789144154581049e-01 0.000000000000000000e+00 2.516879358689640522e+00
-7.613403600000003735e+01 6.145159157884204637e-01 0.000000000000000000e+00 2.195331643040142389e+00
-7.642420600000004072e+01 6.168580231119350499e-01 0.000000000000000000e+00 2.222873778039352821e+00
-7.551038600000002532e+01 6.094821244512390601e-01 0.000000000000000000e+00 2.183307945307862763e+00
-7.678294200000004821e+01 6.197535609442690330e-01 0.000000000000000000e+00 2.637338385308608757e+00
-7.592636200000002589e+01 6.128396749768147966e-01 0.000000000000000000e+00 2.410595799557537777e+00
-7.622299800000010350e+01 6.152339726230851014e-01 0.000000000000000000e+00 2.797388862073438620e+00
-7.637290600000005725e+01 6.164439551321430066e-01 0.000000000000000000e+00 2.842505528643290980e+00
-7.550113400000005015e+01 6.094074469278661921e-01 0.000000000000000000e+00 2.790755127679729330e+00
-7.658338400000003787e+01 6.181428284313768007e-01 0.000000000000000000e+00 2.754253901895221013e+00
-7.558641000000004340e+01 6.100957522113896747e-01 0.000000000000000000e+00 2.692178426760595489e+00
-7.704387200000006430e+01 6.218596575908028612e-01 0.000000000000000000e+00 2.725422634043676684e+00
-7.693268200000004242e+01 6.209621874412296627e-01 0.000000000000000000e+00 2.727407906078108457e+00
-7.688193400000002953e+01 6.205525749297580163e-01 0.000000000000000000e+00 2.462936739313988710e+00
-7.699473400000006507e+01 6.214630401952662142e-01 0.000000000000000000e+00 2.896680328740665722e+00
-7.698903400000000374e+01 6.214170326419554691e-01 0.000000000000000000e+00 2.373443837239316956e+00
-7.586647800000004338e+01 6.123563212360376706e-01 0.000000000000000000e+00 2.726450610228646987e+00
-7.759540000000005477e+01 6.263113161630996517e-01 0.000000000000000000e+00 2.614505220009045061e+00
-7.718497600000004866e+01 6.229985786087480770e-01 0.000000000000000000e+00 2.962738753422978544e+00
-7.717047800000005964e+01 6.228815579933285607e-01 0.000000000000000000e+00 2.350191473290478505e+00
-7.744423600000008889e+01 6.250911958493122755e-01 0.000000000000000000e+00 2.794450361146737727e+00
-7.702451600000000553e+01 6.217034256255614677e-01 0.000000000000000000e+00 2.486230081209523490e+00
-7.775446000000006563e+01 6.275951690454729670e-01 0.000000000000000000e+00 2.807919759997756781e+00
-7.768158800000006181e+01 6.270069826551528669e-01 0.000000000000000000e+00 2.641714291790560498e+00
-7.852218000000004849e+01 6.337918214713219589e-01 0.000000000000000000e+00 2.486566861917829385e+00
-7.728533400000004860e+01 6.238086182640304456e-01 0.000000000000000000e+00 2.302229015989644356e+00
-7.699408400000002928e+01 6.214577937198885182e-01 0.000000000000000000e+00 2.766996888314735781e+00
-7.813000000000005230e+01 6.306263403735655748e-01 0.000000000000000000e+00 2.657379283383834334e+00
-7.781022800000003770e+01 6.280453004898596259e-01 0.000000000000000000e+00 2.695754604052210013e+00
-7.562024400000007063e+01 6.103688433620387821e-01 0.000000000000000000e+00 2.529343138761524390e+00
-7.716336600000001056e+01 6.228241534811979063e-01 0.000000000000000000e+00 3.030601476862241572e+00
-7.821738800000007075e+01 6.313316926663158357e-01 0.000000000000000000e+00 2.505521282372233927e+00
-7.827142200000002958e+01 6.317678281286954745e-01 0.000000000000000000e+00 2.781629056578176495e+00
-7.779338000000001330e+01 6.279093118480750801e-01 0.000000000000000000e+00 2.769565891520681777e+00
-7.784720000000001505e+01 6.283437200093306974e-01 0.000000000000000000e+00 2.353267441175560304e+00
-7.756837400000006255e+01 6.260931757884045101e-01 0.000000000000000000e+00 2.313604805598590275e+00
-7.813425200000004622e+01 6.306606603940348998e-01 0.000000000000000000e+00 3.133349562449266212e+00
-7.810932600000002424e+01 6.304594701705590332e-01 0.000000000000000000e+00 2.347675505024688913e+00
-7.805025600000006136e+01 6.299826866312547846e-01 0.000000000000000000e+00 2.612025541753319136e+00
-7.825928600000005986e+01 6.316698723976478247e-01 0.000000000000000000e+00 2.661524788348577975e+00
-7.689855400000004693e+01 6.206867232694101011e-01 0.000000000000000000e+00 2.243016881972161425e+00
-7.777977800000002162e+01 6.277995232971758099e-01 0.000000000000000000e+00 2.235712066695457079e+00
-7.738063400000007164e+01 6.245778322693755769e-01 0.000000000000000000e+00 2.207540037374203568e+00
-7.729561400000002891e+01 6.238915932900003236e-01 0.000000000000000000e+00 2.742956324071094798e+00
-7.693034600000004275e+01 6.209433324158730727e-01 0.000000000000000000e+00 2.107223053273303393e+00
-7.739707000000004200e+01 6.247104954529204557e-01 0.000000000000000000e+00 2.404705787480754253e+00
-7.725848000000006266e+01 6.235918661874352287e-01 0.000000000000000000e+00 2.732354844000930871e+00
-7.721404600000002461e+01 6.232332171306301793e-01 0.000000000000000000e+00 2.863278199752122610e+00
-7.727643400000002316e+01 6.237367819088616150e-01 0.000000000000000000e+00 2.605567586636219346e+00
-7.715801600000001770e+01 6.227809709530909288e-01 0.000000000000000000e+00 2.369264367642795577e+00
-7.818357000000003154e+01 6.310587306596758816e-01 0.000000000000000000e+00 2.349947005871417804e+00
-7.849989200000005951e+01 6.336119238663783237e-01 0.000000000000000000e+00 2.951719985202942986e+00
-7.759566200000001857e+01 6.263134308962514663e-01 0.000000000000000000e+00 2.405824610800910257e+00
-7.773170200000001273e+01 6.274114778352558597e-01 0.000000000000000000e+00 2.196253142756241505e+00
-7.820268000000001507e+01 6.312129770357738368e-01 0.000000000000000000e+00 2.531362047785678637e+00
-7.810265400000001534e+01 6.304056171186842583e-01 0.000000000000000000e+00 2.435532819286618800e+00
-7.845639600000002645e+01 6.332608458771180615e-01 0.000000000000000000e+00 3.402627060955025318e+00
-7.735606800000003602e+01 6.243795477861087129e-01 0.000000000000000000e+00 2.849561000209532402e+00
-7.701568600000005915e+01 6.216321542754339458e-01 0.000000000000000000e+00 2.294000662290640591e+00
-7.772493799999998032e+01 6.273568822053274818e-01 0.000000000000000000e+00 2.316686944876587440e+00
-7.715314200000003098e+01 6.227416304592605645e-01 0.000000000000000000e+00 2.700551179699762550e+00
-7.798561000000000831e+01 6.294608964047115895e-01 0.000000000000000000e+00 3.013365517309357866e+00
-7.820451800000003573e+01 6.312278124538414081e-01 0.000000000000000000e+00 2.807073515044564260e+00
-7.811561000000003219e+01 6.305101914802084817e-01 0.000000000000000000e+00 2.514137537180213045e+00
-7.724872600000003331e+01 6.235131367707704708e-01 0.000000000000000000e+00 2.360113483601749440e+00
-7.754947000000002788e+01 6.259405921414258334e-01 0.000000000000000000e+00 2.951353089908615779e+00
-7.755035600000003626e+01 6.259477434909404003e-01 0.000000000000000000e+00 2.377350176537488924e+00
-7.733673800000005372e+01 6.242235256798830401e-01 0.000000000000000000e+00 2.457373749432511190e+00
-7.716517000000003179e+01 6.228387144682457910e-01 0.000000000000000000e+00 2.276337275142244376e+00
-7.770170000000001664e+01 6.271693166748324444e-01 0.000000000000000000e+00 2.777716123986492480e+00
-7.784159400000007167e+01 6.282984711770756014e-01 0.000000000000000000e+00 2.889053716029705843e+00
-7.741477200000004188e+01 6.248533771562008177e-01 0.000000000000000000e+00 2.661263164879309251e+00
-7.772761000000006959e+01 6.273784492548799552e-01 0.000000000000000000e+00 2.561392172651663302e+00
-7.687686200000005954e+01 6.205116362788126727e-01 0.000000000000000000e+00 2.458276455542530936e+00
-7.773333600000005106e+01 6.274246666672051997e-01 0.000000000000000000e+00 2.814826098922587949e+00
-7.744413800000002368e+01 6.250904048422547543e-01 0.000000000000000000e+00 2.032585235196642692e+00
-7.750529200000003982e+01 6.255840093887697906e-01 0.000000000000000000e+00 3.140734155044426767e+00
-7.772078800000002730e+01 6.273233854779177721e-01 0.000000000000000000e+00 2.558719810953449691e+00
-7.708744400000004759e+01 6.222113490141069070e-01 0.000000000000000000e+00 2.065054829722836605e+00
-7.746885800000008260e+01 6.252899323366112316e-01 0.000000000000000000e+00 3.304869673775718830e+00
-7.785617400000002419e+01 6.284161536555423755e-01 0.000000000000000000e+00 2.573042052545130964e+00
-7.742051400000003980e+01 6.248997237125354376e-01 0.000000000000000000e+00 2.566248197174035628e+00
-7.776185400000004222e+01 6.276548497207667943e-01 0.000000000000000000e+00 2.897940565417260306e+00
-7.725362800000002039e+01 6.235527032666171587e-01 0.000000000000000000e+00 2.589735935451662918e+00
-7.919402400000005571e+01 6.392146107074916372e-01 0.000000000000000000e+00 2.595534053806400898e+00
-7.746282600000003526e+01 6.252412450451078074e-01 0.000000000000000000e+00 2.490806913619225238e+00
-7.758160400000005552e+01 6.261999617410877184e-01 0.000000000000000000e+00 2.311449976600677303e+00
-7.819787600000002215e+01 6.311742015469840039e-01 0.000000000000000000e+00 2.377867452581081231e+00
-7.839237400000007483e+01 6.327440922669380630e-01 0.000000000000000000e+00 2.423216654546747062e+00
-7.786684600000003798e+01 6.285022927097402290e-01 0.000000000000000000e+00 2.548746537458375538e+00
-7.781239600000004941e+01 6.280627995031188293e-01 0.000000000000000000e+00 2.440798708897883529e+00
-7.748548600000007980e+01 6.254241452482678376e-01 0.000000000000000000e+00 2.155708428262228082e+00
-7.818138000000003274e+01 6.310410540734040508e-01 0.000000000000000000e+00 2.517355273081074429e+00
-7.797312200000010307e+01 6.293600995054600133e-01 0.000000000000000000e+00 2.378750981977430623e+00
-7.872368600000001493e+01 6.354182772673451218e-01 0.000000000000000000e+00 2.826918750516937529e+00
-7.791288200000003883e+01 6.288738723104754236e-01 0.000000000000000000e+00 2.193571667458984020e+00
-7.859571000000005370e+01 6.343853189090240541e-01 0.000000000000000000e+00 2.757417218021680494e+00
-7.861807200000004059e+01 6.345658138050106478e-01 0.000000000000000000e+00 2.364779378783397501e+00
-7.787406200000005185e+01 6.285605366579309905e-01 0.000000000000000000e+00 2.394989480450949060e+00
-7.908749800000002494e+01 6.383547860366269866e-01 0.000000000000000000e+00 2.896306942059529543e+00
-7.814168800000004467e+01 6.307206800723532680e-01 0.000000000000000000e+00 2.479456870604504370e+00
-7.769267399999999668e+01 6.270964633105904351e-01 0.000000000000000000e+00 2.590049565557471567e+00
-7.816207000000001415e+01 6.308851933971897363e-01 0.000000000000000000e+00 2.276699376911295758e+00
-7.864644000000002677e+01 6.347947861334850561e-01 0.000000000000000000e+00 2.593680836809402201e+00
-7.895741600000002336e+01 6.373048290980826147e-01 0.000000000000000000e+00 2.317267889925722191e+00
-7.751699000000006379e+01 6.256784298025634961e-01 0.000000000000000000e+00 2.394972484753691511e+00
-7.738556200000004992e+01 6.246176086242373193e-01 0.000000000000000000e+00 2.880183672691796648e+00
-7.836469200000004776e+01 6.325206569878616403e-01 0.000000000000000000e+00 2.969506909776113091e+00
-7.831104800000002797e+01 6.320876694107080418e-01 0.000000000000000000e+00 2.558486448659784696e+00
-7.750152400000004604e+01 6.255535959745815999e-01 0.000000000000000000e+00 2.153967237641354338e+00
-7.688639400000006674e+01 6.205885738223484438e-01 0.000000000000000000e+00 2.163058984790015238e+00
-7.768021800000001065e+01 6.269959246993568325e-01 0.000000000000000000e+00 2.655521038579697457e+00
-7.833404400000004841e+01 6.322732816380629561e-01 0.000000000000000000e+00 2.225722605000020948e+00
-7.897656400000002463e+01 6.374593821912026836e-01 0.000000000000000000e+00 2.690203297019943651e+00
-7.858665800000001411e+01 6.343122556857668792e-01 0.000000000000000000e+00 2.240866821331747971e+00
-7.872827400000001319e+01 6.354553093120095530e-01 0.000000000000000000e+00 2.613937353303238176e+00
-7.825232600000005334e+01 6.316136947536057367e-01 0.000000000000000000e+00 2.569682972806435206e+00
-7.819814600000003679e+01 6.311763808521408947e-01 0.000000000000000000e+00 2.426148364704762805e+00
-7.811086000000001661e+01 6.304718518524498050e-01 0.000000000000000000e+00 2.296996022476470944e+00
-7.939010200000004147e+01 6.407972543983627700e-01 0.000000000000000000e+00 2.712808447704215364e+00
-7.785003600000008817e+01 6.283666107849783522e-01 0.000000000000000000e+00 2.787270646143378716e+00
-7.809222200000007774e+01 6.303214152246264801e-01 0.000000000000000000e+00 2.503981757266460662e+00
-7.748758800000003077e+01 6.254411115424881595e-01 0.000000000000000000e+00 2.388218466280426000e+00
-7.788602200000005382e+01 6.286570718048767326e-01 0.000000000000000000e+00 2.114856489415828822e+00
-7.842468800000000329e+01 6.330049147367036166e-01 0.000000000000000000e+00 2.715455900011092716e+00
-7.795813400000004378e+01 6.292391238547553334e-01 0.000000000000000000e+00 3.250443612310805364e+00
-7.882489200000006235e+01 6.362351615551203876e-01 0.000000000000000000e+00 2.593681636642898969e+00
-7.854413800000006063e+01 6.339690554810739620e-01 0.000000000000000000e+00 2.905587532608943313e+00
-7.762577000000003125e+01 6.265564476357365908e-01 0.000000000000000000e+00 2.332217796779743502e+00
-7.706138400000006072e+01 6.220010057089728761e-01 0.000000000000000000e+00 2.312624225469036343e+00
-7.877238600000006841e+01 6.358113593456278245e-01 0.000000000000000000e+00 2.250236555960687390e+00
-7.932599400000003698e+01 6.402798066391323095e-01 0.000000000000000000e+00 2.664157300305617593e+00
-7.798641600000003393e+01 6.294674020341798348e-01 0.000000000000000000e+00 2.687862207744701859e+00
-7.805538600000006966e+01 6.300240934292340445e-01 0.000000000000000000e+00 3.104758160331566152e+00
-7.801530000000003895e+01 6.297005392569541282e-01 0.000000000000000000e+00 2.188584032259814016e+00
-7.718472600000004036e+01 6.229965607336028777e-01 0.000000000000000000e+00 2.764832707037268467e+00
-7.839526800000004414e+01 6.327674511896184129e-01 0.000000000000000000e+00 2.620743953243163116e+00
-7.755542000000004066e+01 6.259886175698813338e-01 0.000000000000000000e+00 2.293662094476071722e+00
-7.779876200000001063e+01 6.279527526642005864e-01 0.000000000000000000e+00 2.483347713229873133e+00
-7.791620600000005936e+01 6.289007019784059738e-01 0.000000000000000000e+00 2.874376298296043686e+00
-7.730481000000004599e+01 6.239658188093409885e-01 0.000000000000000000e+00 2.851320677928709468e+00
-7.823068200000005845e+01 6.314389951950361013e-01 0.000000000000000000e+00 2.830748839226793656e+00
-7.851797600000007549e+01 6.337578888828806489e-01 0.000000000000000000e+00 2.801323446505853632e+00
-7.816717600000005461e+01 6.309264064791553217e-01 0.000000000000000000e+00 2.311692383817098406e+00
-7.834952400000005923e+01 6.323982284670529586e-01 0.000000000000000000e+00 2.650195311160475686e+00
-7.777301800000003595e+01 6.277449599532500812e-01 0.000000000000000000e+00 2.574291813663506900e+00
-7.820192000000000121e+01 6.312068426953323375e-01 0.000000000000000000e+00 2.414805368487647819e+00
-7.846243000000004031e+01 6.333095493116224217e-01 0.000000000000000000e+00 2.270173761938486745e+00
-7.738464800000005539e+01 6.246102312727065398e-01 0.000000000000000000e+00 2.698526981745426934e+00
-7.758246200000003512e+01 6.262068870885857397e-01 0.000000000000000000e+00 2.145820699428769185e+00
-7.865035000000008836e+01 6.348263457007562449e-01 0.000000000000000000e+00 3.500317582633456492e+00
-7.754468600000004130e+01 6.259019780826475809e-01 0.000000000000000000e+00 2.685988393854900735e+00
-7.797650800000006654e+01 6.293874296064260188e-01 0.000000000000000000e+00 2.910986811461194979e+00
-7.763974400000002163e+01 6.266692387848519230e-01 0.000000000000000000e+00 2.624630961738654289e+00
-7.874914200000007725e+01 6.356237453861290909e-01 0.000000000000000000e+00 2.201421006512645828e+00
-7.808195400000001030e+01 6.302385370566627731e-01 0.000000000000000000e+00 2.482685152724685373e+00
-7.795540800000010506e+01 6.292171209441727031e-01 0.000000000000000000e+00 2.619753372063942987e+00
-7.691640200000006189e+01 6.208307834117753332e-01 0.000000000000000000e+00 2.495093370289096502e+00
-7.938705799999999613e+01 6.407726847505945678e-01 0.000000000000000000e+00 2.117247791626543751e+00
-7.777858200000004274e+01 6.277898697824814134e-01 0.000000000000000000e+00 2.382232929284980649e+00
-7.739911400000011099e+01 6.247269936001080826e-01 0.000000000000000000e+00 2.342952686572904231e+00
-7.762805199999999672e+01 6.265748668000615806e-01 0.000000000000000000e+00 2.194113856905941962e+00
-7.834480600000006234e+01 6.323601471273130326e-01 0.000000000000000000e+00 2.307413739321164670e+00
-7.866608800000007307e+01 6.349533749768958568e-01 0.000000000000000000e+00 2.670803373075659071e+00
-7.914791400000001431e+01 6.388424338157131510e-01 0.000000000000000000e+00 2.649342982589830253e+00
-7.892878600000001654e+01 6.370737420364558368e-01 0.000000000000000000e+00 2.965409999043687517e+00
-7.847254200000004687e+01 6.333911683254949132e-01 0.000000000000000000e+00 2.930868699338752936e+00
-7.881462799999999902e+01 6.361523156731591078e-01 0.000000000000000000e+00 2.511387995884895030e+00
-7.839515800000002343e+01 6.327665633245543875e-01 0.000000000000000000e+00 3.505997900659711064e+00
-7.783944400000004293e+01 6.282811174508267094e-01 0.000000000000000000e+00 2.247298570981469013e+00
-7.913576000000003319e+01 6.387443327976549678e-01 0.000000000000000000e+00 2.529612293285955715e+00
-7.854534000000005278e+01 6.339787574247719437e-01 0.000000000000000000e+00 2.373666286655317315e+00
-7.948739000000001909e+01 6.415825145468621038e-01 0.000000000000000000e+00 2.380244690651306616e+00
-7.843624000000004060e+01 6.330981567114126740e-01 0.000000000000000000e+00 2.480636554099643565e+00
-7.724013600000007784e+01 6.234438025807822470e-01 0.000000000000000000e+00 2.499333565375806199e+00
-7.781740000000004898e+01 6.281031892920247994e-01 0.000000000000000000e+00 2.455135257480786759e+00
-7.816769200000004503e+01 6.309305713734549848e-01 0.000000000000000000e+00 2.587883969721872290e+00
-7.849715000000006171e+01 6.335897918117859851e-01 0.000000000000000000e+00 2.745339420626244920e+00
-7.779850000000007526e+01 6.279506379310489939e-01 0.000000000000000000e+00 2.139414916902905972e+00
-7.781433200000006423e+01 6.280784259282432558e-01 0.000000000000000000e+00 2.805016630458271099e+00
-7.918832200000004207e+01 6.391685870111801782e-01 0.000000000000000000e+00 2.429259795962297463e+00
-7.808325000000006355e+01 6.302489977214158490e-01 0.000000000000000000e+00 2.579270869231979457e+00
-7.797910200000001169e+01 6.294083670789321072e-01 0.000000000000000000e+00 1.907387007706531357e+00
-7.845624000000002241e+01 6.332595867230274012e-01 0.000000000000000000e+00 2.987315480325085648e+00
-7.709949800000001119e+01 6.223086428821069660e-01 0.000000000000000000e+00 2.618886297414196651e+00
-7.837949400000007927e+01 6.326401313394580672e-01 0.000000000000000000e+00 3.297763065094123647e+00
-7.818041000000002327e+01 6.310332247178407350e-01 0.000000000000000000e+00 2.721233759610601322e+00
-7.699641000000008262e+01 6.214765680302397621e-01 0.000000000000000000e+00 2.303958693052662099e+00
-7.823390000000001976e+01 6.314649692839047201e-01 0.000000000000000000e+00 2.632333729878213013e+00
-7.762169200000001013e+01 6.265235320563682375e-01 0.000000000000000000e+00 2.625096395716553399e+00
-7.795450800000001834e+01 6.292098565936492527e-01 0.000000000000000000e+00 2.488562712668669352e+00
-7.802492400000001282e+01 6.297782193785429472e-01 0.000000000000000000e+00 2.662856588464973306e+00
-7.789315400000005241e+01 6.287146377470186343e-01 0.000000000000000000e+00 2.860580463783848337e+00
-7.786916000000005056e+01 6.285209701620841916e-01 0.000000000000000000e+00 2.125757945778494751e+00
-7.831875000000000853e+01 6.321498361081807627e-01 0.000000000000000000e+00 2.565112001000494857e+00
-7.802882200000006208e+01 6.298096820878070767e-01 0.000000000000000000e+00 2.553559799735310776e+00
-7.776712600000006148e+01 6.276974026718286082e-01 0.000000000000000000e+00 2.358813222001027388e+00
-7.829522400000006144e+01 6.319599459855186341e-01 0.000000000000000000e+00 2.512093813435117173e+00
-7.756031200000002457e+01 6.260281033507222315e-01 0.000000000000000000e+00 2.237356146237578169e+00
-7.709245400000000359e+01 6.222517872320161292e-01 0.000000000000000000e+00 2.048432891799499611e+00
-7.836964400000002229e+01 6.325606270587372792e-01 0.000000000000000000e+00 2.699689168951406870e+00
-7.845297800000005850e+01 6.332332574881333054e-01 0.000000000000000000e+00 2.943894230628415709e+00
-7.771903600000001688e+01 6.273092442089002185e-01 0.000000000000000000e+00 2.550755976018866722e+00
-7.745292600000003347e+01 6.251613371893584015e-01 0.000000000000000000e+00 2.414655866089494118e+00
-7.856497800000005327e+01 6.341372655531766211e-01 0.000000000000000000e+00 2.859690230295667046e+00
-7.854961200000006727e+01 6.340132388752530712e-01 0.000000000000000000e+00 2.533718322950790025e+00
-7.836102800000003299e+01 6.324910830097336678e-01 0.000000000000000000e+00 2.539371043184839305e+00
-7.868062600000000373e+01 6.350707184523382010e-01 0.000000000000000000e+00 2.666955909109738787e+00
-7.760827200000007053e+01 6.264152125185751263e-01 0.000000000000000000e+00 2.526955672928484997e+00
-7.821009000000005074e+01 6.312727868550773724e-01 0.000000000000000000e+00 2.187064845560567683e+00
-7.748846400000005019e+01 6.254481821769970473e-01 0.000000000000000000e+00 2.625195503773831263e+00
-7.727990000000004045e+01 6.237647577298746082e-01 0.000000000000000000e+00 2.222047115484804714e+00
-7.731336400000000708e+01 6.240348624253083676e-01 0.000000000000000000e+00 2.657348379722945797e+00
-7.888431600000002675e+01 6.367148024056302758e-01 0.000000000000000000e+00 2.624783171601653198e+00
-7.709885400000005973e+01 6.223034448357332993e-01 0.000000000000000000e+00 2.591077498867092821e+00
-7.731701600000002372e+01 6.240643395454293918e-01 0.000000000000000000e+00 2.268915225732242913e+00
-7.882764400000003491e+01 6.362573743247182945e-01 0.000000000000000000e+00 2.777247808671691853e+00
-7.789310600000003149e+01 6.287142503149905082e-01 0.000000000000000000e+00 2.264474579137420118e+00
-7.859751400000003230e+01 6.343998798960716057e-01 0.000000000000000000e+00 2.996425913712482014e+00
-7.830352400000002433e+01 6.320269394403384977e-01 0.000000000000000000e+00 2.525286183246755911e+00
-7.836660000000006221e+01 6.325360574109698542e-01 0.000000000000000000e+00 2.909636101722076429e+00
-7.812917800000002444e+01 6.306197056000879542e-01 0.000000000000000000e+00 2.638626825444545521e+00
-7.772468000000003485e+01 6.273547997581780944e-01 0.000000000000000000e+00 2.456359426122942224e+00
-7.713306400000004714e+01 6.225795708706004516e-01 0.000000000000000000e+00 2.276557886461067159e+00
-7.874759800000002485e+01 6.356112829892319738e-01 0.000000000000000000e+00 2.676381566082961960e+00
-7.803121400000004826e+01 6.298289891171960919e-01 0.000000000000000000e+00 2.519899257126094305e+00
-7.748476400000002684e+01 6.254183176248481191e-01 0.000000000000000000e+00 2.150220387836248470e+00
-7.857838400000005663e+01 6.342454720899621812e-01 0.000000000000000000e+00 2.418221585318642841e+00
-7.890225800000001755e+01 6.368596212690498248e-01 0.000000000000000000e+00 2.570807462712715985e+00
-7.878794600000004777e+01 6.359369518946640376e-01 0.000000000000000000e+00 2.815794050213218824e+00
-7.809218600000004074e+01 6.303211246506051912e-01 0.000000000000000000e+00 2.410963345624199672e+00
-7.739416200000005119e+01 6.246870235292317775e-01 0.000000000000000000e+00 2.372735248388546214e+00
-7.805246000000003903e+01 6.300004762185344998e-01 0.000000000000000000e+00 2.512931923414793101e+00
-7.873526000000003933e+01 6.355116968150669177e-01 0.000000000000000000e+00 2.460812506371655495e+00
-7.685968200000004913e+01 6.203729678988354479e-01 0.000000000000000000e+00 2.348840152048399688e+00
-7.771992000000005874e+01 6.273163794154139605e-01 0.000000000000000000e+00 3.463529478098398506e+00
-7.893758400000007214e+01 6.371447550985657182e-01 0.000000000000000000e+00 2.479450784115814432e+00
-7.857854200000004141e+01 6.342467473870537775e-01 0.000000000000000000e+00 2.676471555784826872e+00
-7.749553600000004394e+01 6.255052638291040967e-01 0.000000000000000000e+00 2.888224091501785828e+00
-7.832417200000004698e+01 6.321935997843298738e-01 0.000000000000000000e+00 2.678143161134466599e+00
-7.869813000000003456e+01 6.352120019985038057e-01 0.000000000000000000e+00 2.380808797361929408e+00
-7.744640800000006209e+01 6.251087271485733510e-01 0.000000000000000000e+00 2.413751092658290354e+00
-7.777585400000000959e+01 6.277678507288969589e-01 0.000000000000000000e+00 2.132563426954479535e+00
-7.773252000000005069e+01 6.274180803227312753e-01 0.000000000000000000e+00 2.989065999251068195e+00
-7.756424600000003977e+01 6.260598566340069837e-01 0.000000000000000000e+00 2.211181389953517318e+00
-7.820857600000003629e+01 6.312605666031980700e-01 0.000000000000000000e+00 3.726489408890047539e+00
-7.862546200000006991e+01 6.346254621943024921e-01 0.000000000000000000e+00 2.279048761285986213e+00
-7.829983599999999910e+01 6.319971717461965177e-01 0.000000000000000000e+00 2.049929870173685220e+00
-7.867912600000001078e+01 6.350586112014671158e-01 0.000000000000000000e+00 2.535792204732043142e+00
-7.691337000000005730e+01 6.208063106220145233e-01 0.000000000000000000e+00 2.473316832481916805e+00
-7.711519000000004098e+01 6.224353008692201650e-01 0.000000000000000000e+00 2.241681051818212200e+00
-7.860454800000007936e+01 6.344566548311569854e-01 0.000000000000000000e+00 2.405024695162067072e+00
-7.827496400000006815e+01 6.317964173837528064e-01 0.000000000000000000e+00 2.437905791615402773e+00
-7.769218600000003505e+01 6.270925244183074287e-01 0.000000000000000000e+00 2.485599473208859767e+00
-7.785630600000006041e+01 6.284172190936193614e-01 0.000000000000000000e+00 2.737046269683411470e+00
-7.828135000000004595e+01 6.318479619864612040e-01 0.000000000000000000e+00 2.773914909500923454e+00
-7.816537400000004254e+01 6.309118616351088171e-01 0.000000000000000000e+00 2.745810874129696266e+00
-7.874762800000004859e+01 6.356115251342495664e-01 0.000000000000000000e+00 2.726263904389997883e+00
-7.883360200000002749e+01 6.363054643251783160e-01 0.000000000000000000e+00 2.857463040862462833e+00
-7.877011400000006347e+01 6.357930208963082919e-01 0.000000000000000000e+00 2.989460213598922333e+00
-7.830817000000003247e+01 6.320644396320366232e-01 0.000000000000000000e+00 2.502988198033492928e+00
-7.779273400000005267e+01 6.279040976587002554e-01 0.000000000000000000e+00 3.169041193309567017e+00
-7.804787400000007835e+01 6.299634603168715596e-01 0.000000000000000000e+00 2.600610317125462423e+00
-7.798272800000002292e+01 6.294376343400379659e-01 0.000000000000000000e+00 2.924038499797666280e+00
-7.719050400000006107e+01 6.230431978639585644e-01 0.000000000000000000e+00 2.587786235372588450e+00
-7.820111400000003243e+01 6.312003370658645363e-01 0.000000000000000000e+00 2.231789131318347774e+00
-7.849428800000001161e+01 6.335666911771234977e-01 0.000000000000000000e+00 2.270904706791831096e+00
-7.869132400000005134e+01 6.351570673655513311e-01 0.000000000000000000e+00 2.721297559529090915e+00
-7.931648000000005538e+01 6.402030143826072939e-01 0.000000000000000000e+00 2.843664808345425232e+00
-7.849491200000002777e+01 6.335717277934860281e-01 0.000000000000000000e+00 2.299812976642081619e+00
-7.919699400000006051e+01 6.392385830642165478e-01 0.000000000000000000e+00 3.162122564144327796e+00
-7.930895600000006596e+01 6.401422844122378608e-01 0.000000000000000000e+00 2.304877868861531898e+00
-7.884240600000005372e+01 6.363765258162914495e-01 0.000000000000000000e+00 2.403522617428196728e+00
-7.834950200000005793e+01 6.323980508940402201e-01 0.000000000000000000e+00 2.657563463783389146e+00
-7.906996000000003733e+01 6.382132280594420282e-01 0.000000000000000000e+00 2.624464050260759240e+00
-7.788034800000005475e+01 6.286112741105815971e-01 0.000000000000000000e+00 2.952696571086343980e+00
-7.842258000000001061e+01 6.329879000134794875e-01 0.000000000000000000e+00 2.561245592016951456e+00
-7.812453000000006398e+01 6.305821892653890037e-01 0.000000000000000000e+00 2.915735753275542130e+00
-7.709920200000004797e+01 6.223062537179353537e-01 0.000000000000000000e+00 2.029390150021936901e+00
-7.786334000000003641e+01 6.284739940287041859e-01 0.000000000000000000e+00 2.237141424210636220e+00
-7.798511600000007604e+01 6.294569090834252201e-01 0.000000000000000000e+00 2.599805799846044874e+00
