-5.123422238736146106e-01
-1.172138308651218486e+00
-2.518029452816385461e-01
6.169241193438510518e-01
-2.784358127469701571e-01
1.774233460236301629e-01
-4.944661377832313548e-02
7.522106119093976417e-01
-7.232892312179535210e-01
-5.377211345975021484e-01
1.137321225444471562e+00
1.419098537022996709e+00
1.213242492185053312e+00
-7.550882748153853186e-01
-4.998281292929027120e-01
-4.331603457530592838e-01
8.011438752437368693e-01
-2.289087778276787943e-01
-1.542520351499295783e-01
-1.945162715627838101e-01
4.574832803018685778e-01
7.419560557350394214e-01
-2.285022151378424404e-01
1.838361576319261226e-01
-4.927031965036532402e-01
2.063240749673553864e+00
1.689262245532266116e+00
-5.623698024046472899e-01
2.677146433892753086e-01
1.417827428374049958e+00
-7.913211499710072483e-02
4.842521676560622157e-01
1.243219899853664545e+00
1.292886014261052374e-01
1.568097961061123202e+00
-2.587508243732063451e-01
-4.397903876858212935e-01
1.311770885078839877e+00
1.346036221245594744e+00
-7.462638924075834512e-02
1.036779134047926432e+00
5.203637104476376285e-01
-7.194367609452356760e-01
1.307890574299631847e+00
-1.353418023966183326e-01
2.659589753226808129e-01
6.104680197493355109e-01
1.466283720785333866e+00
-3.206984653798037321e-01
-5.000129120492214918e-01
-1.416505314640603697e-01
1.145568044431007237e+00
-3.279915496305448874e-01
-3.690366301106053348e-01
1.614474200774675516e+00
1.269594335260395557e+00
-7.613046597501278434e-01
3.440272226602685279e-01
9.970449633699618452e-01
1.323866803420876925e+00
5.695883681857870640e-01
-4.889603450714474775e-02
6.665614592561550644e-01
-7.655837888123315782e-01
-5.115456954807811041e-01
3.146215184043195667e-01
7.427394293978618611e-01
-4.428623033288157096e-01
1.359160286406689622e+00
1.412698427731943429e+00
-2.939164360902304929e-01
-3.179306000504171226e-01
-4.736276368530055181e-01
-1.092837415921323607e-01
-9.126401057738734446e-01
-3.981993721384769480e-01
-1.128520501211684041e-01
-2.000999143978553496e-01
-5.353752463967269559e-01
2.716752600155184494e-01
-5.872873712819374203e-01
-6.477457411726791348e-01
-1.425752559197734914e-01
-5.020533924376602286e-01
-8.079010578005233478e-01
-2.061509592796985646e-01
-4.231608806867077632e-01
-6.782925757387335830e-01
-6.755271809592704457e-01
2.380523102879343877e-01
-1.220916307859668953e-01
1.028833837232605991e-02
-3.397756796136245372e-01
1.706101912903589812e-01
-2.408946958725014312e-02
3.675149518194290588e-01
-4.384063710885511417e-02
8.004965448098930528e-03
1.087700931684902894e+00
1.074645442484956637e-01
-3.302439790999640024e-01
-2.469296445392132333e-01
4.888787216738441077e-01
2.999076726586492603e-01
-1.669166881119275025e-01
2.234755188804176534e-02
-1.232199980365191738e-01
1.162084238172095940e+00
-5.933129307267636515e-02
2.501711119964193375e-01
-3.737789962149241640e-01
7.107334802053377754e-02
-2.672601478402888975e-01
-3.184548760920669075e-01
2.463677745918706474e-01
8.997078214823706066e-01
-3.642363873261117435e-01
-2.925092291798640498e-01
-4.462856031838082632e-02
-2.429057842376279239e-02
-3.654914775029640128e-01
-3.366529446620812327e-01
2.039146675211335191e-01
3.040067063037292794e-01
5.492292626222377017e-01
2.354436053055573574e-01
-6.064692786439645350e-02
-3.159641026908074218e-02
6.567362628259115070e-03
2.284563687931101816e-01
-1.892979354431415795e-01
-2.949184896474296158e-01
2.730238628135382428e-01
-9.516025589379101951e-03
2.928336952196717857e-01
2.620353046897750948e-01
-9.557906117272142732e-02
-1.257244855587884014e-01
-2.677908889480327681e-01
4.795383811098614668e-01
-2.758144161349583845e-01
-2.825095515271143776e-01
3.452474119302442745e-01
-1.383558000959541345e-01
-1.303700893405771721e-01
-2.797215510271796046e-01
1.516922635624309845e-01
8.368268787880320803e-01
-5.543803704163465795e-01
-2.986584987249553125e-01
-3.916793045465734591e-01
-3.601391078928610212e-01
9.766955032494492039e-01
3.698482006201003064e-02
-3.119715575829407617e-01
-8.789428980486883869e-02
-4.084920862695378130e-01
-3.054198636671048850e-01
-1.009900202331113078e-01
5.112315450847280118e-01
1.319856097921251747e-01
-3.661045618768125898e-02
-3.286904594837865012e-01
-3.254754100330788380e-01
1.719893015199263353e-01
3.089743770476703275e-02
-3.981778381587277454e-02
-2.530360797099539399e-02
7.724503703103151597e-01
-1.242477875706392010e-01
-1.600517808296100519e-01
-1.638664171604256869e-01
5.637165443538302845e-02
-5.655804619665736471e-02
5.288032582562982586e-01
-2.141454020597395036e-01
-1.312862710388553455e-01
-1.607066157781664728e-01
-2.032245636956348522e-01
-1.047056399579387037e-01
-1.590411860985891379e-01
-2.600994715486070197e-01
-3.847076510770047197e-01
-4.277349880913374203e-01
1.177343428775770695e+00
-1.008772333640071406e-01
-6.787020837786785776e-01
-3.241996856822274564e-01
-3.247232124238058279e-03
7.755599162477799791e-02
3.789577676384529165e-02
3.737452159711290856e-02
2.627907678581294926e-01
4.850890419379342428e-02
-1.734542794561612922e-01
2.465534357131097254e-01
5.738723559864735702e-01
-6.452192702816049452e-02
-2.525557460355230543e-01
-8.862203245688062003e-02
2.300954693004720608e-01
9.075024407619978195e-01
-3.019404220404663941e-01
-1.802717657922795202e-01
-1.873997891384906467e-01
-3.361008956462801511e-01
6.172181186602972991e-01
6.929511651534863148e-01
-1.909067586931402216e-01
-1.445117896608675012e-01
-1.032777495963034531e-02
-2.135824700529723452e-01
6.843158289377510028e-01
-4.127124986662983330e-03
-2.432014331691662590e-01
-5.242478793739649978e-01
8.969343063047851006e-01
1.834516987858446635e-01
-1.519170899669713692e-01
-1.173780269891633032e-01
2.087741149206564784e-01
9.390403144592708307e-01
-4.607900941282634943e-01
-3.619744722944165383e-01
5.774162158645572696e-01
9.032042582459926319e-03
4.725425111012809300e-03
5.766071131457773530e-02
-3.264836237332778279e-01
-6.173397807893538092e-01
9.178326439925783564e-01
-1.478827578116838348e-02
-1.886833483572917802e-01
-3.458846755298071729e-01
-1.153658701900020372e-01
1.047974039224973009e+00
9.402146832052662995e-02
5.343420773733818102e-02
5.851804308495667239e-01
3.583939162451375005e-01
-2.092330321429697326e-01
1.162378579510805338e-01
-4.203283873789477876e-01
-2.506753734767588337e-01
6.726038453576931309e-01
9.584709082187874429e-01
-7.168751720965336194e-01
1.250465800026425434e-01
-1.285893880939430189e-01
-4.353620287557074392e-02
1.002117083234484785e+00
-1.476446644639919648e-01
1.969020585137134238e-01
3.663695855044977190e-01
2.300027568241580847e-02
5.523318014822907740e-01
5.165236408859135153e-01
-6.932797528631988969e-03
1.164991540384386348e-01
-3.284671425888967267e-02
-3.750108561192130319e-01
-4.291524896604129724e-01
-1.565917171862901414e-01
5.473225206307655855e-01
-4.224545933204257864e-01
1.741416572402312568e-01
-3.369869573821703823e-01
-1.696409800029032855e-01
4.090245170877297443e-01
-2.768185877419904739e-01
-1.145128035689438328e-01
-2.165037047697848105e-01
8.975012178131583918e-01
3.405839429820220476e-02
-1.016840762791845348e-01
-1.820043681895153753e-01
-4.690129260832079372e-01
-4.847519695042893373e-01
-2.188129477745337226e-01
-3.547416546243150060e-01
2.607422873838328714e-01
-3.103179971347203581e-01
-3.311642640908991075e-01
-2.894998777193662498e-01
-1.183561887650072253e-01
-2.463427470862832869e-01
9.434735787317533040e-01
1.982985799703712582e-01
1.134880939221758755e-01
-3.129442858736014021e-01
-2.934622560920579007e-02
-1.515788846474655505e-01
9.812940113139825837e-02
-2.990197646278482946e-01
-2.914230129552548565e-01
-4.639730301286226766e-01
-3.788559153200277696e-01
-3.083522983481041257e-01
3.657175600124364101e-02
-2.853544099873613349e-01
-3.189749528560744674e-01
-2.939383451987017115e-01
2.083891685856404108e-01
1.082106768614131409e-01
-2.541974653445067123e-01
-2.266090683193807132e-01
-2.442872714410851409e-01
-3.046747421851080939e-01
-4.678120135724539996e-01
-4.140096815170216105e-01
-2.462766926288273706e-01
-2.167937208457441089e-01
2.284568888263389108e-01
5.630935239647343327e-01
1.919404829428865145e-01
6.496255630814664617e-01
2.082361347747057057e-01
-6.825120788603113997e-01
4.048634735762780129e-02
-4.526346757162568180e-01
1.997029502866993350e-02
-1.115023598925296844e-01
-2.825907859658445542e-02
1.915053441818663493e-01
-1.644378121350241750e-01
1.973443701059972577e-01
1.046361763457686944e+00
9.209872606546907203e-01
-3.498636133576662477e-01
-3.537178314204061369e-01
1.940577240499462980e-03
8.048132336489811633e-01
-3.204530401111615467e-01
-1.540587911538889576e-01
-3.168082585900138803e-01
-7.572174706050216475e-01
-1.367244029766672420e-01
-1.783324950273191545e-01
-4.336978902477758302e-01
-2.955077070179140120e-01
-7.081475844157390787e-02
8.388228722310103747e-02
-7.786496147119015276e-02
-4.933157392264254232e-02
-3.120364220841291281e-01
-3.018583843764746644e-01
-1.214504607312376500e-01
-2.684749462146966692e-02
-8.705725699197187917e-02
-1.910335396084698878e-01
-1.271384668560319731e-01
-2.576690580100481423e-02
-3.413762538054719853e-01
-2.085057139492590417e-01
1.349739185006763043e-01
1.200541503771456048e-01
-2.042202713714277862e-01
-1.544674034507459437e-01
8.266714347765273530e-02
7.644206787976455253e-01
