-2.300313000000002006e+01 8.897560466168736859e-01 0.000000000000000000e+00 7.387436522484465140e-01
-2.251150000000002294e+01 8.707399055439739577e-01 0.000000000000000000e+00 8.490306125282534033e-01
-2.148810200000001203e+01 8.311550943206480468e-01 0.000000000000000000e+00 8.833885011909333729e-01
-2.232914200000001159e+01 8.636863379143092656e-01 0.000000000000000000e+00 7.888990033015006453e-01
-2.295298199999999511e+01 8.878163329246167024e-01 1.000000000000000048e-04 8.622906070379394716e-01
-2.358371200000002332e+01 9.122128316307791529e-01 1.000000000000000048e-04 8.291706299622044751e-01
-2.235779400000001615e+01 8.647945910193288732e-01 0.000000000000000000e+00 9.788524922478347712e-01
-2.361360000000000881e+01 9.133688929459685690e-01 1.000000000000000048e-04 7.470965988952218417e-01
-2.350437600000002192e+01 9.091441324705171745e-01 0.000000000000000000e+00 6.144017635838535663e-01
-2.343324600000001112e+01 9.063928395988136710e-01 1.000000000000000048e-04 6.873818304937433510e-01
-2.305364400000001623e+01 8.917099171092284227e-01 1.000000000000000048e-04 7.237549783949780435e-01
-2.344384400000000923e+01 9.068027679251781104e-01 0.000000000000000000e+00 6.444112477496515279e-01
-2.271457200000002175e+01 8.785946861715920875e-01 0.000000000000000000e+00 7.582375931678202452e-01
-2.268847800000001413e+01 8.775853759481386795e-01 0.000000000000000000e+00 8.302819630083323466e-01
-2.317678800000001615e+01 8.964731001458233761e-01 0.000000000000000000e+00 7.100473743307126329e-01
-2.290225200000001848e+01 8.858541075994174063e-01 0.000000000000000000e+00 7.086153931791949745e-01
-2.362371800000001087e+01 9.137602549771213223e-01 2.999999999999999737e-04 8.002139774921063209e-01
-2.304356200000000854e+01 8.913199475502163738e-01 0.000000000000000000e+00 5.254472163093762971e-01
-2.360988800000000865e+01 9.132253135963304125e-01 1.000000000000000048e-04 6.620157511751821877e-01
-2.289696200000000204e+01 8.856494915542697521e-01 0.000000000000000000e+00 6.495213931485059877e-01
-2.375720600000001070e+01 9.189235416755311414e-01 0.000000000000000000e+00 6.599132630210662320e-01
-2.385889800000002126e+01 9.228569660352844428e-01 1.000000000000000048e-04 6.219036831431942192e-01
-2.302205400000001845e+01 8.904880228056000213e-01 0.000000000000000000e+00 6.562083586665430346e-01
-2.347614800000001978e+01 9.080522795929346636e-01 0.000000000000000000e+00 5.918019127506717325e-01
-2.420207600000000170e+01 9.361310161565448151e-01 0.000000000000000000e+00 5.267483881975215665e-01
-2.352855600000000891e+01 9.100794095918125493e-01 0.000000000000000000e+00 6.343439828275311276e-01
-2.416523999999999006e+01 9.347062077181632622e-01 1.000000000000000048e-04 5.045747480439707333e-01
-2.423889800000002026e+01 9.375552830779830815e-01 4.000000000000000192e-04 6.129544254450955965e-01
-2.362824000000001234e+01 9.139351649499294350e-01 1.000000000000000048e-04 7.214535129259068702e-01
-2.455770800000000165e+01 9.498867842789895377e-01 4.000000000000000192e-04 5.241294781199998809e-01
-2.472533800000000070e+01 9.563706760839041365e-01 5.000000000000000104e-04 4.757722701953833178e-01
-2.434076999999999913e+01 9.414956697984395717e-01 2.999999999999999737e-04 6.220102947441277230e-01
-2.492544600000000798e+01 9.641108098385895442e-01 5.000000000000000104e-04 4.299747794858896910e-01
-2.416611000000002107e+01 9.347398591282358726e-01 1.000000000000000048e-04 6.445998200277422985e-01
-2.464935999999999794e+01 9.534318636305615380e-01 5.000000000000000104e-04 4.989775076406886001e-01
-2.447429000000000343e+01 9.466601942498638067e-01 2.000000000000000096e-04 5.444166537021831731e-01
-2.411178600000000571e+01 9.326386186676364209e-01 1.000000000000000048e-04 5.567981018885272970e-01
-2.476987400000001216e+01 9.580933188413088830e-01 8.000000000000000383e-04 5.270917836658820521e-01
-2.524919999999999831e+01 9.766335438802782321e-01 1.600000000000000077e-03 4.442799031277830379e-01
-2.543635200000000651e+01 9.838725423833709627e-01 2.299999999999999961e-03 3.985901138824799461e-01
-2.525753600000000176e+01 9.769559785404571262e-01 1.500000000000000031e-03 4.451156212341538243e-01
-2.548598799999999898e+01 9.857924520274007341e-01 8.000000000000000383e-04 3.531463099314243737e-01
-2.506734399999999496e+01 9.695993935010228659e-01 1.000000000000000048e-04 4.449220715604201293e-01
-2.524585799999999836e+01 9.765042760498658936e-01 1.000000000000000048e-04 4.227683830336996240e-01
-2.545283799999999985e+01 9.845102172643337424e-01 8.999999999999999754e-04 3.604162023903120238e-01
-2.526588600000000895e+01 9.772789547175798619e-01 5.000000000000000104e-04 3.885478026620857728e-01
-2.564612800000000092e+01 9.919866322674474324e-01 1.000000000000000021e-03 2.259459701572549550e-01
-2.562449599999999705e+01 9.911499112299009262e-01 1.000000000000000021e-03 2.388652855278538267e-01
-2.511728400000000505e+01 9.715310617986874231e-01 2.000000000000000096e-04 2.778306404843050026e-01
-2.576494200000000134e+01 9.965823318493191030e-01 8.999999999999999754e-04 3.206132123278708501e-02
-2.575980199999999698e+01 9.963835177714255309e-01 6.999999999999999929e-04 3.065851663770260624e-02
-2.545845199999999764e+01 9.847273655587486241e-01 0.000000000000000000e+00 3.355756376464448798e-01
-2.538629599999999797e+01 9.819363872310303831e-01 6.999999999999999929e-04 3.793607243452557509e-01
-2.578359999999999985e+01 9.973040192161155559e-01 1.799999999999999951e-03 3.282044817155670147e-02
-2.577787000000000361e+01 9.970823840670244298e-01 1.399999999999999986e-03 3.229273145849596155e-02
-2.577311800000000019e+01 9.968985777444271390e-01 1.699999999999999905e-03 3.939411938886691611e-02
-2.579040000000000177e+01 9.975670417316164773e-01 2.599999999999999881e-03 3.747174019352905727e-02
-2.578359999999999985e+01 9.973040192161155559e-01 1.799999999999999951e-03 3.282044817155670147e-02
-2.527665600000000268e+01 9.776955359663950240e-01 4.000000000000000192e-04 3.310003614145544115e-01
-2.579804999999999993e+01 9.978629420615550139e-01 3.500000000000000073e-03 4.074666126249409936e-02
-2.578699999999999903e+01 9.974355304738659056e-01 2.200000000000000133e-03 3.538832199092462050e-02
-2.578699999999999903e+01 9.974355304738659056e-01 2.200000000000000133e-03 3.538832199092462050e-02
-2.578784999999999883e+01 9.974684082883035208e-01 2.299999999999999961e-03 3.595096969794066982e-02
-2.578870000000000218e+01 9.975012861027412470e-01 2.399999999999999790e-03 3.648494915922922965e-02
-2.578657200000000316e+01 9.974189755273021873e-01 2.099999999999999870e-03 3.483282464468388795e-02
-2.578062200000000104e+01 9.971888308262387701e-01 1.399999999999999986e-03 2.977146481400831657e-02
-2.560425000000000040e+01 9.903668003697786437e-01 1.100000000000000066e-03 2.610833411194618536e-01
-2.565682799999999730e+01 9.924005059315443855e-01 1.600000000000000077e-03 2.378789430179001074e-01
-2.578529999999999944e+01 9.973697748449906753e-01 2.000000000000000042e-03 3.417128571881355992e-02
-2.578444999999999609e+01 9.973368970305529491e-01 1.899999999999999996e-03 3.351356577431165162e-02
-2.545681600000000344e+01 9.846640854359018924e-01 6.999999999999999929e-04 3.522425922312892865e-01
-2.578206199999999981e+01 9.972445297118742724e-01 1.699999999999999905e-03 3.276060328004890693e-02
-2.547072199999999498e+01 9.852019664801009435e-01 1.000000000000000021e-03 3.620929719273657255e-01
-2.577425000000000210e+01 9.969423632573017890e-01 6.999999999999999929e-04 2.179675399798085625e-02
-2.576914999999999978e+01 9.967450963706760980e-01 1.000000000000000048e-04 8.500000000000085612e-03
-2.562667599999999624e+01 9.912342331539879536e-01 8.000000000000000383e-04 2.452970382901913382e-01
-2.578147200000000083e+01 9.972217086406763853e-01 1.500000000000000031e-03 3.061749707720646738e-02
-2.578359999999999985e+01 9.973040192161155559e-01 1.799999999999999951e-03 3.282044817155670147e-02
-2.555781400000000048e+01 9.885706660271609270e-01 8.999999999999999754e-04 2.879651188963870401e-01
-2.578402199999999311e+01 9.973203420839890088e-01 1.799999999999999951e-03 3.289295641650661489e-02
-2.578190000000000026e+01 9.972382635872403256e-01 1.600000000000000077e-03 3.131850068008532051e-02
-2.577254999999999896e+01 9.968766076284264477e-01 5.000000000000000104e-04 1.861864765239536548e-02
-2.577680000000000149e+01 9.970409967006146346e-01 1.000000000000000021e-03 2.562846428911016647e-02
-2.578105000000000047e+01 9.972053857728027104e-01 1.500000000000000031e-03 3.050397390902442885e-02
-2.577467199999999892e+01 9.969586861251754639e-01 6.999999999999999929e-04 2.208697262179608670e-02
-2.578317199999999687e+01 9.972874642695515046e-01 1.699999999999999905e-03 3.217505803562723671e-02
-2.578615000000000279e+01 9.974026526594285125e-01 2.099999999999999870e-03 3.479561536292859886e-02
-2.577254999999999896e+01 9.968766076284264477e-01 5.000000000000000104e-04 1.861864765239536548e-02
-2.579550000000000409e+01 9.977643086182422794e-01 3.200000000000000153e-03 3.985022464228320932e-02
-2.578487200000000357e+01 9.973532198984269570e-01 1.899999999999999996e-03 3.357378751467923056e-02
-2.577807200000000165e+01 9.970901973829260356e-01 1.100000000000000066e-03 2.691299892451835471e-02
-2.578954999999999842e+01 9.975341639171787511e-01 2.500000000000000052e-03 3.699150189058616339e-02
-2.578274999999999650e+01 9.972711414016777187e-01 1.699999999999999905e-03 3.208963928583445646e-02
-2.580442199999999886e+01 9.981094096304919949e-01 4.199999999999999740e-03 4.201382066978392310e-02
-2.579890000000000327e+01 9.978958198759927400e-01 3.599999999999999901e-03 4.100554286257626635e-02
-2.580995000000000417e+01 9.983232314636817373e-01 4.899999999999999842e-03 4.270556347263419761e-02
-2.579974999999999952e+01 9.979286976904301332e-01 3.700000000000000164e-03 4.124510990298273921e-02
-2.545037800000000061e+01 9.844150650013731019e-01 5.000000000000000104e-04 3.553309840106540496e-01
-2.579719999999999658e+01 9.978300642471171766e-01 3.399999999999999811e-03 4.046809442840989396e-02
-2.580314999999999515e+01 9.980602089481804828e-01 4.100000000000000346e-03 4.201644098601580585e-02
-2.580824999999999747e+01 9.982574758348062849e-01 4.700000000000000185e-03 4.263715243396073995e-02
-2.572529599999999661e+01 9.950488332243850875e-01 1.799999999999999951e-03 1.986288289775935134e-01
-2.579550000000000409e+01 9.977643086182422794e-01 3.200000000000000153e-03 3.985022464228320932e-02
-2.579464999999999719e+01 9.977314308038044421e-01 3.099999999999999891e-03 3.950997189049759023e-02
-2.578274999999999650e+01 9.972711414016777187e-01 1.699999999999999905e-03 3.208963928583445646e-02
-2.578870000000000218e+01 9.975012861027412470e-01 2.399999999999999790e-03 3.648494915922922965e-02
-2.579932200000000009e+01 9.979121427438663039e-01 3.599999999999999901e-03 4.090447008246539395e-02
-2.580399999999999849e+01 9.980930867626182090e-01 4.199999999999999740e-03 4.216382191865337276e-02
-2.579550000000000409e+01 9.977643086182422794e-01 3.200000000000000153e-03 3.985022464228320932e-02
-2.581674999999999898e+01 9.985862539791824366e-01 5.700000000000000205e-03 4.229343741628108222e-02
-2.579998400000000203e+01 9.979377487593460438e-01 5.000000000000000104e-03 9.243024639415893529e-02
-2.580910000000000082e+01 9.982903536492440111e-01 4.799999999999999580e-03 4.267992218333808291e-02
-2.582992199999999983e+01 9.990957440636204501e-01 7.199999999999999803e-03 3.790655064521448320e-02
-2.582185000000000130e+01 9.987835208658082387e-01 6.300000000000000044e-03 4.124510990298273921e-02
-2.584819999999999851e+01 9.998027331133741979e-01 9.400000000000000369e-03 2.028807680895527293e-02
-2.584394999999999953e+01 9.996383440411862331e-01 8.899999999999999925e-03 2.672961320749397962e-02
-2.582779999999999987e+01 9.990136655668715449e-01 7.000000000000000146e-03 3.914812585010665064e-02
-2.580824999999999747e+01 9.982574758348062849e-01 4.700000000000000185e-03 4.263715243396073995e-02
-2.584649999999999892e+01 9.997369774844989676e-01 9.199999999999999845e-03 2.317609356926494946e-02
-2.582355000000000089e+01 9.988492764946834690e-01 6.499999999999999702e-03 4.074666126249409936e-02
-2.585244999999999749e+01 9.999671221855622738e-01 9.900000000000000813e-03 8.500000000000059591e-03
-2.585330000000000084e+01 1.000000000000000000e+00 1.930000000000000118e-02 0.000000000000000000e+00
-2.585330000000000084e+01 1.000000000000000000e+00 2.149999999999999828e-02 0.000000000000000000e+00
-2.585330000000000084e+01 1.000000000000000000e+00 1.600000000000000033e-02 0.000000000000000000e+00
-2.585330000000000084e+01 1.000000000000000000e+00 1.069999999999999944e-02 0.000000000000000000e+00
-2.585330000000000084e+01 1.000000000000000000e+00 1.490000000000000005e-02 0.000000000000000000e+00
-2.585330000000000084e+01 1.000000000000000000e+00 1.799999999999999864e-02 0.000000000000000000e+00
-2.585330000000000084e+01 1.000000000000000000e+00 1.959999999999999937e-02 0.000000000000000000e+00
-2.585330000000000084e+01 1.000000000000000000e+00 1.870000000000000134e-02 0.000000000000000000e+00
-2.585330000000000084e+01 1.000000000000000000e+00 1.540000000000000049e-02 0.000000000000000000e+00
-2.585330000000000084e+01 1.000000000000000000e+00 1.739999999999999880e-02 0.000000000000000000e+00
-2.585330000000000084e+01 1.000000000000000000e+00 1.590000000000000094e-02 0.000000000000000000e+00
-2.585330000000000084e+01 1.000000000000000000e+00 1.810000000000000150e-02 0.000000000000000000e+00
-2.585330000000000084e+01 1.000000000000000000e+00 7.309999999999999831e-02 0.000000000000000000e+00
-2.585330000000000084e+01 1.000000000000000000e+00 1.349999999999999985e-02 0.000000000000000000e+00
-2.585330000000000084e+01 1.000000000000000000e+00 3.670000000000000345e-02 0.000000000000000000e+00
-2.585330000000000084e+01 1.000000000000000000e+00 1.490000000000000005e-02 0.000000000000000000e+00
-2.585330000000000084e+01 1.000000000000000000e+00 1.909999999999999892e-02 0.000000000000000000e+00
-2.585330000000000084e+01 1.000000000000000000e+00 1.859999999999999848e-02 0.000000000000000000e+00
-2.585330000000000084e+01 1.000000000000000000e+00 1.310000000000000053e-02 0.000000000000000000e+00
-2.585330000000000084e+01 1.000000000000000000e+00 1.619999999999999912e-02 0.000000000000000000e+00
-2.585330000000000084e+01 1.000000000000000000e+00 1.329999999999999932e-02 0.000000000000000000e+00
-2.585330000000000084e+01 1.000000000000000000e+00 1.909999999999999892e-02 0.000000000000000000e+00
-2.585330000000000084e+01 1.000000000000000000e+00 1.020000000000000073e-02 0.000000000000000000e+00
-2.585330000000000084e+01 1.000000000000000000e+00 1.990000000000000102e-02 0.000000000000000000e+00
-2.585330000000000084e+01 1.000000000000000000e+00 1.460000000000000013e-02 0.000000000000000000e+00
-2.585330000000000084e+01 1.000000000000000000e+00 1.679999999999999896e-02 0.000000000000000000e+00
-2.585330000000000084e+01 1.000000000000000000e+00 1.549999999999999989e-02 0.000000000000000000e+00
-2.585330000000000084e+01 1.000000000000000000e+00 2.120000000000000009e-02 0.000000000000000000e+00
-2.585330000000000084e+01 1.000000000000000000e+00 2.029999999999999860e-02 0.000000000000000000e+00
-2.585330000000000084e+01 1.000000000000000000e+00 1.370000000000000037e-02 0.000000000000000000e+00
-2.585330000000000084e+01 1.000000000000000000e+00 1.389999999999999916e-02 0.000000000000000000e+00
-2.585330000000000084e+01 1.000000000000000000e+00 1.779999999999999985e-02 0.000000000000000000e+00
-2.585330000000000084e+01 1.000000000000000000e+00 2.769999999999999893e-02 0.000000000000000000e+00
-2.585330000000000084e+01 1.000000000000000000e+00 1.359999999999999924e-02 0.000000000000000000e+00
-2.585330000000000084e+01 1.000000000000000000e+00 2.380000000000000171e-02 0.000000000000000000e+00
-2.585330000000000084e+01 1.000000000000000000e+00 1.609999999999999973e-02 0.000000000000000000e+00
-2.585330000000000084e+01 1.000000000000000000e+00 1.940000000000000058e-02 0.000000000000000000e+00
-2.585330000000000084e+01 1.000000000000000000e+00 1.830000000000000029e-02 0.000000000000000000e+00
-2.585330000000000084e+01 1.000000000000000000e+00 1.379999999999999977e-02 0.000000000000000000e+00
-2.585330000000000084e+01 1.000000000000000000e+00 1.660000000000000017e-02 0.000000000000000000e+00
-2.585330000000000084e+01 1.000000000000000000e+00 1.700000000000000122e-02 0.000000000000000000e+00
-2.585330000000000084e+01 1.000000000000000000e+00 1.710000000000000062e-02 0.000000000000000000e+00
-2.585330000000000084e+01 1.000000000000000000e+00 1.600000000000000033e-02 0.000000000000000000e+00
-2.579719999999999658e+01 9.978300642471171766e-01 3.399999999999999811e-03 4.046809442840989396e-02
-2.585330000000000084e+01 1.000000000000000000e+00 3.030000000000000054e-02 0.000000000000000000e+00
-2.585330000000000084e+01 1.000000000000000000e+00 1.590000000000000094e-02 0.000000000000000000e+00
-2.585330000000000084e+01 1.000000000000000000e+00 1.880000000000000074e-02 0.000000000000000000e+00
-2.585330000000000084e+01 1.000000000000000000e+00 1.720000000000000001e-02 0.000000000000000000e+00
-2.585330000000000084e+01 1.000000000000000000e+00 1.689999999999999836e-02 0.000000000000000000e+00
-2.585330000000000084e+01 1.000000000000000000e+00 2.560000000000000123e-02 0.000000000000000000e+00
-2.578699999999999903e+01 9.974355304738659056e-01 2.200000000000000133e-03 3.538832199092462050e-02
-2.585330000000000084e+01 1.000000000000000000e+00 1.269999999999999948e-02 0.000000000000000000e+00
-2.585330000000000084e+01 1.000000000000000000e+00 1.679999999999999896e-02 0.000000000000000000e+00
-2.585330000000000084e+01 1.000000000000000000e+00 1.890000000000000013e-02 0.000000000000000000e+00
-2.585330000000000084e+01 1.000000000000000000e+00 1.310000000000000053e-02 0.000000000000000000e+00
-2.585330000000000084e+01 1.000000000000000000e+00 1.519999999999999997e-02 0.000000000000000000e+00
-2.585330000000000084e+01 1.000000000000000000e+00 2.259999999999999856e-02 0.000000000000000000e+00
-2.585330000000000084e+01 1.000000000000000000e+00 1.469999999999999953e-02 0.000000000000000000e+00
-2.585330000000000084e+01 1.000000000000000000e+00 3.030000000000000054e-02 0.000000000000000000e+00
-2.585330000000000084e+01 1.000000000000000000e+00 1.650000000000000078e-02 0.000000000000000000e+00
-2.585330000000000084e+01 1.000000000000000000e+00 1.379999999999999977e-02 0.000000000000000000e+00
-2.585330000000000084e+01 1.000000000000000000e+00 1.640000000000000138e-02 0.000000000000000000e+00
-2.585330000000000084e+01 1.000000000000000000e+00 1.650000000000000078e-02 0.000000000000000000e+00
-2.585330000000000084e+01 1.000000000000000000e+00 1.720000000000000001e-02 0.000000000000000000e+00
-2.585330000000000084e+01 1.000000000000000000e+00 2.129999999999999949e-02 0.000000000000000000e+00
-2.585330000000000084e+01 1.000000000000000000e+00 2.319999999999999840e-02 0.000000000000000000e+00
-2.585330000000000084e+01 1.000000000000000000e+00 1.450000000000000074e-02 0.000000000000000000e+00
-2.585330000000000084e+01 1.000000000000000000e+00 2.000000000000000042e-02 0.000000000000000000e+00
-2.585330000000000084e+01 1.000000000000000000e+00 2.999999999999999889e-02 0.000000000000000000e+00
-2.585330000000000084e+01 1.000000000000000000e+00 1.720000000000000001e-02 0.000000000000000000e+00
-2.585330000000000084e+01 1.000000000000000000e+00 3.239999999999999825e-02 0.000000000000000000e+00
-2.585330000000000084e+01 1.000000000000000000e+00 1.510000000000000057e-02 0.000000000000000000e+00
-2.585330000000000084e+01 1.000000000000000000e+00 1.280000000000000061e-02 0.000000000000000000e+00
-2.585330000000000084e+01 1.000000000000000000e+00 1.640000000000000138e-02 0.000000000000000000e+00
-2.585330000000000084e+01 1.000000000000000000e+00 1.460000000000000013e-02 0.000000000000000000e+00
-2.585330000000000084e+01 1.000000000000000000e+00 1.959999999999999937e-02 0.000000000000000000e+00
-2.585330000000000084e+01 1.000000000000000000e+00 1.329999999999999932e-02 0.000000000000000000e+00
-2.585330000000000084e+01 1.000000000000000000e+00 1.689999999999999836e-02 0.000000000000000000e+00
-2.585330000000000084e+01 1.000000000000000000e+00 1.349999999999999985e-02 0.000000000000000000e+00
-2.585330000000000084e+01 1.000000000000000000e+00 1.650000000000000078e-02 0.000000000000000000e+00
-2.585330000000000084e+01 1.000000000000000000e+00 1.439999999999999961e-02 0.000000000000000000e+00
-2.585330000000000084e+01 1.000000000000000000e+00 1.379999999999999977e-02 0.000000000000000000e+00
-2.585330000000000084e+01 1.000000000000000000e+00 1.619999999999999912e-02 0.000000000000000000e+00
-2.585330000000000084e+01 1.000000000000000000e+00 1.569999999999999868e-02 0.000000000000000000e+00
-2.585330000000000084e+01 1.000000000000000000e+00 1.379999999999999977e-02 0.000000000000000000e+00
-2.585330000000000084e+01 1.000000000000000000e+00 1.510000000000000057e-02 0.000000000000000000e+00
-2.585330000000000084e+01 1.000000000000000000e+00 1.779999999999999985e-02 0.000000000000000000e+00
-2.585330000000000084e+01 1.000000000000000000e+00 1.799999999999999864e-02 0.000000000000000000e+00
-2.585330000000000084e+01 1.000000000000000000e+00 1.220000000000000077e-02 0.000000000000000000e+00
-2.585330000000000084e+01 1.000000000000000000e+00 1.799999999999999864e-02 0.000000000000000000e+00
-2.585330000000000084e+01 1.000000000000000000e+00 1.839999999999999969e-02 0.000000000000000000e+00
-2.585330000000000084e+01 1.000000000000000000e+00 2.139999999999999888e-02 0.000000000000000000e+00
-2.585330000000000084e+01 1.000000000000000000e+00 1.030000000000000013e-02 0.000000000000000000e+00
-2.585330000000000084e+01 1.000000000000000000e+00 1.789999999999999925e-02 0.000000000000000000e+00
-2.585330000000000084e+01 1.000000000000000000e+00 1.650000000000000078e-02 0.000000000000000000e+00
-2.585330000000000084e+01 1.000000000000000000e+00 1.700000000000000122e-02 0.000000000000000000e+00
-2.585330000000000084e+01 1.000000000000000000e+00 1.629999999999999852e-02 0.000000000000000000e+00
-2.585330000000000084e+01 1.000000000000000000e+00 1.660000000000000017e-02 0.000000000000000000e+00
-2.585330000000000084e+01 1.000000000000000000e+00 1.490000000000000005e-02 0.000000000000000000e+00
-2.585330000000000084e+01 1.000000000000000000e+00 1.909999999999999892e-02 0.000000000000000000e+00
-2.585330000000000084e+01 1.000000000000000000e+00 1.959999999999999937e-02 0.000000000000000000e+00
-2.585330000000000084e+01 1.000000000000000000e+00 1.849999999999999908e-02 0.000000000000000000e+00
-2.585330000000000084e+01 1.000000000000000000e+00 1.750000000000000167e-02 0.000000000000000000e+00
-2.585330000000000084e+01 1.000000000000000000e+00 1.710000000000000062e-02 0.000000000000000000e+00
-2.585330000000000084e+01 1.000000000000000000e+00 1.909999999999999892e-02 0.000000000000000000e+00
-2.585330000000000084e+01 1.000000000000000000e+00 1.739999999999999880e-02 0.000000000000000000e+00
-2.585330000000000084e+01 1.000000000000000000e+00 1.430000000000000021e-02 0.000000000000000000e+00
-2.585330000000000084e+01 1.000000000000000000e+00 1.839999999999999969e-02 0.000000000000000000e+00
-2.585330000000000084e+01 1.000000000000000000e+00 1.810000000000000150e-02 0.000000000000000000e+00
-2.585330000000000084e+01 1.000000000000000000e+00 2.050000000000000086e-02 0.000000000000000000e+00
-2.585330000000000084e+01 1.000000000000000000e+00 1.679999999999999896e-02 0.000000000000000000e+00
-2.585330000000000084e+01 1.000000000000000000e+00 1.750000000000000167e-02 0.000000000000000000e+00
-2.578359999999999985e+01 9.973040192161155559e-01 1.799999999999999951e-03 3.282044817155670147e-02
-2.585330000000000084e+01 1.000000000000000000e+00 1.810000000000000150e-02 0.000000000000000000e+00
-2.585330000000000084e+01 1.000000000000000000e+00 1.650000000000000078e-02 0.000000000000000000e+00
-2.585330000000000084e+01 1.000000000000000000e+00 1.990000000000000102e-02 0.000000000000000000e+00
-2.585330000000000084e+01 1.000000000000000000e+00 1.700000000000000122e-02 0.000000000000000000e+00
-2.585330000000000084e+01 1.000000000000000000e+00 2.220000000000000098e-02 0.000000000000000000e+00
-2.585330000000000084e+01 1.000000000000000000e+00 1.779999999999999985e-02 0.000000000000000000e+00
-2.585330000000000084e+01 1.000000000000000000e+00 2.149999999999999828e-02 0.000000000000000000e+00
-2.585330000000000084e+01 1.000000000000000000e+00 1.789999999999999925e-02 0.000000000000000000e+00
-2.585330000000000084e+01 1.000000000000000000e+00 2.840000000000000163e-02 0.000000000000000000e+00
-2.585330000000000084e+01 1.000000000000000000e+00 1.569999999999999868e-02 0.000000000000000000e+00
-2.585330000000000084e+01 1.000000000000000000e+00 1.069999999999999944e-02 0.000000000000000000e+00
-2.585330000000000084e+01 1.000000000000000000e+00 1.619999999999999912e-02 0.000000000000000000e+00
-2.585330000000000084e+01 1.000000000000000000e+00 1.909999999999999892e-02 0.000000000000000000e+00
-2.585330000000000084e+01 1.000000000000000000e+00 2.040000000000000147e-02 0.000000000000000000e+00
-2.585330000000000084e+01 1.000000000000000000e+00 1.959999999999999937e-02 0.000000000000000000e+00
-2.585330000000000084e+01 1.000000000000000000e+00 1.959999999999999937e-02 0.000000000000000000e+00
-2.585330000000000084e+01 1.000000000000000000e+00 1.849999999999999908e-02 0.000000000000000000e+00
-2.585330000000000084e+01 1.000000000000000000e+00 1.919999999999999832e-02 0.000000000000000000e+00
-2.585330000000000084e+01 1.000000000000000000e+00 2.040000000000000147e-02 0.000000000000000000e+00
-2.585330000000000084e+01 1.000000000000000000e+00 1.909999999999999892e-02 0.000000000000000000e+00
-2.585330000000000084e+01 1.000000000000000000e+00 2.040000000000000147e-02 0.000000000000000000e+00
-2.585330000000000084e+01 1.000000000000000000e+00 1.739999999999999880e-02 0.000000000000000000e+00
-2.585330000000000084e+01 1.000000000000000000e+00 1.810000000000000150e-02 0.000000000000000000e+00
-2.585330000000000084e+01 1.000000000000000000e+00 1.660000000000000017e-02 0.000000000000000000e+00
-2.585330000000000084e+01 1.000000000000000000e+00 1.890000000000000013e-02 0.000000000000000000e+00
-2.585330000000000084e+01 1.000000000000000000e+00 1.810000000000000150e-02 0.000000000000000000e+00
-2.585330000000000084e+01 1.000000000000000000e+00 1.700000000000000122e-02 0.000000000000000000e+00
-2.585330000000000084e+01 1.000000000000000000e+00 2.009999999999999981e-02 0.000000000000000000e+00
-2.585330000000000084e+01 1.000000000000000000e+00 1.689999999999999836e-02 0.000000000000000000e+00
-2.585330000000000084e+01 1.000000000000000000e+00 1.679999999999999896e-02 0.000000000000000000e+00
-2.585330000000000084e+01 1.000000000000000000e+00 2.120000000000000009e-02 0.000000000000000000e+00
-2.585330000000000084e+01 1.000000000000000000e+00 1.629999999999999852e-02 0.000000000000000000e+00
-2.585330000000000084e+01 1.000000000000000000e+00 1.779999999999999985e-02 0.000000000000000000e+00
-2.585330000000000084e+01 1.000000000000000000e+00 1.859999999999999848e-02 0.000000000000000000e+00
-2.585330000000000084e+01 1.000000000000000000e+00 1.660000000000000017e-02 0.000000000000000000e+00
-2.585330000000000084e+01 1.000000000000000000e+00 1.720000000000000001e-02 0.000000000000000000e+00
-2.585330000000000084e+01 1.000000000000000000e+00 1.899999999999999953e-02 0.000000000000000000e+00
-2.585330000000000084e+01 1.000000000000000000e+00 1.880000000000000074e-02 0.000000000000000000e+00
-2.585330000000000084e+01 1.000000000000000000e+00 1.519999999999999997e-02 0.000000000000000000e+00
-2.585330000000000084e+01 1.000000000000000000e+00 2.110000000000000070e-02 0.000000000000000000e+00
-2.585330000000000084e+01 1.000000000000000000e+00 1.669999999999999957e-02 0.000000000000000000e+00
-2.585330000000000084e+01 1.000000000000000000e+00 1.870000000000000134e-02 0.000000000000000000e+00
-2.585330000000000084e+01 1.000000000000000000e+00 1.990000000000000102e-02 0.000000000000000000e+00
-2.585330000000000084e+01 1.000000000000000000e+00 1.810000000000000150e-02 0.000000000000000000e+00
-2.585330000000000084e+01 1.000000000000000000e+00 1.830000000000000029e-02 0.000000000000000000e+00
-2.585330000000000084e+01 1.000000000000000000e+00 1.980000000000000163e-02 0.000000000000000000e+00
-2.585330000000000084e+01 1.000000000000000000e+00 2.000000000000000042e-02 0.000000000000000000e+00
-2.585330000000000084e+01 1.000000000000000000e+00 2.189999999999999933e-02 0.000000000000000000e+00
-2.585330000000000084e+01 1.000000000000000000e+00 1.839999999999999969e-02 0.000000000000000000e+00
-2.585330000000000084e+01 1.000000000000000000e+00 1.919999999999999832e-02 0.000000000000000000e+00
-2.585330000000000084e+01 1.000000000000000000e+00 2.129999999999999949e-02 0.000000000000000000e+00
-2.585330000000000084e+01 1.000000000000000000e+00 1.590000000000000094e-02 0.000000000000000000e+00
-2.585330000000000084e+01 1.000000000000000000e+00 2.340000000000000066e-02 0.000000000000000000e+00
-2.585330000000000084e+01 1.000000000000000000e+00 1.980000000000000163e-02 0.000000000000000000e+00
-2.585330000000000084e+01 1.000000000000000000e+00 1.880000000000000074e-02 0.000000000000000000e+00
-2.585330000000000084e+01 1.000000000000000000e+00 1.919999999999999832e-02 0.000000000000000000e+00
-2.585330000000000084e+01 1.000000000000000000e+00 1.739999999999999880e-02 0.000000000000000000e+00
-2.585330000000000084e+01 1.000000000000000000e+00 1.849999999999999908e-02 0.000000000000000000e+00
-2.585330000000000084e+01 1.000000000000000000e+00 1.870000000000000134e-02 0.000000000000000000e+00
-2.585330000000000084e+01 1.000000000000000000e+00 2.120000000000000009e-02 0.000000000000000000e+00
-2.585330000000000084e+01 1.000000000000000000e+00 1.779999999999999985e-02 0.000000000000000000e+00
-2.585330000000000084e+01 1.000000000000000000e+00 1.770000000000000046e-02 0.000000000000000000e+00
-2.585330000000000084e+01 1.000000000000000000e+00 1.830000000000000029e-02 0.000000000000000000e+00
-2.585330000000000084e+01 1.000000000000000000e+00 1.880000000000000074e-02 0.000000000000000000e+00
-2.585330000000000084e+01 1.000000000000000000e+00 1.930000000000000118e-02 0.000000000000000000e+00
-2.585330000000000084e+01 1.000000000000000000e+00 1.619999999999999912e-02 0.000000000000000000e+00
-2.585330000000000084e+01 1.000000000000000000e+00 1.689999999999999836e-02 0.000000000000000000e+00
-2.585330000000000084e+01 1.000000000000000000e+00 1.919999999999999832e-02 0.000000000000000000e+00
-2.585330000000000084e+01 1.000000000000000000e+00 1.990000000000000102e-02 0.000000000000000000e+00
-2.585330000000000084e+01 1.000000000000000000e+00 1.710000000000000062e-02 0.000000000000000000e+00
-2.585330000000000084e+01 1.000000000000000000e+00 1.870000000000000134e-02 0.000000000000000000e+00
-2.585330000000000084e+01 1.000000000000000000e+00 2.050000000000000086e-02 0.000000000000000000e+00
-2.585330000000000084e+01 1.000000000000000000e+00 1.770000000000000046e-02 0.000000000000000000e+00
-2.585330000000000084e+01 1.000000000000000000e+00 1.919999999999999832e-02 0.000000000000000000e+00
-2.585330000000000084e+01 1.000000000000000000e+00 1.849999999999999908e-02 0.000000000000000000e+00
-2.585330000000000084e+01 1.000000000000000000e+00 2.110000000000000070e-02 0.000000000000000000e+00
-2.585330000000000084e+01 1.000000000000000000e+00 1.839999999999999969e-02 0.000000000000000000e+00
-2.585330000000000084e+01 1.000000000000000000e+00 1.849999999999999908e-02 0.000000000000000000e+00
-2.585330000000000084e+01 1.000000000000000000e+00 1.799999999999999864e-02 0.000000000000000000e+00
-2.585330000000000084e+01 1.000000000000000000e+00 1.660000000000000017e-02 0.000000000000000000e+00
-2.585330000000000084e+01 1.000000000000000000e+00 1.940000000000000058e-02 0.000000000000000000e+00
-2.585330000000000084e+01 1.000000000000000000e+00 1.629999999999999852e-02 0.000000000000000000e+00
-2.585330000000000084e+01 1.000000000000000000e+00 1.580000000000000154e-02 0.000000000000000000e+00
-2.585330000000000084e+01 1.000000000000000000e+00 1.789999999999999925e-02 0.000000000000000000e+00
-2.585330000000000084e+01 1.000000000000000000e+00 1.729999999999999941e-02 0.000000000000000000e+00
-2.585330000000000084e+01 1.000000000000000000e+00 1.919999999999999832e-02 0.000000000000000000e+00
-2.585330000000000084e+01 1.000000000000000000e+00 1.870000000000000134e-02 0.000000000000000000e+00
-2.585330000000000084e+01 1.000000000000000000e+00 1.849999999999999908e-02 0.000000000000000000e+00
-2.585330000000000084e+01 1.000000000000000000e+00 1.899999999999999953e-02 0.000000000000000000e+00
-2.585330000000000084e+01 1.000000000000000000e+00 1.729999999999999941e-02 0.000000000000000000e+00
-2.585330000000000084e+01 1.000000000000000000e+00 2.089999999999999844e-02 0.000000000000000000e+00
-2.585330000000000084e+01 1.000000000000000000e+00 1.859999999999999848e-02 0.000000000000000000e+00
-2.585330000000000084e+01 1.000000000000000000e+00 1.609999999999999973e-02 0.000000000000000000e+00
-2.585330000000000084e+01 1.000000000000000000e+00 1.660000000000000017e-02 0.000000000000000000e+00
-2.585330000000000084e+01 1.000000000000000000e+00 1.760000000000000106e-02 0.000000000000000000e+00
-2.585330000000000084e+01 1.000000000000000000e+00 1.679999999999999896e-02 0.000000000000000000e+00
-2.585330000000000084e+01 1.000000000000000000e+00 1.959999999999999937e-02 0.000000000000000000e+00
-2.585330000000000084e+01 1.000000000000000000e+00 2.079999999999999905e-02 0.000000000000000000e+00
-2.585330000000000084e+01 1.000000000000000000e+00 2.079999999999999905e-02 0.000000000000000000e+00
-2.585330000000000084e+01 1.000000000000000000e+00 1.720000000000000001e-02 0.000000000000000000e+00
-2.585330000000000084e+01 1.000000000000000000e+00 1.799999999999999864e-02 0.000000000000000000e+00
-2.585330000000000084e+01 1.000000000000000000e+00 1.689999999999999836e-02 0.000000000000000000e+00
-2.585330000000000084e+01 1.000000000000000000e+00 1.619999999999999912e-02 0.000000000000000000e+00
-2.585330000000000084e+01 1.000000000000000000e+00 1.609999999999999973e-02 0.000000000000000000e+00
-2.585330000000000084e+01 1.000000000000000000e+00 1.959999999999999937e-02 0.000000000000000000e+00
-2.585330000000000084e+01 1.000000000000000000e+00 1.849999999999999908e-02 0.000000000000000000e+00
-2.585330000000000084e+01 1.000000000000000000e+00 1.729999999999999941e-02 0.000000000000000000e+00
-2.585330000000000084e+01 1.000000000000000000e+00 1.830000000000000029e-02 0.000000000000000000e+00
-2.585330000000000084e+01 1.000000000000000000e+00 1.849999999999999908e-02 0.000000000000000000e+00
-2.585330000000000084e+01 1.000000000000000000e+00 1.569999999999999868e-02 0.000000000000000000e+00
-2.585330000000000084e+01 1.000000000000000000e+00 1.849999999999999908e-02 0.000000000000000000e+00
-2.585330000000000084e+01 1.000000000000000000e+00 1.650000000000000078e-02 0.000000000000000000e+00
-2.585330000000000084e+01 1.000000000000000000e+00 1.770000000000000046e-02 0.000000000000000000e+00
-2.585330000000000084e+01 1.000000000000000000e+00 1.810000000000000150e-02 0.000000000000000000e+00
-2.585330000000000084e+01 1.000000000000000000e+00 1.689999999999999836e-02 0.000000000000000000e+00
-2.585330000000000084e+01 1.000000000000000000e+00 1.919999999999999832e-02 0.000000000000000000e+00
-2.585330000000000084e+01 1.000000000000000000e+00 1.949999999999999997e-02 0.000000000000000000e+00
-2.585330000000000084e+01 1.000000000000000000e+00 2.129999999999999949e-02 0.000000000000000000e+00
-2.585330000000000084e+01 1.000000000000000000e+00 1.629999999999999852e-02 0.000000000000000000e+00
-2.585330000000000084e+01 1.000000000000000000e+00 1.839999999999999969e-02 0.000000000000000000e+00
-2.585330000000000084e+01 1.000000000000000000e+00 1.949999999999999997e-02 0.000000000000000000e+00
-2.585330000000000084e+01 1.000000000000000000e+00 1.770000000000000046e-02 0.000000000000000000e+00
-2.585330000000000084e+01 1.000000000000000000e+00 1.810000000000000150e-02 0.000000000000000000e+00
-2.585330000000000084e+01 1.000000000000000000e+00 1.619999999999999912e-02 0.000000000000000000e+00
-2.585330000000000084e+01 1.000000000000000000e+00 1.969999999999999876e-02 0.000000000000000000e+00
-2.585330000000000084e+01 1.000000000000000000e+00 1.980000000000000163e-02 0.000000000000000000e+00
-2.585330000000000084e+01 1.000000000000000000e+00 1.710000000000000062e-02 0.000000000000000000e+00
-2.585330000000000084e+01 1.000000000000000000e+00 1.770000000000000046e-02 0.000000000000000000e+00
-2.585330000000000084e+01 1.000000000000000000e+00 1.969999999999999876e-02 0.000000000000000000e+00
-2.585330000000000084e+01 1.000000000000000000e+00 1.729999999999999941e-02 0.000000000000000000e+00
-2.585330000000000084e+01 1.000000000000000000e+00 1.890000000000000013e-02 0.000000000000000000e+00
-2.585330000000000084e+01 1.000000000000000000e+00 1.849999999999999908e-02 0.000000000000000000e+00
-2.585330000000000084e+01 1.000000000000000000e+00 1.689999999999999836e-02 0.000000000000000000e+00
-2.585330000000000084e+01 1.000000000000000000e+00 1.739999999999999880e-02 0.000000000000000000e+00
-2.585330000000000084e+01 1.000000000000000000e+00 1.839999999999999969e-02 0.000000000000000000e+00
-2.585330000000000084e+01 1.000000000000000000e+00 2.089999999999999844e-02 0.000000000000000000e+00
-2.585330000000000084e+01 1.000000000000000000e+00 1.609999999999999973e-02 0.000000000000000000e+00
-2.585330000000000084e+01 1.000000000000000000e+00 1.949999999999999997e-02 0.000000000000000000e+00
-2.585330000000000084e+01 1.000000000000000000e+00 1.959999999999999937e-02 0.000000000000000000e+00
-2.585330000000000084e+01 1.000000000000000000e+00 1.930000000000000118e-02 0.000000000000000000e+00
-2.585330000000000084e+01 1.000000000000000000e+00 1.700000000000000122e-02 0.000000000000000000e+00
-2.585330000000000084e+01 1.000000000000000000e+00 1.700000000000000122e-02 0.000000000000000000e+00
-2.585330000000000084e+01 1.000000000000000000e+00 1.729999999999999941e-02 0.000000000000000000e+00
-2.585330000000000084e+01 1.000000000000000000e+00 1.799999999999999864e-02 0.000000000000000000e+00
-2.585330000000000084e+01 1.000000000000000000e+00 1.700000000000000122e-02 0.000000000000000000e+00
-2.585330000000000084e+01 1.000000000000000000e+00 1.799999999999999864e-02 0.000000000000000000e+00
-2.585330000000000084e+01 1.000000000000000000e+00 1.830000000000000029e-02 0.000000000000000000e+00
-2.585330000000000084e+01 1.000000000000000000e+00 1.859999999999999848e-02 0.000000000000000000e+00
-2.585330000000000084e+01 1.000000000000000000e+00 1.770000000000000046e-02 0.000000000000000000e+00
-2.585330000000000084e+01 1.000000000000000000e+00 1.640000000000000138e-02 0.000000000000000000e+00
-2.585330000000000084e+01 1.000000000000000000e+00 1.890000000000000013e-02 0.000000000000000000e+00
-2.585330000000000084e+01 1.000000000000000000e+00 1.940000000000000058e-02 0.000000000000000000e+00
-2.585330000000000084e+01 1.000000000000000000e+00 1.660000000000000017e-02 0.000000000000000000e+00
-2.585330000000000084e+01 1.000000000000000000e+00 1.729999999999999941e-02 0.000000000000000000e+00
-2.585330000000000084e+01 1.000000000000000000e+00 1.810000000000000150e-02 0.000000000000000000e+00
-2.585330000000000084e+01 1.000000000000000000e+00 1.940000000000000058e-02 0.000000000000000000e+00
-2.585330000000000084e+01 1.000000000000000000e+00 1.909999999999999892e-02 0.000000000000000000e+00
-2.585330000000000084e+01 1.000000000000000000e+00 1.720000000000000001e-02 0.000000000000000000e+00
-2.585330000000000084e+01 1.000000000000000000e+00 1.770000000000000046e-02 0.000000000000000000e+00
-2.585330000000000084e+01 1.000000000000000000e+00 1.890000000000000013e-02 0.000000000000000000e+00
-2.585330000000000084e+01 1.000000000000000000e+00 1.870000000000000134e-02 0.000000000000000000e+00
-2.585330000000000084e+01 1.000000000000000000e+00 2.100000000000000130e-02 0.000000000000000000e+00
-2.585330000000000084e+01 1.000000000000000000e+00 1.700000000000000122e-02 0.000000000000000000e+00
-2.585330000000000084e+01 1.000000000000000000e+00 2.129999999999999949e-02 0.000000000000000000e+00
-2.585330000000000084e+01 1.000000000000000000e+00 1.839999999999999969e-02 0.000000000000000000e+00
-2.585330000000000084e+01 1.000000000000000000e+00 1.820000000000000090e-02 0.000000000000000000e+00
-2.585330000000000084e+01 1.000000000000000000e+00 2.050000000000000086e-02 0.000000000000000000e+00
-2.585330000000000084e+01 1.000000000000000000e+00 1.750000000000000167e-02 0.000000000000000000e+00
-2.585330000000000084e+01 1.000000000000000000e+00 1.849999999999999908e-02 0.000000000000000000e+00
-2.585330000000000084e+01 1.000000000000000000e+00 1.969999999999999876e-02 0.000000000000000000e+00
-2.585330000000000084e+01 1.000000000000000000e+00 1.650000000000000078e-02 0.000000000000000000e+00
-2.585330000000000084e+01 1.000000000000000000e+00 1.969999999999999876e-02 0.000000000000000000e+00
-2.585330000000000084e+01 1.000000000000000000e+00 1.919999999999999832e-02 0.000000000000000000e+00
-2.585330000000000084e+01 1.000000000000000000e+00 1.640000000000000138e-02 0.000000000000000000e+00
-2.585330000000000084e+01 1.000000000000000000e+00 1.779999999999999985e-02 0.000000000000000000e+00
-2.585330000000000084e+01 1.000000000000000000e+00 1.940000000000000058e-02 0.000000000000000000e+00
-2.585330000000000084e+01 1.000000000000000000e+00 1.799999999999999864e-02 0.000000000000000000e+00
-2.585330000000000084e+01 1.000000000000000000e+00 1.899999999999999953e-02 0.000000000000000000e+00
-2.585330000000000084e+01 1.000000000000000000e+00 1.870000000000000134e-02 0.000000000000000000e+00
-2.585330000000000084e+01 1.000000000000000000e+00 1.739999999999999880e-02 0.000000000000000000e+00
-2.585330000000000084e+01 1.000000000000000000e+00 1.700000000000000122e-02 0.000000000000000000e+00
-2.585330000000000084e+01 1.000000000000000000e+00 2.009999999999999981e-02 0.000000000000000000e+00
-2.585330000000000084e+01 1.000000000000000000e+00 2.000000000000000042e-02 0.000000000000000000e+00
-2.585330000000000084e+01 1.000000000000000000e+00 1.909999999999999892e-02 0.000000000000000000e+00
-2.585330000000000084e+01 1.000000000000000000e+00 1.909999999999999892e-02 0.000000000000000000e+00
-2.585330000000000084e+01 1.000000000000000000e+00 1.660000000000000017e-02 0.000000000000000000e+00
-2.585330000000000084e+01 1.000000000000000000e+00 1.799999999999999864e-02 0.000000000000000000e+00
-2.585330000000000084e+01 1.000000000000000000e+00 1.909999999999999892e-02 0.000000000000000000e+00
-2.585330000000000084e+01 1.000000000000000000e+00 1.710000000000000062e-02 0.000000000000000000e+00
-2.585330000000000084e+01 1.000000000000000000e+00 1.710000000000000062e-02 0.000000000000000000e+00
-2.585330000000000084e+01 1.000000000000000000e+00 1.789999999999999925e-02 0.000000000000000000e+00
-2.585330000000000084e+01 1.000000000000000000e+00 1.750000000000000167e-02 0.000000000000000000e+00
-2.585330000000000084e+01 1.000000000000000000e+00 1.890000000000000013e-02 0.000000000000000000e+00
-2.585330000000000084e+01 1.000000000000000000e+00 1.980000000000000163e-02 0.000000000000000000e+00
-2.585330000000000084e+01 1.000000000000000000e+00 1.820000000000000090e-02 0.000000000000000000e+00
-2.585330000000000084e+01 1.000000000000000000e+00 1.890000000000000013e-02 0.000000000000000000e+00
-2.585330000000000084e+01 1.000000000000000000e+00 1.849999999999999908e-02 0.000000000000000000e+00
-2.585330000000000084e+01 1.000000000000000000e+00 1.870000000000000134e-02 0.000000000000000000e+00
-2.585330000000000084e+01 1.000000000000000000e+00 2.089999999999999844e-02 0.000000000000000000e+00
-2.585330000000000084e+01 1.000000000000000000e+00 1.980000000000000163e-02 0.000000000000000000e+00
-2.585330000000000084e+01 1.000000000000000000e+00 1.849999999999999908e-02 0.000000000000000000e+00
-2.585330000000000084e+01 1.000000000000000000e+00 1.689999999999999836e-02 0.000000000000000000e+00
-2.585330000000000084e+01 1.000000000000000000e+00 1.940000000000000058e-02 0.000000000000000000e+00
-2.585330000000000084e+01 1.000000000000000000e+00 2.230000000000000038e-02 0.000000000000000000e+00
-2.585330000000000084e+01 1.000000000000000000e+00 1.849999999999999908e-02 0.000000000000000000e+00
-2.585330000000000084e+01 1.000000000000000000e+00 1.839999999999999969e-02 0.000000000000000000e+00
-2.585330000000000084e+01 1.000000000000000000e+00 1.729999999999999941e-02 0.000000000000000000e+00
-2.585330000000000084e+01 1.000000000000000000e+00 1.919999999999999832e-02 0.000000000000000000e+00
-2.585330000000000084e+01 1.000000000000000000e+00 1.959999999999999937e-02 0.000000000000000000e+00
-2.585330000000000084e+01 1.000000000000000000e+00 1.789999999999999925e-02 0.000000000000000000e+00
-2.585330000000000084e+01 1.000000000000000000e+00 1.750000000000000167e-02 0.000000000000000000e+00
-2.585330000000000084e+01 1.000000000000000000e+00 1.689999999999999836e-02 0.000000000000000000e+00
-2.585330000000000084e+01 1.000000000000000000e+00 1.919999999999999832e-02 0.000000000000000000e+00
-2.585330000000000084e+01 1.000000000000000000e+00 2.139999999999999888e-02 0.000000000000000000e+00
-2.585330000000000084e+01 1.000000000000000000e+00 1.830000000000000029e-02 0.000000000000000000e+00
-2.585330000000000084e+01 1.000000000000000000e+00 1.439999999999999961e-02 0.000000000000000000e+00
-2.585330000000000084e+01 1.000000000000000000e+00 1.760000000000000106e-02 0.000000000000000000e+00
-2.585330000000000084e+01 1.000000000000000000e+00 1.729999999999999941e-02 0.000000000000000000e+00
-2.585330000000000084e+01 1.000000000000000000e+00 1.870000000000000134e-02 0.000000000000000000e+00
-2.585330000000000084e+01 1.000000000000000000e+00 1.770000000000000046e-02 0.000000000000000000e+00
-2.585330000000000084e+01 1.000000000000000000e+00 1.980000000000000163e-02 0.000000000000000000e+00
-2.585330000000000084e+01 1.000000000000000000e+00 2.000000000000000042e-02 0.000000000000000000e+00
-2.585330000000000084e+01 1.000000000000000000e+00 1.830000000000000029e-02 0.000000000000000000e+00
-2.585330000000000084e+01 1.000000000000000000e+00 1.940000000000000058e-02 0.000000000000000000e+00
-2.585330000000000084e+01 1.000000000000000000e+00 1.810000000000000150e-02 0.000000000000000000e+00
-2.585330000000000084e+01 1.000000000000000000e+00 1.830000000000000029e-02 0.000000000000000000e+00
-2.585330000000000084e+01 1.000000000000000000e+00 1.789999999999999925e-02 0.000000000000000000e+00
-2.585330000000000084e+01 1.000000000000000000e+00 2.050000000000000086e-02 0.000000000000000000e+00
-2.585330000000000084e+01 1.000000000000000000e+00 1.609999999999999973e-02 0.000000000000000000e+00
-2.585330000000000084e+01 1.000000000000000000e+00 1.949999999999999997e-02 0.000000000000000000e+00
-2.585330000000000084e+01 1.000000000000000000e+00 1.830000000000000029e-02 0.000000000000000000e+00
-2.585330000000000084e+01 1.000000000000000000e+00 1.899999999999999953e-02 0.000000000000000000e+00
-2.585330000000000084e+01 1.000000000000000000e+00 1.980000000000000163e-02 0.000000000000000000e+00
-2.585330000000000084e+01 1.000000000000000000e+00 1.859999999999999848e-02 0.000000000000000000e+00
-2.585330000000000084e+01 1.000000000000000000e+00 1.839999999999999969e-02 0.000000000000000000e+00
-2.585330000000000084e+01 1.000000000000000000e+00 1.839999999999999969e-02 0.000000000000000000e+00
-2.585330000000000084e+01 1.000000000000000000e+00 1.689999999999999836e-02 0.000000000000000000e+00
-2.585330000000000084e+01 1.000000000000000000e+00 2.110000000000000070e-02 0.000000000000000000e+00
-2.585330000000000084e+01 1.000000000000000000e+00 1.770000000000000046e-02 0.000000000000000000e+00
-2.585330000000000084e+01 1.000000000000000000e+00 1.700000000000000122e-02 0.000000000000000000e+00
-2.585330000000000084e+01 1.000000000000000000e+00 1.779999999999999985e-02 0.000000000000000000e+00
-2.585330000000000084e+01 1.000000000000000000e+00 1.919999999999999832e-02 0.000000000000000000e+00
-2.585330000000000084e+01 1.000000000000000000e+00 1.760000000000000106e-02 0.000000000000000000e+00
-2.585330000000000084e+01 1.000000000000000000e+00 1.810000000000000150e-02 0.000000000000000000e+00
-2.585330000000000084e+01 1.000000000000000000e+00 1.779999999999999985e-02 0.000000000000000000e+00
-2.585330000000000084e+01 1.000000000000000000e+00 1.959999999999999937e-02 0.000000000000000000e+00
-2.585330000000000084e+01 1.000000000000000000e+00 1.849999999999999908e-02 0.000000000000000000e+00
-2.585330000000000084e+01 1.000000000000000000e+00 1.760000000000000106e-02 0.000000000000000000e+00
-2.585330000000000084e+01 1.000000000000000000e+00 1.669999999999999957e-02 0.000000000000000000e+00
-2.585330000000000084e+01 1.000000000000000000e+00 1.880000000000000074e-02 0.000000000000000000e+00
-2.585330000000000084e+01 1.000000000000000000e+00 2.000000000000000042e-02 0.000000000000000000e+00
-2.585330000000000084e+01 1.000000000000000000e+00 1.700000000000000122e-02 0.000000000000000000e+00
-2.585330000000000084e+01 1.000000000000000000e+00 1.909999999999999892e-02 0.000000000000000000e+00
-2.585330000000000084e+01 1.000000000000000000e+00 1.909999999999999892e-02 0.000000000000000000e+00
-2.585330000000000084e+01 1.000000000000000000e+00 1.750000000000000167e-02 0.000000000000000000e+00
-2.585330000000000084e+01 1.000000000000000000e+00 1.760000000000000106e-02 0.000000000000000000e+00
-2.585330000000000084e+01 1.000000000000000000e+00 1.980000000000000163e-02 0.000000000000000000e+00
-2.585330000000000084e+01 1.000000000000000000e+00 1.810000000000000150e-02 0.000000000000000000e+00
-2.585330000000000084e+01 1.000000000000000000e+00 1.830000000000000029e-02 0.000000000000000000e+00
-2.585330000000000084e+01 1.000000000000000000e+00 1.770000000000000046e-02 0.000000000000000000e+00
-2.585330000000000084e+01 1.000000000000000000e+00 1.820000000000000090e-02 0.000000000000000000e+00
-2.585330000000000084e+01 1.000000000000000000e+00 1.830000000000000029e-02 0.000000000000000000e+00
-2.585330000000000084e+01 1.000000000000000000e+00 1.940000000000000058e-02 0.000000000000000000e+00
-2.585330000000000084e+01 1.000000000000000000e+00 1.750000000000000167e-02 0.000000000000000000e+00
-2.585330000000000084e+01 1.000000000000000000e+00 2.009999999999999981e-02 0.000000000000000000e+00
-2.585330000000000084e+01 1.000000000000000000e+00 1.849999999999999908e-02 0.000000000000000000e+00
-2.585330000000000084e+01 1.000000000000000000e+00 1.810000000000000150e-02 0.000000000000000000e+00
-2.585330000000000084e+01 1.000000000000000000e+00 2.009999999999999981e-02 0.000000000000000000e+00
-2.585330000000000084e+01 1.000000000000000000e+00 1.770000000000000046e-02 0.000000000000000000e+00
-2.585330000000000084e+01 1.000000000000000000e+00 1.729999999999999941e-02 0.000000000000000000e+00
-2.585330000000000084e+01 1.000000000000000000e+00 1.580000000000000154e-02 0.000000000000000000e+00
-2.585330000000000084e+01 1.000000000000000000e+00 2.110000000000000070e-02 0.000000000000000000e+00
-2.585330000000000084e+01 1.000000000000000000e+00 1.940000000000000058e-02 0.000000000000000000e+00
-2.585330000000000084e+01 1.000000000000000000e+00 1.990000000000000102e-02 0.000000000000000000e+00
-2.585330000000000084e+01 1.000000000000000000e+00 2.029999999999999860e-02 0.000000000000000000e+00
-2.585330000000000084e+01 1.000000000000000000e+00 1.799999999999999864e-02 0.000000000000000000e+00
-2.585330000000000084e+01 1.000000000000000000e+00 1.849999999999999908e-02 0.000000000000000000e+00
-2.585330000000000084e+01 1.000000000000000000e+00 2.000000000000000042e-02 0.000000000000000000e+00
-2.585330000000000084e+01 1.000000000000000000e+00 1.909999999999999892e-02 0.000000000000000000e+00
-2.585330000000000084e+01 1.000000000000000000e+00 1.679999999999999896e-02 0.000000000000000000e+00
-2.585330000000000084e+01 1.000000000000000000e+00 1.679999999999999896e-02 0.000000000000000000e+00
-2.585330000000000084e+01 1.000000000000000000e+00 1.919999999999999832e-02 0.000000000000000000e+00
-2.585330000000000084e+01 1.000000000000000000e+00 2.019999999999999921e-02 0.000000000000000000e+00
-2.585330000000000084e+01 1.000000000000000000e+00 1.799999999999999864e-02 0.000000000000000000e+00
-2.585330000000000084e+01 1.000000000000000000e+00 1.799999999999999864e-02 0.000000000000000000e+00
-2.585330000000000084e+01 1.000000000000000000e+00 1.820000000000000090e-02 0.000000000000000000e+00
-2.585330000000000084e+01 1.000000000000000000e+00 1.839999999999999969e-02 0.000000000000000000e+00
-2.585330000000000084e+01 1.000000000000000000e+00 1.919999999999999832e-02 0.000000000000000000e+00
-2.585330000000000084e+01 1.000000000000000000e+00 1.660000000000000017e-02 0.000000000000000000e+00
-2.585330000000000084e+01 1.000000000000000000e+00 1.750000000000000167e-02 0.000000000000000000e+00
-2.585330000000000084e+01 1.000000000000000000e+00 1.590000000000000094e-02 0.000000000000000000e+00
-2.585330000000000084e+01 1.000000000000000000e+00 1.660000000000000017e-02 0.000000000000000000e+00
-2.585330000000000084e+01 1.000000000000000000e+00 1.729999999999999941e-02 0.000000000000000000e+00
-2.585330000000000084e+01 1.000000000000000000e+00 1.760000000000000106e-02 0.000000000000000000e+00
-2.585330000000000084e+01 1.000000000000000000e+00 1.679999999999999896e-02 0.000000000000000000e+00
-2.585330000000000084e+01 1.000000000000000000e+00 1.980000000000000163e-02 0.000000000000000000e+00
-2.585330000000000084e+01 1.000000000000000000e+00 1.710000000000000062e-02 0.000000000000000000e+00
-2.585330000000000084e+01 1.000000000000000000e+00 1.919999999999999832e-02 0.000000000000000000e+00
-2.585330000000000084e+01 1.000000000000000000e+00 1.990000000000000102e-02 0.000000000000000000e+00
-2.585330000000000084e+01 1.000000000000000000e+00 1.980000000000000163e-02 0.000000000000000000e+00
-2.585330000000000084e+01 1.000000000000000000e+00 1.890000000000000013e-02 0.000000000000000000e+00
-2.585330000000000084e+01 1.000000000000000000e+00 1.580000000000000154e-02 0.000000000000000000e+00
-2.585330000000000084e+01 1.000000000000000000e+00 2.120000000000000009e-02 0.000000000000000000e+00
-2.585330000000000084e+01 1.000000000000000000e+00 1.799999999999999864e-02 0.000000000000000000e+00
-2.585330000000000084e+01 1.000000000000000000e+00 1.669999999999999957e-02 0.000000000000000000e+00
-2.585330000000000084e+01 1.000000000000000000e+00 1.870000000000000134e-02 0.000000000000000000e+00
-2.585330000000000084e+01 1.000000000000000000e+00 1.529999999999999936e-02 0.000000000000000000e+00
-2.585330000000000084e+01 1.000000000000000000e+00 1.990000000000000102e-02 0.000000000000000000e+00
-2.585330000000000084e+01 1.000000000000000000e+00 1.609999999999999973e-02 0.000000000000000000e+00
-2.585330000000000084e+01 1.000000000000000000e+00 1.770000000000000046e-02 0.000000000000000000e+00
-2.585330000000000084e+01 1.000000000000000000e+00 1.940000000000000058e-02 0.000000000000000000e+00
-2.585330000000000084e+01 1.000000000000000000e+00 2.220000000000000098e-02 0.000000000000000000e+00
-2.585330000000000084e+01 1.000000000000000000e+00 1.990000000000000102e-02 0.000000000000000000e+00
-2.585330000000000084e+01 1.000000000000000000e+00 1.859999999999999848e-02 0.000000000000000000e+00
-2.585330000000000084e+01 1.000000000000000000e+00 1.739999999999999880e-02 0.000000000000000000e+00
-2.585330000000000084e+01 1.000000000000000000e+00 1.870000000000000134e-02 0.000000000000000000e+00
-2.585330000000000084e+01 1.000000000000000000e+00 1.789999999999999925e-02 0.000000000000000000e+00
-2.585330000000000084e+01 1.000000000000000000e+00 1.849999999999999908e-02 0.000000000000000000e+00
-2.585330000000000084e+01 1.000000000000000000e+00 1.990000000000000102e-02 0.000000000000000000e+00
-2.585330000000000084e+01 1.000000000000000000e+00 1.859999999999999848e-02 0.000000000000000000e+00
-2.585330000000000084e+01 1.000000000000000000e+00 1.720000000000000001e-02 0.000000000000000000e+00
-2.585330000000000084e+01 1.000000000000000000e+00 1.750000000000000167e-02 0.000000000000000000e+00
-2.585330000000000084e+01 1.000000000000000000e+00 1.890000000000000013e-02 0.000000000000000000e+00
-2.585330000000000084e+01 1.000000000000000000e+00 1.770000000000000046e-02 0.000000000000000000e+00
-2.585330000000000084e+01 1.000000000000000000e+00 1.919999999999999832e-02 0.000000000000000000e+00
-2.585330000000000084e+01 1.000000000000000000e+00 1.760000000000000106e-02 0.000000000000000000e+00
-2.585330000000000084e+01 1.000000000000000000e+00 1.839999999999999969e-02 0.000000000000000000e+00
-2.585330000000000084e+01 1.000000000000000000e+00 1.619999999999999912e-02 0.000000000000000000e+00
-2.585330000000000084e+01 1.000000000000000000e+00 1.870000000000000134e-02 0.000000000000000000e+00
-2.585330000000000084e+01 1.000000000000000000e+00 1.789999999999999925e-02 0.000000000000000000e+00
-2.585330000000000084e+01 1.000000000000000000e+00 2.110000000000000070e-02 0.000000000000000000e+00
-2.585330000000000084e+01 1.000000000000000000e+00 1.629999999999999852e-02 0.000000000000000000e+00
-2.585330000000000084e+01 1.000000000000000000e+00 1.959999999999999937e-02 0.000000000000000000e+00
-2.585330000000000084e+01 1.000000000000000000e+00 1.720000000000000001e-02 0.000000000000000000e+00
-2.585330000000000084e+01 1.000000000000000000e+00 1.870000000000000134e-02 0.000000000000000000e+00
-2.585330000000000084e+01 1.000000000000000000e+00 1.679999999999999896e-02 0.000000000000000000e+00
-2.585330000000000084e+01 1.000000000000000000e+00 1.650000000000000078e-02 0.000000000000000000e+00
-2.585330000000000084e+01 1.000000000000000000e+00 1.890000000000000013e-02 0.000000000000000000e+00
-2.585330000000000084e+01 1.000000000000000000e+00 1.619999999999999912e-02 0.000000000000000000e+00
-2.585330000000000084e+01 1.000000000000000000e+00 1.710000000000000062e-02 0.000000000000000000e+00
-2.585330000000000084e+01 1.000000000000000000e+00 1.739999999999999880e-02 0.000000000000000000e+00
-2.585330000000000084e+01 1.000000000000000000e+00 1.870000000000000134e-02 0.000000000000000000e+00
-2.585330000000000084e+01 1.000000000000000000e+00 1.839999999999999969e-02 0.000000000000000000e+00
-2.585330000000000084e+01 1.000000000000000000e+00 1.729999999999999941e-02 0.000000000000000000e+00
-2.585330000000000084e+01 1.000000000000000000e+00 1.820000000000000090e-02 0.000000000000000000e+00
-2.585330000000000084e+01 1.000000000000000000e+00 1.810000000000000150e-02 0.000000000000000000e+00
-2.585330000000000084e+01 1.000000000000000000e+00 1.830000000000000029e-02 0.000000000000000000e+00
-2.585330000000000084e+01 1.000000000000000000e+00 1.810000000000000150e-02 0.000000000000000000e+00
-2.585330000000000084e+01 1.000000000000000000e+00 1.820000000000000090e-02 0.000000000000000000e+00
-2.585330000000000084e+01 1.000000000000000000e+00 2.050000000000000086e-02 0.000000000000000000e+00
-2.585330000000000084e+01 1.000000000000000000e+00 1.669999999999999957e-02 0.000000000000000000e+00
-2.585330000000000084e+01 1.000000000000000000e+00 1.770000000000000046e-02 0.000000000000000000e+00
-2.585330000000000084e+01 1.000000000000000000e+00 1.830000000000000029e-02 0.000000000000000000e+00
-2.585330000000000084e+01 1.000000000000000000e+00 1.919999999999999832e-02 0.000000000000000000e+00
-2.585330000000000084e+01 1.000000000000000000e+00 1.580000000000000154e-02 0.000000000000000000e+00
-2.585330000000000084e+01 1.000000000000000000e+00 1.689999999999999836e-02 0.000000000000000000e+00
-2.585330000000000084e+01 1.000000000000000000e+00 1.919999999999999832e-02 0.000000000000000000e+00
-2.585330000000000084e+01 1.000000000000000000e+00 1.779999999999999985e-02 0.000000000000000000e+00
-2.585330000000000084e+01 1.000000000000000000e+00 2.040000000000000147e-02 0.000000000000000000e+00
-2.585330000000000084e+01 1.000000000000000000e+00 1.820000000000000090e-02 0.000000000000000000e+00
-2.585330000000000084e+01 1.000000000000000000e+00 1.650000000000000078e-02 0.000000000000000000e+00
-2.585330000000000084e+01 1.000000000000000000e+00 2.040000000000000147e-02 0.000000000000000000e+00
-2.585330000000000084e+01 1.000000000000000000e+00 1.779999999999999985e-02 0.000000000000000000e+00
-2.585330000000000084e+01 1.000000000000000000e+00 1.870000000000000134e-02 0.000000000000000000e+00
-2.585330000000000084e+01 1.000000000000000000e+00 1.820000000000000090e-02 0.000000000000000000e+00
-2.585330000000000084e+01 1.000000000000000000e+00 1.609999999999999973e-02 0.000000000000000000e+00
-2.585330000000000084e+01 1.000000000000000000e+00 2.079999999999999905e-02 0.000000000000000000e+00
-2.585330000000000084e+01 1.000000000000000000e+00 1.739999999999999880e-02 0.000000000000000000e+00
-2.585330000000000084e+01 1.000000000000000000e+00 1.909999999999999892e-02 0.000000000000000000e+00
-2.585330000000000084e+01 1.000000000000000000e+00 1.959999999999999937e-02 0.000000000000000000e+00
-2.585330000000000084e+01 1.000000000000000000e+00 1.949999999999999997e-02 0.000000000000000000e+00
-2.585330000000000084e+01 1.000000000000000000e+00 1.549999999999999989e-02 0.000000000000000000e+00
-2.585330000000000084e+01 1.000000000000000000e+00 1.830000000000000029e-02 0.000000000000000000e+00
-2.585330000000000084e+01 1.000000000000000000e+00 1.859999999999999848e-02 0.000000000000000000e+00
-2.585330000000000084e+01 1.000000000000000000e+00 1.959999999999999937e-02 0.000000000000000000e+00
-2.585330000000000084e+01 1.000000000000000000e+00 1.559999999999999928e-02 0.000000000000000000e+00
-2.585330000000000084e+01 1.000000000000000000e+00 1.760000000000000106e-02 0.000000000000000000e+00
-2.585330000000000084e+01 1.000000000000000000e+00 1.789999999999999925e-02 0.000000000000000000e+00
-2.585330000000000084e+01 1.000000000000000000e+00 1.969999999999999876e-02 0.000000000000000000e+00
-2.585330000000000084e+01 1.000000000000000000e+00 1.650000000000000078e-02 0.000000000000000000e+00
-2.585330000000000084e+01 1.000000000000000000e+00 1.729999999999999941e-02 0.000000000000000000e+00
-2.585330000000000084e+01 1.000000000000000000e+00 1.909999999999999892e-02 0.000000000000000000e+00
-2.585330000000000084e+01 1.000000000000000000e+00 1.799999999999999864e-02 0.000000000000000000e+00
-2.585330000000000084e+01 1.000000000000000000e+00 2.019999999999999921e-02 0.000000000000000000e+00
-2.585330000000000084e+01 1.000000000000000000e+00 1.770000000000000046e-02 0.000000000000000000e+00
-2.585330000000000084e+01 1.000000000000000000e+00 2.069999999999999965e-02 0.000000000000000000e+00
-2.585330000000000084e+01 1.000000000000000000e+00 1.519999999999999997e-02 0.000000000000000000e+00
-2.585330000000000084e+01 1.000000000000000000e+00 1.870000000000000134e-02 0.000000000000000000e+00
-2.585330000000000084e+01 1.000000000000000000e+00 1.839999999999999969e-02 0.000000000000000000e+00
-2.585330000000000084e+01 1.000000000000000000e+00 1.810000000000000150e-02 0.000000000000000000e+00
-2.585330000000000084e+01 1.000000000000000000e+00 1.849999999999999908e-02 0.000000000000000000e+00
-2.585330000000000084e+01 1.000000000000000000e+00 1.839999999999999969e-02 0.000000000000000000e+00
-2.585330000000000084e+01 1.000000000000000000e+00 1.909999999999999892e-02 0.000000000000000000e+00
-2.585330000000000084e+01 1.000000000000000000e+00 1.880000000000000074e-02 0.000000000000000000e+00
-2.585330000000000084e+01 1.000000000000000000e+00 1.810000000000000150e-02 0.000000000000000000e+00
-2.585330000000000084e+01 1.000000000000000000e+00 1.549999999999999989e-02 0.000000000000000000e+00
-2.585330000000000084e+01 1.000000000000000000e+00 1.679999999999999896e-02 0.000000000000000000e+00
-2.585330000000000084e+01 1.000000000000000000e+00 1.799999999999999864e-02 0.000000000000000000e+00
-2.585330000000000084e+01 1.000000000000000000e+00 1.959999999999999937e-02 0.000000000000000000e+00
-2.585330000000000084e+01 1.000000000000000000e+00 1.810000000000000150e-02 0.000000000000000000e+00
-2.585330000000000084e+01 1.000000000000000000e+00 1.799999999999999864e-02 0.000000000000000000e+00
-2.585330000000000084e+01 1.000000000000000000e+00 1.820000000000000090e-02 0.000000000000000000e+00
-2.585330000000000084e+01 1.000000000000000000e+00 1.839999999999999969e-02 0.000000000000000000e+00
-2.585330000000000084e+01 1.000000000000000000e+00 1.820000000000000090e-02 0.000000000000000000e+00
-2.585330000000000084e+01 1.000000000000000000e+00 1.710000000000000062e-02 0.000000000000000000e+00
-2.585330000000000084e+01 1.000000000000000000e+00 1.710000000000000062e-02 0.000000000000000000e+00
-2.585330000000000084e+01 1.000000000000000000e+00 1.859999999999999848e-02 0.000000000000000000e+00
-2.585330000000000084e+01 1.000000000000000000e+00 1.899999999999999953e-02 0.000000000000000000e+00
-2.585330000000000084e+01 1.000000000000000000e+00 1.710000000000000062e-02 0.000000000000000000e+00
-2.585330000000000084e+01 1.000000000000000000e+00 1.859999999999999848e-02 0.000000000000000000e+00
-2.585330000000000084e+01 1.000000000000000000e+00 1.980000000000000163e-02 0.000000000000000000e+00
-2.585330000000000084e+01 1.000000000000000000e+00 1.750000000000000167e-02 0.000000000000000000e+00
-2.585330000000000084e+01 1.000000000000000000e+00 1.770000000000000046e-02 0.000000000000000000e+00
-2.585330000000000084e+01 1.000000000000000000e+00 2.040000000000000147e-02 0.000000000000000000e+00
-2.585330000000000084e+01 1.000000000000000000e+00 2.029999999999999860e-02 0.000000000000000000e+00
-2.585330000000000084e+01 1.000000000000000000e+00 1.820000000000000090e-02 0.000000000000000000e+00
-2.585330000000000084e+01 1.000000000000000000e+00 1.700000000000000122e-02 0.000000000000000000e+00
-2.585330000000000084e+01 1.000000000000000000e+00 2.000000000000000042e-02 0.000000000000000000e+00
-2.585330000000000084e+01 1.000000000000000000e+00 1.760000000000000106e-02 0.000000000000000000e+00
-2.585330000000000084e+01 1.000000000000000000e+00 1.849999999999999908e-02 0.000000000000000000e+00
-2.585330000000000084e+01 1.000000000000000000e+00 1.669999999999999957e-02 0.000000000000000000e+00
-2.585330000000000084e+01 1.000000000000000000e+00 1.580000000000000154e-02 0.000000000000000000e+00
-2.585330000000000084e+01 1.000000000000000000e+00 1.830000000000000029e-02 0.000000000000000000e+00
-2.585330000000000084e+01 1.000000000000000000e+00 1.679999999999999896e-02 0.000000000000000000e+00
-2.585330000000000084e+01 1.000000000000000000e+00 1.739999999999999880e-02 0.000000000000000000e+00
-2.585330000000000084e+01 1.000000000000000000e+00 1.779999999999999985e-02 0.000000000000000000e+00
-2.585330000000000084e+01 1.000000000000000000e+00 1.830000000000000029e-02 0.000000000000000000e+00
-2.585330000000000084e+01 1.000000000000000000e+00 1.770000000000000046e-02 0.000000000000000000e+00
-2.585330000000000084e+01 1.000000000000000000e+00 1.820000000000000090e-02 0.000000000000000000e+00
-2.585330000000000084e+01 1.000000000000000000e+00 1.940000000000000058e-02 0.000000000000000000e+00
-2.585330000000000084e+01 1.000000000000000000e+00 1.559999999999999928e-02 0.000000000000000000e+00
-2.585330000000000084e+01 1.000000000000000000e+00 1.710000000000000062e-02 0.000000000000000000e+00
-2.585330000000000084e+01 1.000000000000000000e+00 1.750000000000000167e-02 0.000000000000000000e+00
-2.585330000000000084e+01 1.000000000000000000e+00 1.830000000000000029e-02 0.000000000000000000e+00
-2.585330000000000084e+01 1.000000000000000000e+00 1.750000000000000167e-02 0.000000000000000000e+00
-2.585330000000000084e+01 1.000000000000000000e+00 1.689999999999999836e-02 0.000000000000000000e+00
-2.585330000000000084e+01 1.000000000000000000e+00 1.779999999999999985e-02 0.000000000000000000e+00
-2.585330000000000084e+01 1.000000000000000000e+00 1.750000000000000167e-02 0.000000000000000000e+00
-2.585330000000000084e+01 1.000000000000000000e+00 1.990000000000000102e-02 0.000000000000000000e+00
-2.585330000000000084e+01 1.000000000000000000e+00 1.810000000000000150e-02 0.000000000000000000e+00
-2.585330000000000084e+01 1.000000000000000000e+00 1.720000000000000001e-02 0.000000000000000000e+00
-2.585330000000000084e+01 1.000000000000000000e+00 1.519999999999999997e-02 0.000000000000000000e+00
-2.585330000000000084e+01 1.000000000000000000e+00 1.990000000000000102e-02 0.000000000000000000e+00
-2.585330000000000084e+01 1.000000000000000000e+00 1.810000000000000150e-02 0.000000000000000000e+00
-2.585330000000000084e+01 1.000000000000000000e+00 1.810000000000000150e-02 0.000000000000000000e+00
-2.585330000000000084e+01 1.000000000000000000e+00 1.859999999999999848e-02 0.000000000000000000e+00
-2.585330000000000084e+01 1.000000000000000000e+00 1.559999999999999928e-02 0.000000000000000000e+00
-2.585330000000000084e+01 1.000000000000000000e+00 1.750000000000000167e-02 0.000000000000000000e+00
-2.585330000000000084e+01 1.000000000000000000e+00 1.919999999999999832e-02 0.000000000000000000e+00
-2.585330000000000084e+01 1.000000000000000000e+00 1.990000000000000102e-02 0.000000000000000000e+00
-2.585330000000000084e+01 1.000000000000000000e+00 1.669999999999999957e-02 0.000000000000000000e+00
-2.585330000000000084e+01 1.000000000000000000e+00 1.669999999999999957e-02 0.000000000000000000e+00
-2.585330000000000084e+01 1.000000000000000000e+00 1.789999999999999925e-02 0.000000000000000000e+00
-2.585330000000000084e+01 1.000000000000000000e+00 1.679999999999999896e-02 0.000000000000000000e+00
-2.585330000000000084e+01 1.000000000000000000e+00 1.710000000000000062e-02 0.000000000000000000e+00
-2.585330000000000084e+01 1.000000000000000000e+00 2.019999999999999921e-02 0.000000000000000000e+00
-2.585330000000000084e+01 1.000000000000000000e+00 1.870000000000000134e-02 0.000000000000000000e+00
-2.585330000000000084e+01 1.000000000000000000e+00 1.930000000000000118e-02 0.000000000000000000e+00
-2.585330000000000084e+01 1.000000000000000000e+00 2.009999999999999981e-02 0.000000000000000000e+00
-2.585330000000000084e+01 1.000000000000000000e+00 1.880000000000000074e-02 0.000000000000000000e+00
-2.585330000000000084e+01 1.000000000000000000e+00 1.640000000000000138e-02 0.000000000000000000e+00
-2.585330000000000084e+01 1.000000000000000000e+00 1.909999999999999892e-02 0.000000000000000000e+00
-2.585330000000000084e+01 1.000000000000000000e+00 1.750000000000000167e-02 0.000000000000000000e+00
-2.585330000000000084e+01 1.000000000000000000e+00 1.770000000000000046e-02 0.000000000000000000e+00
-2.585330000000000084e+01 1.000000000000000000e+00 2.050000000000000086e-02 0.000000000000000000e+00
-2.585330000000000084e+01 1.000000000000000000e+00 1.990000000000000102e-02 0.000000000000000000e+00
-2.585330000000000084e+01 1.000000000000000000e+00 1.899999999999999953e-02 0.000000000000000000e+00
-2.585330000000000084e+01 1.000000000000000000e+00 1.849999999999999908e-02 0.000000000000000000e+00
-2.585330000000000084e+01 1.000000000000000000e+00 1.619999999999999912e-02 0.000000000000000000e+00
-2.585330000000000084e+01 1.000000000000000000e+00 1.789999999999999925e-02 0.000000000000000000e+00
-2.585330000000000084e+01 1.000000000000000000e+00 1.810000000000000150e-02 0.000000000000000000e+00
-2.585330000000000084e+01 1.000000000000000000e+00 1.770000000000000046e-02 0.000000000000000000e+00
-2.585330000000000084e+01 1.000000000000000000e+00 1.629999999999999852e-02 0.000000000000000000e+00
-2.585330000000000084e+01 1.000000000000000000e+00 1.770000000000000046e-02 0.000000000000000000e+00
-2.585330000000000084e+01 1.000000000000000000e+00 1.679999999999999896e-02 0.000000000000000000e+00
-2.585330000000000084e+01 1.000000000000000000e+00 1.700000000000000122e-02 0.000000000000000000e+00
-2.585330000000000084e+01 1.000000000000000000e+00 1.870000000000000134e-02 0.000000000000000000e+00
-2.585330000000000084e+01 1.000000000000000000e+00 1.629999999999999852e-02 0.000000000000000000e+00
-2.585330000000000084e+01 1.000000000000000000e+00 2.060000000000000026e-02 0.000000000000000000e+00
-2.585330000000000084e+01 1.000000000000000000e+00 1.789999999999999925e-02 0.000000000000000000e+00
-2.585330000000000084e+01 1.000000000000000000e+00 2.000000000000000042e-02 0.000000000000000000e+00
-2.585330000000000084e+01 1.000000000000000000e+00 1.789999999999999925e-02 0.000000000000000000e+00
-2.585330000000000084e+01 1.000000000000000000e+00 1.469999999999999953e-02 0.000000000000000000e+00
-2.585330000000000084e+01 1.000000000000000000e+00 1.870000000000000134e-02 0.000000000000000000e+00
-2.585330000000000084e+01 1.000000000000000000e+00 1.720000000000000001e-02 0.000000000000000000e+00
-2.585330000000000084e+01 1.000000000000000000e+00 1.650000000000000078e-02 0.000000000000000000e+00
-2.585330000000000084e+01 1.000000000000000000e+00 1.820000000000000090e-02 0.000000000000000000e+00
-2.585330000000000084e+01 1.000000000000000000e+00 1.789999999999999925e-02 0.000000000000000000e+00
-2.585330000000000084e+01 1.000000000000000000e+00 1.909999999999999892e-02 0.000000000000000000e+00
-2.585330000000000084e+01 1.000000000000000000e+00 1.949999999999999997e-02 0.000000000000000000e+00
-2.585330000000000084e+01 1.000000000000000000e+00 1.810000000000000150e-02 0.000000000000000000e+00
-2.585330000000000084e+01 1.000000000000000000e+00 1.650000000000000078e-02 0.000000000000000000e+00
-2.585330000000000084e+01 1.000000000000000000e+00 1.739999999999999880e-02 0.000000000000000000e+00
-2.585330000000000084e+01 1.000000000000000000e+00 1.839999999999999969e-02 0.000000000000000000e+00
-2.585330000000000084e+01 1.000000000000000000e+00 1.820000000000000090e-02 0.000000000000000000e+00
-2.585330000000000084e+01 1.000000000000000000e+00 2.079999999999999905e-02 0.000000000000000000e+00
-2.585330000000000084e+01 1.000000000000000000e+00 1.810000000000000150e-02 0.000000000000000000e+00
-2.585330000000000084e+01 1.000000000000000000e+00 2.009999999999999981e-02 0.000000000000000000e+00
-2.585330000000000084e+01 1.000000000000000000e+00 1.899999999999999953e-02 0.000000000000000000e+00
-2.585330000000000084e+01 1.000000000000000000e+00 1.870000000000000134e-02 0.000000000000000000e+00
-2.585330000000000084e+01 1.000000000000000000e+00 1.870000000000000134e-02 0.000000000000000000e+00
-2.585330000000000084e+01 1.000000000000000000e+00 1.689999999999999836e-02 0.000000000000000000e+00
-2.585330000000000084e+01 1.000000000000000000e+00 1.810000000000000150e-02 0.000000000000000000e+00
-2.585330000000000084e+01 1.000000000000000000e+00 1.540000000000000049e-02 0.000000000000000000e+00
-2.585330000000000084e+01 1.000000000000000000e+00 1.700000000000000122e-02 0.000000000000000000e+00
-2.585330000000000084e+01 1.000000000000000000e+00 1.919999999999999832e-02 0.000000000000000000e+00
-2.585330000000000084e+01 1.000000000000000000e+00 1.899999999999999953e-02 0.000000000000000000e+00
-2.585330000000000084e+01 1.000000000000000000e+00 1.870000000000000134e-02 0.000000000000000000e+00
-2.585330000000000084e+01 1.000000000000000000e+00 1.760000000000000106e-02 0.000000000000000000e+00
-2.585330000000000084e+01 1.000000000000000000e+00 1.849999999999999908e-02 0.000000000000000000e+00
-2.585330000000000084e+01 1.000000000000000000e+00 1.890000000000000013e-02 0.000000000000000000e+00
-2.585330000000000084e+01 1.000000000000000000e+00 1.729999999999999941e-02 0.000000000000000000e+00
-2.585330000000000084e+01 1.000000000000000000e+00 1.940000000000000058e-02 0.000000000000000000e+00
-2.585330000000000084e+01 1.000000000000000000e+00 1.739999999999999880e-02 0.000000000000000000e+00
-2.585330000000000084e+01 1.000000000000000000e+00 1.770000000000000046e-02 0.000000000000000000e+00
-2.585330000000000084e+01 1.000000000000000000e+00 1.679999999999999896e-02 0.000000000000000000e+00
-2.585330000000000084e+01 1.000000000000000000e+00 2.040000000000000147e-02 0.000000000000000000e+00
-2.585330000000000084e+01 1.000000000000000000e+00 2.100000000000000130e-02 0.000000000000000000e+00
-2.585330000000000084e+01 1.000000000000000000e+00 2.179999999999999993e-02 0.000000000000000000e+00
-2.585330000000000084e+01 1.000000000000000000e+00 1.849999999999999908e-02 0.000000000000000000e+00
-2.585330000000000084e+01 1.000000000000000000e+00 1.810000000000000150e-02 0.000000000000000000e+00
-2.585330000000000084e+01 1.000000000000000000e+00 1.739999999999999880e-02 0.000000000000000000e+00
-2.585330000000000084e+01 1.000000000000000000e+00 2.040000000000000147e-02 0.000000000000000000e+00
-2.585330000000000084e+01 1.000000000000000000e+00 1.899999999999999953e-02 0.000000000000000000e+00
-2.585330000000000084e+01 1.000000000000000000e+00 1.540000000000000049e-02 0.000000000000000000e+00
-2.585330000000000084e+01 1.000000000000000000e+00 2.139999999999999888e-02 0.000000000000000000e+00
-2.585330000000000084e+01 1.000000000000000000e+00 1.679999999999999896e-02 0.000000000000000000e+00
-2.585330000000000084e+01 1.000000000000000000e+00 1.739999999999999880e-02 0.000000000000000000e+00
-2.585330000000000084e+01 1.000000000000000000e+00 1.870000000000000134e-02 0.000000000000000000e+00
-2.585330000000000084e+01 1.000000000000000000e+00 1.940000000000000058e-02 0.000000000000000000e+00
-2.585330000000000084e+01 1.000000000000000000e+00 1.839999999999999969e-02 0.000000000000000000e+00
-2.585330000000000084e+01 1.000000000000000000e+00 1.789999999999999925e-02 0.000000000000000000e+00
-2.585330000000000084e+01 1.000000000000000000e+00 1.919999999999999832e-02 0.000000000000000000e+00
-2.585330000000000084e+01 1.000000000000000000e+00 2.009999999999999981e-02 0.000000000000000000e+00
-2.585330000000000084e+01 1.000000000000000000e+00 1.890000000000000013e-02 0.000000000000000000e+00
-2.585330000000000084e+01 1.000000000000000000e+00 1.720000000000000001e-02 0.000000000000000000e+00
-2.585330000000000084e+01 1.000000000000000000e+00 1.789999999999999925e-02 0.000000000000000000e+00
-2.585330000000000084e+01 1.000000000000000000e+00 1.839999999999999969e-02 0.000000000000000000e+00
-2.585330000000000084e+01 1.000000000000000000e+00 2.000000000000000042e-02 0.000000000000000000e+00
-2.585330000000000084e+01 1.000000000000000000e+00 1.820000000000000090e-02 0.000000000000000000e+00
-2.585330000000000084e+01 1.000000000000000000e+00 1.919999999999999832e-02 0.000000000000000000e+00
-2.585330000000000084e+01 1.000000000000000000e+00 2.079999999999999905e-02 0.000000000000000000e+00
-2.585330000000000084e+01 1.000000000000000000e+00 1.969999999999999876e-02 0.000000000000000000e+00
-2.585330000000000084e+01 1.000000000000000000e+00 1.739999999999999880e-02 0.000000000000000000e+00
-2.585330000000000084e+01 1.000000000000000000e+00 1.619999999999999912e-02 0.000000000000000000e+00
