1.484999999999999931e-01
8.396000000000000130e-01
4.015000000000000235e-01
-7.078999999999999737e-01
-2.516999999999999793e-01
-1.990999999999999992e-01
1.981999999999999873e-01
8.138999999999999568e-01
-2.897000000000000131e-01
-4.495000000000000107e-01
-5.884000000000000341e-01
4.118999999999999884e-01
-5.232999999999999874e-01
-4.969000000000000083e-01
-3.025999999999999801e-01
2.926000000000000267e-01
3.135999999999999899e-01
-5.797999999999999821e-01
1.555999999999999883e-01
8.507000000000000117e-01
-1.809999999999999942e-01
-6.955999999999999961e-01
3.759000000000000119e-01
-6.889999999999999458e-01
3.975000000000000200e-01
-6.864999999999999991e-01
-9.606000000000000094e-01
-1.045999999999999985e-01
6.314999999999999503e-01
1.429999999999999882e-01
6.564999999999999725e-01
-5.001999999999999780e-01
-4.730000000000000177e-02
7.248999999999999888e-01
8.710999999999999854e-01
-3.941999999999999948e-01
-4.847000000000000197e-01
4.707999999999999963e-01
9.841999999999999638e-01
-9.146999999999999575e-01
-8.282000000000000473e-01
7.714999999999999636e-01
-3.540000000000000091e-02
7.499999999999999722e-02
-8.504000000000000448e-01
-3.306999999999999940e-01
8.012000000000000233e-01
-9.020000000000000240e-02
7.349999999999999867e-01
-8.797000000000000375e-01
7.039999999999999591e-01
5.059000000000000163e-01
3.239999999999999825e-02
8.912999999999999812e-01
-1.239999999999999991e-01
-5.350000000000000311e-01
4.274000000000000021e-01
1.834999999999999964e-01
1.419999999999999873e-01
4.700000000000000011e-02
-4.267000000000000237e-01
-9.090000000000000302e-01
-9.355999999999999872e-01
-8.236999999999999877e-01
-4.199999999999999740e-03
3.186999999999999833e-01
7.037999999999999812e-01
-8.743999999999999551e-01
-1.784999999999999920e-01
7.820000000000000562e-02
3.613000000000000100e-01
1.615999999999999936e-01
5.994000000000000439e-01
-1.361999999999999877e-01
7.092000000000000526e-01
-8.175000000000000044e-01
-3.296000000000000041e-01
2.625000000000000111e-01
-6.451999999999999957e-01
2.265000000000000069e-01
-3.623000000000000109e-01
2.589999999999999941e-02
1.257999999999999952e-01
-7.540000000000000036e-01
3.280000000000000276e-02
-8.857000000000000428e-01
1.597999999999999976e-01
-1.511000000000000121e-01
1.716999999999999915e-01
3.462000000000000077e-01
1.010999999999999954e-01
-3.639999999999999902e-01
-1.119999999999999989e-02
-9.651999999999999469e-01
-4.874999999999999889e-01
-1.058999999999999941e-01
-8.293000000000000371e-01
-1.630999999999999950e-01
-7.358999999999999986e-01
-5.951999999999999513e-01
3.068000000000000171e-01
4.370999999999999885e-01
9.851999999999999647e-01
-9.410000000000000309e-02
-6.674999999999999822e-01
6.924000000000000155e-01
2.069999999999999965e-02
4.071000000000000174e-01
-7.563999999999999613e-01
9.638999999999999790e-01
4.212000000000000188e-01
6.005000000000000338e-01
9.327999999999999625e-01
-8.179999999999999771e-02
5.051999999999999824e-01
3.005999999999999783e-01
-8.329999999999999627e-01
-5.994000000000000439e-01
5.281000000000000139e-01
3.209000000000000186e-01
3.915000000000000147e-01
-4.853999999999999981e-01
9.667000000000000037e-01
3.887999999999999790e-01
7.699000000000000288e-01
-8.856000000000000538e-01
2.187000000000000055e-01
3.538999999999999924e-01
9.614000000000000323e-01
3.066999999999999726e-01
-3.653000000000000136e-01
-6.296000000000000485e-01
1.032000000000000001e-01
-1.812000000000000000e-01
-8.154000000000000137e-01
6.159999999999999920e-01
2.505000000000000004e-01
7.574999999999999512e-01
5.453000000000000069e-01
5.379000000000000448e-01
7.429999999999999938e-01
5.767999999999999794e-01
-9.335999999999999854e-01
4.019999999999999962e-02
-2.429999999999999938e-01
-2.247000000000000108e-01
8.938000000000000389e-01
7.320999999999999730e-01
-7.879999999999999505e-02
-1.290000000000000036e-01
-9.695000000000000284e-01
9.826000000000000290e-01
-5.703000000000000291e-01
-8.012000000000000233e-01
5.361000000000000210e-01
6.505999999999999561e-01
4.918000000000000149e-01
7.920000000000000373e-01
-8.456000000000000183e-01
1.014000000000000040e-01
5.154999999999999583e-01
-4.557999999999999829e-01
1.754999999999999893e-01
7.513999999999999568e-01
-1.446000000000000063e-01
2.492000000000000048e-01
-2.899999999999999800e-03
6.173999999999999488e-01
5.289000000000000368e-01
1.161999999999999977e-01
-8.629000000000000004e-01
-3.538000000000000034e-01
9.710999999999999632e-01
-8.409999999999999420e-02
-4.484000000000000208e-01
-8.689000000000000057e-01
4.700000000000000011e-02
-5.588999999999999524e-01
-9.337999999999999634e-01
-1.494999999999999940e-01
-2.258000000000000007e-01
4.198999999999999955e-01
-2.757999999999999896e-01
-1.350999999999999979e-01
-9.740999999999999659e-01
-5.007000000000000339e-01
7.397000000000000242e-01
-5.497999999999999554e-01
-2.576999999999999846e-01
8.359999999999999376e-02
7.399999999999999911e-01
6.404999999999999583e-01
9.678999999999999826e-01
2.147999999999999909e-01
7.955999999999999739e-01
3.323999999999999733e-01
-6.593999999999999861e-01
2.349999999999999867e-01
7.500000000000000000e-01
3.497999999999999998e-01
-3.820999999999999952e-01
-6.381000000000000005e-01
-9.181000000000000272e-01
5.185999999999999499e-01
5.131999999999999895e-01
-5.883000000000000451e-01
8.197999999999999732e-01
7.600000000000000089e-01
-7.920000000000000651e-02
8.467000000000000082e-01
7.272999999999999465e-01
-6.787999999999999590e-01
3.027000000000000246e-01
-5.006000000000000449e-01
-7.964999999999999858e-01
7.481999999999999762e-01
2.622999999999999776e-01
-1.985999999999999988e-01
-6.700000000000000400e-02
-9.799999999999999684e-03
-5.356999999999999540e-01
-4.057999999999999940e-01
7.901000000000000245e-01
-3.763000000000000234e-01
8.391999999999999460e-01
-1.353000000000000036e-01
2.740000000000000213e-01
1.189999999999999947e-01
6.931000000000000494e-01
1.975000000000000089e-01
8.211000000000000520e-01
9.114999999999999769e-01
-6.270999999999999908e-01
4.395999999999999908e-01
-9.687999999999999945e-01
-1.480000000000000066e-02
-8.458999999999999853e-01
-2.078000000000000125e-01
-6.461999999999999966e-01
3.352999999999999869e-01
8.598999999999999977e-01
9.535000000000000142e-01
-9.394000000000000128e-01
5.466999999999999638e-01
-5.589999999999999830e-02
-3.327999999999999847e-01
6.163999999999999480e-01
-2.116999999999999993e-01
-1.797999999999999876e-01
-3.433999999999999830e-01
6.360999999999999988e-01
-1.139000000000000012e-01
3.704000000000000070e-01
2.909999999999999809e-01
-7.799999999999999989e-02
-8.740999999999999881e-01
1.799999999999999933e-01
-2.029999999999999860e-02
-1.569000000000000117e-01
8.055999999999999828e-01
-5.957999999999999963e-01
-3.189999999999999780e-02
8.404000000000000359e-01
7.210999999999999632e-01
9.714000000000000412e-01
-6.239999999999999714e-02
5.870999999999999552e-01
3.899000000000000243e-01
8.857000000000000428e-01
-8.363000000000000433e-01
-3.131999999999999784e-01
-5.410000000000000364e-01
-4.446999999999999842e-01
1.222000000000000031e-01
-9.481000000000000538e-01
-7.852000000000000091e-01
9.938000000000000167e-01
3.957999999999999852e-01
1.549999999999999989e-01
7.523999999999999577e-01
-1.363000000000000045e-01
8.133000000000000229e-01
-7.858000000000000540e-01
3.109999999999999917e-02
-6.347000000000000419e-01
2.318000000000000060e-01
-5.235999999999999543e-01
-2.409000000000000030e-01
-8.008999999999999453e-01
-5.454999999999999849e-01
6.380000000000000115e-01
-5.080000000000000071e-01
7.433999999999999497e-01
6.969999999999999529e-01
2.089999999999999913e-01
4.781000000000000250e-01
-2.642999999999999794e-01
7.269999999999999796e-01
6.022999999999999465e-01
-8.457999999999999963e-01
-4.413000000000000256e-01
2.010000000000000120e-01
9.852999999999999536e-01
2.585999999999999965e-01
3.123000000000000220e-01
2.444999999999999951e-01
-9.242000000000000215e-01
3.053000000000000158e-01
-2.889999999999999791e-01
1.454000000000000015e-01
-9.100000000000000450e-03
6.304999999999999494e-01
6.729999999999999871e-02
3.174000000000000155e-01
-9.891999999999999682e-01
2.461000000000000132e-01
-2.262000000000000122e-01
-2.268000000000000016e-01
5.319000000000000394e-01
2.998000000000000109e-01
7.030999999999999472e-01
5.370000000000000329e-01
8.072000000000000286e-01
1.173000000000000015e-01
1.786999999999999977e-01
-5.961999999999999522e-01
5.469000000000000528e-01
-3.840999999999999970e-01
7.984999999999999876e-01
9.357999999999999652e-01
4.408000000000000251e-01
-5.494999999999999885e-01
9.573000000000000398e-01
-9.638999999999999790e-01
9.495999999999999996e-01
5.385999999999999677e-01
-2.921000000000000263e-01
1.062000000000000027e-01
-2.038000000000000089e-01
7.851000000000000201e-01
-4.373000000000000220e-01
-1.660000000000000087e-01
-8.467000000000000082e-01
-8.645000000000000462e-01
2.740000000000000074e-02
-8.750000000000000000e-01
-1.255999999999999894e-01
-5.295999999999999597e-01
-9.389999999999999736e-02
6.946999999999999842e-01
-1.547000000000000042e-01
4.702000000000000068e-01
-6.226000000000000423e-01
1.189000000000000057e-01
-3.299999999999999982e-03
5.855000000000000204e-01
4.161000000000000254e-01
4.011000000000000121e-01
8.063000000000000167e-01
-4.677000000000000046e-01
-1.297999999999999987e-01
-1.267000000000000071e-01
-1.959999999999999937e-02
-9.293000000000000149e-01
-2.051999999999999935e-01
-6.948999999999999622e-01
3.466000000000000192e-01
-3.857999999999999763e-01
5.739999999999999963e-02
-8.067999999999999616e-01
-1.190000000000000085e-02
-7.388000000000000123e-01
7.552999999999999714e-01
-6.719000000000000528e-01
6.199000000000000066e-01
