8.848000000000000309e-01
2.341000000000000025e-01
-6.414999999999999591e-01
-6.323999999999999622e-01
3.301999999999999935e-01
-4.037000000000000033e-01
8.932999999999999829e-01
-5.322999999999999954e-01
-2.437999999999999889e-01
-4.035000000000000253e-01
6.427000000000000490e-01
-1.830000000000000029e-02
-1.034999999999999948e-01
8.064999999999999947e-01
-4.340999999999999859e-01
8.612999999999999545e-01
1.691999999999999893e-01
1.962000000000000133e-01
7.711000000000000076e-01
-2.811000000000000165e-01
-3.200000000000000067e-01
8.125999999999999890e-01
-4.000000000000000083e-02
2.877000000000000113e-01
-4.022999999999999909e-01
3.230000000000000232e-02
-4.611000000000000099e-01
1.300999999999999934e-01
3.231999999999999873e-01
-4.239999999999999880e-01
6.000000000000000125e-03
5.527999999999999581e-01
-8.340999999999999526e-01
-2.456000000000000127e-01
-2.207999999999999963e-01
9.899000000000000021e-01
8.920000000000000151e-02
-8.440999999999999615e-01
1.494999999999999940e-01
4.450000000000000067e-01
6.229000000000000092e-01
5.980999999999999650e-01
3.623000000000000109e-01
-4.229999999999999732e-02
-2.726999999999999980e-01
3.790999999999999925e-01
7.208999999999999853e-01
3.054000000000000048e-01
-9.372000000000000330e-01
8.915999999999999481e-01
6.268000000000000238e-01
-1.371999999999999886e-01
2.998000000000000109e-01
-5.172999999999999821e-01
-5.062999999999999723e-01
4.138000000000000012e-01
-6.419999999999999318e-02
8.085999999999999854e-01
9.502000000000000446e-01
-8.491999999999999549e-01
-2.624000000000000221e-01
6.808999999999999497e-01
4.109999999999999765e-01
-6.680000000000000382e-01
1.302000000000000102e-01
-9.557999999999999829e-01
3.820000000000000062e-01
4.660000000000000253e-01
-4.784999999999999809e-01
9.088000000000000522e-01
9.252000000000000224e-01
4.339000000000000079e-01
-6.041999999999999593e-01
8.437000000000000055e-01
1.353000000000000036e-01
4.259000000000000008e-01
-3.946000000000000063e-01
-9.213999999999999968e-01
-8.840999999999999970e-01
9.905000000000000471e-01
9.112999999999999989e-01
7.137999999999999901e-01
7.372999999999999554e-01
8.015999999999999792e-01
6.660000000000000364e-01
5.728999999999999648e-01
-8.219999999999999529e-01
1.666999999999999871e-01
-4.243000000000000105e-01
-6.994000000000000217e-01
-7.875999999999999668e-01
-8.652999999999999581e-01
7.701000000000000068e-01
-3.749999999999999861e-02
-3.766999999999999793e-01
-5.403999999999999915e-01
5.731000000000000538e-01
-9.062000000000000055e-01
2.636999999999999900e-01
4.298000000000000154e-01
6.934000000000000163e-01
5.750999999999999446e-01
8.370999999999999552e-01
-9.834000000000000519e-01
-2.114000000000000046e-01
7.796999999999999487e-01
2.162999999999999923e-01
-4.444000000000000172e-01
-5.173999999999999710e-01
6.909999999999999476e-02
4.365999999999999881e-01
3.542000000000000148e-01
-6.650000000000000355e-01
5.919999999999999707e-01
-7.947999999999999510e-01
-5.140000000000000124e-01
2.575999999999999956e-01
1.859999999999999987e-01
2.705000000000000182e-01
4.815999999999999726e-01
7.049999999999999323e-02
-4.344999999999999973e-01
-2.056999999999999940e-01
-2.212999999999999967e-01
-5.002999999999999670e-01
9.180000000000000659e-02
2.482000000000000040e-01
5.722000000000000419e-01
-3.513999999999999901e-01
1.441999999999999948e-01
-8.528000000000000025e-01
8.353000000000000425e-01
-7.991000000000000325e-01
5.838999999999999746e-01
9.740000000000000047e-02
6.489999999999999936e-02
4.662000000000000033e-01
3.695999999999999841e-01
7.620000000000000384e-02
4.865999999999999770e-01
3.799999999999999906e-02
5.919999999999999707e-01
-2.028999999999999970e-01
8.722999999999999643e-01
3.373999999999999777e-01
-2.990999999999999770e-01
-7.278000000000000025e-01
1.439999999999999961e-02
-4.479000000000000203e-01
-7.163000000000000478e-01
-9.687000000000000055e-01
4.965999999999999859e-01
-3.756999999999999784e-01
7.430000000000000493e-02
-6.007000000000000117e-01
8.107999999999999652e-01
-5.440000000000000391e-01
6.479000000000000314e-01
8.608000000000000096e-01
-2.009999999999999981e-02
1.214999999999999969e-01
-8.128999999999999559e-01
-5.718999999999999639e-01
5.247000000000000552e-01
-6.972000000000000419e-01
4.383000000000000229e-01
6.085000000000000409e-01
7.105000000000000204e-01
9.798000000000000043e-01
-7.334000000000000519e-01
6.481999999999999984e-01
-3.632000000000000228e-01
8.455000000000000293e-01
-2.399999999999999790e-03
-5.493000000000000105e-01
6.248000000000000220e-01
-2.841000000000000192e-01
8.532999999999999474e-01
9.579999999999999627e-02
-4.167000000000000148e-01
3.603999999999999981e-01
6.271999999999999797e-01
-2.968000000000000083e-01
5.179000000000000270e-01
6.120999999999999774e-01
-5.908999999999999808e-01
6.022999999999999465e-01
5.855000000000000204e-01
-2.851000000000000201e-01
-4.649999999999999967e-02
6.050999999999999712e-01
3.003000000000000114e-01
1.862999999999999934e-01
-8.802999999999999714e-01
-1.859999999999999848e-02
-7.641999999999999904e-01
-6.131999999999999673e-01
-6.108000000000000096e-01
-1.907999999999999974e-01
8.930000000000000437e-02
-6.552999999999999936e-01
-2.856000000000000205e-01
-9.492000000000000437e-01
5.828999999999999737e-01
-4.665000000000000258e-01
-9.294000000000000039e-01
-9.637999999999999901e-01
-6.437000000000000499e-01
-1.074999999999999983e-01
7.924999999999999822e-01
-3.729999999999999982e-01
-2.490999999999999881e-01
1.279000000000000137e-01
4.199999999999999845e-01
1.283999999999999864e-01
-5.514000000000000012e-01
9.400000000000000022e-02
-1.554000000000000103e-01
1.113999999999999990e-01
3.750000000000000000e-01
-7.628000000000000336e-01
-4.259999999999999898e-02
5.999999999999999778e-01
7.150999999999999579e-01
5.822000000000000508e-01
-7.597000000000000419e-01
2.267000000000000126e-01
2.310000000000000109e-01
-8.699000000000000066e-01
3.321000000000000063e-01
5.545999999999999819e-01
1.842000000000000026e-01
-2.510999999999999899e-01
4.587999999999999856e-01
-7.610999999999999988e-01
-2.529000000000000137e-01
8.970000000000000195e-02
7.570000000000000340e-02
4.647999999999999909e-01
7.194000000000000394e-01
3.504999999999999782e-01
2.399000000000000021e-01
6.669999999999999540e-02
4.319000000000000061e-01
-5.017000000000000348e-01
-6.610000000000000597e-02
6.435999999999999499e-01
8.176999999999999824e-01
-3.371999999999999997e-01
8.944999999999999618e-01
-1.990999999999999992e-01
-8.699000000000000066e-01
2.361000000000000043e-01
5.563000000000000167e-01
3.622000000000000219e-01
-1.521000000000000130e-01
6.818999999999999506e-01
-1.899000000000000132e-01
-4.639999999999999680e-02
6.909999999999999476e-02
-3.351999999999999980e-01
-2.390000000000000110e-02
-9.784000000000000474e-01
-6.199999999999999956e-02
-5.915000000000000258e-01
2.879999999999999782e-01
-2.730000000000000135e-02
8.129999999999999727e-02
9.829999999999999849e-01
-4.596999999999999975e-01
2.407999999999999863e-01
-7.178999999999999826e-01
-6.562999999999999945e-01
5.813000000000000389e-01
1.555999999999999883e-01
7.513999999999999568e-01
3.916000000000000036e-01
5.514000000000000012e-01
-9.463000000000000300e-01
2.200999999999999901e-01
6.076000000000000290e-01
4.117000000000000104e-01
-5.362000000000000099e-01
-4.762000000000000122e-01
6.431000000000000050e-01
9.029000000000000359e-01
6.775999999999999801e-01
-9.476999999999999869e-01
6.953000000000000291e-01
-9.193000000000000060e-01
-5.103999999999999648e-01
-5.677999999999999714e-01
6.844999999999999973e-01
8.547000000000000153e-01
-7.826999999999999513e-01
9.408999999999999586e-01
9.016999999999999460e-01
-4.072000000000000064e-01
-6.954000000000000181e-01
1.509999999999999953e-01
-6.421999999999999931e-01
-3.130000000000000143e-02
-2.039999999999999869e-01
7.784999999999999698e-01
9.193999999999999950e-01
4.320000000000000229e-02
1.101000000000000034e-01
1.003000000000000003e-01
9.990999999999999881e-01
-3.889000000000000234e-01
-2.982000000000000206e-01
8.169999999999999485e-01
4.482999999999999763e-01
-3.373999999999999777e-01
2.184999999999999998e-01
7.792000000000000037e-01
1.532000000000000028e-01
3.662000000000000255e-01
9.467999999999999750e-01
2.883999999999999897e-01
-9.281000000000000361e-01
-4.197000000000000175e-01
-1.179999999999999973e-02
7.453999999999999515e-01
-3.932999999999999829e-01
-8.517000000000000126e-01
5.451000000000000290e-01
-1.841000000000000136e-01
4.605000000000000204e-01
2.610999999999999988e-01
2.273000000000000020e-01
8.004000000000000004e-01
-1.774999999999999911e-01
8.536000000000000254e-01
-2.853999999999999870e-01
3.804000000000000159e-01
-5.369999999999999774e-02
6.497000000000000552e-01
-4.343000000000000194e-01
2.303999999999999937e-01
3.338999999999999746e-01
-3.751999999999999780e-01
6.316000000000000503e-01
-9.664000000000000368e-01
-6.568000000000000504e-01
4.439000000000000168e-01
2.667999999999999816e-01
-6.866999999999999771e-01
8.254000000000000226e-01
-2.693999999999999728e-01
-5.553000000000000158e-01
7.397000000000000242e-01
-7.759000000000000341e-01
1.033000000000000029e-01
-4.207000000000000184e-01
-2.696000000000000063e-01
2.259999999999999856e-02
-2.800000000000000266e-01
8.745000000000000551e-01
-4.928000000000000158e-01
-2.632999999999999785e-01
-1.890000000000000013e-01
-7.371999999999999664e-01
9.459999999999999520e-01
-1.748999999999999999e-01
6.469000000000000306e-01
6.858999999999999542e-01
9.200000000000000400e-01
3.205000000000000071e-01
1.396000000000000019e-01
2.255999999999999950e-01
-9.993999999999999551e-01
-5.767999999999999794e-01
-7.668000000000000371e-01
5.106000000000000538e-01
