6.982000000000000428e-01
-2.184999999999999998e-01
-7.627000000000000446e-01
9.800000000000000377e-02
-6.594999999999999751e-01
7.426000000000000378e-01
-4.927000000000000268e-01
9.003999999999999782e-01
1.529000000000000081e-01
3.588999999999999968e-01
-9.384000000000000119e-01
-5.884000000000000341e-01
1.355999999999999983e-01
5.449999999999999983e-02
-7.589000000000000190e-01
-8.887000000000000455e-01
8.200000000000000344e-02
2.129999999999999949e-02
1.358000000000000040e-01
8.066999999999999726e-01
-7.688000000000000389e-01
8.010000000000000453e-02
2.469000000000000083e-01
3.589999999999999858e-01
5.744000000000000217e-01
-8.649999999999999356e-02
-1.421000000000000041e-01
-2.572999999999999732e-01
-9.358999999999999542e-01
6.109999999999999876e-01
-3.478999999999999870e-01
3.487999999999999989e-01
7.711999999999999966e-01
-7.050999999999999490e-01
7.922000000000000153e-01
4.799999999999999580e-03
8.365000000000000213e-01
-2.126000000000000112e-01
3.076999999999999735e-01
3.729999999999999982e-01
-4.630000000000000088e-02
-3.605999999999999761e-01
5.230000000000000204e-01
7.822000000000000064e-01
-7.205000000000000293e-01
9.375999999999999890e-01
2.177999999999999936e-01
4.186000000000000276e-01
7.000000000000000666e-02
-7.288000000000000034e-01
-5.056000000000000494e-01
1.147999999999999993e-01
-9.051000000000000156e-01
-8.675000000000000488e-01
-9.534000000000000252e-01
8.599999999999999312e-02
-1.170000000000000033e-02
-2.265999999999999959e-01
6.286000000000000476e-01
-2.884999999999999787e-01
9.340000000000000524e-01
2.975999999999999757e-01
4.027000000000000024e-01
-5.163999999999999702e-01
-6.583999999999999853e-01
9.731999999999999540e-01
9.751999999999999558e-01
-5.073999999999999622e-01
2.220999999999999919e-01
2.539999999999999897e-02
2.381999999999999951e-01
3.039999999999999925e-01
1.360000000000000098e-01
-4.858999999999999986e-01
5.062999999999999723e-01
-4.430000000000000049e-01
8.888000000000000345e-01
-3.395000000000000240e-01
-4.002000000000000002e-01
1.428999999999999992e-01
3.456000000000000183e-01
5.507999999999999563e-01
4.284000000000000030e-01
-6.643000000000000016e-01
-9.341000000000000414e-01
4.713999999999999857e-01
8.516000000000000236e-01
-1.768000000000000127e-01
9.523000000000000353e-01
-7.154000000000000359e-01
-3.715999999999999859e-01
-2.214000000000000135e-01
6.650000000000000355e-01
-5.310000000000000137e-02
-2.121000000000000107e-01
-1.507999999999999896e-01
-4.379000000000000115e-01
-8.811999999999999833e-01
-1.756000000000000061e-01
4.168000000000000038e-01
4.403000000000000247e-01
-2.721000000000000085e-01
-7.046000000000000041e-01
9.796000000000000263e-01
-1.136000000000000065e-01
5.108000000000000318e-01
-1.855999999999999872e-01
-7.586000000000000520e-01
-2.888999999999999901e-01
7.086999999999999966e-01
-2.837999999999999967e-01
-4.313000000000000167e-01
-7.057999999999999829e-01
4.700000000000000011e-02
-7.469999999999999973e-01
6.452999999999999847e-01
-3.371000000000000107e-01
5.296999999999999487e-01
-6.076000000000000290e-01
2.827000000000000068e-01
7.672999999999999821e-01
5.194999999999999618e-01
5.518999999999999462e-01
-3.513999999999999901e-01
6.956999999999999851e-01
-5.299000000000000377e-01
1.806000000000000105e-01
3.587000000000000188e-01
-1.953000000000000014e-01
-3.385000000000000231e-01
-1.643000000000000016e-01
-5.527999999999999581e-01
8.648000000000000131e-01
7.371999999999999664e-01
-9.153999999999999915e-01
4.401999999999999802e-01
8.501999999999999558e-01
2.970000000000000070e-02
-5.141000000000000014e-01
-6.733999999999999986e-01
-2.802000000000000046e-01
-8.330999999999999517e-01
-5.224999999999999645e-01
8.211000000000000520e-01
-6.343999999999999639e-01
9.721999999999999531e-01
2.147000000000000020e-01
-9.270000000000000462e-01
-7.136000000000000121e-01
3.346999999999999975e-01
-4.832000000000000184e-01
-7.229999999999999760e-01
9.240000000000000435e-01
3.942999999999999838e-01
5.954000000000000403e-01
9.938000000000000167e-01
1.547999999999999932e-01
-2.104999999999999927e-01
5.440000000000000391e-01
4.294999999999999929e-01
-6.195000000000000506e-01
4.753000000000000003e-01
-7.919000000000000483e-01
-4.621999999999999997e-01
7.802999999999999936e-01
1.368999999999999939e-01
4.391999999999999793e-01
-5.088000000000000300e-01
-4.592999999999999861e-01
-6.312999999999999723e-01
-7.704999999999999627e-01
-1.612999999999999989e-01
5.143999999999999684e-01
-2.860000000000000042e-02
-6.853000000000000203e-01
3.376000000000000112e-01
1.088999999999999968e-01
2.169999999999999984e-01
8.390999999999999570e-01
8.014999999999999902e-01
9.849999999999999867e-01
-1.226000000000000006e-01
9.664000000000000368e-01
-1.337000000000000133e-01
1.748999999999999999e-01
9.976000000000000423e-01
-2.461000000000000132e-01
-6.675999999999999712e-01
4.451999999999999846e-01
1.329999999999999932e-02
6.844000000000000083e-01
4.303000000000000158e-01
8.189999999999999503e-01
-4.702000000000000068e-01
-7.024000000000000243e-01
-6.583999999999999853e-01
3.996999999999999997e-01
-4.108999999999999875e-01
3.264000000000000234e-01
-8.911000000000000032e-01
-9.464000000000000190e-01
2.081999999999999962e-01
-5.258000000000000451e-01
1.305000000000000049e-01
-2.770000000000000240e-01
2.366999999999999937e-01
6.914000000000000146e-01
-7.883999999999999897e-01
-6.124000000000000554e-01
-8.555000000000000382e-01
-7.900000000000000355e-01
-3.044000000000000039e-01
-5.971999999999999531e-01
5.654000000000000137e-01
3.993999999999999773e-01
-8.037999999999999590e-01
7.418000000000000149e-01
-7.592999999999999750e-01
6.143999999999999462e-01
-1.042000000000000010e-01
-5.510000000000000314e-02
8.504000000000000448e-01
-3.200000000000000067e-01
4.031000000000000139e-01
-4.590000000000000191e-01
-4.964000000000000079e-01
-5.262999999999999901e-01
7.284000000000000474e-01
5.006000000000000449e-01
1.239999999999999991e-01
8.264000000000000234e-01
-2.333000000000000074e-01
-4.280999999999999805e-01
5.809999999999999887e-02
9.639999999999999958e-02
3.719999999999999973e-01
-1.084999999999999992e-01
9.580999999999999517e-01
2.456000000000000127e-01
1.804999999999999938e-01
-9.222000000000000197e-01
-9.841999999999999638e-01
7.592999999999999750e-01
8.169999999999999485e-02
-1.766999999999999960e-01
-5.290000000000000258e-02
-1.481999999999999984e-01
9.140000000000000346e-01
-8.202000000000000401e-01
-6.026000000000000245e-01
9.694000000000000394e-01
-8.948000000000000398e-01
4.314999999999999947e-01
-3.889000000000000234e-01
8.718000000000000194e-01
6.473999999999999755e-01
-4.520000000000000129e-01
6.270000000000000018e-01
-6.254999999999999449e-01
-8.148999999999999577e-01
-9.098000000000000531e-01
7.802999999999999936e-01
3.690000000000000224e-02
7.053000000000000380e-01
-2.710000000000000187e-01
8.828000000000000291e-01
-4.825999999999999734e-01
4.970999999999999863e-01
-4.051000000000000156e-01
-1.413000000000000089e-01
-7.881000000000000227e-01
3.819000000000000172e-01
-5.504999999999999893e-01
8.161000000000000476e-01
-6.189000000000000057e-01
-8.687000000000000277e-01
-2.519000000000000128e-01
-9.009000000000000341e-01
-1.612000000000000099e-01
-2.679000000000000270e-01
-5.623000000000000220e-01
-7.843999999999999861e-01
5.069000000000000172e-01
4.759999999999999787e-01
-4.411999999999999811e-01
-8.809999999999999776e-02
7.657000000000000473e-01
-2.358999999999999986e-01
4.107000000000000095e-01
8.830999999999999961e-01
4.519000000000000239e-01
-7.393999999999999462e-01
3.320000000000000034e-02
3.930000000000000160e-02
2.772999999999999909e-01
-3.822999999999999732e-01
1.101000000000000034e-01
9.530999999999999472e-01
6.915999999999999925e-01
5.782000000000000473e-01
-8.809999999999999776e-02
-9.285999999999999810e-01
-6.375999999999999446e-01
-1.565000000000000002e-01
3.052000000000000268e-01
-2.091999999999999971e-01
2.093000000000000138e-01
-8.047999999999999599e-01
-1.998000000000000054e-01
4.616000000000000103e-01
-3.719000000000000083e-01
-5.979999999999999899e-02
9.166999999999999593e-01
4.232000000000000206e-01
-8.470999999999999641e-01
-7.128999999999999782e-01
-6.754000000000000004e-01
7.377000000000000224e-01
-6.808999999999999497e-01
-7.389000000000000012e-01
-5.027000000000000357e-01
-2.048000000000000098e-01
1.205999999999999989e-01
9.099000000000000421e-01
3.998999999999999777e-01
-3.668000000000000149e-01
6.185000000000000497e-01
7.953000000000000069e-01
5.735000000000000098e-01
3.808000000000000274e-01
-6.261999999999999789e-01
-3.859000000000000208e-01
9.303000000000000158e-01
9.263000000000000123e-01
-1.343999999999999917e-01
7.308999999999999941e-01
8.397000000000000020e-01
1.379999999999999977e-02
3.674999999999999933e-01
6.893000000000000238e-01
6.918999999999999595e-01
-5.917000000000000037e-01
4.763999999999999901e-01
-2.959999999999999853e-01
-4.197000000000000175e-01
-7.698000000000000398e-01
9.263000000000000123e-01
5.729999999999999677e-02
8.675000000000000488e-01
-1.696000000000000008e-01
-9.523000000000000353e-01
2.958000000000000074e-01
-2.424000000000000044e-01
7.084000000000000297e-01
-5.386999999999999567e-01
-8.276999999999999913e-01
6.042999999999999483e-01
-3.549999999999999822e-01
-9.564000000000000279e-01
8.292000000000000481e-01
-7.623999999999999666e-01
9.220000000000000417e-02
-1.476000000000000090e-01
1.020000000000000073e-02
-5.399999999999999939e-02
2.049999999999999878e-01
3.724999999999999978e-01
3.869999999999999829e-02
4.156000000000000250e-01
-4.642999999999999905e-01
6.172999999999999599e-01
-1.545999999999999874e-01
-5.630000000000000282e-02
2.081999999999999962e-01
7.747000000000000552e-01
