-3.104000000000000092e-01
-9.045999999999999597e-01
-8.578000000000000069e-01
-6.069999999999999701e-02
-8.558999999999999941e-01
-5.384999999999999787e-01
-9.320000000000000506e-01
1.875000000000000000e-01
-2.680000000000000160e-01
1.098999999999999977e-01
4.808000000000000052e-01
5.919999999999999707e-01
-6.705999999999999739e-01
3.970000000000000195e-01
9.056999999999999496e-01
-6.859999999999999432e-02
5.656999999999999806e-01
-6.136000000000000343e-01
8.042000000000000259e-01
-7.903999999999999915e-01
-1.827999999999999903e-01
-6.099999999999999867e-02
-2.494999999999999996e-01
2.278000000000000025e-01
-1.223999999999999949e-01
7.842999999999999972e-01
9.676000000000000156e-01
-6.999999999999999929e-04
-2.031000000000000028e-01
9.526000000000000023e-01
-5.626999999999999780e-01
8.380999999999999561e-01
9.262000000000000233e-01
-6.895999999999999908e-01
-6.917999999999999705e-01
8.409999999999999698e-01
-7.593999999999999639e-01
1.985999999999999988e-01
4.000000000000000083e-02
-7.487000000000000322e-01
-7.557000000000000384e-01
7.069999999999999618e-01
7.439999999999999947e-01
-4.583999999999999742e-01
-4.888000000000000123e-01
6.424999999999999600e-01
1.711000000000000021e-01
4.257000000000000228e-01
4.006000000000000116e-01
8.390000000000000235e-02
-1.748000000000000109e-01
-8.830999999999999961e-01
-7.679000000000000270e-01
7.903000000000000025e-01
8.111000000000000432e-01
-3.235000000000000098e-01
-9.514000000000000234e-01
-3.453999999999999848e-01
3.229000000000000203e-01
-4.154999999999999805e-01
-2.389999999999999902e-01
1.050999999999999990e-01
-3.633000000000000118e-01
1.233000000000000068e-01
-5.647999999999999687e-01
-9.066999999999999504e-01
-8.873999999999999666e-01
2.240000000000000047e-01
8.390000000000000235e-02
6.633999999999999897e-01
1.076000000000000012e-01
8.262000000000000455e-01
7.558000000000000274e-01
5.634000000000000119e-01
-8.828000000000000291e-01
-1.171999999999999986e-01
5.030999999999999917e-01
1.305999999999999939e-01
7.217000000000000082e-01
-9.420000000000000595e-02
-4.477999999999999758e-01
3.849999999999999950e-02
4.268000000000000127e-01
2.049999999999999878e-01
-9.014999999999999680e-01
3.889000000000000234e-01
-3.832999999999999741e-01
1.887999999999999956e-01
2.862000000000000099e-01
-6.283999999999999586e-01
-8.611999999999999655e-01
-1.461999999999999966e-01
5.528999999999999471e-01
8.279999999999999583e-01
-9.202000000000000179e-01
9.938000000000000167e-01
-7.187000000000000055e-01
5.553000000000000158e-01
5.089000000000000190e-01
7.863999999999999879e-01
8.352000000000000535e-01
-1.035999999999999976e-01
-2.248999999999999888e-01
6.594999999999999751e-01
-1.847000000000000031e-01
-5.759999999999999565e-01
-4.519000000000000239e-01
-2.391000000000000070e-01
1.699999999999999905e-03
9.292000000000000259e-01
6.450000000000000178e-02
6.695999999999999730e-01
-3.163000000000000256e-01
-8.530000000000000082e-02
-3.266999999999999904e-01
6.868999999999999551e-01
-8.405000000000000249e-01
9.474000000000000199e-01
-8.736000000000000432e-01
-2.389999999999999902e-01
2.988000000000000100e-01
4.783999999999999919e-01
2.398000000000000131e-01
9.989000000000000101e-01
8.276000000000000023e-01
9.779999999999999805e-02
-1.287000000000000088e-01
3.371999999999999997e-01
-4.100000000000000172e-02
7.357000000000000206e-01
2.444999999999999951e-01
3.709000000000000075e-01
-7.741000000000000103e-01
-6.252999999999999670e-01
-5.469999999999999862e-02
-7.053000000000000380e-01
-9.766000000000000236e-01
-6.151999999999999691e-01
-2.199999999999999872e-02
-1.270000000000000018e-01
-8.550000000000000655e-02
2.079999999999999905e-02
6.475999999999999535e-01
8.759999999999999731e-02
8.861999999999999877e-01
-6.417000000000000481e-01
-5.340000000000000302e-01
8.536000000000000254e-01
-5.701000000000000512e-01
-3.604999999999999871e-01
8.994999999999999662e-01
3.165999999999999925e-01
-7.530999999999999917e-01
-8.495000000000000329e-01
1.544000000000000095e-01
4.429999999999999910e-02
-2.524000000000000132e-01
6.337000000000000410e-01
6.391999999999999904e-01
-4.097999999999999976e-01
-8.037999999999999590e-01
9.796000000000000263e-01
3.528999999999999915e-01
-7.945999999999999730e-01
8.437000000000000055e-01
6.336000000000000520e-01
3.690999999999999837e-01
6.424999999999999600e-01
4.710000000000000298e-02
-4.495000000000000107e-01
9.325999999999999845e-01
-4.119999999999999774e-01
4.890999999999999792e-01
9.713000000000000522e-01
6.225000000000000533e-01
-1.199999999999999956e-01
-8.612999999999999545e-01
7.627000000000000446e-01
-5.355999999999999650e-01
8.619999999999999885e-02
-3.956999999999999962e-01
5.574000000000000066e-01
2.611999999999999877e-01
-8.467999999999999972e-01
-2.073000000000000120e-01
-4.086000000000000187e-01
8.011000000000000343e-01
-4.829999999999999849e-01
-3.346999999999999975e-01
-2.265000000000000069e-01
-6.346000000000000529e-01
9.889999999999999902e-01
2.888000000000000012e-01
4.590000000000000191e-01
-5.623000000000000220e-01
8.687000000000000277e-01
-8.616000000000000325e-01
8.957000000000000517e-01
-3.081999999999999740e-01
-8.532999999999999474e-01
5.187000000000000499e-01
-4.547999999999999821e-01
-1.170999999999999958e-01
2.503000000000000225e-01
2.301999999999999880e-01
-2.659999999999999865e-02
-7.175000000000000266e-01
3.548000000000000043e-01
-8.074999999999999956e-01
6.844999999999999973e-01
4.112000000000000099e-01
-5.173999999999999710e-01
6.151999999999999691e-01
9.574000000000000288e-01
7.049999999999999600e-01
3.350000000000000200e-01
9.800000000000000377e-02
-3.825999999999999956e-01
5.792000000000000481e-01
-6.522999999999999909e-01
-9.737000000000000099e-01
-5.885000000000000231e-01
-7.751000000000000112e-01
5.913000000000000478e-01
3.436000000000000165e-01
2.821000000000000174e-01
4.764999999999999791e-01
-7.647000000000000464e-01
5.679999999999999494e-01
6.450000000000000178e-01
-9.159000000000000474e-01
5.758999999999999675e-01
-2.485999999999999877e-01
9.281000000000000361e-01
9.043999999999999817e-01
7.568000000000000282e-01
6.463999999999999746e-01
3.508000000000000007e-01
5.576999999999999735e-01
-1.930999999999999939e-01
9.370000000000000551e-01
8.954999999999999627e-01
-3.262999999999999790e-01
9.852999999999999536e-01
3.063000000000000167e-01
3.256000000000000005e-01
3.113000000000000211e-01
1.040999999999999981e-01
-2.807999999999999940e-01
-3.810999999999999943e-01
2.748999999999999777e-01
2.901000000000000245e-01
6.980000000000000093e-02
4.109999999999999765e-01
6.891000000000000458e-01
-6.572000000000000064e-01
5.120999999999999996e-01
-2.510999999999999899e-01
4.042000000000000037e-01
4.700000000000000011e-02
-8.722999999999999643e-01
-1.990000000000000102e-02
5.189000000000000279e-01
-6.750000000000000444e-01
1.819000000000000061e-01
7.425000000000000488e-01
8.556000000000000272e-01
4.853000000000000091e-01
2.859999999999999765e-01
-7.618000000000000327e-01
8.678000000000000158e-01
-2.599999999999999881e-03
6.860000000000000542e-01
7.506000000000000449e-01
6.309000000000000163e-01
5.200000000000000178e-01
2.182000000000000051e-01
5.484999999999999876e-01
-5.675999999999999934e-01
3.020999999999999797e-01
1.922999999999999987e-01
-2.769999999999999893e-02
-9.921999999999999709e-01
6.219000000000000083e-01
5.873000000000000442e-01
-4.815999999999999726e-01
1.781000000000000083e-01
-2.011999999999999900e-01
-5.829999999999999766e-02
-2.487000000000000044e-01
6.655999999999999694e-01
-1.252999999999999947e-01
8.619999999999999885e-01
-2.379000000000000004e-01
-2.670000000000000151e-02
9.489999999999999825e-02
5.803000000000000380e-01
6.939999999999999503e-01
-2.530999999999999917e-01
-7.277000000000000135e-01
7.945999999999999730e-01
5.332999999999999963e-01
-8.980000000000000204e-01
-9.055999999999999606e-01
-1.519000000000000072e-01
-8.124000000000000110e-01
4.509000000000000230e-01
8.105999999999999872e-01
7.982000000000000206e-01
-8.296000000000000041e-01
-5.514999999999999902e-01
8.338999999999999746e-01
-3.931000000000000050e-01
-1.255000000000000004e-01
1.330999999999999961e-01
5.615999999999999881e-01
-6.434999999999999609e-01
-8.740999999999999881e-01
6.109999999999999876e-01
7.900000000000000078e-02
7.795999999999999597e-01
6.198000000000000176e-01
1.214999999999999969e-01
5.481000000000000316e-01
-3.014000000000000012e-01
-6.566999999999999504e-01
6.149999999999999911e-01
-3.660999999999999810e-01
2.801000000000000156e-01
-9.982999999999999652e-01
-5.870000000000000218e-02
-6.513999999999999790e-01
6.264999999999999458e-01
1.009000000000000036e-01
-3.237999999999999767e-01
-7.295000000000000373e-01
-3.716999999999999749e-01
-5.582000000000000295e-01
-9.854000000000000536e-01
8.568999999999999950e-01
1.532000000000000028e-01
-1.648000000000000020e-01
7.985999999999999766e-01
-4.077000000000000068e-01
-5.017000000000000348e-01
-8.661999999999999700e-01
7.368999999999999995e-01
-9.795000000000000373e-01
2.720000000000000195e-01
-8.920000000000000151e-01
9.298999999999999488e-01
-6.092999999999999527e-01
-4.497999999999999776e-01
5.365999999999999659e-01
-6.840000000000000524e-01
-1.481000000000000094e-01
-3.986000000000000099e-01
3.413999999999999813e-01
8.087999999999999634e-01
2.808999999999999830e-01
9.080000000000000293e-01
-4.769999999999999796e-01
5.300000000000000024e-03
4.537999999999999812e-01
4.017000000000000015e-01
9.556999999999999940e-01
8.856000000000000538e-01
8.542999999999999483e-01
-9.367999999999999661e-01
3.538000000000000034e-01
-9.303000000000000158e-01
1.423000000000000098e-01
7.835999999999999632e-01
-2.877000000000000113e-01
8.520999999999999686e-01
