5.444999999999999840e-01
6.778999999999999471e-01
5.083999999999999631e-01
2.457999999999999907e-01
-5.323999999999999844e-01
-7.168999999999999817e-01
8.404000000000000359e-01
1.942000000000000115e-01
4.278000000000000136e-01
6.737999999999999545e-01
-4.802000000000000157e-01
3.221999999999999864e-01
-2.074999999999999900e-01
-3.517000000000000126e-01
-9.719999999999999751e-01
5.322000000000000064e-01
7.629000000000000226e-01
4.132000000000000117e-01
-4.887000000000000233e-01
-6.056000000000000272e-01
-9.183999999999999941e-01
6.606999999999999540e-01
7.754999999999999671e-01
-1.582999999999999963e-01
-5.113999999999999657e-01
-7.455000000000000515e-01
3.361999999999999988e-01
7.597000000000000419e-01
-5.262999999999999901e-01
9.691999999999999504e-01
-7.800000000000000266e-01
9.466999999999999860e-01
-5.232999999999999874e-01
7.243000000000000549e-01
-2.549999999999999836e-02
6.881000000000000449e-01
5.213999999999999746e-01
8.508000000000000007e-01
-4.865999999999999770e-01
6.260000000000000286e-02
2.525999999999999912e-01
4.839999999999999858e-01
-8.154000000000000137e-01
-9.790000000000000091e-02
-5.680000000000000326e-02
-9.384000000000000119e-01
2.711000000000000076e-01
3.000999999999999779e-01
3.736999999999999766e-01
5.905000000000000249e-01
1.476000000000000090e-01
2.958999999999999964e-01
7.810000000000000275e-02
-8.165000000000000036e-01
3.861999999999999877e-01
5.241999999999999993e-01
1.534000000000000086e-01
4.806000000000000272e-01
4.007999999999999896e-01
-7.630000000000000671e-02
-4.844999999999999862e-01
7.380000000000000449e-02
-6.368000000000000327e-01
5.849999999999999645e-01
1.991999999999999882e-01
4.970999999999999863e-01
5.067000000000000393e-01
4.812000000000000166e-01
-1.517000000000000015e-01
-1.711999999999999911e-01
7.233000000000000540e-01
-1.280000000000000061e-02
-9.897000000000000242e-01
-9.900000000000000813e-03
1.165999999999999953e-01
-6.218000000000000194e-01
-6.817999999999999616e-01
8.739000000000000101e-01
-6.845999999999999863e-01
-5.000000000000000000e-01
3.875000000000000111e-01
6.427000000000000490e-01
-4.823000000000000065e-01
1.589000000000000135e-01
-2.576999999999999846e-01
-5.688999999999999613e-01
1.726999999999999924e-01
-7.943999999999999950e-01
8.450000000000000566e-02
-9.891999999999999682e-01
4.032999999999999918e-01
-3.484999999999999765e-01
-2.147000000000000020e-01
3.196999999999999842e-01
-8.295000000000000151e-01
7.832999999999999963e-01
9.976000000000000423e-01
-1.042000000000000010e-01
-7.618000000000000327e-01
-8.500000000000000611e-03
7.187000000000000055e-01
-1.489000000000000046e-01
-4.707999999999999963e-01
-9.183999999999999941e-01
-7.376000000000000334e-01
-5.655999999999999917e-01
-7.445000000000000506e-01
2.828999999999999848e-01
6.680000000000000382e-01
-7.159999999999999698e-01
-9.932999999999999607e-01
4.707999999999999963e-01
-7.290000000000000646e-02
-7.378000000000000114e-01
6.939999999999999503e-01
-8.565000000000000391e-01
6.626999999999999558e-01
-2.565999999999999948e-01
3.629000000000000004e-01
-1.849999999999999978e-01
-8.250000000000000389e-02
-9.552000000000000490e-01
-6.040999999999999703e-01
9.733000000000000540e-01
-7.064000000000000279e-01
8.068999999999999506e-01
1.673000000000000043e-01
-4.786000000000000254e-01
1.587999999999999967e-01
6.428000000000000380e-01
-3.585999999999999743e-01
1.537999999999999923e-01
9.554000000000000270e-01
8.469999999999999751e-01
-6.599000000000000421e-01
6.038000000000000034e-01
5.664000000000000146e-01
-3.239000000000000212e-01
-8.455000000000000293e-01
1.332000000000000128e-01
-1.582000000000000073e-01
-8.152000000000000357e-01
7.987999999999999545e-01
3.511000000000000232e-01
-1.598999999999999866e-01
4.198999999999999955e-01
-6.896999999999999797e-01
-9.134999999999999787e-01
-6.896999999999999797e-01
6.522000000000000020e-01
-4.974999999999999978e-01
-3.677000000000000268e-01
-2.883000000000000007e-01
-9.224999999999999867e-01
3.634999999999999898e-01
-7.240999999999999659e-01
8.679000000000000048e-01
-6.049999999999999822e-01
3.256999999999999895e-01
1.766000000000000070e-01
-1.277999999999999969e-01
-4.083999999999999853e-01
5.080999999999999961e-01
-4.519999999999999712e-02
-9.532000000000000473e-01
5.779999999999999583e-01
6.887999999999999678e-01
-2.752000000000000002e-01
2.656000000000000028e-01
3.399999999999999811e-03
7.597000000000000419e-01
-7.530999999999999917e-01
-5.820000000000000173e-02
1.789000000000000035e-01
-8.451999999999999513e-01
-3.790999999999999925e-01
-1.839000000000000079e-01
2.071999999999999953e-01
6.230000000000000121e-02
3.150000000000000022e-02
-9.118000000000000549e-01
-6.664999999999999813e-01
7.841000000000000192e-01
-2.106000000000000094e-01
2.330000000000000127e-02
-7.307000000000000162e-01
-6.138000000000000123e-01
1.600000000000000033e-01
4.581000000000000072e-01
-2.160000000000000114e-02
1.514999999999999958e-01
-4.126000000000000223e-01
7.068999999999999728e-01
-5.586999999999999744e-01
4.818999999999999950e-01
-6.233999999999999542e-01
-4.228000000000000091e-01
6.783000000000000140e-01
7.815999999999999615e-01
1.351999999999999869e-01
-6.774999999999999911e-01
-2.089000000000000024e-01
2.036999999999999922e-01
2.656999999999999917e-01
-7.947999999999999510e-01
4.925999999999999823e-01
-9.204999999999999849e-01
9.645000000000000240e-01
-6.473999999999999755e-01
-1.577000000000000068e-01
1.663000000000000034e-01
2.797000000000000042e-01
-3.315000000000000169e-01
3.904000000000000248e-01
6.201999999999999735e-01
2.401000000000000079e-01
-6.010999999999999677e-01
-4.485000000000000098e-01
-6.220999999999999863e-01
-7.042000000000000481e-01
4.048999999999999821e-01
5.181000000000000050e-01
6.898999999999999577e-01
3.760000000000000009e-01
-5.706999999999999851e-01
6.719000000000000528e-01
-9.582000000000000517e-01
-7.509000000000000119e-01
2.761000000000000121e-01
8.762999999999999678e-01
6.682000000000000162e-01
-6.521000000000000130e-01
-7.684999999999999609e-01
5.591000000000000414e-01
-3.946999999999999953e-01
-3.996000000000000107e-01
2.064000000000000001e-01
5.165999999999999481e-01
-7.399999999999999634e-02
1.058000000000000052e-01
6.667999999999999483e-01
3.109999999999999987e-01
7.378000000000000114e-01
3.851999999999999869e-01
3.790999999999999925e-01
-1.625999999999999945e-01
-9.872999999999999554e-01
7.157999999999999918e-01
-8.352000000000000535e-01
-4.192000000000000171e-01
7.600999999999999979e-01
-9.529999999999999583e-02
8.108999999999999542e-01
-8.859999999999999820e-02
7.332999999999999519e-01
-8.582999999999999519e-01
-8.450000000000000566e-02
-5.430000000000000104e-02
-7.983000000000000096e-01
-5.293999999999999817e-01
-4.000000000000000192e-04
-3.886999999999999900e-01
1.068999999999999950e-01
5.348000000000000531e-01
-7.450999999999999845e-01
-9.320000000000000506e-01
-5.235999999999999543e-01
8.478999999999999870e-01
-6.015000000000000346e-01
2.338000000000000078e-01
7.660000000000000142e-01
9.767000000000000126e-01
9.596000000000000085e-01
-7.440999999999999837e-01
8.853999999999999648e-01
-7.508000000000000229e-01
-2.612999999999999767e-01
-5.328000000000000513e-01
8.746000000000000441e-01
-7.044000000000000261e-01
8.630000000000000171e-02
8.266999999999999904e-01
-6.955000000000000071e-01
-2.707999999999999852e-01
3.482999999999999985e-01
4.687999999999999945e-01
-9.871999999999999664e-01
1.754999999999999893e-01
-7.047999999999999821e-01
-7.897999999999999465e-01
-9.868999999999999995e-01
-2.752999999999999892e-01
5.092999999999999750e-01
-8.420999999999999597e-01
-1.882999999999999952e-01
-7.086999999999999966e-01
-6.270000000000000573e-02
-9.290000000000000480e-01
7.419999999999999929e-01
8.819000000000000172e-01
-8.877000000000000446e-01
-9.046999999999999487e-01
-1.310000000000000053e-01
4.470999999999999974e-01
-2.674000000000000266e-01
9.314999999999999947e-01
-3.215999999999999970e-01
9.952999999999999625e-01
3.494999999999999774e-01
2.393000000000000127e-01
8.381999999999999451e-01
1.615000000000000047e-01
-2.997000000000000219e-01
8.154000000000000137e-01
8.145000000000000018e-01
-5.748999999999999666e-01
1.267999999999999960e-01
1.335000000000000075e-01
-5.155999999999999472e-01
-2.066000000000000059e-01
-7.137000000000000011e-01
-3.635999999999999788e-01
9.199999999999999845e-02
3.617000000000000215e-01
-6.232999999999999652e-01
-7.506000000000000449e-01
-9.206999999999999629e-01
2.474999999999999978e-01
7.679000000000000270e-01
1.733000000000000096e-01
-7.348000000000000087e-01
-7.731000000000000094e-01
-9.889000000000000012e-01
-2.664000000000000257e-01
5.687999999999999723e-01
6.694999999999999840e-01
-4.658999999999999808e-01
-7.401999999999999691e-01
8.087999999999999634e-01
7.225000000000000311e-01
2.500000000000000000e-01
-9.044999999999999707e-01
5.007000000000000339e-01
3.245000000000000107e-01
7.789999999999999702e-02
-1.746000000000000052e-01
1.622000000000000108e-01
3.140999999999999903e-01
5.052999999999999714e-01
-3.896999999999999909e-01
6.369000000000000217e-01
-5.012999999999999678e-01
-4.930999999999999828e-01
7.511999999999999789e-01
-8.283000000000000362e-01
-9.059999999999999998e-02
-7.707000000000000517e-01
-8.129999999999999449e-01
7.498000000000000220e-01
-4.091000000000000192e-01
9.033999999999999808e-01
-5.620000000000000551e-01
1.092000000000000054e-01
9.993999999999999551e-01
7.747000000000000552e-01
1.376999999999999891e-01
1.329999999999999932e-02
-5.283999999999999808e-01
7.462999999999999634e-01
-3.209999999999999659e-02
8.312000000000000499e-01
8.126999999999999780e-01
6.250000000000000000e-02
5.712000000000000410e-01
5.604999999999999982e-01
