-6.131999999999999673e-01
1.494000000000000050e-01
6.059999999999999831e-01
-2.335000000000000131e-01
-6.558000000000000496e-01
7.439000000000000057e-01
6.525999999999999579e-01
-4.359999999999999987e-02
4.706000000000000183e-01
2.942000000000000171e-01
-2.129000000000000059e-01
1.250000000000000000e-01
2.630000000000000115e-01
3.947999999999999843e-01
4.252000000000000224e-01
9.691999999999999504e-01
2.268999999999999906e-01
4.274999999999999911e-01
2.847000000000000086e-01
-1.693000000000000060e-01
-1.892000000000000071e-01
-6.291999999999999815e-01
-3.764000000000000123e-01
3.664000000000000035e-01
-5.049000000000000155e-01
3.749000000000000110e-01
6.471999999999999975e-01
-7.225000000000000311e-01
4.028999999999999804e-01
6.573999999999999844e-01
5.159000000000000252e-01
-1.786999999999999977e-01
-8.786000000000000476e-01
-1.701999999999999902e-01
-1.506000000000000116e-01
8.306999999999999940e-01
8.897000000000000464e-01
-3.623999999999999999e-01
-6.086000000000000298e-01
-4.758000000000000007e-01
-3.906000000000000028e-01
3.019999999999999907e-01
-2.363000000000000100e-01
-6.351999999999999869e-01
-7.228999999999999870e-01
-5.380000000000000060e-02
9.032999999999999918e-01
-4.929000000000000048e-01
-1.981999999999999873e-01
1.658000000000000029e-01
-2.888000000000000012e-01
4.356999999999999762e-01
-1.066000000000000003e-01
-2.212000000000000077e-01
1.490000000000000005e-02
3.579999999999999849e-01
-2.921000000000000263e-01
-2.416999999999999982e-01
3.286999999999999922e-01
-5.394999999999999796e-01
-8.364000000000000323e-01
-3.900000000000000133e-01
-4.176000000000000267e-01
-9.413000000000000256e-01
-2.204000000000000126e-01
-1.532999999999999918e-01
4.309999999999999942e-01
2.084000000000000019e-01
9.527999999999999803e-01
-9.515000000000000124e-01
8.890000000000000124e-01
7.846999999999999531e-01
9.819999999999999563e-02
6.029999999999999805e-01
-5.639999999999999458e-01
-1.491000000000000103e-01
7.492999999999999661e-01
3.743000000000000216e-01
3.819000000000000172e-01
9.828999999999999959e-01
7.249999999999999778e-01
-9.498999999999999666e-01
3.130999999999999894e-01
-9.324000000000000066e-01
5.321000000000000174e-01
4.045000000000000262e-01
8.096999999999999753e-01
7.799999999999999642e-03
-7.351999999999999647e-01
-8.486000000000000210e-01
-7.698000000000000398e-01
4.475999999999999979e-01
8.307999999999999829e-01
9.051000000000000156e-01
3.731999999999999762e-01
-7.723999999999999755e-01
-6.766999999999999682e-01
-5.100999999999999979e-01
-2.313999999999999946e-01
7.920000000000000651e-02
-8.866000000000000547e-01
4.996999999999999775e-01
5.837999999999999856e-01
-1.907000000000000084e-01
9.845000000000000417e-01
-4.512999999999999790e-01
5.273999999999999799e-01
6.522000000000000020e-01
8.419999999999999707e-02
-2.066000000000000059e-01
6.548000000000000487e-01
-7.965999999999999748e-01
2.516999999999999793e-01
-5.063999999999999613e-01
-4.873000000000000109e-01
2.979999999999999871e-01
-6.289999999999999758e-02
-2.769999999999999893e-02
9.068000000000000504e-01
-3.766999999999999793e-01
-1.821000000000000119e-01
5.736999999999999877e-01
4.000000000000000083e-02
1.602000000000000091e-01
6.008000000000000007e-01
-8.294000000000000261e-01
-8.509999999999999787e-01
7.583999999999999631e-01
-5.705000000000000071e-01
2.346999999999999920e-01
9.970999999999999863e-01
3.301999999999999935e-01
-9.009000000000000341e-01
-7.826999999999999513e-01
1.915000000000000036e-01
7.694999999999999618e-01
9.052000000000000046e-01
6.850000000000000533e-02
7.056999999999999940e-01
-5.739999999999999963e-02
-7.622999999999999776e-01
9.980999999999999872e-01
-2.636000000000000010e-01
6.726999999999999647e-01
7.140000000000000513e-02
-3.920000000000000151e-01
-9.979000000000000092e-01
-4.158999999999999919e-01
8.525000000000000355e-01
1.504000000000000059e-01
-1.897999999999999965e-01
7.970000000000000417e-01
-3.674999999999999933e-01
-3.554999999999999827e-01
8.164000000000000146e-01
7.379999999999999893e-01
2.997000000000000219e-01
-5.129999999999999838e-02
-1.600000000000000077e-03
-9.516999999999999904e-01
2.520999999999999908e-01
-8.011000000000000343e-01
-5.833000000000000407e-01
-4.176000000000000267e-01
-8.268999999999999684e-01
-4.974000000000000088e-01
2.023999999999999966e-01
-2.716999999999999971e-01
1.069999999999999944e-02
1.008000000000000007e-01
-3.679999999999999938e-02
-8.495000000000000329e-01
8.369999999999999662e-01
4.793000000000000038e-01
-8.245000000000000107e-01
2.414999999999999925e-01
-9.265999999999999792e-01
8.617000000000000215e-01
-1.680000000000000104e-01
-1.174999999999999933e-01
-4.642000000000000015e-01
3.140000000000000013e-01
-2.074999999999999900e-01
-9.998000000000000220e-01
-4.943000000000000171e-01
2.187000000000000055e-01
-9.959999999999999409e-02
-5.382000000000000117e-01
-7.288999999999999924e-01
3.683000000000000163e-01
6.984000000000000208e-01
-8.899999999999999578e-02
-8.126999999999999780e-01
-5.688999999999999613e-01
7.700000000000000247e-03
-1.669999999999999957e-02
6.965000000000000080e-01
3.943999999999999728e-01
7.745999999999999552e-01
9.900000000000000813e-03
-3.347999999999999865e-01
-8.760999999999999899e-01
-1.786000000000000087e-01
-7.854999999999999760e-01
5.027000000000000357e-01
7.497000000000000330e-01
2.720000000000000195e-01
-3.210999999999999965e-01
3.244000000000000217e-01
-2.939999999999999836e-01
-7.137999999999999901e-01
-4.686000000000000165e-01
-9.582000000000000517e-01
-1.108999999999999986e-01
-5.522000000000000242e-01
7.288999999999999924e-01
-6.091999999999999638e-01
9.676000000000000156e-01
-2.099999999999999870e-03
1.849000000000000088e-01
7.652999999999999803e-01
-1.270000000000000018e-01
-6.068000000000000060e-01
-7.374000000000000554e-01
-3.613000000000000100e-01
8.980000000000000482e-02
-2.403000000000000136e-01
-7.751000000000000112e-01
-8.226999999999999869e-01
-3.895000000000000129e-01
9.059000000000000385e-01
-2.879999999999999782e-01
-1.668999999999999928e-01
5.835000000000000187e-01
-2.539999999999999897e-02
7.260999999999999677e-01
5.862000000000000544e-01
7.880000000000000338e-01
5.399000000000000465e-01
4.984000000000000097e-01
6.866999999999999771e-01
9.179000000000000492e-01
5.302000000000000046e-01
-2.116999999999999993e-01
6.428000000000000380e-01
-8.360999999999999543e-01
-1.378999999999999948e-01
5.850999999999999535e-01
-4.359999999999999987e-02
2.000000000000000096e-04
1.044000000000000067e-01
-8.329999999999999627e-01
4.000000000000000083e-03
-6.626999999999999558e-01
-4.490000000000000102e-01
-7.957999999999999519e-01
-4.647999999999999909e-01
6.882000000000000339e-01
5.286999999999999478e-01
-7.562999999999999723e-01
-1.107999999999999957e-01
-1.005000000000000060e-01
-7.919000000000000483e-01
-4.731000000000000205e-01
-1.867999999999999938e-01
2.205999999999999905e-01
-4.793999999999999928e-01
1.111999999999999933e-01
9.033999999999999808e-01
-5.865000000000000213e-01
7.786999999999999478e-01
-3.412999999999999923e-01
-3.559999999999999831e-01
-8.397999999999999909e-01
9.452000000000000401e-01
7.096000000000000085e-01
-3.479999999999999760e-01
-6.008000000000000007e-01
-9.729999999999999760e-01
-7.026999999999999913e-01
-6.824999999999999956e-01
-5.322999999999999954e-01
3.454999999999999738e-01
-2.378000000000000114e-01
-5.064999999999999503e-01
4.949999999999999956e-01
4.147000000000000131e-01
4.580000000000000182e-01
-9.678999999999999826e-01
9.266999999999999682e-01
4.932000000000000273e-01
1.107000000000000067e-01
4.727999999999999980e-01
-8.165999999999999925e-01
-9.949999999999999956e-01
-5.098000000000000309e-01
9.929999999999999938e-01
7.723999999999999755e-01
6.479000000000000314e-01
7.627000000000000446e-01
9.003999999999999782e-01
5.255999999999999561e-01
6.221999999999999753e-01
2.957000000000000184e-01
9.868000000000000105e-01
7.087999999999999856e-01
-3.806999999999999829e-01
-3.049000000000000044e-01
6.860000000000000542e-01
5.830999999999999517e-01
-1.279000000000000137e-01
-4.097999999999999976e-01
-1.590999999999999914e-01
8.860999999999999988e-01
-8.941000000000000059e-01
2.617999999999999772e-01
-9.795000000000000373e-01
7.674999999999999600e-01
4.777000000000000135e-01
-8.175999999999999934e-01
2.844999999999999751e-01
9.740000000000000047e-02
-1.593999999999999861e-01
-9.060000000000000275e-01
-2.179000000000000103e-01
-8.610999999999999766e-01
9.635000000000000231e-01
9.919999999999999651e-02
5.616999999999999771e-01
-9.307999999999999607e-01
4.429999999999999910e-02
5.404999999999999805e-01
-9.741999999999999549e-01
-5.857999999999999874e-01
6.060000000000000109e-02
-4.471999999999999864e-01
-4.855999999999999761e-01
9.520999999999999464e-01
8.463000000000000522e-01
4.949000000000000066e-01
-8.662999999999999590e-01
1.350999999999999979e-01
-6.312999999999999723e-01
-1.519000000000000072e-01
2.404999999999999916e-01
5.082999999999999741e-01
7.570000000000000062e-01
5.040999999999999925e-01
-8.217999999999999750e-01
-7.519000000000000128e-01
1.736999999999999933e-01
-1.277000000000000079e-01
-6.283999999999999586e-01
-8.599999999999999867e-01
-8.112000000000000322e-01
-9.470000000000000639e-02
9.875000000000000444e-01
-7.792999999999999927e-01
-9.749999999999999778e-01
-4.973000000000000198e-01
4.551999999999999935e-01
-7.231999999999999540e-01
1.640000000000000138e-02
-5.815000000000000169e-01
-5.377999999999999448e-01
-4.128999999999999893e-01
6.269000000000000128e-01
-8.667000000000000259e-01
7.116999999999999993e-01
-5.330000000000000293e-01
-7.197000000000000064e-01
-9.368999999999999551e-01
-7.203000000000000513e-01
8.045999999999999819e-01
-7.563999999999999613e-01
