7.000999999999999446e-01
-3.073000000000000176e-01
-9.736000000000000210e-01
7.226000000000000201e-01
4.414000000000000146e-01
-6.526999999999999469e-01
-1.168000000000000010e-01
-8.012000000000000233e-01
6.015000000000000346e-01
9.270000000000000462e-02
3.210000000000000075e-01
-4.264999999999999902e-01
5.151000000000000023e-01
-2.048000000000000098e-01
6.411999999999999922e-01
-7.036000000000000032e-01
-3.603999999999999981e-01
-1.391000000000000014e-01
-3.192999999999999727e-01
-8.362000000000000544e-01
7.143000000000000460e-01
-5.969999999999999751e-01
6.998999999999999666e-01
-8.168999999999999595e-01
-8.661999999999999700e-01
-4.559000000000000274e-01
-2.033000000000000085e-01
-8.085999999999999854e-01
8.105999999999999872e-01
7.435000000000000497e-01
9.324000000000000066e-01
2.074999999999999900e-01
4.209999999999999853e-01
8.305000000000000160e-01
-7.539999999999999480e-02
2.985999999999999766e-01
8.094999999999999973e-01
-4.702000000000000068e-01
-5.150000000000000133e-01
-6.163999999999999480e-01
5.282999999999999918e-01
1.890000000000000013e-01
-8.587000000000000188e-01
-4.030000000000000249e-01
-4.188999999999999946e-01
-8.058999999999999497e-01
-5.571000000000000396e-01
-8.149999999999999467e-01
-6.630000000000000338e-01
1.628999999999999893e-01
3.272999999999999798e-01
1.055999999999999994e-01
-2.096999999999999975e-01
4.927000000000000268e-01
-2.021999999999999909e-01
-6.444999999999999618e-01
-8.061000000000000387e-01
4.979000000000000092e-01
3.059999999999999873e-02
4.572999999999999843e-01
6.078000000000000069e-01
7.469999999999999973e-01
4.920999999999999819e-01
-5.748999999999999666e-01
-3.396000000000000130e-01
6.618000000000000549e-01
6.170999999999999819e-01
-4.232000000000000206e-01
6.988999999999999657e-01
5.618999999999999551e-01
8.490000000000000324e-02
-8.356000000000000094e-01
-2.353000000000000091e-01
3.511000000000000232e-01
-2.026000000000000023e-01
-5.645999999999999908e-01
1.428000000000000103e-01
2.706999999999999962e-01
8.890000000000000679e-02
-9.563000000000000389e-01
7.479999999999999982e-01
-1.799999999999999951e-03
4.791000000000000258e-01
-9.785000000000000364e-01
-1.077000000000000041e-01
2.184000000000000108e-01
9.428999999999999604e-01
8.971999999999999975e-01
-7.752999999999999892e-01
-5.520000000000000462e-01
-4.491999999999999882e-01
-3.380000000000000226e-01
-5.419000000000000483e-01
7.100000000000000408e-03
-1.529000000000000081e-01
-2.891000000000000236e-01
-4.151000000000000245e-01
1.466999999999999971e-01
9.988000000000000211e-01
2.479999999999999913e-02
9.461000000000000520e-01
6.056000000000000272e-01
6.694999999999999840e-01
-9.364000000000000101e-01
-3.679999999999999938e-01
5.976000000000000201e-01
-2.313999999999999946e-01
-5.797999999999999821e-01
6.172999999999999599e-01
-9.747999999999999998e-01
3.910000000000000281e-02
-6.831000000000000405e-01
7.008999999999999675e-01
7.765999999999999570e-01
6.088999999999999968e-01
-7.883000000000000007e-01
9.386999999999999789e-01
8.050000000000000488e-01
-5.218000000000000416e-01
1.213999999999999940e-01
-2.252000000000000113e-01
-2.333999999999999964e-01
9.953999999999999515e-01
-9.639999999999999680e-01
-2.048999999999999988e-01
-9.413000000000000256e-01
7.231999999999999540e-01
9.102000000000000091e-01
7.409000000000000030e-01
-6.166000000000000369e-01
-1.612000000000000099e-01
3.931000000000000050e-01
-7.834999999999999742e-01
2.988999999999999990e-01
-2.273000000000000020e-01
-9.376999999999999780e-01
-3.910000000000000281e-02
3.652000000000000246e-01
4.023999999999999799e-01
1.526000000000000134e-01
9.239999999999999603e-02
-1.305000000000000049e-01
1.068000000000000060e-01
3.559999999999999831e-01
-4.989000000000000101e-01
3.333999999999999742e-01
9.856000000000000316e-01
6.058000000000000052e-01
-6.964000000000000190e-01
7.829999999999999460e-02
-7.240999999999999659e-01
3.683000000000000163e-01
-7.459000000000000075e-01
7.097999999999999865e-01
-8.788000000000000256e-01
1.489000000000000046e-01
3.175000000000000044e-01
8.246999999999999886e-01
-7.947999999999999510e-01
4.381999999999999784e-01
-7.822000000000000064e-01
9.383000000000000229e-01
2.550999999999999934e-01
2.310000000000000109e-01
7.199999999999999456e-02
-6.937999999999999723e-01
-6.635999999999999677e-01
9.074999999999999734e-01
5.695000000000000062e-01
-6.860000000000000542e-01
7.032000000000000473e-01
-7.311999999999999611e-01
2.288000000000000034e-01
4.328000000000000180e-01
4.130000000000000338e-02
-7.649000000000000243e-01
1.542999999999999927e-01
-3.830999999999999961e-01
-2.305999999999999994e-01
6.203999999999999515e-01
-9.203999999999999959e-01
-5.829999999999999627e-01
-3.230999999999999983e-01
6.558000000000000496e-01
-2.506999999999999784e-01
6.028000000000000025e-01
6.532999999999999918e-01
3.925000000000000155e-01
4.284999999999999920e-01
6.475999999999999535e-01
7.550999999999999934e-01
-7.436000000000000387e-01
-9.658999999999999808e-01
5.895000000000000240e-01
-9.049999999999999711e-02
-4.893000000000000127e-01
8.068999999999999506e-01
-4.219999999999999862e-01
-4.142000000000000126e-01
9.052999999999999936e-01
-9.996000000000000441e-01
5.675000000000000044e-01
6.487000000000000544e-01
1.006999999999999978e-01
9.850000000000000422e-02
5.848999999999999755e-01
-1.510000000000000057e-02
-3.140999999999999903e-01
4.669999999999999846e-02
5.493000000000000105e-01
-5.070000000000000201e-02
3.181999999999999829e-01
-9.603000000000000425e-01
-8.933999999999999719e-01
-8.751999999999999780e-01
-5.731000000000000538e-01
5.675000000000000044e-01
-6.552000000000000046e-01
6.905000000000000027e-01
9.109000000000000430e-01
7.049999999999999600e-01
-7.855999999999999650e-01
-8.446000000000000174e-01
-9.819999999999999840e-01
1.700000000000000122e-02
2.475999999999999868e-01
6.917999999999999705e-01
8.838000000000000300e-01
6.235000000000000542e-01
3.956000000000000072e-01
4.174999999999999822e-01
1.595000000000000029e-01
-2.071000000000000063e-01
9.447999999999999732e-01
-4.309000000000000052e-01
9.858999999999999986e-01
-8.609999999999999598e-02
-4.410000000000000031e-02
-5.399000000000000465e-01
8.373000000000000442e-01
-1.006999999999999978e-01
1.055999999999999994e-01
-9.667999999999999927e-01
6.895999999999999908e-01
-3.620000000000000301e-02
3.286000000000000032e-01
-8.827000000000000401e-01
-1.796000000000000096e-01
8.241000000000000547e-01
7.141999999999999460e-01
2.767000000000000015e-01
8.003000000000000114e-01
4.519000000000000239e-01
-6.293999999999999595e-01
-1.137999999999999984e-01
1.773000000000000131e-01
1.000000000000000021e-03
4.838000000000000078e-01
4.954000000000000070e-01
7.135000000000000231e-01
8.768000000000000238e-01
-4.592999999999999861e-01
-4.763000000000000012e-01
-1.603999999999999870e-01
-8.071000000000000396e-01
-6.783000000000000140e-01
-7.768000000000000460e-01
-2.149999999999999828e-02
-3.116999999999999771e-01
-5.639999999999999875e-02
-1.159999999999999920e-02
-2.023000000000000076e-01
2.671999999999999931e-01
5.517999999999999572e-01
2.994999999999999885e-01
4.909999999999999781e-02
5.586999999999999744e-01
-2.142000000000000015e-01
-9.939000000000000057e-01
2.482000000000000040e-01
-6.704999999999999849e-01
6.925000000000000044e-01
7.550000000000000044e-01
-5.471000000000000307e-01
4.596999999999999975e-01
9.919000000000000039e-01
3.590999999999999748e-01
-6.130000000000000032e-02
-4.133000000000000007e-01
7.599999999999999811e-02
9.040000000000000258e-01
6.820000000000000506e-01
5.265999999999999570e-01
9.052999999999999936e-01
2.259999999999999856e-02
6.800000000000000488e-01
-2.834999999999999742e-01
-1.072000000000000036e-01
1.302999999999999992e-01
5.670000000000000040e-02
-2.243999999999999884e-01
-1.950000000000000067e-01
-9.751999999999999558e-01
-1.710000000000000131e-01
6.872000000000000330e-01
-7.105000000000000204e-01
1.150999999999999940e-01
5.449000000000000510e-01
-4.380999999999999894e-01
5.726999999999999869e-01
6.829999999999999960e-02
2.326000000000000012e-01
-4.509000000000000230e-01
-3.899999999999999994e-02
-7.862999999999999989e-01
8.309999999999999609e-01
2.832999999999999963e-01
-4.328000000000000180e-01
6.606999999999999540e-01
-3.743000000000000216e-01
5.309000000000000385e-01
2.611999999999999877e-01
-1.882999999999999952e-01
-9.750999999999999668e-01
2.958000000000000074e-01
6.616999999999999549e-01
-6.417000000000000481e-01
-7.620000000000000384e-02
-6.350000000000000089e-01
-7.003000000000000336e-01
-3.714000000000000079e-01
1.436999999999999944e-01
-6.721000000000000307e-01
7.463999999999999524e-01
-1.726000000000000034e-01
5.424999999999999822e-01
9.453000000000000291e-01
9.518999999999999684e-01
-2.019999999999999921e-02
-2.033999999999999975e-01
8.000000000000000383e-04
5.604999999999999982e-01
-3.568000000000000060e-01
-3.382000000000000006e-01
9.670999999999999597e-01
-2.624000000000000221e-01
-4.590000000000000330e-02
1.076000000000000012e-01
-5.987000000000000099e-01
-4.955999999999999850e-01
9.625000000000000222e-01
5.009999999999999870e-02
-6.421000000000000041e-01
-1.554000000000000103e-01
7.297000000000000153e-01
7.465000000000000524e-01
-6.283999999999999586e-01
-6.139999999999999902e-01
-6.826999999999999735e-01
4.000000000000000083e-02
-7.480000000000000537e-02
-8.125999999999999890e-01
-9.679999999999999716e-02
5.615999999999999881e-01
9.461000000000000520e-01
6.643000000000000016e-01
-6.905000000000000027e-01
-7.755999999999999561e-01
-7.514999999999999458e-01
-4.451999999999999846e-01
5.731000000000000538e-01
-8.992999999999999883e-01
8.353000000000000425e-01
-7.299999999999999545e-02
7.469999999999999973e-01
