-9.202000000000000179e-01
-9.223000000000000087e-01
5.376999999999999558e-01
-1.358999999999999930e-01
-7.115000000000000213e-01
-7.574999999999999512e-01
5.168000000000000371e-01
1.280999999999999917e-01
-1.922000000000000097e-01
-2.220000000000000029e-01
2.515000000000000013e-01
7.564999999999999503e-01
2.474999999999999978e-01
6.249000000000000110e-01
-2.363000000000000100e-01
-8.629000000000000004e-01
3.896999999999999909e-01
-1.282000000000000084e-01
8.269999999999999574e-02
-8.673999999999999488e-01
3.766999999999999793e-01
3.654000000000000026e-01
-8.784999999999999476e-01
-9.777000000000000135e-01
1.199999999999999895e-03
-7.275000000000000355e-01
7.355000000000000426e-01
7.610999999999999988e-01
-4.283000000000000140e-01
1.194000000000000061e-01
-6.570000000000000284e-01
-6.810000000000000497e-01
-1.117999999999999966e-01
-9.310000000000000220e-02
3.353999999999999759e-01
-3.876000000000000001e-01
-2.401000000000000079e-01
1.592999999999999972e-01
3.402999999999999914e-01
-8.609999999999999598e-02
-2.691999999999999948e-01
5.389000000000000457e-01
-9.739999999999999769e-01
-5.400000000000000355e-01
8.280999999999999472e-01
4.549000000000000266e-01
-9.638999999999999790e-01
-3.884000000000000230e-01
-7.458000000000000185e-01
7.190999999999999615e-01
-6.370000000000000107e-01
4.229999999999999871e-01
-1.003000000000000003e-01
2.802000000000000046e-01
-3.562000000000000166e-01
5.944000000000000394e-01
-8.369999999999999662e-01
-3.950000000000000178e-01
-4.166000000000000258e-01
-7.485000000000000542e-01
2.265000000000000069e-01
6.284999999999999476e-01
-3.548999999999999932e-01
-8.961000000000000076e-01
-5.313999999999999835e-01
-7.677000000000000490e-01
1.826000000000000123e-01
8.313000000000000389e-01
-2.989999999999999949e-02
2.868999999999999884e-01
4.577999999999999847e-01
7.302999999999999492e-01
-8.880000000000000115e-01
2.510000000000000009e-01
-6.874000000000000110e-01
1.019000000000000045e-01
-3.224000000000000199e-01
-7.059999999999999609e-01
1.799999999999999933e-01
-5.900999999999999579e-01
6.776999999999999691e-01
9.262000000000000233e-01
7.662999999999999812e-01
-8.800000000000000044e-01
8.205000000000000071e-01
5.092999999999999750e-01
-6.270000000000000018e-01
-1.491000000000000103e-01
-9.677999999999999936e-01
-3.648000000000000131e-01
-8.862999999999999767e-01
-9.429999999999999494e-01
-3.709999999999999964e-01
-5.228000000000000425e-01
6.229000000000000092e-01
8.888000000000000345e-01
-4.170000000000000095e-02
-9.599999999999999645e-01
-2.569000000000000172e-01
4.607999999999999874e-01
-2.565000000000000058e-01
-5.411000000000000254e-01
1.000000000000000021e-02
4.694999999999999729e-01
-2.444999999999999951e-01
6.435999999999999499e-01
-8.385000000000000231e-01
-2.396000000000000074e-01
1.431000000000000050e-01
1.383000000000000063e-01
9.386999999999999789e-01
-6.317000000000000393e-01
5.596999999999999753e-01
1.297000000000000097e-01
1.481000000000000094e-01
2.389999999999999902e-01
-5.669999999999999485e-01
7.983000000000000096e-01
-9.094999999999999751e-01
9.089000000000000412e-01
-4.897000000000000242e-01
4.897000000000000242e-01
-1.947000000000000119e-01
-4.833000000000000074e-01
-8.688000000000000167e-01
8.118999999999999551e-01
-5.532000000000000250e-01
-7.971000000000000307e-01
5.806000000000000050e-01
-2.006999999999999895e-01
8.978000000000000425e-01
-1.827000000000000013e-01
7.995999999999999774e-01
-6.990000000000000380e-02
-7.917999999999999483e-01
2.414999999999999925e-01
9.116999999999999549e-01
-6.252999999999999670e-01
-1.318000000000000005e-01
-3.109999999999999987e-01
-7.662999999999999812e-01
1.550999999999999879e-01
7.092000000000000526e-01
-9.232000000000000206e-01
7.701999999999999957e-01
-9.645000000000000240e-01
-6.411999999999999922e-01
1.482999999999999874e-01
-2.390000000000000110e-02
-5.706999999999999851e-01
-5.823000000000000398e-01
-2.298000000000000043e-01
-5.474999999999999867e-01
-7.638000000000000345e-01
-8.649999999999999911e-01
9.244999999999999885e-01
1.149000000000000021e-01
-8.420999999999999597e-01
7.320999999999999730e-01
3.775999999999999912e-01
-6.341999999999999860e-01
-6.700000000000000400e-02
8.639000000000000012e-01
-8.961000000000000076e-01
-3.020000000000000115e-02
9.427999999999999714e-01
3.633000000000000118e-01
-4.784999999999999809e-01
-1.131000000000000061e-01
3.632000000000000228e-01
1.145999999999999935e-01
4.924999999999999933e-01
-8.041000000000000369e-01
8.006999999999999673e-01
4.179999999999999688e-02
-2.857000000000000095e-01
-3.880000000000000115e-02
7.613999999999999657e-01
-3.632000000000000228e-01
-3.887999999999999790e-01
2.740000000000000074e-02
-2.469999999999999973e-01
5.051999999999999824e-01
9.700000000000000289e-02
8.576000000000000290e-01
9.153999999999999915e-01
-5.921999999999999487e-01
-2.741999999999999993e-01
1.693000000000000060e-01
-1.019999999999999934e-01
1.232000000000000040e-01
2.889999999999999861e-02
3.047000000000000264e-01
-1.453000000000000125e-01
-3.356000000000000094e-01
-2.819999999999999729e-01
3.589999999999999858e-01
1.034999999999999948e-01
1.557999999999999940e-01
5.134999999999999565e-01
6.262999999999999678e-01
7.851000000000000201e-01
-2.126000000000000112e-01
-7.247999999999999998e-01
4.269000000000000017e-01
-3.988999999999999768e-01
-6.683999999999999941e-01
2.846000000000000196e-01
1.724999999999999867e-01
-2.484000000000000097e-01
-9.579999999999999627e-01
4.920999999999999819e-01
-4.259999999999999898e-02
1.728999999999999981e-01
2.788999999999999813e-01
9.849999999999999867e-01
-4.247000000000000219e-01
5.131999999999999895e-01
2.878000000000000003e-01
-2.192999999999999949e-01
4.713999999999999857e-01
-5.103999999999999648e-01
8.021000000000000352e-01
-6.640000000000000069e-02
-7.840000000000000302e-01
-6.008000000000000007e-01
-5.040999999999999925e-01
-6.679000000000000492e-01
-9.049999999999999711e-02
6.551000000000000156e-01
4.343000000000000194e-01
-2.735000000000000209e-01
8.389999999999999680e-01
7.357000000000000206e-01
8.515000000000000346e-01
-2.575999999999999956e-01
3.684000000000000052e-01
1.900000000000000022e-01
-8.930000000000000437e-02
-2.963999999999999968e-01
-7.240999999999999659e-01
-9.600000000000000200e-02
2.736999999999999988e-01
6.766999999999999682e-01
6.811000000000000387e-01
6.546999999999999487e-01
-4.899000000000000021e-01
9.707999999999999963e-01
4.546000000000000041e-01
9.651999999999999469e-01
-1.350999999999999979e-01
1.396000000000000019e-01
-1.242000000000000048e-01
2.326999999999999902e-01
-5.272999999999999909e-01
3.447999999999999954e-01
-5.643000000000000238e-01
8.390000000000000235e-02
-3.259999999999999704e-02
1.356999999999999873e-01
-9.362000000000000322e-01
-7.751000000000000112e-01
-6.824000000000000066e-01
-1.696999999999999897e-01
-6.801000000000000378e-01
-8.767000000000000348e-01
3.731999999999999762e-01
5.900999999999999579e-01
4.383000000000000229e-01
-8.596000000000000307e-01
-5.369999999999999774e-02
-1.552000000000000046e-01
-6.971000000000000529e-01
-2.513000000000000234e-01
-9.260000000000000453e-01
7.003000000000000336e-01
9.271000000000000352e-01
4.141000000000000236e-01
7.943000000000000060e-01
2.978000000000000091e-01
5.832000000000000517e-01
-5.241000000000000103e-01
-1.756000000000000061e-01
-5.602000000000000313e-01
-1.365000000000000102e-01
-1.111999999999999933e-01
9.273000000000000131e-01
-7.960000000000000409e-02
3.901000000000000023e-01
9.970999999999999863e-01
5.103999999999999648e-01
7.841000000000000192e-01
-8.304000000000000270e-01
4.625000000000000222e-01
-5.655999999999999917e-01
-5.862000000000000544e-01
-8.768000000000000238e-01
5.584000000000000075e-01
4.056000000000000161e-01
-5.664000000000000146e-01
4.702000000000000068e-01
-8.987000000000000544e-01
-7.820000000000000284e-01
5.066000000000000503e-01
-7.292999999999999483e-01
-3.694000000000000061e-01
-4.800000000000000100e-02
-1.761000000000000065e-01
8.854999999999999538e-01
-6.662000000000000144e-01
-3.952999999999999847e-01
1.816000000000000114e-01
-4.252000000000000224e-01
3.054000000000000048e-01
8.850000000000000089e-01
-6.771000000000000352e-01
-1.100000000000000066e-03
3.690999999999999837e-01
-9.180000000000000659e-02
-9.758000000000000007e-01
2.750000000000000014e-02
-4.268000000000000127e-01
3.901999999999999913e-01
7.467000000000000304e-01
7.235000000000000320e-01
-1.141999999999999960e-01
6.118000000000000105e-01
-9.919000000000000039e-01
-4.289999999999999925e-01
6.881000000000000449e-01
-8.336999999999999966e-01
1.250000000000000069e-02
-2.429999999999999868e-02
-2.170999999999999874e-01
-4.669999999999999846e-02
-6.656999999999999584e-01
8.933999999999999719e-01
-4.147000000000000131e-01
3.699999999999999956e-01
-4.828999999999999959e-01
-1.799999999999999951e-03
-5.523000000000000131e-01
1.638999999999999901e-01
4.853000000000000091e-01
8.069999999999999396e-02
8.580000000000000127e-02
1.149999999999999981e-02
3.948999999999999733e-01
-2.723999999999999755e-01
4.738999999999999879e-01
3.664000000000000035e-01
8.766000000000000458e-01
-5.867999999999999883e-01
8.476000000000000201e-01
1.524999999999999967e-01
2.174999999999999989e-01
-6.972000000000000419e-01
6.232999999999999652e-01
9.028000000000000469e-01
-5.241999999999999993e-01
3.267999999999999794e-01
-5.051999999999999824e-01
-6.665999999999999703e-01
2.326999999999999902e-01
-7.710000000000000187e-01
3.938999999999999724e-01
-1.416000000000000036e-01
9.170000000000000373e-02
4.148000000000000020e-01
-5.597999999999999643e-01
9.991999999999999771e-01
-2.560000000000000053e-01
-6.409000000000000252e-01
-9.890999999999999792e-01
-7.623999999999999666e-01
