-5.495999999999999774e-01
7.822000000000000064e-01
-8.260000000000000675e-02
-9.479999999999999538e-02
4.969000000000000083e-01
-4.873999999999999999e-01
7.806999999999999496e-01
-4.587999999999999856e-01
-2.549000000000000155e-01
-9.407999999999999696e-01
6.730000000000000426e-01
7.792999999999999927e-01
7.105000000000000204e-01
-5.709999999999999520e-01
-9.963999999999999524e-01
9.929999999999999938e-01
-6.897999999999999687e-01
9.769999999999999518e-02
7.756999999999999451e-01
-2.667999999999999816e-01
3.961999999999999966e-01
5.041999999999999815e-01
8.433000000000000496e-01
2.061999999999999944e-01
7.533999999999999586e-01
-3.662000000000000255e-01
5.876000000000000112e-01
2.770000000000000240e-01
-5.465999999999999748e-01
8.773999999999999577e-01
8.975999999999999535e-01
6.465999999999999526e-01
-7.065000000000000169e-01
4.264999999999999902e-01
4.999000000000000110e-01
-4.566999999999999948e-01
-8.545000000000000373e-01
8.639000000000000012e-01
1.822999999999999898e-01
8.707000000000000295e-01
-1.469999999999999953e-02
-9.463000000000000300e-01
-3.427999999999999936e-01
8.457999999999999963e-01
-2.149999999999999828e-02
1.448000000000000120e-01
-3.548999999999999932e-01
7.169999999999999707e-01
7.116999999999999993e-01
-7.233000000000000540e-01
6.252999999999999670e-01
1.756000000000000061e-01
2.401999999999999968e-01
7.024000000000000243e-01
9.536999999999999922e-01
3.405000000000000249e-01
-9.907000000000000250e-01
5.096000000000000529e-01
-6.124000000000000554e-01
4.591999999999999971e-01
1.827999999999999903e-01
9.119000000000000439e-01
-4.519000000000000239e-01
5.094999999999999529e-01
7.378000000000000114e-01
9.705000000000000293e-01
-9.625000000000000222e-01
4.041000000000000147e-01
5.159000000000000252e-01
-5.077000000000000401e-01
-1.721000000000000030e-01
-3.598000000000000087e-01
-7.441999999999999726e-01
-7.264000000000000457e-01
9.493000000000000327e-01
7.629000000000000226e-01
-8.252000000000000446e-01
-4.681000000000000161e-01
7.808000000000000496e-01
1.173000000000000015e-01
3.094000000000000083e-01
9.604000000000000314e-01
-9.524000000000000243e-01
-4.729999999999999760e-01
-2.677999999999999825e-01
-9.582000000000000517e-01
-7.050999999999999490e-01
-8.243000000000000327e-01
-2.696999999999999953e-01
-5.364999999999999769e-01
2.220999999999999919e-01
-1.490000000000000005e-02
-9.856000000000000316e-01
-2.119999999999999940e-01
8.381999999999999451e-01
5.844000000000000306e-01
7.651999999999999913e-01
-2.736999999999999988e-01
6.975999999999999979e-01
2.798999999999999821e-01
-3.028000000000000136e-01
-1.152999999999999997e-01
5.480000000000000149e-02
-1.183000000000000024e-01
7.447000000000000286e-01
-3.331999999999999962e-01
-4.984999999999999987e-01
5.332000000000000073e-01
-5.080000000000000071e-01
9.192000000000000171e-01
-2.094999999999999918e-01
-3.662000000000000255e-01
4.408000000000000251e-01
-9.082999999999999963e-01
-5.298000000000000487e-01
8.641999999999999682e-01
-6.710000000000000686e-02
5.805000000000000160e-01
9.060000000000000275e-01
4.420000000000000040e-01
-4.828000000000000069e-01
3.779000000000000137e-01
-3.899000000000000243e-01
-7.358999999999999986e-01
3.685999999999999832e-01
-6.341999999999999860e-01
-2.218999999999999861e-01
-9.030000000000000249e-01
-7.491999999999999771e-01
8.508999999999999897e-01
9.050000000000000266e-01
-7.654999999999999583e-01
-9.575000000000000178e-01
5.253999999999999782e-01
9.915000000000000480e-01
4.773999999999999910e-01
-6.633999999999999897e-01
2.305999999999999994e-01
4.711000000000000187e-01
-2.740000000000000213e-01
1.215999999999999998e-01
7.868000000000000549e-01
-7.650000000000000133e-01
6.705999999999999739e-01
6.952000000000000401e-01
-2.243999999999999884e-01
4.541999999999999926e-01
8.683999999999999497e-01
-8.326000000000000068e-01
-6.211999999999999744e-01
4.093999999999999861e-01
1.280999999999999917e-01
-1.574000000000000121e-01
-9.704000000000000403e-01
-3.089000000000000079e-01
-3.085999999999999854e-01
9.653000000000000469e-01
8.710999999999999854e-01
-2.341000000000000025e-01
-8.962999999999999856e-01
-6.402999999999999803e-01
-8.527000000000000135e-01
-5.721000000000000529e-01
8.451999999999999513e-01
5.696999999999999842e-01
8.227999999999999758e-01
-7.812999999999999945e-01
-5.066000000000000503e-01
5.842000000000000526e-01
9.995000000000000551e-01
1.318000000000000005e-01
3.845000000000000084e-01
1.612999999999999989e-01
-6.619999999999999496e-02
6.998999999999999666e-01
5.823000000000000398e-01
9.822999999999999510e-01
-2.682999999999999829e-01
-9.584000000000000297e-01
9.786000000000000254e-01
4.101000000000000201e-01
-8.780000000000000027e-01
-3.368999999999999773e-01
-7.008999999999999675e-01
8.314000000000000279e-01
-6.444999999999999618e-01
-3.523999999999999910e-01
-7.820000000000000562e-02
7.427000000000000268e-01
7.489999999999999991e-01
3.588999999999999968e-01
-5.638999999999999568e-01
4.319999999999999951e-01
6.790000000000000202e-02
6.350000000000000089e-02
-6.512000000000000011e-01
5.097000000000000419e-01
1.554000000000000103e-01
1.335999999999999965e-01
3.514999999999999791e-01
-5.360000000000000320e-01
-2.500000000000000000e-01
7.199999999999999734e-01
9.234999999999999876e-01
-3.551000000000000267e-01
-6.092999999999999527e-01
9.129000000000000448e-01
1.400000000000000133e-01
-8.395000000000000240e-01
4.549999999999999878e-02
-6.684999999999999831e-01
-9.750000000000000333e-02
1.069999999999999979e-01
8.149999999999999467e-01
-5.473000000000000087e-01
-4.181000000000000272e-01
-9.397999999999999687e-01
-8.594000000000000528e-01
2.948000000000000065e-01
-2.451000000000000123e-01
-3.111999999999999766e-01
-2.288000000000000034e-01
3.296000000000000041e-01
6.404999999999999583e-01
1.434999999999999887e-01
6.136000000000000343e-01
-8.712999999999999634e-01
9.377999999999999670e-01
-1.617000000000000104e-01
5.393999999999999906e-01
