1.180999999999999966e-01
4.576000000000000068e-01
-4.758999999999999897e-01
7.568000000000000282e-01
4.351999999999999758e-01
-5.412000000000000144e-01
-7.110999999999999543e-01
9.933999999999999497e-01
-5.483999999999999986e-01
-4.164999999999999813e-01
4.000000000000000192e-04
5.120000000000000245e-02
4.063999999999999835e-01
5.021999999999999797e-01
8.719999999999999973e-01
3.963999999999999746e-01
-4.197000000000000175e-01
2.933999999999999941e-01
-5.437999999999999501e-01
-6.673999999999999932e-01
-6.761000000000000343e-01
-2.180999999999999883e-01
1.715000000000000135e-01
2.263999999999999901e-01
2.910000000000000087e-02
-1.728000000000000091e-01
1.218999999999999945e-01
-1.656999999999999862e-01
-1.625000000000000056e-01
2.580000000000000071e-01
-2.513000000000000234e-01
7.429000000000000048e-01
6.531000000000000139e-01
-3.538999999999999924e-01
6.450000000000000178e-01
2.165999999999999870e-01
-6.429999999999999605e-02
4.632000000000000006e-01
9.800000000000000377e-02
-4.338000000000000189e-01
4.393000000000000238e-01
-8.790999999999999925e-01
-9.819999999999999840e-01
-9.012000000000000011e-01
-3.439999999999999725e-01
3.004999999999999893e-01
9.864000000000000545e-01
3.649000000000000021e-01
-2.733999999999999764e-01
6.629000000000000448e-01
3.009000000000000008e-01
2.466000000000000136e-01
2.733999999999999764e-01
-7.245000000000000329e-01
-5.009999999999999870e-02
9.225999999999999757e-01
3.839000000000000190e-01
-5.712000000000000410e-01
-1.864000000000000101e-01
-4.511999999999999900e-01
-3.892999999999999794e-01
9.700000000000000289e-03
4.469000000000000195e-01
7.259999999999999787e-01
-6.962000000000000410e-01
1.892000000000000071e-01
-2.386000000000000065e-01
-5.334999999999999742e-01
1.242999999999999938e-01
-7.883999999999999897e-01
-3.325000000000000178e-01
-7.346000000000000307e-01
-5.999999999999999474e-04
-1.226000000000000006e-01
-8.222000000000000419e-01
7.092000000000000526e-01
3.192999999999999727e-01
-1.340999999999999970e-01
-8.688000000000000167e-01
-7.754999999999999671e-01
2.666999999999999926e-01
-2.210999999999999910e-01
5.725000000000000089e-01
-2.822000000000000064e-01
1.908999999999999864e-01
9.840999999999999748e-01
-3.204000000000000181e-01
-3.300000000000000155e-02
-8.802999999999999714e-01
-9.328999999999999515e-01
1.872000000000000053e-01
-6.357000000000000428e-01
7.566000000000000503e-01
9.113999999999999879e-01
8.759000000000000119e-01
-9.525000000000000133e-01
-5.696999999999999842e-01
-7.159999999999999698e-02
-2.063000000000000111e-01
-9.566999999999999948e-01
7.439000000000000057e-01
4.627000000000000002e-01
-4.531999999999999917e-01
-2.559000000000000163e-01
1.484999999999999931e-01
3.489999999999999769e-01
-3.195000000000000062e-01
1.882000000000000062e-01
-7.511999999999999789e-01
7.190000000000000557e-02
-4.530000000000000138e-01
3.009999999999999898e-01
-6.854000000000000092e-01
3.703000000000000180e-01
-7.325000000000000400e-01
