-6.875000000000000000e-01
7.603999999999999648e-01
7.368000000000000105e-01
-7.208999999999999853e-01
-4.491999999999999882e-01
-9.566000000000000059e-01
-7.138999999999999790e-01
-9.694000000000000394e-01
-3.057000000000000273e-01
4.259999999999999898e-02
7.116999999999999993e-01
-9.010000000000000231e-01
-6.742000000000000215e-01
-9.889999999999999902e-01
-7.627000000000000446e-01
4.465000000000000080e-01
-2.731999999999999984e-01
8.044999999999999929e-01
-5.796000000000000041e-01
6.129999999999999893e-01
9.719999999999999474e-02
6.434999999999999609e-01
2.816000000000000170e-01
3.617000000000000215e-01
-1.170999999999999958e-01
6.489000000000000323e-01
7.259999999999999787e-01
-1.665999999999999981e-01
8.557000000000000162e-01
-3.996999999999999997e-01
1.743000000000000105e-01
-3.109999999999999987e-01
5.907999999999999918e-01
9.771999999999999575e-01
7.380999999999999783e-01
5.360000000000000181e-02
1.208999999999999936e-01
-9.880999999999999783e-01
-1.680000000000000104e-01
-6.448000000000000398e-01
-5.534000000000000030e-01
-3.405000000000000249e-01
-2.170999999999999874e-01
-4.596999999999999975e-01
-5.574000000000000066e-01
-1.320000000000000062e-01
-2.711999999999999966e-01
9.644000000000000350e-01
-7.792000000000000037e-01
7.947999999999999510e-01
5.233999999999999764e-01
-8.128999999999999559e-01
-4.358000000000000207e-01
-1.194999999999999951e-01
6.898999999999999577e-01
1.430000000000000021e-02
-9.262000000000000233e-01
6.953000000000000291e-01
-6.745999999999999774e-01
5.967999999999999972e-01
-1.213000000000000050e-01
3.909000000000000252e-01
4.663999999999999813e-01
5.181999999999999940e-01
-8.410999999999999588e-01
-1.184000000000000052e-01
-5.431000000000000272e-01
-8.536000000000000254e-01
3.488999999999999879e-01
-4.406999999999999806e-01
-2.295999999999999985e-01
-2.551999999999999824e-01
7.422999999999999599e-01
-7.277000000000000135e-01
-1.829999999999999960e-01
-7.578000000000000291e-01
1.748000000000000109e-01
-4.680000000000000271e-01
3.771999999999999797e-01
-3.377999999999999892e-01
5.682000000000000384e-01
-4.711000000000000187e-01
-8.983999999999999764e-01
5.715000000000000080e-01
-6.783000000000000140e-01
-1.122999999999999970e-01
-2.053000000000000103e-01
-2.227000000000000091e-01
5.556999999999999718e-01
-3.246999999999999886e-01
-3.989999999999999797e-02
8.529999999999999805e-01
-6.512999999999999901e-01
2.477999999999999925e-01
-1.640999999999999959e-01
6.874000000000000110e-01
6.191999999999999726e-01
6.395999999999999464e-01
9.586999999999999966e-01
5.949999999999999734e-01
-5.816999999999999948e-01
2.084000000000000019e-01
4.408000000000000251e-01
2.562999999999999723e-01
-4.757000000000000117e-01
1.726000000000000034e-01
-4.048999999999999821e-01
9.971999999999999753e-01
8.339999999999999636e-01
2.963000000000000078e-01
5.220000000000000334e-02
5.773000000000000353e-01
8.263000000000000345e-01
-6.811000000000000387e-01
-7.778000000000000469e-01
