1.587653422162462954e-02
9.391214325664152263e-01
-6.402196847559036286e-01
-8.493375415814000129e-02
9.293485716031854027e-01
-4.389952739893700911e-02
1.162787207666455686e-01
3.884257274641840507e-02
1.059807944879043839e+00
-7.800293980729079701e-02
1.193217134987582195e+00
-3.362692333171211218e-02
-2.648374298896433165e-02
3.116141854771194430e-01
-1.496419378304996994e-01
-3.693754383294475113e-02
-1.422478306352365218e-01
-2.398119722026371137e-01
-1.287879284608597630e-01
4.376730213045461060e-01
-1.419338089931155844e-01
-1.761410730995748852e-01
3.808765059126674735e-01
-1.478828282261274440e-01
-7.662836014866387935e-02
-5.886830218621785099e-02
-1.188161675571734327e-01
4.018521157249763665e-01
-1.627482683247603520e-02
-1.120083879659701659e-01
3.717456130605515385e-01
-1.026798325466939388e-01
-1.058404084246569454e-01
-1.279969189250565742e-01
-2.396017573529088743e-02
-5.771607851682015317e-02
-2.621998215091727452e-02
-1.725410030425357233e-01
-5.097831146252533863e-01
5.649885141245730713e-01
-1.433152474673639876e-01
-7.242073973086510241e-02
-8.131940110558567858e-02
-1.387370743872422818e-01
-7.259723633577985780e-02
-1.134413842790315818e-01
-1.783652972609860443e-01
1.695092876844594976e-01
-9.394418597067247245e-02
-3.364875158282709666e-02
-1.017680767352367455e-01
-3.593122820201377632e-02
-9.723674245534659477e-02
9.135008813961915247e-03
-3.443651100151549904e-02
6.766282127032601235e-01
-1.211601234171041791e-01
2.557783655276994472e-01
6.548126914973324553e-01
-1.057999034713652253e-01
-4.820120203488509336e-02
-7.393199692727366046e-02
-1.005457614914439940e-01
-1.293036358656042203e-02
-3.302726285315743526e-02
-1.651630518172577944e-01
-1.074413551165914055e-02
6.848604645411374703e-01
-7.297335957277831242e-02
-1.424443258509078825e-01
-1.232009556346245482e-01
-1.574000458505746547e-01
-1.175879035415305918e-01
-1.106866678909929243e-02
-7.536285966426721494e-02
-1.888685652776118506e-03
-4.087199792093474532e-02
-1.458868849734251405e-01
-4.425109448404841994e-01
-3.095543978133272200e-02
-9.091667370443649171e-03
-1.451780864893206513e-01
-1.452686690423264926e-01
-4.171042153313551243e-02
-1.009260086371542992e-01
-1.031126336056177317e-01
9.674154364460164218e-03
-2.216560676801929836e-02
-1.231989680530313699e-02
-1.623096642798192157e-01
-1.155883849685450937e-01
6.085982042904006795e-01
6.798573549797237714e-01
-9.979444899595932283e-02
-1.463911350400320943e-01
-9.836863383458827048e-02
-1.243090103486390458e-02
9.931589806939656803e-03
-2.014981879479206192e-02
-4.222557638463548396e-02
-1.821366621342159209e-01
-3.359588926007835846e-02
-1.102874415301329236e-01
-1.838241206017728405e-02
-1.430140485859979493e-01
-8.200386868659731432e-02
-1.265021363520127951e-01
-1.396026384463582570e-01
-1.087607438161177498e-01
-1.358422201732077395e-01
6.265282209379048339e-01
-2.687343392753520702e-02
-1.140566152547057704e-01
-1.451722958217953885e-01
-2.456154993443482662e-02
-1.282147297893918014e-01
-1.047474396472723446e-01
9.524654765786065846e-01
-1.453198342095165796e-01
-4.465405432702903438e-02
-6.383415909539348621e-02
-1.124422674835341973e-01
-9.101218188042804746e-03
7.241541762266261173e-02
-1.393768177924283314e-01
-8.047987023818742314e-02
-6.007386883936353950e-02
-4.444656246513518233e-02
-5.385970477595918710e-02
-1.148802866047728688e-01
-1.073635982175751430e-01
-1.969732652251573735e-01
-3.627474014713953643e-02
-1.514563935637209535e-01
9.760024272691185665e-01
-9.186164856101988740e-02
-7.540384351461498769e-02
-5.047313563884300858e-02
-6.400842930292283128e-02
-1.014451630164095730e-01
-8.947644614052843726e-02
-1.689688451439610717e-01
-8.376360605783356172e-02
-1.789792050887731856e-01
-1.195735063543254539e-01
-3.372507075343676719e-02
-7.608204936955097197e-02
-1.389429786467695493e-01
-1.042291865903452325e-01
-1.358918535100552549e-01
-1.662721661986029387e-01
-1.385569575393939268e-01
-1.729766546727644905e-01
-9.011846502978522466e-02
-4.889902598004592510e-02
-9.408386139493436773e-02
-8.497360885137414388e-02
-1.508213191971343181e-01
-6.312201339010889423e-02
-1.224853155937581373e-01
-7.374215308392066681e-02
-6.625285307634883047e-02
-1.006086088623682068e-01
-1.372368785841160954e-01
-1.011996547344184150e-01
-1.296609016863671249e-01
-1.660503564720650915e-01
-1.496824162511141698e-01
6.285722336597669990e-01
-8.387212816059609610e-02
-1.834546258855794254e-01
-9.881762638379544550e-02
3.338038920084139827e-01
-1.148582487429846560e-01
-5.990477349508351035e-02
-1.660864537432467647e-01
-4.477701962543854247e-02
-8.499171936437156794e-02
-7.282716204862876852e-02
-9.791713185038461442e-02
-2.956894085250042631e-02
-1.355392481883904710e-01
-1.247551762366461980e-01
-1.587417241158825265e-01
-9.687779316360392579e-02
-5.380343038270223033e-02
-5.116188039374430785e-02
-7.031669903277742995e-02
-1.019932066888156741e-01
-1.411606791758713009e-01
-1.311901279215597627e-01
-6.852144344040245194e-02
-9.555638518127851366e-02
-5.343401252089106240e-02
-1.521692801234351688e-01
-9.373990925080526171e-02
2.445764751772378787e-01
-1.786077406200576312e-01
-1.071252387557585090e-01
-5.308186768512860448e-02
-1.437664687259656848e-01
-1.083963264356417877e-01
-1.397468397616852265e-01
-8.350251027586527708e-02
-1.564664823668163174e-01
-1.099207288886391021e-01
-1.243028235367418938e-01
-6.282749752149925648e-02
-1.791989548952173938e-01
-9.322476318979806831e-02
-7.005564189887222848e-02
-9.977633626188860128e-02
-1.835095613730644004e-01
-8.976455832924556955e-02
-8.378095600476748173e-02
-1.357219786962078067e-01
-6.995243770021689067e-02
-5.518413995735351602e-02
-5.450097493027374063e-02
-1.056026536686874850e-01
-2.246609099460810943e-01
-5.115832705692026361e-02
-1.506160416489568388e-01
-1.129235223570965868e-01
-1.157880693362957208e-01
-9.047935926696251685e-02
-1.226755792764367692e-01
-1.134248699167959284e-01
-1.537187771827434046e-01
-1.430065349747312031e-01
-1.825827378455922301e-01
-1.588373711756036200e-01
-7.805123783485877487e-02
-1.603248237727437076e-01
-2.159699341869360939e-02
-7.898071977811314814e-02
-1.718271097713544027e-01
-3.844073754400749443e-02
-1.137192637868515710e-01
-1.135111343465112360e-01
-7.029266221949262428e-02
-1.277353096297852986e-01
4.409625568418632825e-03
-1.012522596375454165e-01
-5.257990455379831646e-02
-3.478554529285982772e-02
-2.024948691677024293e-01
-1.946450353648644938e-01
-2.003126414709125447e-01
-7.662809946295794095e-02
-1.678681826798147647e-01
-3.048441235764194970e-02
5.465962636351658910e-01
-1.204191984842361146e-01
-8.503436157215232827e-02
-7.775502059071365268e-02
-1.094588102129698398e-01
-6.624462740583028642e-02
-4.390931657296501950e-02
-8.625062834112382643e-03
-1.184245784390957346e-01
-3.984683954459421196e-02
-9.456493331434495664e-02
-1.590396989159384711e-01
-1.970611653868351576e-01
-1.329848858681194901e-01
-5.722973007187040495e-02
-1.030994161702730033e-01
-1.920056729848723664e-01
-1.576207584862861499e-01
-1.047727456464151302e-01
-1.367582508906647898e-01
-4.738179018516985863e-02
-1.352805408294143752e-01
-7.867417406499202515e-02
-1.704593151202412615e-01
-1.528620546722380957e-01
-7.804952138798482153e-02
-1.682378015229931967e-01
-1.695616016989054120e-01
-1.252483657461583577e-01
-1.131756303123158114e-01
-4.521066252060433610e-02
-2.151918040709402125e-01
-2.497601474512553821e-01
9.553390277547701981e-01
-1.044919613867780900e-01
-1.183336467656685986e-01
-1.571457977708392295e-01
-1.827178868084793351e-01
-1.117369060866403169e-01
1.095338649668943232e+00
1.053431508945830153e+00
-2.379293177851196303e-02
-3.439744513045359109e-01
4.122037823452446847e-01
-5.576964866559623590e-02
5.913947617053095795e-01
-2.015364164885637133e-01
-1.184009063138038442e-01
-1.116073621394855775e-01
6.569913472227252305e-01
-1.218649561782320367e-01
6.427762390408459092e-01
2.826568858511134819e-01
-1.679787117287424580e-01
-1.007220135638745573e-01
6.742740170762118179e-01
-2.047738584449180776e-01
-2.857265210550990475e-01
-1.350087390839779244e-01
-8.100801153948929134e-02
1.959601842390579912e-02
-1.962199244987841984e-01
-7.591807287042802443e-02
-4.984176437816956878e-02
-9.131077818094519849e-02
5.982123670856503983e-01
-1.823317856346172161e-01
-2.746308443381884068e-01
5.939053120844595135e-01
-4.315886063781386173e-01
5.899425157300650646e-01
-1.096314403440798724e-01
6.133884644971717703e-01
-3.501797112735743206e-02
6.428006945864968014e-01
-2.898994564039842903e-01
1.536780383593642704e-02
-1.246055298409340650e-01
6.571893545019009686e-01
4.550370592723964047e-01
-6.418380403851257909e-02
9.872281190223541891e-01
-9.879626308660191536e-02
-1.678904483294939021e-01
-4.479387385448629910e-02
-1.115556215182676308e-01
-1.260445780056166365e-01
2.424454839751879753e-01
-1.520915589132868784e-01
-4.793611782833662183e-01
9.937550487820339118e-01
5.339095858194353728e-01
-9.844302383930944589e-02
7.330604719331550445e-01
3.987209299330435885e-01
-1.022948863081120097e-01
-6.433658700930063035e-02
7.713652291778965164e-01
-4.779272339099480682e-01
-1.162715321300618193e-01
-6.273317841398472205e-02
1.637432399133571109e-02
2.383985159213738991e-01
-9.459892334934390246e-03
1.003840401552058781e+00
-1.307635406669811762e-01
1.081611500080583266e+00
-7.908447175562104137e-02
