-9.848157677354949513e-01
1.193718619215653920e+00
-2.466251878139426867e-01
-1.102298960046755649e+00
5.410833440712147224e-01
-5.905085373358441581e-02
-2.141657086993673520e-01
3.068727368864951344e-01
-6.267815160111711581e-01
-2.318019921558976404e-01
-6.184026476723296639e-01
-3.063728243642371285e-01
4.123431676731716816e-02
-2.753121779001629910e-01
-2.535706006842821658e-01
-6.306959099444564565e-01
-1.892760628541141354e-01
-3.839395761019175901e-01
8.494914424189876634e-01
-2.029012302086488362e-01
-4.442770655976801542e-01
1.373434979018111901e-01
-3.176828625238741766e-01
1.542807629449852863e-02
-9.425911337505273047e-02
3.121577720103462794e-01
1.630191608337216991e-03
-5.642104526833090217e-02
2.745892229465910495e-01
3.975097991369415107e-01
-8.565841876248607711e-01
2.413584663184181189e-01
9.374560666227824135e-02
2.136909067415185270e-01
2.270583793538203388e-01
1.119156174908562951e-01
-4.354298395960104484e-01
-2.202972808162746432e-01
9.052567254502239674e-03
-3.602791095203333738e-02
-2.298428104058187482e-01
1.703709804444301645e-01
-3.095334725501194817e-01
5.261315702154933938e-01
-3.725446835564649728e-02
7.464403223216825589e-02
-3.962139327049636339e-01
1.639803821782276627e-01
1.332037643505681601e-01
-6.928874969850087884e-02
1.185941268330579085e-01
-1.399943878940994035e-01
-9.212269539520837047e-02
6.612675221132635617e-02
-3.664610529493080304e-01
-3.115766929139885955e-01
-1.945103409640528136e-01
-3.242694803300515960e-01
-1.537794588661847150e-01
6.704490017805539992e-01
1.587509244583195367e-01
4.289633653919492917e-01
-6.083940238143171753e-01
-9.664389359274486169e-02
1.185824287265603294e-01
-2.332926410045080001e-01
-2.222034145329910559e-01
-2.901664157582952708e-01
9.922656517109886831e-01
-3.387476077497515448e-01
1.733011685655561906e-01
2.079361913394880967e-01
4.869005472765404186e-01
3.427661343500979507e-01
-1.269773568227627325e-01
-2.591042975091107370e-01
5.008366827952542844e-01
-1.217140634590086479e-01
1.963193005625349721e-02
6.115216493156637734e-01
-3.506624477822168490e-02
-4.308117264350943415e-02
1.818530420763175837e-01
4.023268181401876697e-01
-4.771263547776599112e-01
-3.120893795115645825e-02
6.550808462836242851e-01
3.852768540380854811e-01
-2.670134149869417550e-01
-5.270146818532798205e-01
1.767686330370763503e-01
-1.936701992979950326e-01
3.671119489089406662e-01
2.976555582774604858e-01
2.061369133973643408e-01
-6.562931867509627648e-02
-2.869905784068651697e-02
-4.975949876616804213e-01
-2.194297151939487434e-01
-7.638755513738582081e-01
-1.067424157207531865e-01
-6.447559579433228549e-01
6.790857562398896485e-01
1.000548266040750534e+00
-2.117075989401140043e-02
-9.043277539088193095e-02
-4.775835409339117543e-01
6.873389186497776970e-01
2.440789038041956127e-01
2.258424302518477478e-02
-4.468876055153102600e-01
9.155887202682866377e-02
-1.881359516307392343e-01
1.401485714702165042e-01
9.670652143302829740e-02
5.604783046299129101e-02
-4.524489670941173602e-01
-3.071063886263923903e-01
4.742215049078200018e-01
-1.368703773346380825e-01
-3.580875267116150340e-01
-1.889139434818668528e-01
1.809407378754658735e+00
5.804805759177958380e-02
8.290870005677662968e-01
3.673212223588031566e-01
-4.267657646719865139e-01
2.587537672400033045e-02
-7.278205828462767091e-01
-1.031419039311218810e+00
5.146604879267786536e-01
-7.609267769285045502e-02
3.349052351885072748e-02
1.050866973919577507e+00
1.840606952470857927e-01
-7.680658081638377377e-01
-2.962828329153948115e-01
3.586163326245528915e-01
-2.289466883403359354e-01
-1.820167805077417822e-01
-6.831006869960501993e-01
-2.122436308087602072e-02
-4.050486094747390853e-01
6.222822042605072879e-01
1.058452884896740720e+00
6.534841937045154925e-01
6.631163789225977788e-03
-6.154347914606683734e-01
-3.052636278333344388e-01
-3.964794810338762715e-02
5.960821215363336645e-01
-7.114309070655285838e-01
2.907996361900661020e-01
-5.924368355669459296e-01
-1.089134599458066177e-01
-1.627260573446229763e-01
2.009091057460968555e-01
6.063704530869638148e-02
1.019626887147049299e+00
6.838874808282899842e-01
-2.916639348771131734e-01
-8.244868265222009274e-02
-6.684454395049649333e-01
-3.972988244195491681e-01
-3.424375983808227719e-01
1.117137773985250604e-01
-1.773639658612397030e-01
-3.400267583469059329e-01
3.232120415320287043e-01
-1.235135568045727245e-01
1.696597285770830299e-01
-1.180041469623079736e-01
-4.856214827318217631e-01
7.132140178157334587e-01
-2.736437014878493890e-01
-3.359196594520779122e-01
-6.995624124905364116e-01
-2.065845130035750578e-03
-3.394906859984690994e-01
-9.038375648768980086e-02
-5.742442668929013255e-03
1.749360063708934876e-01
-8.130282752003077651e-02
3.017877412502919521e-01
1.082717060423859234e-01
-1.124422249837012805e-01
2.068270773046744782e-01
5.607566559121508476e-01
-6.366848242744721498e-01
-7.125502459278927336e-01
-9.250349534115572814e-01
-7.692059724521763675e-01
-2.193756436830309187e-01
-1.555121462851507402e-02
2.656653903694902730e-01
-5.843152685129057167e-01
-1.537365391814652926e-01
5.114457163184183974e-01
-8.944747757216103823e-02
-3.635041483560479958e-01
-6.846198523444519957e-01
8.340539618213099748e-01
6.674330044820421248e-01
-7.501922249103146756e-01
4.393165185756073843e-01
-5.690569849516007306e-01
-3.936518639980084444e-01
3.335870468932482236e-02
-5.344113327262571822e-01
-7.486985940071226864e-01
1.853667246272547864e-01
-6.686720946014246270e-01
-4.879612895491279856e-01
-7.866906611204980138e-01
-4.566226738899333837e-01
-1.060258519340737449e+00
9.632643767860563644e-01
-1.103554104894487908e+00
-6.034715932580516640e-01
-1.213866842364828669e+00
2.140688589727605950e-01
-6.315234860901970393e-01
-3.708522734247275410e-01
-1.468960283223935126e-01
-5.898761882836257575e-01
1.277746713884887919e+00
1.072317240332378296e-01
-1.041186851960488102e+00
2.884941633200255318e-01
-1.108612682793088666e+00
1.139246945534398536e+00
4.968623943771199869e-01
3.522138077626053576e-01
-3.824533863699264846e-01
-3.695683598193137409e-01
-9.817709470222784063e-01
1.548957615687233114e+00
-3.680401655470375566e-01
1.387171501591607736e+00
1.745370077650367641e-02
