-8.090294800000006603e+01 6.455209579213870841e-01 0.000000000000000000e+00 2.567219603426669661e+00
-8.039186000000009358e+01 6.414430099170435051e-01 0.000000000000000000e+00 2.484316187849711532e+00
-7.981520799999998417e+01 6.368419297261541656e-01 0.000000000000000000e+00 2.264936929381648145e+00
-7.996703200000006007e+01 6.380533265459029657e-01 0.000000000000000000e+00 2.881253749299867106e+00
-7.927006000000004349e+01 6.324922185244202799e-01 0.000000000000000000e+00 2.361349183766934701e+00
-7.957543400000004397e+01 6.349287838397446038e-01 0.000000000000000000e+00 2.251232477179349267e+00
-7.994193800000006433e+01 6.378531026564339124e-01 0.000000000000000000e+00 2.317462186272742475e+00
-8.093951000000004115e+01 6.458126844634595187e-01 0.000000000000000000e+00 2.403246168868644617e+00
-8.029888000000003956e+01 6.407011267081947903e-01 0.000000000000000000e+00 2.471574671575130999e+00
-7.973029600000002404e+01 6.361644207238987825e-01 0.000000000000000000e+00 3.246517940091717680e+00
-8.183430600000002642e+01 6.529522212213069166e-01 0.000000000000000000e+00 2.667873382038566277e+00
-8.208524600000002636e+01 6.549544601159982271e-01 0.000000000000000000e+00 2.186452391174509291e+00
-8.301136200000004806e+01 6.623438977353336421e-01 0.000000000000000000e+00 2.675959967343353618e+00
-8.196141400000001909e+01 6.539664101964659526e-01 0.000000000000000000e+00 2.232934255480211849e+00
-8.129508000000002710e+01 6.486497613893595915e-01 0.000000000000000000e+00 2.372046481820959229e+00
-8.267712600000007228e+01 6.596770438291966743e-01 0.000000000000000000e+00 2.430825139476534336e+00
-8.135890200000005734e+01 6.491589942368014565e-01 0.000000000000000000e+00 2.907572797806000420e+00
-8.357106400000007795e+01 6.668097346439038065e-01 0.000000000000000000e+00 2.449363153903686197e+00
-8.257205200000002776e+01 6.588386631420966033e-01 0.000000000000000000e+00 2.318939966314284895e+00
-8.204763200000006407e+01 6.546543397135720088e-01 0.000000000000000000e+00 2.274917753419723354e+00
-8.109109200000006012e+01 6.470221503761682813e-01 0.000000000000000000e+00 2.190089852115523428e+00
-8.295812200000005987e+01 6.619190981866234225e-01 0.000000000000000000e+00 3.074387478177687427e+00
-8.173643600000002607e+01 6.521713209239312636e-01 0.000000000000000000e+00 2.617034415058388408e+00
-8.229097600000005741e+01 6.565959704682933218e-01 0.000000000000000000e+00 2.055623762057480874e+00
-8.101957000000004427e+01 6.464514795774668476e-01 0.000000000000000000e+00 2.532727313539196778e+00
-8.260407200000004480e+01 6.590941492718808137e-01 0.000000000000000000e+00 2.637288598759619962e+00
-8.220470400000004929e+01 6.559076100876332083e-01 0.000000000000000000e+00 2.091211878502968968e+00
-8.194492600000003790e+01 6.538348531912231421e-01 0.000000000000000000e+00 2.012327332582496631e+00
-8.234842800000005525e+01 6.570543773742381077e-01 0.000000000000000000e+00 2.694626865871931010e+00
-8.225634400000002699e+01 6.563196433088088755e-01 0.000000000000000000e+00 2.396623491090005498e+00
-8.163524200000004782e+01 6.513638985811028848e-01 0.000000000000000000e+00 2.699279390750296326e+00
-8.211854400000005683e+01 6.552201433499007521e-01 0.000000000000000000e+00 2.565218641608657535e+00
-8.103818800000000522e+01 6.466000317562398125e-01 0.000000000000000000e+00 2.395962511185445010e+00
-8.110534800000004907e+01 6.471358983545005827e-01 0.000000000000000000e+00 2.244544630268840546e+00
-8.128723800000003052e+01 6.485871904265312349e-01 0.000000000000000000e+00 1.959294872686950129e+00
-8.242658400000004804e+01 6.576779805584793692e-01 0.000000000000000000e+00 2.818388664536507715e+00
-8.282099800000010248e+01 6.608249920010986767e-01 0.000000000000000000e+00 2.327999439150024052e+00
-8.251298800000003553e+01 6.583673941611607461e-01 0.000000000000000000e+00 2.944214916853424846e+00
-8.229338800000004994e+01 6.566152157070515027e-01 0.000000000000000000e+00 2.336582097863579399e+00
-8.159480200000001560e+01 6.510412296526681963e-01 0.000000000000000000e+00 2.637546554100318907e+00
-8.082544000000005724e+01 6.449025250997971748e-01 0.000000000000000000e+00 2.060386995031013413e+00
-8.247087000000007606e+01 6.580313365467249653e-01 0.000000000000000000e+00 2.967033468829010534e+00
-8.172745600000007471e+01 6.520996699106442751e-01 0.000000000000000000e+00 2.138787213896527817e+00
-8.189284400000003927e+01 6.534192932720659375e-01 0.000000000000000000e+00 2.440547763830774652e+00
-8.313380800000005877e+01 6.633208888236392653e-01 0.000000000000000000e+00 2.974063741163092800e+00
-8.306628600000004781e+01 6.627821338437740462e-01 0.000000000000000000e+00 3.455568137328680844e+00
-8.206159200000006138e+01 6.547657259213104375e-01 0.000000000000000000e+00 2.120451014045280136e+00
-8.305735400000004631e+01 6.627108658203126890e-01 0.000000000000000000e+00 2.771702148187403125e+00
-8.166836800000005780e+01 6.516282094347952691e-01 0.000000000000000000e+00 2.702671980862156431e+00
-8.299116600000006372e+01 6.621827547660296132e-01 0.000000000000000000e+00 3.032950015081659512e+00
-8.109169800000003647e+01 6.470269856227217620e-01 0.000000000000000000e+00 2.508730202127495978e+00
-8.261377800000003901e+01 6.591715930062869155e-01 0.000000000000000000e+00 2.906391545347021044e+00
-8.218932600000005095e+01 6.557849097221173373e-01 0.000000000000000000e+00 2.853544261342091382e+00
-8.121593400000000429e+01 6.480182590399562459e-01 0.000000000000000000e+00 2.474050230834230035e+00
-8.317710000000003845e+01 6.636663137309036786e-01 0.000000000000000000e+00 2.483319258857817236e+00
-8.187437600000001225e+01 6.532719379364987367e-01 0.000000000000000000e+00 2.250281585213618207e+00
-8.173021800000005044e+01 6.521217077835504972e-01 0.000000000000000000e+00 2.435213225533678916e+00
-8.101372200000005819e+01 6.464048186503283944e-01 0.000000000000000000e+00 2.394990468911677439e+00
-8.236710000000006460e+01 6.572033604165657961e-01 0.000000000000000000e+00 2.709266964857595994e+00
-8.284676400000006424e+01 6.610305777481320089e-01 0.000000000000000000e+00 2.591828001975096996e+00
-8.232599800000006951e+01 6.568754094201140203e-01 0.000000000000000000e+00 3.010480163251253227e+00
-8.343992800000005161e+01 6.657634064391764195e-01 0.000000000000000000e+00 3.286489866659035641e+00
-8.237160200000003840e+01 6.572392816706656982e-01 0.000000000000000000e+00 2.596413925614956764e+00
-8.346607799999999600e+01 6.659720561048179110e-01 0.000000000000000000e+00 2.080618624380059511e+00
-8.245149600000004853e+01 6.578767522781914234e-01 0.000000000000000000e+00 2.801440924041220359e+00
-8.261213400000008278e+01 6.591584756047456084e-01 0.000000000000000000e+00 2.338301444661284645e+00
-8.275625400000005527e+01 6.603084025574149640e-01 0.000000000000000000e+00 2.921799429209556820e+00
-8.279054800000000114e+01 6.605820328302069999e-01 0.000000000000000000e+00 2.535750703439902054e+00
-8.265744400000002656e+01 6.595200020426126297e-01 0.000000000000000000e+00 2.695095105172215177e+00
-8.256831200000003435e+01 6.588088218514848160e-01 0.000000000000000000e+00 2.478038202364885478e+00
-8.281312200000003543e+01 6.607621497538096467e-01 0.000000000000000000e+00 2.356550609957038134e+00
-8.261525000000004582e+01 6.591833380276187482e-01 0.000000000000000000e+00 2.701382822750323598e+00
-8.256898600000002375e+01 6.588141996669586442e-01 0.000000000000000000e+00 2.354803932176506631e+00
-8.108273800000004883e+01 6.469554941885287125e-01 0.000000000000000000e+00 2.365887418566084754e+00
-8.314651800000007142e+01 6.634223013379915157e-01 0.000000000000000000e+00 2.561167388042357995e+00
-8.144134000000003937e+01 6.498167633051067371e-01 0.000000000000000000e+00 2.736325384839524144e+00
-8.240164400000004719e+01 6.574789854280354007e-01 0.000000000000000000e+00 2.393869740020508896e+00
-8.201363400000008141e+01 6.543830712113735126e-01 0.000000000000000000e+00 2.196603170840253139e+00
-8.291501600000003691e+01 6.615751573649345518e-01 0.000000000000000000e+00 2.513832784741339310e+00
-8.273080200000009654e+01 6.601053222021603384e-01 0.000000000000000000e+00 2.721272606703701857e+00
-8.285834400000000244e+01 6.611229740436624924e-01 0.000000000000000000e+00 2.855238288427256688e+00
-8.014113800000005483e+01 6.394425104344784172e-01 0.000000000000000000e+00 2.312022168936215483e+00
-8.167485800000004303e+01 6.516799928508568707e-01 0.000000000000000000e+00 2.517782554341310597e+00
-8.257477600000007101e+01 6.588603978147243856e-01 0.000000000000000000e+00 2.050904488668451986e+00
-8.189018800000000908e+01 6.533981011683583917e-01 0.000000000000000000e+00 2.259702923412006292e+00
-8.322593600000004699e+01 6.640559739630753633e-01 0.000000000000000000e+00 2.563356769310841887e+00
-8.280529400000007456e+01 6.606996904963474693e-01 0.000000000000000000e+00 2.555197231780155676e+00
-8.285509000000001834e+01 6.610970105250393303e-01 0.000000000000000000e+00 2.393916733381434625e+00
-8.225961400000005597e+01 6.563457344907077662e-01 0.000000000000000000e+00 2.262789041753292985e+00
-8.328248200000005852e+01 6.645071519360539192e-01 0.000000000000000000e+00 3.069722002363395763e+00
-8.211055400000005022e+01 6.551563915017752926e-01 0.000000000000000000e+00 2.499679206869667158e+00
-8.187409000000005221e+01 6.532696559554522775e-01 0.000000000000000000e+00 2.569241164765827978e+00
-8.338015800000006550e+01 6.652865043162160541e-01 0.000000000000000000e+00 2.539973205823043312e+00
-8.305753000000005670e+01 6.627122701163415952e-01 0.000000000000000000e+00 2.974978868391124909e+00
-8.283072200000007967e+01 6.609025793566893903e-01 0.000000000000000000e+00 2.585213101881036479e+00
-8.291949800000004700e+01 6.616109190399406259e-01 0.000000000000000000e+00 2.291837282375180251e+00
-8.344938000000006184e+01 6.658388235190865201e-01 0.000000000000000000e+00 2.571564084365777880e+00
-8.311156800000004807e+01 6.631434368709097082e-01 0.000000000000000000e+00 2.722228760263927683e+00
-8.357512800000003494e+01 6.668421611158411588e-01 0.000000000000000000e+00 2.826085789374598534e+00
-8.253652600000002337e+01 6.585552027971025568e-01 0.000000000000000000e+00 2.124524920137880191e+00
-8.100118400000006602e+01 6.463047785161861736e-01 0.000000000000000000e+00 2.159774984198047587e+00
-8.290797400000003847e+01 6.615189695658733049e-01 0.000000000000000000e+00 2.673553563006858091e+00
-8.263219600000005016e+01 6.593185493941184916e-01 0.000000000000000000e+00 3.199913869356012075e+00
-8.285595600000003458e+01 6.611039202998174602e-01 0.000000000000000000e+00 2.721130691322371842e+00
-8.249070800000002635e+01 6.581896230502428669e-01 0.000000000000000000e+00 2.578402547020307800e+00
-8.387708200000002989e+01 6.692514384060603838e-01 0.000000000000000000e+00 2.524193466003376685e+00
-8.325648000000005311e+01 6.642996831557088644e-01 0.000000000000000000e+00 2.349496435452077314e+00
-8.294929800000005571e+01 6.618486918902706240e-01 0.000000000000000000e+00 2.531357339810825557e+00
-8.359491200000003630e+01 6.670000167558051141e-01 0.000000000000000000e+00 2.989254586968653093e+00
-8.166326600000006408e+01 6.515875008078696462e-01 0.000000000000000000e+00 2.606314536714029462e+00
-8.374620400000000586e+01 6.682071687716479857e-01 0.000000000000000000e+00 2.432772227956237376e+00
-8.238592800000000693e+01 6.573535881758274524e-01 0.000000000000000000e+00 2.691090873401537742e+00
-8.308915400000003615e+01 6.629645965800606833e-01 0.000000000000000000e+00 2.475652940845947558e+00
-8.261086400000006336e+01 6.591483423322649360e-01 0.000000000000000000e+00 2.050290913752032207e+00
-8.272636200000000883e+01 6.600698956432514697e-01 0.000000000000000000e+00 2.217850137607328964e+00
-8.181405800000004547e+01 6.527906633463580466e-01 0.000000000000000000e+00 3.025437042614544492e+00
-8.435098400000005370e+01 6.730326810005932137e-01 0.000000000000000000e+00 2.415469938705906650e+00
-8.413190400000007685e+01 6.712846516029327137e-01 0.000000000000000000e+00 2.741789448845774579e+00
-8.266122200000005193e+01 6.595501465335036340e-01 0.000000000000000000e+00 2.311104373009893909e+00
-8.295268400000006181e+01 6.618757086309156046e-01 0.000000000000000000e+00 2.520180642343807342e+00
-8.382731599999999617e+01 6.688543577460090983e-01 0.000000000000000000e+00 2.533590347517597152e+00
-8.414023200000004010e+01 6.713511003377494735e-01 0.000000000000000000e+00 2.658337016008847975e+00
-8.316727200000005382e+01 6.635878965640231719e-01 0.000000000000000000e+00 2.578131109974468593e+00
-8.244372400000003154e+01 6.578147398421925196e-01 0.000000000000000000e+00 2.573176010150910908e+00
-8.400086200000001213e+01 6.702390734199475952e-01 0.000000000000000000e+00 2.436618252753705693e+00
-8.321380800000001443e+01 6.639592052003636669e-01 0.000000000000000000e+00 2.147400797378499870e+00
-8.395158200000007298e+01 6.698458705318857120e-01 0.000000000000000000e+00 2.689030892850253096e+00
-8.305757600000002583e+01 6.627126371482578993e-01 0.000000000000000000e+00 2.119537638503818489e+00
-8.195616800000006208e+01 6.539245526000625475e-01 0.000000000000000000e+00 2.167836599049333124e+00
-8.296782800000003988e+01 6.619965419210294133e-01 0.000000000000000000e+00 2.577928301817001611e+00
-8.305385800000003371e+01 6.626829713946497113e-01 0.000000000000000000e+00 2.812438239094901871e+00
-8.396859200000005785e+01 6.699815925514865933e-01 0.000000000000000000e+00 2.434200019572937634e+00
-8.212017200000006767e+01 6.552331330881672189e-01 0.000000000000000000e+00 2.204208789633819610e+00
-8.447088600000003566e+01 6.739893736281187264e-01 0.000000000000000000e+00 2.816089930160525778e+00
-8.466001000000005661e+01 6.754983854585150382e-01 0.000000000000000000e+00 2.667528379768186575e+00
-8.507380400000002396e+01 6.788000290433953143e-01 0.000000000000000000e+00 2.168211939858614823e+00
-8.513542200000004811e+01 6.792916762746583625e-01 0.000000000000000000e+00 2.626700557679373382e+00
-8.535262600000004340e+01 6.810247371532848204e-01 0.000000000000000000e+00 2.307818955428337926e+00
-8.608278200000005143e+01 6.868506188078328245e-01 0.000000000000000000e+00 2.438354251919631732e+00
-8.593556000000002371e+01 6.856759411376555091e-01 0.000000000000000000e+00 2.585316278015851399e+00
-8.659292800000005741e+01 6.909210506368407279e-01 0.000000000000000000e+00 2.246814246752521615e+00
-8.555915000000004511e+01 6.826725827956185988e-01 0.000000000000000000e+00 2.215827365987382613e+00
-8.675009000000008541e+01 6.921750391168260963e-01 0.000000000000000000e+00 2.049970922558008724e+00
-8.599230200000005198e+01 6.861286829857571323e-01 0.000000000000000000e+00 2.003252890735062852e+00
-8.652013800000001709e+01 6.903402625235679491e-01 0.000000000000000000e+00 2.790705963715122806e+00
-8.690558800000003714e+01 6.934157506161751083e-01 0.000000000000000000e+00 2.617047493510365364e+00
-8.618099800000004507e+01 6.876342798235377529e-01 0.000000000000000000e+00 2.530126611196133357e+00
-8.632169000000001802e+01 6.887568549194645895e-01 0.000000000000000000e+00 2.299885876900781057e+00
-8.540963400000003958e+01 6.814796014033388527e-01 0.000000000000000000e+00 2.187402033418186953e+00
-8.504027400000002501e+01 6.785324946920006095e-01 0.000000000000000000e+00 2.102074787596889482e+00
-8.719001400000007607e+01 6.956851727882542580e-01 0.000000000000000000e+00 2.200367445945279776e+00
-8.666506600000003857e+01 6.914966364716427227e-01 0.000000000000000000e+00 2.691320026097365314e+00
-8.615795600000008392e+01 6.874504287491319809e-01 0.000000000000000000e+00 2.619678121191705511e+00
-8.704664200000006247e+01 6.945412140937069490e-01 0.000000000000000000e+00 2.505967663224581532e+00
-8.664391400000003784e+01 6.913278656216366169e-01 0.000000000000000000e+00 2.163939449152864292e+00
-8.607829800000004639e+01 6.868148411749174231e-01 0.000000000000000000e+00 2.244488159959409312e+00
-8.645067400000004909e+01 6.897860124136581117e-01 0.000000000000000000e+00 2.550651778640672607e+00
-8.627867200000009973e+01 6.884136162457908936e-01 0.000000000000000000e+00 2.237189685138230022e+00
-8.737403200000008496e+01 6.971534440759060702e-01 0.000000000000000000e+00 2.435428115721021136e+00
-8.759252400000008265e+01 6.988967818481978123e-01 0.000000000000000000e+00 2.738169242584238994e+00
-8.619292800000005172e+01 6.877294687532169437e-01 0.000000000000000000e+00 2.067104609907053359e+00
-8.706614400000007947e+01 6.946968196684430996e-01 0.000000000000000000e+00 2.195428718276760893e+00
-8.765584400000007292e+01 6.994020092603754346e-01 0.000000000000000000e+00 2.723224546335027529e+00
-8.698500400000007460e+01 6.940494072833500727e-01 0.000000000000000000e+00 2.755615813113066803e+00
-8.718932400000008442e+01 6.956796673095051453e-01 0.000000000000000000e+00 2.847152946086332737e+00
-8.656432400000004179e+01 6.906928206163426287e-01 0.000000000000000000e+00 2.435607770628816837e+00
-8.642777600000006544e+01 6.896033103087302329e-01 0.000000000000000000e+00 2.280374198741704106e+00
-8.709193400000009433e+01 6.949025969103899136e-01 0.000000000000000000e+00 2.350056976752657345e+00
-8.640039000000008684e+01 6.893847986550680762e-01 0.000000000000000000e+00 2.516921673032718854e+00
-8.661641800000005276e+01 6.911084762829564632e-01 0.000000000000000000e+00 2.166475929710774295e+00
-8.647159800000008545e+01 6.899529640619908033e-01 0.000000000000000000e+00 2.846410947210539000e+00
-8.789016600000003621e+01 7.012716538857113324e-01 0.000000000000000000e+00 2.491341951810815747e+00
-8.641857400000006351e+01 6.895298879674973680e-01 0.000000000000000000e+00 2.992420603053620898e+00
-8.767861800000005701e+01 6.995837219749193592e-01 0.000000000000000000e+00 2.785290130522829699e+00
-8.660233800000003157e+01 6.909961326006527349e-01 0.000000000000000000e+00 2.446861048127670468e+00
-8.627728000000000463e+01 6.884025095408351502e-01 0.000000000000000000e+00 1.963575935312249277e+00
-8.621008600000003241e+01 6.878663716581148169e-01 0.000000000000000000e+00 2.333317183191727207e+00
-8.593746000000001573e+01 6.856911011516026999e-01 0.000000000000000000e+00 2.207859075249509306e+00
-8.720114400000002775e+01 6.957739785541657840e-01 0.000000000000000000e+00 2.686951247365909179e+00
-8.695457200000005571e+01 6.938065917336437849e-01 0.000000000000000000e+00 2.165441551915829432e+00
-8.681454400000005478e+01 6.926893146636435850e-01 0.000000000000000000e+00 2.447842575247835661e+00
-8.693016400000000488e+01 6.936118414071046345e-01 0.000000000000000000e+00 1.891331300215738587e+00
-8.620478800000002195e+01 6.878240991560661266e-01 0.000000000000000000e+00 2.800015000871793891e+00
-8.743665200000002358e+01 6.976530862197868332e-01 0.000000000000000000e+00 2.360453849207474253e+00
-8.639132400000003997e+01 6.893124614516753512e-01 0.000000000000000000e+00 2.258322410042687078e+00
-8.657645400000004088e+01 6.907896053369635414e-01 0.000000000000000000e+00 2.271895530187258760e+00
-8.696155600000005848e+01 6.938623167533318759e-01 0.000000000000000000e+00 3.102635153839784277e+00
-8.683543000000005918e+01 6.928559631116970596e-01 0.000000000000000000e+00 2.437772473929113115e+00
-8.752932200000006446e+01 6.983924959526757181e-01 0.000000000000000000e+00 1.899168834446619103e+00
-8.700939400000004298e+01 6.942440139887037232e-01 0.000000000000000000e+00 2.246738194249385590e+00
-8.652647800000005418e+01 6.903908490964236755e-01 0.000000000000000000e+00 2.377302985223278764e+00
-8.771579800000000660e+01 6.998803795110017933e-01 0.000000000000000000e+00 2.761074761534688449e+00
-8.728989800000006483e+01 6.964821427004138643e-01 0.000000000000000000e+00 2.657080422743213433e+00
-8.701906400000005704e+01 6.943211704807404905e-01 0.000000000000000000e+00 3.072961952106622707e+00
-8.655870800000006682e+01 6.906480108066967993e-01 0.000000000000000000e+00 2.248231606552810291e+00
-8.743538000000002341e+01 6.976429369893969445e-01 0.000000000000000000e+00 3.141552605404731136e+00
-8.698656000000006827e+01 6.940618225368773153e-01 0.000000000000000000e+00 2.395561615769775443e+00
-8.646349800000004393e+01 6.898883345288470137e-01 0.000000000000000000e+00 2.868600918618515294e+00
-8.788664000000002829e+01 7.012435200914071132e-01 0.000000000000000000e+00 2.943967872917039763e+00
-8.741272800000005816e+01 6.974621977073276469e-01 0.000000000000000000e+00 3.014203829349410224e+00
-8.778934400000008509e+01 7.004671997140349271e-01 0.000000000000000000e+00 2.190163593277262510e+00
-8.713367000000002349e+01 6.952356065641266403e-01 0.000000000000000000e+00 2.083335665719906693e+00
-8.637994800000005569e+01 6.892216928629052441e-01 0.000000000000000000e+00 2.334150734595806576e+00
-8.692544800000007399e+01 6.935742126566972754e-01 0.000000000000000000e+00 2.161988163306817867e+00
-8.668602400000004593e+01 6.916638594044351995e-01 0.000000000000000000e+00 2.587885745339876920e+00
-8.701412800000005632e+01 6.942817863602964712e-01 0.000000000000000000e+00 2.629953448759583257e+00
-8.643039200000002609e+01 6.896241832542487904e-01 0.000000000000000000e+00 2.757812774451024129e+00
-8.647294200000004594e+01 6.899636877771194721e-01 0.000000000000000000e+00 2.293646838736173699e+00
-8.614944000000004110e+01 6.873824799708292410e-01 0.000000000000000000e+00 2.271861659698512614e+00
-8.708781600000007472e+01 6.948697395748978378e-01 0.000000000000000000e+00 2.488002211207565928e+00
-8.618855800000004308e+01 6.876946007211383050e-01 0.000000000000000000e+00 2.935014626197962162e+00
-8.656136000000007868e+01 6.906691709945852464e-01 0.000000000000000000e+00 2.438376438733301121e+00
-8.740288600000009467e+01 6.973836688350812940e-01 0.000000000000000000e+00 2.460003986734882186e+00
-8.676950800000007291e+01 6.923299744593665039e-01 0.000000000000000000e+00 1.961416784150547210e+00
-8.743885600000005809e+01 6.976706718359658721e-01 0.000000000000000000e+00 2.202019051391451043e+00
-8.674119200000006913e+01 6.921040423778247463e-01 0.000000000000000000e+00 2.874949024534648956e+00
-8.661395000000008793e+01 6.910887842227347866e-01 0.000000000000000000e+00 2.683623271273599009e+00
-8.748619400000005442e+01 6.980483795939833591e-01 0.000000000000000000e+00 2.699052376684241139e+00
-8.676048600000004285e+01 6.922579883299811998e-01 0.000000000000000000e+00 2.134263365126528367e+00
-8.721190800000006504e+01 6.958598640226543175e-01 0.000000000000000000e+00 2.124751586653333746e+00
-8.707472200000007945e+01 6.947652631419374281e-01 0.000000000000000000e+00 2.752730557232805797e+00
-8.685734999999999673e+01 6.930308617989191511e-01 0.000000000000000000e+00 2.186914979872769837e+00
-8.648950000000003513e+01 6.900958033091919575e-01 0.000000000000000000e+00 2.574211170573826646e+00
-8.715282400000002383e+01 6.953884354626239661e-01 0.000000000000000000e+00 2.357349050369242249e+00
-8.757301600000003816e+01 6.987411283997331246e-01 0.000000000000000000e+00 2.894785816005995382e+00
-8.782417000000006624e+01 7.007450747907324473e-01 0.000000000000000000e+00 2.382663935555742629e+00
-8.788148800000004712e+01 7.012024125167461985e-01 0.000000000000000000e+00 2.704835571816078588e+00
-8.751643600000006984e+01 6.982896791422947835e-01 0.000000000000000000e+00 3.022446387540992596e+00
-8.660019000000004041e+01 6.909789938059377468e-01 0.000000000000000000e+00 2.317845263636382658e+00
-8.669589400000005242e+01 6.917426116874136888e-01 0.000000000000000000e+00 2.258094339755618574e+00
-8.743467400000004375e+01 6.976373038473725474e-01 0.000000000000000000e+00 3.092547620779980910e+00
-8.690017800000003945e+01 6.933725844711990938e-01 0.000000000000000000e+00 2.448650875691808615e+00
-8.696429000000004805e+01 6.938841312155064056e-01 0.000000000000000000e+00 2.912651503511721529e+00
-8.729398400000005154e+01 6.965147447093550381e-01 0.000000000000000000e+00 2.630233886466979421e+00
-8.742666600000003996e+01 6.975734083780623651e-01 0.000000000000000000e+00 2.420618600969094203e+00
-8.817493600000003084e+01 7.035438208182100972e-01 0.000000000000000000e+00 3.020539561323306366e+00
-8.641855600000006632e+01 6.895297443463126452e-01 0.000000000000000000e+00 2.676007484261249569e+00
-8.623482800000003579e+01 6.880637869555263908e-01 0.000000000000000000e+00 2.825738254267780469e+00
-8.722049000000005492e+01 6.959283394119674115e-01 0.000000000000000000e+00 2.207622635805587930e+00
-8.704575600000006830e+01 6.945341447398347690e-01 0.000000000000000000e+00 2.461222891917961064e+00
-8.833671400000005747e+01 7.048346401531325744e-01 0.000000000000000000e+00 2.637630294470222569e+00
-8.842546000000002948e+01 7.055427404677424574e-01 0.000000000000000000e+00 2.836120966062874782e+00
-8.712069800000004705e+01 6.951321035636408574e-01 0.000000000000000000e+00 2.328021450401888348e+00
-8.809549400000007324e+01 7.029099566982133229e-01 0.000000000000000000e+00 2.484316460665048076e+00
-8.850887800000002414e+01 7.062083289116627416e-01 0.000000000000000000e+00 2.721585783710844364e+00
-8.796145600000005516e+01 7.018404735669203642e-01 0.000000000000000000e+00 2.662585729878670815e+00
-8.758548000000003242e+01 6.988405780912267939e-01 0.000000000000000000e+00 1.890967264538325088e+00
-8.768067800000002876e+01 6.996001586216198387e-01 0.000000000000000000e+00 2.474881256516066497e+00
-8.923584400000001438e+01 7.120087577006887214e-01 0.000000000000000000e+00 2.867223648227242183e+00
-8.835618000000003747e+01 7.049899584854989465e-01 0.000000000000000000e+00 2.854002029261770268e+00
-8.875424600000008013e+01 7.081661090707157546e-01 0.000000000000000000e+00 2.572429507762668877e+00
-8.884993200000003810e+01 7.089295833310064188e-01 0.000000000000000000e+00 2.850917126327575435e+00
-8.881197800000005316e+01 7.086267500839789069e-01 0.000000000000000000e+00 2.754646692100275462e+00
-8.882745400000004565e+01 7.087502323870562559e-01 0.000000000000000000e+00 2.427529554019971947e+00
-8.877865400000003149e+01 7.083608593972540168e-01 0.000000000000000000e+00 2.725200434827471430e+00
-8.866721200000002057e+01 7.074716687265669712e-01 0.000000000000000000e+00 2.343119103327826469e+00
-8.807879800000006298e+01 7.027767400703908152e-01 0.000000000000000000e+00 2.285089096332520775e+00
-8.885366800000005583e+01 7.089593927057996625e-01 0.000000000000000000e+00 2.909380209288222385e+00
-8.859624200000001792e+01 7.069054023108649609e-01 0.000000000000000000e+00 2.440359368351930236e+00
-8.784941000000004863e+01 7.009464636075889432e-01 0.000000000000000000e+00 2.709912464555922718e+00
-8.907707800000007126e+01 7.107419709773507011e-01 0.000000000000000000e+00 2.158531391103636565e+00
-8.901757800000005716e+01 7.102672231721615104e-01 0.000000000000000000e+00 2.204244269566136172e+00
-8.825073200000002771e+01 7.041485936693379077e-01 0.000000000000000000e+00 2.724443424019451054e+00
-8.807931200000000160e+01 7.027808412531107995e-01 0.000000000000000000e+00 2.491348949087053732e+00
-8.901357600000004311e+01 7.102352913954157465e-01 0.000000000000000000e+00 3.156426698988088919e+00
-8.839306600000003300e+01 7.052842702088972793e-01 0.000000000000000000e+00 2.755985899606948397e+00
-8.770604600000004325e+01 6.998025687446793874e-01 0.000000000000000000e+00 2.029707102292090060e+00
-8.774413600000001168e+01 7.001064871295471503e-01 0.000000000000000000e+00 2.824332272548967904e+00
-8.837407600000004493e+01 7.051327498589723408e-01 0.000000000000000000e+00 2.740945573813915903e+00
-8.782542000000000826e+01 7.007550484841182925e-01 0.000000000000000000e+00 2.484007848358589676e+00
-8.871766800000006015e+01 7.078742548653675914e-01 0.000000000000000000e+00 2.589451574980246473e+00
-8.932976600000003486e+01 7.127581570848732229e-01 0.000000000000000000e+00 2.284695751387498142e+00
-8.807464800000008154e+01 7.027436274083483925e-01 0.000000000000000000e+00 2.754115491166415186e+00
-8.873434200000006911e+01 7.080072959561864998e-01 0.000000000000000000e+00 2.674570198915192432e+00
-8.893642200000006426e+01 7.096196831237931990e-01 0.000000000000000000e+00 2.423745198111736610e+00
-8.718013400000002378e+01 6.956063407157283551e-01 0.000000000000000000e+00 2.352644532221972007e+00
-8.835926200000001529e+01 7.050145496239120790e-01 0.000000000000000000e+00 2.065469455321149450e+00
-8.808012800000007303e+01 7.027873520801539708e-01 0.000000000000000000e+00 2.616848010241143108e+00
-8.849446200000002705e+01 7.060933043005770404e-01 0.000000000000000000e+00 2.545524051412438205e+00
-8.860378800000002286e+01 7.069656115030995558e-01 0.000000000000000000e+00 2.403862912832786858e+00
-8.930834000000005801e+01 7.125872000012770657e-01 0.000000000000000000e+00 3.152936594556403183e+00
-8.924388200000007032e+01 7.120728925386405894e-01 0.000000000000000000e+00 2.566234629060619721e+00
-8.876271600000002593e+01 7.082336908171009693e-01 0.000000000000000000e+00 2.658459813946352668e+00
-8.895688200000004997e+01 7.097829325371404208e-01 0.000000000000000000e+00 2.609482633516119421e+00
-8.845778200000007985e+01 7.058006362418490776e-01 0.000000000000000000e+00 2.264060451613784775e+00
-8.798495000000004040e+01 7.020279311288548652e-01 0.000000000000000000e+00 2.145951890293570141e+00
-8.792625200000001939e+01 7.015595824453423335e-01 0.000000000000000000e+00 2.449485963658002419e+00
-8.844589000000006251e+01 7.057057505124488817e-01 0.000000000000000000e+00 2.331669867543885832e+00
-8.826091400000004228e+01 7.042298353861856652e-01 0.000000000000000000e+00 2.438806858348416817e+00
-8.859570800000001611e+01 7.069011415490503714e-01 0.000000000000000000e+00 2.625856006410099752e+00
-8.869428600000007634e+01 7.076876909463605259e-01 0.000000000000000000e+00 2.291268995888346094e+00
-8.911954000000001486e+01 7.110807733522063190e-01 0.000000000000000000e+00 2.531260853544507583e+00
-8.873813800000007745e+01 7.080375840682621158e-01 0.000000000000000000e+00 2.513067756034485623e+00
-8.910161800000008725e+01 7.109377745259111148e-01 0.000000000000000000e+00 2.608318048261149436e+00
-8.890456400000006454e+01 7.093654895846719377e-01 0.000000000000000000e+00 2.510073766211308399e+00
-8.970331600000007199e+01 7.157386956164426550e-01 0.000000000000000000e+00 2.595954894268147406e+00
-8.845030600000005450e+01 7.057409855764440465e-01 0.000000000000000000e+00 2.604516714619300899e+00
-8.836048400000007064e+01 7.050242999065670091e-01 0.000000000000000000e+00 2.900645985966406659e+00
-8.854969400000004498e+01 7.065339979270679471e-01 0.000000000000000000e+00 2.234976145933761593e+00
-8.740843400000007080e+01 6.974279360758069979e-01 0.000000000000000000e+00 2.275026392219872573e+00
