9.243999999999999995e-01
8.277999999999999803e-01
-9.312000000000000277e-01
-3.492999999999999994e-01
-1.149999999999999981e-02
-9.869999999999999885e-01
9.194999999999999840e-01
-6.802000000000000268e-01
6.941000000000000503e-01
9.021000000000000130e-01
-5.249999999999999806e-02
5.565999999999999837e-01
3.698000000000000176e-01
5.079000000000000181e-01
-7.610000000000000098e-01
4.542999999999999816e-01
-7.413999999999999480e-01
3.382999999999999896e-01
9.299999999999999933e-02
-4.237000000000000210e-01
9.882999999999999563e-01
-9.903999999999999471e-01
-7.218999999999999861e-01
-8.651999999999999691e-01
5.143999999999999684e-01
-7.667000000000000481e-01
5.591000000000000414e-01
-8.618000000000000105e-01
1.477999999999999869e-01
5.459000000000000519e-01
-1.597000000000000086e-01
2.283000000000000029e-01
-8.198999999999999622e-01
-4.242000000000000215e-01
9.243000000000000105e-01
-4.672000000000000042e-01
6.269000000000000128e-01
-8.779000000000000137e-01
1.628000000000000003e-01
6.471999999999999975e-01
-2.656999999999999917e-01
6.290999999999999925e-01
2.212000000000000077e-01
-3.236999999999999877e-01
6.479000000000000314e-01
3.966000000000000081e-01
-9.841999999999999638e-01
1.988000000000000045e-01
-5.814000000000000279e-01
-4.924000000000000044e-01
8.003000000000000114e-01
-4.000000000000000083e-03
-4.747000000000000108e-01
8.707000000000000295e-01
1.179000000000000048e-01
-7.450999999999999845e-01
-3.962999999999999856e-01
6.412999999999999812e-01
6.061999999999999611e-01
-3.430000000000000271e-01
2.945999999999999730e-01
-4.556000000000000050e-01
-9.264999999999999902e-01
-6.236000000000000432e-01
8.319999999999999618e-02
4.202000000000000179e-01
-2.824999999999999734e-01
-2.531999999999999806e-01
-8.770000000000000018e-02
-9.789999999999999813e-01
-5.828999999999999737e-01
2.829999999999999738e-01
-2.518000000000000238e-01
-4.929000000000000048e-01
2.539999999999999897e-02
-9.456999999999999851e-01
-1.695000000000000118e-01
-5.913000000000000478e-01
-5.081999999999999851e-01
1.193000000000000033e-01
6.816999999999999726e-01
-7.679000000000000270e-01
-3.397999999999999909e-01
6.348000000000000309e-01
8.519999999999999796e-02
-8.468999999999999861e-01
-9.226999999999999647e-01
4.556999999999999940e-01
3.323999999999999733e-01
3.280000000000000276e-02
-4.182000000000000162e-01
2.534000000000000141e-01
-7.186000000000000165e-01
7.813999999999999835e-01
-8.114000000000000101e-01
5.151999999999999913e-01
-7.399999999999999911e-01
-7.549999999999999767e-02
9.036999999999999478e-01
-6.710000000000000686e-02
-1.847000000000000031e-01
-3.004000000000000004e-01
8.336000000000000076e-01
-5.501000000000000334e-01
-7.224000000000000421e-01
8.335000000000000187e-01
-1.671999999999999875e-01
-5.505999999999999783e-01
2.404000000000000026e-01
1.796000000000000096e-01
1.431000000000000050e-01
6.690000000000000391e-01
-6.968999999999999639e-01
2.999999999999999889e-02
5.092999999999999750e-01
-9.828000000000000069e-01
-1.545999999999999874e-01
2.555000000000000049e-01
1.102999999999999953e-01
2.968000000000000083e-01
3.294000000000000261e-01
9.607999999999999874e-01
-6.156000000000000361e-01
-8.202000000000000401e-01
-4.546999999999999931e-01
7.917999999999999483e-01
5.666999999999999815e-01
-5.076000000000000512e-01
6.560000000000000275e-01
-4.490000000000000102e-01
-3.472000000000000086e-01
-1.770000000000000046e-02
1.942000000000000115e-01
6.534999999999999698e-01
-3.037000000000000255e-01
7.811000000000000165e-01
7.735999999999999543e-01
-5.745999999999999996e-01
-7.362999999999999545e-01
1.869000000000000106e-01
2.717999999999999861e-01
-8.346999999999999975e-01
-2.891000000000000236e-01
-9.550000000000000155e-02
5.312000000000000055e-01
-2.359999999999999876e-01
-6.690000000000000391e-01
6.598000000000000531e-01
-9.703000000000000513e-01
9.100000000000000450e-03
-3.622000000000000219e-01
5.747999999999999776e-01
-3.299999999999999982e-03
-8.467999999999999972e-01
-7.309999999999999831e-01
3.700999999999999845e-01
-3.426000000000000156e-01
-1.005000000000000060e-01
-2.499000000000000110e-01
-4.677000000000000046e-01
-8.461999999999999522e-01
8.827000000000000401e-01
5.571000000000000396e-01
-5.252000000000000002e-01
-9.718999999999999861e-01
