-5.885000000000000231e-01
8.072000000000000286e-01
-8.571999999999999620e-01
-7.935999999999999721e-01
-3.865999999999999992e-01
4.058999999999999830e-01
-4.968000000000000194e-01
-4.642000000000000015e-01
-4.302000000000000268e-01
-5.704000000000000181e-01
-6.646999999999999575e-01
5.742000000000000437e-01
-3.561000000000000276e-01
-6.479999999999999649e-02
-6.239999999999999714e-02
-6.017000000000000126e-01
-1.032000000000000001e-01
6.289999999999999758e-02
1.224999999999999978e-01
-6.077000000000000179e-01
-5.473999999999999977e-01
-5.221000000000000085e-01
8.074000000000000066e-01
7.872999999999999998e-01
2.780000000000000249e-01
7.449999999999999678e-02
4.571000000000000063e-01
5.326999999999999513e-01
-7.190999999999999615e-01
7.389000000000000012e-01
4.074999999999999734e-01
-1.204999999999999960e-01
-4.814999999999999836e-01
-3.936999999999999944e-01
-4.857000000000000206e-01
1.580999999999999905e-01
-7.990000000000000435e-01
-1.680000000000000104e-01
-3.635999999999999788e-01
-5.785000000000000142e-01
5.816000000000000059e-01
-6.611000000000000210e-01
-1.807999999999999885e-01
-2.676000000000000045e-01
-8.736000000000000432e-01
8.823999999999999622e-01
-4.329999999999999821e-02
-4.839999999999999858e-02
2.069999999999999896e-01
-9.543000000000000371e-01
2.520000000000000018e-02
-5.066000000000000503e-01
4.617999999999999883e-01
-5.686999999999999833e-01
-6.601000000000000201e-01
1.288999999999999868e-01
-6.167000000000000259e-01
-1.590999999999999914e-01
8.196999999999999842e-01
2.462000000000000022e-01
-7.034000000000000252e-01
-4.368000000000000216e-01
-2.808999999999999830e-01
-4.924000000000000044e-01
-6.862000000000000322e-01
-4.954000000000000070e-01
2.228999999999999870e-01
9.038000000000000478e-01
4.224999999999999867e-01
-6.375999999999999446e-01
2.740000000000000213e-01
2.612999999999999767e-01
8.173000000000000265e-01
-5.401000000000000245e-01
-5.789999999999999591e-01
-6.992000000000000437e-01
4.647000000000000020e-01
-8.931999999999999940e-01
7.209999999999999742e-01
-7.984999999999999876e-01
-6.182999999999999607e-01
6.966999999999999860e-01
-4.109999999999999765e-02
-5.012999999999999678e-01
-4.989999999999999991e-02
-8.790000000000000036e-01
7.831000000000000183e-01
-2.253999999999999893e-01
8.108999999999999542e-01
-9.195999999999999730e-01
2.528000000000000247e-01
-7.748000000000000442e-01
6.457000000000000517e-01
5.026000000000000467e-01
3.466000000000000192e-01
-2.245000000000000051e-01
-9.717999999999999972e-01
2.530000000000000027e-01
3.910000000000000281e-02
-7.199999999999999803e-03
8.168999999999999595e-01
8.597000000000000197e-01
-5.402000000000000135e-01
-5.716999999999999860e-01
1.429999999999999882e-01
-6.460000000000000464e-02
-1.260000000000000009e-02
-5.374999999999999778e-01
4.605000000000000204e-01
-4.096000000000000196e-01
8.458999999999999853e-01
-5.030999999999999917e-01
8.000000000000000444e-01
3.943999999999999728e-01
-7.174000000000000377e-01
4.497999999999999776e-01
4.541000000000000036e-01
9.012000000000000011e-01
3.899000000000000243e-01
-8.875999999999999446e-01
1.569000000000000117e-01
9.058000000000000496e-01
-6.899999999999999883e-03
1.487999999999999878e-01
5.059000000000000163e-01
-6.811000000000000387e-01
-3.204000000000000181e-01
6.156000000000000361e-01
3.902999999999999803e-01
-5.304999999999999716e-01
-1.607999999999999985e-01
-8.367999999999999883e-01
-6.379999999999999560e-02
6.933000000000000274e-01
-8.067999999999999616e-01
1.738999999999999990e-01
9.721999999999999531e-01
6.274999999999999467e-01
-1.151999999999999968e-01
3.997999999999999887e-01
-6.815999999999999837e-01
-8.376000000000000112e-01
-9.316999999999999726e-01
-5.784000000000000252e-01
9.959999999999999964e-01
-7.440999999999999837e-01
1.905999999999999917e-01
-6.289000000000000146e-01
-8.434000000000000385e-01
5.264999999999999680e-01
-5.514000000000000012e-01
2.240999999999999936e-01
3.028000000000000136e-01
1.327000000000000124e-01
-7.913000000000000034e-01
-4.536000000000000032e-01
7.180000000000000271e-02
-5.187000000000000499e-01
-3.280000000000000276e-02
-8.974999999999999645e-01
9.160000000000000364e-01
3.536000000000000254e-01
1.269000000000000128e-01
-8.084999999999999964e-01
-3.755000000000000004e-01
