9.936000000000000387e-01
-7.670000000000000429e-02
6.099999999999999867e-01
-3.696999999999999731e-01
4.228999999999999981e-01
-9.443000000000000282e-01
9.790999999999999703e-01
1.108999999999999986e-01
-4.108999999999999875e-01
-3.108000000000000207e-01
7.955999999999999739e-01
4.055000000000000271e-01
-7.622999999999999776e-01
-5.756999999999999895e-01
4.474000000000000199e-01
-6.031999999999999584e-01
3.558999999999999941e-01
2.189999999999999933e-02
4.592999999999999861e-01
8.516000000000000236e-01
9.809999999999999831e-01
-7.861000000000000210e-01
-2.546999999999999820e-01
5.315999999999999615e-01
4.244999999999999885e-01
-1.380000000000000115e-01
7.985999999999999766e-01
2.505999999999999894e-01
-7.870000000000000606e-02
3.195000000000000062e-01
-5.899999999999999689e-01
-2.515999999999999903e-01
-1.650000000000000078e-02
-5.429000000000000492e-01
1.640999999999999959e-01
1.648000000000000020e-01
-7.438000000000000167e-01
-5.402000000000000135e-01
4.013999999999999790e-01
-8.530999999999999694e-01
4.899999999999999911e-01
9.738999999999999879e-01
1.799999999999999933e-01
5.253999999999999782e-01
-3.086999999999999744e-01
2.772000000000000020e-01
3.150999999999999912e-01
-8.079999999999999682e-02
-6.146000000000000352e-01
6.284999999999999476e-01
-6.310000000000000331e-02
-4.434000000000000163e-01
4.398000000000000242e-01
5.512000000000000233e-01
9.650999999999999579e-01
-2.862999999999999989e-01
-4.012999999999999901e-01
1.494999999999999940e-01
6.025000000000000355e-01
1.102000000000000063e-01
-7.983999999999999986e-01
-8.477999999999999980e-01
4.532999999999999807e-01
-7.305000000000000382e-01
-2.743999999999999773e-01
-4.441999999999999837e-01
-9.634000000000000341e-01
-8.692999999999999616e-01
-1.300999999999999934e-01
-2.802999999999999936e-01
-1.820000000000000090e-02
-1.734999999999999876e-01
-6.236000000000000432e-01
4.561999999999999944e-01
4.918000000000000149e-01
-2.846000000000000196e-01
-9.533000000000000362e-01
4.833999999999999964e-01
7.264000000000000457e-01
9.466999999999999860e-01
-3.427999999999999936e-01
4.345999999999999863e-01
3.751999999999999780e-01
6.897999999999999687e-01
1.552000000000000046e-01
-6.978999999999999648e-01
-6.090999999999999748e-01
9.622000000000000552e-01
-5.439000000000000501e-01
6.322999999999999732e-01
-8.639999999999999902e-01
7.076999999999999957e-01
1.489000000000000046e-01
4.709999999999999742e-01
-8.514000000000000457e-01
-7.390999999999999792e-01
4.113999999999999879e-01
-2.257000000000000117e-01
7.610999999999999988e-01
4.270000000000000184e-02
6.570000000000000284e-01
-1.345000000000000084e-01
-3.696999999999999731e-01
5.191999999999999948e-01
-6.293999999999999595e-01
6.565999999999999615e-01
-9.355999999999999872e-01
3.100999999999999868e-01
-2.462000000000000022e-01
3.657000000000000250e-01
8.687000000000000277e-01
-6.391000000000000014e-01
-1.968000000000000027e-01
5.681000000000000494e-01
3.865999999999999992e-01
1.686999999999999889e-01
3.729999999999999982e-02
-1.980000000000000163e-02
-6.700000000000000400e-01
1.242999999999999938e-01
3.358999999999999764e-01
2.600000000000000089e-01
1.218999999999999945e-01
5.800999999999999490e-01
-5.097000000000000419e-01
-9.687000000000000055e-01
-1.675999999999999990e-01
8.699000000000000066e-01
1.299999999999999940e-02
2.036999999999999922e-01
9.219000000000000528e-01
6.571000000000000174e-01
6.300999999999999934e-01
8.094000000000000083e-01
-7.018999999999999684e-01
8.125999999999999890e-01
1.247999999999999943e-01
7.691000000000000059e-01
5.294999999999999707e-01
3.050999999999999823e-01
3.962999999999999856e-01
4.657999999999999918e-01
8.283000000000000362e-01
3.219999999999999946e-02
-2.310999999999999999e-01
-4.853999999999999981e-01
1.864999999999999991e-01
-2.617999999999999772e-01
2.119000000000000050e-01
-8.435000000000000275e-01
5.756999999999999895e-01
-1.092999999999999944e-01
9.596000000000000085e-01
-4.984999999999999987e-01
-9.697000000000000064e-01
-1.526000000000000134e-01
-7.984999999999999876e-01
-2.741999999999999993e-01
-5.722000000000000419e-01
-2.589999999999999941e-02
8.920000000000000151e-01
1.363000000000000045e-01
-3.960000000000000187e-01
-5.504999999999999893e-01
-6.791000000000000369e-01
-4.999000000000000110e-01
6.921000000000000485e-01
-1.155999999999999944e-01
2.401999999999999968e-01
-6.139000000000000012e-01
-5.673000000000000265e-01
-3.180999999999999939e-01
-8.308999999999999719e-01
-2.606999999999999873e-01
8.450000000000000566e-02
3.780000000000000027e-01
6.110000000000000153e-02
-8.568999999999999950e-01
-4.202000000000000179e-01
-2.805000000000000271e-01
-5.789999999999999591e-01
-6.212999999999999634e-01
2.661000000000000032e-01
2.559000000000000163e-01
-4.270000000000000184e-02
-4.917000000000000259e-01
5.302000000000000046e-01
-6.199000000000000066e-01
6.281999999999999806e-01
2.492999999999999938e-01
-7.673999999999999710e-01
-1.322000000000000119e-01
-6.669000000000000483e-01
-3.083000000000000185e-01
8.391999999999999460e-01
-5.070000000000000062e-01
9.310000000000000220e-02
-6.757999999999999563e-01
2.867999999999999994e-01
-4.730000000000000177e-02
3.988999999999999768e-01
-1.285999999999999921e-01
6.005000000000000338e-01
-7.436000000000000387e-01
8.047999999999999599e-01
