9.379999999999999449e-01
-2.285000000000000087e-01
9.955000000000000515e-01
-8.279999999999999583e-01
4.148999999999999910e-01
-9.182000000000000162e-01
3.474999999999999756e-01
-8.774999999999999467e-01
6.512999999999999901e-01
8.973999999999999755e-01
5.386999999999999567e-01
-1.870999999999999885e-01
1.073000000000000065e-01
8.873999999999999666e-01
3.094999999999999973e-01
-5.788999999999999702e-01
9.145999999999999686e-01
8.854999999999999538e-01
-5.659999999999999476e-01
-8.592999999999999527e-01
-2.807000000000000051e-01
-4.766000000000000236e-01
-7.792000000000000037e-01
-4.399000000000000132e-01
-2.797999999999999932e-01
8.269999999999999574e-01
5.011999999999999789e-01
4.728999999999999870e-01
9.697000000000000064e-01
8.193000000000000282e-01
3.012000000000000233e-01
7.135000000000000231e-01
7.699000000000000288e-01
9.004999999999999671e-01
-4.361999999999999766e-01
-8.831999999999999851e-01
5.842000000000000526e-01
3.256000000000000005e-01
1.192000000000000004e-01
8.880000000000000393e-02
9.509999999999999565e-01
-3.720999999999999863e-01
9.665000000000000258e-01
-8.514000000000000457e-01
9.337999999999999634e-01
-8.813999999999999613e-01
-7.175000000000000266e-01
9.435999999999999943e-01
5.920999999999999597e-01
-9.744000000000000439e-01
-6.811000000000000387e-01
-6.002999999999999448e-01
6.261999999999999789e-01
2.431000000000000105e-01
8.438999999999999835e-01
6.238000000000000211e-01
-9.550999999999999490e-01
-7.643999999999999684e-01
7.611999999999999877e-01
-7.042000000000000481e-01
7.284000000000000474e-01
-3.583000000000000074e-01
-9.526000000000000023e-01
-9.616999999999999993e-01
1.867000000000000048e-01
-2.429000000000000048e-01
-3.936000000000000054e-01
5.583000000000000185e-01
-9.081000000000000183e-01
3.150000000000000022e-01
-1.481999999999999984e-01
-8.796000000000000485e-01
-5.380000000000000338e-01
9.254999999999999893e-01
-8.564000000000000501e-01
5.272000000000000020e-01
-3.590999999999999748e-01
-7.954999999999999849e-01
-2.039999999999999869e-01
1.713999999999999968e-01
-1.711999999999999911e-01
-3.200999999999999956e-01
-7.419000000000000039e-01
-4.935999999999999832e-01
-4.022999999999999909e-01
-1.663999999999999924e-01
5.072999999999999732e-01
7.149999999999999412e-02
-5.249999999999999806e-02
-3.630999999999999783e-01
-5.830999999999999517e-01
-4.229999999999999732e-02
-4.803999999999999937e-01
7.760000000000000231e-01
-4.479999999999999954e-02
-6.190999999999999837e-01
-9.479999999999999538e-01
6.009999999999999787e-01
4.758999999999999897e-01
2.373000000000000109e-01
7.796999999999999487e-01
4.541000000000000036e-01
8.169999999999999485e-01
4.847000000000000197e-01
-2.675000000000000155e-01
6.531000000000000139e-01
-2.589999999999999941e-02
1.529999999999999936e-02
1.771999999999999964e-01
6.493999999999999773e-01
5.667999999999999705e-01
-4.340999999999999859e-01
5.567999999999999616e-01
-7.195000000000000284e-01
2.442999999999999894e-01
5.058000000000000274e-01
-6.882000000000000339e-01
2.439999999999999947e-01
4.071000000000000174e-01
-5.575999999999999845e-01
-9.368999999999999551e-01
5.797999999999999821e-01
-6.336000000000000520e-01
-9.042000000000000037e-01
-2.308999999999999941e-01
1.899000000000000132e-01
-8.443000000000000504e-01
9.308999999999999497e-01
-5.168000000000000371e-01
5.626999999999999780e-01
-4.681000000000000161e-01
4.525000000000000133e-01
6.645999999999999686e-01
-5.104999999999999538e-01
-6.312999999999999723e-01
2.363999999999999990e-01
-5.860999999999999543e-01
-6.014000000000000457e-01
-7.617000000000000437e-01
6.228000000000000203e-01
5.949999999999999734e-01
3.200999999999999956e-01
-9.801999999999999602e-01
7.168999999999999817e-01
-9.573000000000000398e-01
4.414000000000000146e-01
5.748999999999999666e-01
-8.091000000000000414e-01
-4.592999999999999861e-01
-3.827999999999999736e-01
3.597000000000000197e-01
-4.845999999999999752e-01
1.812999999999999889e-01
-4.934000000000000052e-01
7.156000000000000139e-01
5.130000000000000115e-01
4.867000000000000215e-01
4.370000000000000273e-02
-6.163999999999999480e-01
-7.855999999999999650e-01
-6.816999999999999726e-01
-2.671999999999999931e-01
-9.453000000000000291e-01
8.329999999999999627e-01
-6.239999999999999714e-02
-6.884000000000000119e-01
-8.375000000000000222e-01
-1.579000000000000126e-01
-8.459999999999999465e-02
-6.112999999999999545e-01
-6.898999999999999577e-01
5.616999999999999771e-01
8.429999999999999993e-02
-4.697999999999999954e-01
3.492000000000000104e-01
1.721000000000000030e-01
-5.109000000000000208e-01
4.162000000000000144e-01
-7.561999999999999833e-01
-9.082999999999999963e-01
-6.994000000000000217e-01
-4.711000000000000187e-01
2.659000000000000252e-01
-3.294000000000000261e-01
-9.772999999999999465e-01
9.204999999999999849e-01
2.589999999999999941e-02
3.250000000000000111e-02
-6.563999999999999835e-01
7.308999999999999941e-01
-2.515000000000000013e-01
-2.914999999999999813e-01
1.358999999999999930e-01
1.952000000000000124e-01
3.220000000000000084e-01
-1.532000000000000028e-01
8.941000000000000059e-01
-2.142000000000000015e-01
7.082000000000000517e-01
9.866000000000000325e-01
1.595000000000000029e-01
6.621000000000000218e-01
-2.751000000000000112e-01
-3.387999999999999901e-01
2.848999999999999866e-01
