-5.079999999999999793e-02
-5.700000000000000205e-03
5.263999999999999790e-01
7.254000000000000448e-01
6.982000000000000428e-01
-5.757999999999999785e-01
8.084000000000000075e-01
-7.661000000000000032e-01
7.667000000000000481e-01
4.450000000000000067e-01
9.647000000000000020e-01
-5.555999999999999828e-01
-6.518000000000000460e-01
2.184000000000000108e-01
-6.777999999999999581e-01
-7.609000000000000208e-01
5.473999999999999977e-01
-4.862000000000000210e-01
-6.945999999999999952e-01
5.366999999999999549e-01
-8.074999999999999956e-01
4.853999999999999981e-01
3.194000000000000172e-01
4.361999999999999766e-01
6.387000000000000455e-01
8.827000000000000401e-01
-9.810000000000000664e-02
-3.153000000000000247e-01
-7.181999999999999496e-01
-7.114000000000000323e-01
-9.623000000000000442e-01
1.028000000000000025e-01
4.089999999999999747e-01
4.056000000000000161e-01
-5.137000000000000455e-01
-6.334999999999999520e-01
-5.221999999999999975e-01
-5.557999999999999607e-01
-9.778000000000000025e-01
7.128999999999999782e-01
4.361999999999999766e-01
3.860000000000000236e-02
9.186999999999999611e-01
2.970000000000000070e-02
-1.529999999999999971e-01
1.749999999999999889e-01
-8.375000000000000222e-01
3.266999999999999904e-01
2.101000000000000090e-01
7.792999999999999927e-01
5.462000000000000188e-01
1.486000000000000099e-01
4.531999999999999917e-01
6.188000000000000167e-01
7.875999999999999668e-01
5.758999999999999675e-01
6.819999999999999674e-02
-6.247000000000000330e-01
-1.529999999999999971e-01
3.139999999999999736e-02
-4.940999999999999837e-01
-7.044000000000000261e-01
6.788999999999999480e-01
-8.354000000000000314e-01
5.006000000000000449e-01
-2.696000000000000063e-01
-4.415000000000000036e-01
-6.454999999999999627e-01
4.113999999999999879e-01
7.300000000000000065e-03
4.990999999999999881e-01
6.814999999999999947e-01
-5.939999999999999725e-01
-6.361999999999999877e-01
-4.260999999999999788e-01
5.036000000000000476e-01
-3.592000000000000193e-01
9.764000000000000457e-01
-7.370000000000000162e-02
-1.236000000000000015e-01
-4.415999999999999925e-01
-2.655000000000000138e-01
7.599000000000000199e-01
2.726000000000000090e-01
-8.727000000000000313e-01
6.369000000000000217e-01
-5.625000000000000000e-01
-2.396000000000000074e-01
6.968999999999999639e-01
-6.503999999999999782e-01
-6.673999999999999932e-01
3.318999999999999728e-01
1.796999999999999986e-01
3.936999999999999944e-01
9.739999999999999769e-01
1.429999999999999882e-01
-1.559999999999999928e-02
4.778999999999999915e-01
-9.901999999999999691e-01
-7.558000000000000274e-01
-8.279999999999999583e-01
-8.036999999999999700e-01
-6.349000000000000199e-01
-8.067999999999999616e-01
-7.860000000000000320e-01
5.634000000000000119e-01
7.318000000000000060e-01
8.105999999999999872e-01
-1.638000000000000012e-01
7.157999999999999918e-01
-8.228999999999999648e-01
-6.667999999999999483e-01
-9.471000000000000529e-01
-2.853999999999999870e-01
-2.686000000000000054e-01
-9.996000000000000441e-01
-4.148000000000000020e-01
-2.912000000000000144e-01
9.003999999999999782e-01
8.965999999999999526e-01
9.912999999999999590e-01
7.610000000000000098e-02
-5.466999999999999638e-01
-3.715999999999999859e-01
8.852999999999999758e-01
-8.267999999999999794e-01
-9.532000000000000473e-01
1.439999999999999961e-02
9.616000000000000103e-01
-4.893000000000000127e-01
8.637000000000000233e-01
-3.546000000000000263e-01
-1.454999999999999905e-01
5.677999999999999714e-01
9.996000000000000441e-01
7.354000000000000536e-01
-7.065000000000000169e-01
3.040999999999999814e-01
6.279999999999999472e-02
-9.596999999999999975e-01
-2.525999999999999912e-01
8.768000000000000238e-01
3.881000000000000005e-01
3.652000000000000246e-01
7.385000000000000453e-01
1.327000000000000124e-01
-5.200000000000000178e-01
-5.430000000000000382e-01
-1.695000000000000118e-01
-2.708999999999999742e-01
7.443999999999999506e-01
4.434000000000000163e-01
5.581000000000000405e-01
6.187000000000000277e-01
3.185999999999999943e-01
5.889999999999999680e-01
-9.406999999999999806e-01
8.225999999999999979e-01
5.818999999999999728e-01
5.897999999999999909e-01
-5.829999999999999627e-01
-7.745999999999999552e-01
-7.450999999999999845e-01
1.433999999999999997e-01
-1.009000000000000036e-01
8.048999999999999488e-01
-7.884999999999999787e-01
7.200999999999999623e-01
-8.772999999999999687e-01
-3.518999999999999906e-01
-5.451000000000000290e-01
-8.701999999999999735e-01
8.214000000000000190e-01
-4.279000000000000026e-01
-6.613999999999999879e-01
7.230999999999999650e-01
-5.709999999999999798e-02
-5.452000000000000179e-01
9.544000000000000261e-01
9.812999999999999501e-01
-6.106000000000000316e-01
-3.895000000000000129e-01
-1.962000000000000133e-01
4.742000000000000104e-01
-6.811000000000000387e-01
6.170999999999999819e-01
8.991000000000000103e-01
5.782000000000000473e-01
5.268000000000000460e-01
5.739999999999999547e-01
7.711999999999999966e-01
4.677000000000000046e-01
8.022000000000000242e-01
1.786000000000000087e-01
-4.339000000000000079e-01
9.584000000000000297e-01
-3.161999999999999811e-01
-6.203999999999999515e-01
-2.933999999999999941e-01
4.864999999999999880e-01
-1.323999999999999899e-01
-4.378000000000000225e-01
-7.715999999999999526e-01
-8.297999999999999821e-01
8.102000000000000313e-01
