1.406999999999999917e-01
-2.373000000000000109e-01
-7.379000000000000004e-01
-8.609999999999999598e-02
-9.147999999999999465e-01
-3.089999999999999969e-01
-2.122999999999999887e-01
5.241999999999999993e-01
8.991999999999999993e-01
-3.170999999999999930e-01
7.237000000000000099e-01
3.708000000000000185e-01
-9.081000000000000183e-01
-3.902999999999999803e-01
6.610000000000000597e-02
1.910000000000000031e-01
6.680000000000000382e-01
5.000999999999999890e-01
-8.453000000000000513e-01
4.200000000000000261e-02
-1.174000000000000044e-01
-9.112999999999999989e-01
-9.725000000000000311e-01
-2.416000000000000092e-01
6.847999999999999643e-01
6.310000000000000053e-01
9.691999999999999504e-01
3.438999999999999835e-01
7.328000000000000069e-01
-5.313999999999999835e-01
8.205999999999999961e-01
8.223000000000000309e-01
8.776000000000000467e-01
1.899999999999999996e-03
9.847000000000000197e-01
2.605999999999999983e-01
3.477000000000000091e-01
5.352000000000000091e-01
-7.675999999999999490e-01
-7.668000000000000371e-01
9.270000000000000462e-02
-3.625999999999999779e-01
1.142999999999999988e-01
-1.741000000000000048e-01
-8.606000000000000316e-01
-7.858000000000000540e-01
-4.628999999999999782e-01
3.429999999999999716e-02
3.910000000000000142e-01
4.842000000000000193e-01
2.862000000000000099e-01
-1.678999999999999937e-01
6.948999999999999622e-01
-6.825999999999999845e-01
-2.134000000000000064e-01
-9.700000000000000289e-03
-4.769999999999999934e-02
-4.758999999999999897e-01
-2.888999999999999901e-01
-9.406999999999999806e-01
5.332000000000000073e-01
-3.619999999999999885e-01
-6.544999999999999707e-01
6.219000000000000083e-01
-8.591999999999999638e-01
-1.932000000000000106e-01
9.686000000000000165e-01
-5.341000000000000192e-01
6.523999999999999799e-01
-1.305000000000000049e-01
1.945000000000000062e-01
4.349999999999999700e-02
7.606000000000000538e-01
2.078000000000000125e-01
6.140000000000000319e-02
3.508999999999999897e-01
6.608000000000000540e-01
7.593999999999999639e-01
-5.947000000000000064e-01
-7.981000000000000316e-01
5.421000000000000263e-01
-2.169999999999999984e-01
-6.633000000000000007e-01
-6.646999999999999575e-01
-7.513999999999999568e-01
2.520000000000000018e-01
-2.684000000000000274e-01
6.298000000000000265e-01
-7.199999999999999456e-02
4.880000000000000310e-02
7.842000000000000082e-01
-7.262999999999999456e-01
1.993999999999999939e-01
5.757999999999999785e-01
8.022000000000000242e-01
-2.348999999999999977e-01
-7.106999999999999984e-01
2.805000000000000271e-01
-8.387000000000000011e-01
-7.793999999999999817e-01
4.506000000000000005e-01
-7.127000000000000002e-01
-8.605000000000000426e-01
6.842000000000000304e-01
8.985999999999999543e-01
4.833999999999999964e-01
-3.598000000000000087e-01
5.461000000000000298e-01
-1.134000000000000008e-01
-3.504999999999999782e-01
8.379999999999999949e-02
6.203999999999999515e-01
-2.684000000000000274e-01
1.236000000000000015e-01
7.491999999999999771e-01
-3.196999999999999842e-01
8.800000000000000530e-03
-9.362000000000000322e-01
-3.266999999999999904e-01
-5.703000000000000291e-01
9.365999999999999881e-01
3.788000000000000256e-01
2.520000000000000018e-01
-1.236000000000000015e-01
6.965000000000000080e-01
-8.605000000000000426e-01
9.881999999999999673e-01
7.678000000000000380e-01
-5.650000000000000161e-02
1.474999999999999922e-01
-8.588000000000000078e-01
-1.477999999999999869e-01
8.999999999999999667e-02
-5.614999999999999991e-01
-8.629999999999999893e-01
-1.368999999999999939e-01
-6.384999999999999565e-01
5.714000000000000190e-01
5.284999999999999698e-01
4.776000000000000245e-01
9.989999999999999991e-01
3.885000000000000120e-01
-2.040000000000000147e-02
-4.607999999999999874e-01
-6.614999999999999769e-01
-6.552999999999999936e-01
4.973000000000000198e-01
1.638000000000000012e-01
2.510999999999999899e-01
6.354999999999999538e-01
6.490000000000000213e-01
-7.870000000000000329e-01
7.099999999999999645e-01
-6.283999999999999586e-01
-1.595000000000000029e-01
3.272999999999999798e-01
3.412999999999999923e-01
6.503999999999999782e-01
-8.659999999999999643e-02
3.741999999999999771e-01
3.330000000000000321e-02
6.905999999999999917e-01
6.469999999999999363e-02
-4.914000000000000035e-01
-9.834000000000000519e-01
-1.786000000000000087e-01
-8.668000000000000149e-01
-4.304999999999999938e-01
-2.079999999999999905e-02
6.543999999999999817e-01
4.177000000000000157e-01
4.726000000000000201e-01
8.934999999999999609e-01
3.551000000000000267e-01
9.314999999999999947e-01
-3.593999999999999972e-01
-5.445999999999999730e-01
8.394000000000000350e-01
-7.405000000000000471e-01
2.210000000000000020e-01
-3.042000000000000259e-01
9.049000000000000377e-01
-1.009999999999999960e-02
4.650000000000000244e-01
-4.819999999999999840e-01
-7.489999999999999436e-02
6.202999999999999625e-01
6.241999999999999771e-01
2.978999999999999981e-01
2.137000000000000011e-01
-8.642999999999999572e-01
1.557000000000000051e-01
-8.399999999999999481e-03
-8.932999999999999829e-01
9.400000000000000369e-03
-3.286999999999999922e-01
-1.998999999999999944e-01
-3.558999999999999941e-01
-6.603999999999999870e-01
-3.637000000000000233e-01
2.650000000000000133e-01
-4.551000000000000045e-01
1.481999999999999984e-01
-3.185000000000000053e-01
-9.131000000000000227e-01
