6.189000000000000057e-01
5.163999999999999702e-01
1.439000000000000001e-01
5.856999999999999984e-01
-8.582999999999999519e-01
2.723999999999999755e-01
3.170000000000000040e-01
6.825999999999999845e-01
-7.748000000000000442e-01
7.389999999999999902e-01
-9.990999999999999881e-01
-6.048000000000000043e-01
3.210000000000000075e-01
2.856000000000000205e-01
6.340000000000000080e-01
-1.826000000000000123e-01
-2.044999999999999873e-01
-4.292000000000000259e-01
-7.449999999999999678e-02
6.498000000000000442e-01
-1.325000000000000067e-01
-4.017000000000000015e-01
4.428000000000000269e-01
8.860999999999999988e-01
2.177999999999999936e-01
-6.925999999999999934e-01
6.423999999999999710e-01
-6.902000000000000357e-01
-2.993999999999999995e-01
-5.273999999999999799e-01
1.401000000000000023e-01
9.928000000000000158e-01
5.654000000000000137e-01
2.212999999999999967e-01
-6.868999999999999551e-01
6.908999999999999586e-01
-7.657000000000000473e-01
9.338999999999999524e-01
-2.450000000000000094e-02
1.260999999999999899e-01
-6.129999999999999893e-01
5.139000000000000234e-01
3.150999999999999912e-01
-4.406999999999999806e-01
-9.049000000000000377e-01
-3.815999999999999948e-01
3.395000000000000240e-01
9.258999999999999453e-01
-3.318999999999999728e-01
-3.019000000000000017e-01
7.073000000000000398e-01
6.172999999999999599e-01
7.044000000000000261e-01
-2.534000000000000141e-01
-1.131999999999999951e-01
2.038000000000000089e-01
-1.300999999999999934e-01
5.986000000000000210e-01
-3.937999999999999834e-01
3.568000000000000060e-01
-5.343999999999999861e-01
-7.518000000000000238e-01
1.930999999999999939e-01
-3.109000000000000097e-01
1.398999999999999966e-01
5.067000000000000393e-01
-7.937999999999999501e-01
-3.511000000000000232e-01
4.269000000000000017e-01
-9.070000000000000284e-02
9.261000000000000343e-01
4.267000000000000237e-01
-4.466999999999999860e-01
3.851999999999999869e-01
2.927000000000000157e-01
8.631999999999999673e-01
6.784999999999999920e-01
3.251000000000000001e-01
-8.853999999999999648e-01
3.242999999999999772e-01
-8.187999999999999723e-01
9.900999999999999801e-01
1.340000000000000045e-02
9.252000000000000224e-01
-6.995999999999999996e-01
-1.244999999999999996e-01
-1.512000000000000011e-01
6.680000000000000382e-01
-7.683999999999999719e-01
-1.728999999999999981e-01
6.582999999999999963e-01
6.042999999999999483e-01
-4.748999999999999888e-01
2.107999999999999874e-01
3.679000000000000048e-01
-8.136999999999999789e-01
7.526000000000000467e-01
-7.554999999999999494e-01
-7.130999999999999561e-01
-8.913999999999999702e-01
3.388999999999999790e-01
1.363999999999999935e-01
-9.891999999999999682e-01
-5.515999999999999792e-01
-3.688000000000000167e-01
-3.660000000000000059e-02
-4.267000000000000237e-01
9.049999999999999711e-02
2.750000000000000014e-02
7.228999999999999870e-01
-6.602000000000000091e-01
9.160000000000000364e-01
1.690000000000000113e-01
-7.849000000000000421e-01
-4.102999999999999980e-01
-3.409999999999999837e-02
5.108000000000000318e-01
-7.749999999999999944e-02
-2.807999999999999940e-01
4.405000000000000027e-01
8.588999999999999968e-01
-5.850000000000000339e-02
-7.913999999999999924e-01
-1.419999999999999873e-01
-8.023000000000000131e-01
-6.822000000000000286e-01
7.274000000000000465e-01
6.816999999999999726e-01
6.254999999999999449e-01
-9.847000000000000197e-01
1.285000000000000031e-01
8.769000000000000128e-01
-8.818000000000000282e-01
6.961000000000000520e-01
-2.916000000000000258e-01
-4.067000000000000060e-01
2.340000000000000135e-01
1.678999999999999937e-01
7.710000000000000187e-01
4.400999999999999912e-01
-1.766000000000000070e-01
5.331000000000000183e-01
7.069999999999999896e-02
9.058000000000000496e-01
6.225000000000000533e-01
-7.205000000000000293e-01
7.127999999999999892e-01
-8.780000000000000304e-02
3.699000000000000066e-01
7.378000000000000114e-01
9.182000000000000162e-01
-3.655999999999999805e-01
-9.273000000000000131e-01
-8.296999999999999931e-01
6.142999999999999572e-01
3.981000000000000094e-01
7.895999999999999686e-01
-4.721000000000000196e-01
1.459999999999999909e-01
-2.116999999999999993e-01
8.446000000000000174e-01
-6.270999999999999908e-01
4.399999999999999745e-02
-8.726000000000000423e-01
-9.602000000000000535e-01
8.659999999999999920e-01
6.823000000000000176e-01
-4.728999999999999870e-01
-8.407000000000000028e-01
-7.852000000000000091e-01
8.705000000000000515e-01
8.730000000000000260e-02
-7.020999999999999464e-01
-6.644999999999999796e-01
9.845000000000000417e-01
-3.649999999999999911e-01
4.734999999999999765e-01
-6.389999999999999847e-02
8.184000000000000163e-01
4.786000000000000254e-01
-1.857000000000000040e-01
4.464000000000000190e-01
-9.213000000000000078e-01
8.770000000000000018e-01
-8.895999999999999464e-01
-1.283999999999999864e-01
8.406000000000000139e-01
6.266000000000000458e-01
3.812999999999999723e-01
3.158000000000000251e-01
9.532000000000000473e-01
-3.173000000000000265e-01
1.388000000000000067e-01
-1.373999999999999944e-01
-7.446000000000000396e-01
-7.703999999999999737e-01
8.898000000000000353e-01
-4.815999999999999726e-01
3.431000000000000161e-01
-4.590000000000000330e-02
5.147000000000000464e-01
5.564000000000000057e-01
-5.937000000000000055e-01
-7.738000000000000433e-01
-8.149999999999999467e-01
