-7.921262800000006621e+01 6.354446842134823248e-01 0.000000000000000000e+00 2.389910564916392754e+00
-7.903184800000003918e+01 6.339944648114429482e-01 0.000000000000000000e+00 2.796489575657959303e+00
-7.970991800000005867e+01 6.394339507608883810e-01 0.000000000000000000e+00 2.796602816491480237e+00
-7.836184800000008011e+01 6.286197165020823707e-01 0.000000000000000000e+00 2.207692833289444323e+00
-8.016173000000004834e+01 6.430583922282747666e-01 0.000000000000000000e+00 2.615015168525062439e+00
-7.978247200000004113e+01 6.400159798487051743e-01 0.000000000000000000e+00 2.720896136620945427e+00
-8.045497800000003963e+01 6.454108313211455172e-01 0.000000000000000000e+00 2.698043721054800059e+00
-7.905880400000006603e+01 6.342107061777523258e-01 0.000000000000000000e+00 2.358640064598087616e+00
-7.985129399999999578e+01 6.405680707862374534e-01 0.000000000000000000e+00 2.211402001556679320e+00
-7.977919600000002731e+01 6.399896997360760009e-01 0.000000000000000000e+00 2.753469355944469399e+00
-7.997685800000002132e+01 6.415753467514863084e-01 0.000000000000000000e+00 2.534899740498586684e+00
-7.940807600000002253e+01 6.370125704934341826e-01 0.000000000000000000e+00 2.614862769179369106e+00
-7.901652600000006998e+01 6.338715515374192533e-01 0.000000000000000000e+00 2.402821036754652528e+00
-7.966032200000006469e+01 6.390360910337973266e-01 0.000000000000000000e+00 2.667169044631859443e+00
-7.947571800000007158e+01 6.375551954563327683e-01 0.000000000000000000e+00 2.268963961160790355e+00
-7.928598600000003671e+01 6.360331629992702629e-01 0.000000000000000000e+00 2.971800705453401470e+00
-8.049454600000002813e+01 6.457282463078690693e-01 0.000000000000000000e+00 2.948414110390105591e+00
-7.931822800000004747e+01 6.362918087231367315e-01 0.000000000000000000e+00 2.704252251550538944e+00
-7.873998200000001191e+01 6.316531121397115367e-01 0.000000000000000000e+00 1.982637724737303486e+00
-8.034383200000000613e+01 6.445192167307091102e-01 0.000000000000000000e+00 2.309249480197828053e+00
-8.018679400000002033e+01 6.432594559471190854e-01 0.000000000000000000e+00 2.684518914966352199e+00
-7.960817800000006628e+01 6.386177912191057793e-01 0.000000000000000000e+00 1.955339753865415586e+00
-7.971959200000006263e+01 6.395115557088656422e-01 0.000000000000000000e+00 2.635992725870927256e+00
-8.017400600000001987e+01 6.431568704525219005e-01 0.000000000000000000e+00 2.145096767651728964e+00
-7.971216600000008157e+01 6.394519842447683455e-01 0.000000000000000000e+00 2.695685888252793205e+00
-8.011048999999997022e+01 6.426473443127941332e-01 0.000000000000000000e+00 2.746442153868430047e+00
-7.975393200000003446e+01 6.397870316147511449e-01 0.000000000000000000e+00 2.364064486843697299e+00
-7.991371000000003733e+01 6.410687727123228763e-01 0.000000000000000000e+00 2.987398874312304109e+00
-7.966058200000001932e+01 6.390381767570214588e-01 0.000000000000000000e+00 2.346700354802095490e+00
-7.918702200000005575e+01 6.352392725639158799e-01 0.000000000000000000e+00 2.109876085957886005e+00
-7.941089600000006499e+01 6.370351925684082373e-01 0.000000000000000000e+00 2.262936503879394934e+00
-7.961514000000005353e+01 6.386736404694486335e-01 0.000000000000000000e+00 2.812310619725029603e+00
-8.030527000000007831e+01 6.442098718884625708e-01 0.000000000000000000e+00 2.609304587162230682e+00
-7.982643200000003958e+01 6.403686275138984474e-01 0.000000000000000000e+00 2.156298191129109032e+00
-8.003997800000003338e+01 6.420816961743025519e-01 0.000000000000000000e+00 2.210218594042340445e+00
-8.054219600000003254e+01 6.461104951988259071e-01 0.000000000000000000e+00 2.625288114632815972e+00
-7.912095400000005441e+01 6.347092742485384020e-01 0.000000000000000000e+00 2.431111776737947761e+00
-8.010745600000001332e+01 6.426230055271666686e-01 0.000000000000000000e+00 2.686080891262971893e+00
-8.062937000000002286e+01 6.468098061079604610e-01 0.000000000000000000e+00 2.215056359886751647e+00
-8.073409000000009428e+01 6.476498712467017027e-01 0.000000000000000000e+00 2.169994603237714870e+00
-8.122711800000003279e+01 6.516049479772498820e-01 0.000000000000000000e+00 2.221357435224296406e+00
-8.013495000000007451e+01 6.428435627361486215e-01 0.000000000000000000e+00 2.164548316869042921e+00
-8.089918200000003878e+01 6.489742413181773806e-01 0.000000000000000000e+00 2.417107880993232705e+00
-8.192620200000006037e+01 6.572130084953116125e-01 0.000000000000000000e+00 2.471540724308452397e+00
-8.167853200000006098e+01 6.552261966837006346e-01 0.000000000000000000e+00 2.226632612372505093e+00
-8.239189000000004626e+01 6.609487634067886530e-01 0.000000000000000000e+00 2.549082744336626405e+00
-8.179558000000005791e+01 6.561651571913335035e-01 0.000000000000000000e+00 2.185020157177669731e+00
-8.215328800000001763e+01 6.590346952036389983e-01 0.000000000000000000e+00 2.213750628300078294e+00
-8.160938400000003412e+01 6.546714905701247478e-01 0.000000000000000000e+00 2.262291960845250305e+00
-8.121385600000002114e+01 6.514985600487740447e-01 0.000000000000000000e+00 2.652919795408962056e+00
-8.187959800000002986e+01 6.568391506293271842e-01 0.000000000000000000e+00 2.372724539979772729e+00
-8.221233800000004521e+01 6.595083950359791336e-01 0.000000000000000000e+00 2.913345702309918295e+00
-8.097195400000003929e+01 6.495580192046980228e-01 0.000000000000000000e+00 2.928704423854866956e+00
-8.150777400000006878e+01 6.538563738899546562e-01 0.000000000000000000e+00 2.200484007851936319e+00
-8.215958400000008055e+01 6.590852017937226526e-01 0.000000000000000000e+00 2.446467874787582986e+00
-8.148407200000006867e+01 6.536662361520017006e-01 0.000000000000000000e+00 2.204111325814061662e+00
-8.074849400000006483e+01 6.477654203133403898e-01 0.000000000000000000e+00 2.581805881717819329e+00
-8.103771200000007013e+01 6.500855306962309843e-01 0.000000000000000000e+00 2.284980022248940035e+00
-8.121048000000004663e+01 6.514714777349049912e-01 0.000000000000000000e+00 2.095514376235606324e+00
-8.156041800000006958e+01 6.542786847108471582e-01 0.000000000000000000e+00 2.368783503518507416e+00
-8.128353400000007412e+01 6.520575178289231832e-01 0.000000000000000000e+00 2.263253846786511314e+00
-8.151515400000003808e+01 6.539155763414813416e-01 0.000000000000000000e+00 2.617614543909948299e+00
-8.116301000000004251e+01 6.510906728061804927e-01 0.000000000000000000e+00 2.122700112682862628e+00
-8.166904800000004627e+01 6.551501159180795897e-01 0.000000000000000000e+00 2.326747689154511356e+00
-8.199708800000007614e+01 6.577816568664421881e-01 0.000000000000000000e+00 2.417238380578427215e+00
-8.102775800000003414e+01 6.500056795847809488e-01 0.000000000000000000e+00 1.702468466738337849e+00
-8.104872600000001626e+01 6.501738851408265241e-01 0.000000000000000000e+00 2.090834671020019186e+00
-8.224966200000001493e+01 6.598078086268722720e-01 0.000000000000000000e+00 2.393188530555801385e+00
-8.194748400000007393e+01 6.573837329632518101e-01 0.000000000000000000e+00 2.468300352723826308e+00
-8.041657800000007228e+01 6.451027860449077833e-01 0.000000000000000000e+00 2.233919651104738779e+00
-8.143292600000003745e+01 6.532559423056871761e-01 0.000000000000000000e+00 2.858366026939802573e+00
-8.082401200000005304e+01 6.483712266459168427e-01 0.000000000000000000e+00 2.365063890707241434e+00
-8.160122800000006293e+01 6.546060630369739952e-01 0.000000000000000000e+00 2.082735678447649175e+00
-8.270756200000006686e+01 6.634810881057627840e-01 0.000000000000000000e+00 2.525485503510247032e+00
-8.209754400000008445e+01 6.585875161443006665e-01 0.000000000000000000e+00 2.324994917527625660e+00
-8.188343400000005090e+01 6.568699230689014623e-01 0.000000000000000000e+00 2.392283055624117694e+00
-8.263736600000008536e+01 6.629179749231899343e-01 0.000000000000000000e+00 2.553721101824361295e+00
-8.220894800000006342e+01 6.594812004139363193e-01 0.000000000000000000e+00 2.812711161077960043e+00
-8.126925600000006966e+01 6.519429795358469004e-01 0.000000000000000000e+00 2.066623695952097606e+00
-8.250603000000006659e+01 6.618643959023565726e-01 0.000000000000000000e+00 2.399069194816012995e+00
-8.296456800000002829e+01 6.655427934251588740e-01 0.000000000000000000e+00 2.691345909207150111e+00
-8.250795800000001634e+01 6.618798623422673666e-01 0.000000000000000000e+00 2.949769746233414480e+00
-8.189292600000004541e+01 6.569460680106214978e-01 0.000000000000000000e+00 2.296770230968397275e+00
-8.251502000000003534e+01 6.619365137938506560e-01 0.000000000000000000e+00 2.224226200708729895e+00
-8.283229200000006642e+01 6.644816737126680861e-01 0.000000000000000000e+00 2.233539871122731668e+00
-8.210059400000007201e+01 6.586119832821267783e-01 0.000000000000000000e+00 2.405616047595394047e+00
-8.154635200000004147e+01 6.541658470843999540e-01 0.000000000000000000e+00 2.496829393753428050e+00
-8.215168400000005988e+01 6.590218278957463705e-01 0.000000000000000000e+00 2.461271436593269968e+00
-8.247487600000005159e+01 6.616144781279835740e-01 0.000000000000000000e+00 2.526228117498575898e+00
-8.285147600000010470e+01 6.646355679985890275e-01 0.000000000000000000e+00 2.202552899288835242e+00
-8.122186000000003503e+01 6.515627682360399797e-01 0.000000000000000000e+00 2.260355002867889151e+00
-8.239634600000006515e+01 6.609845094940521859e-01 0.000000000000000000e+00 2.408044848378455338e+00
-8.241903400000003899e+01 6.611665129114292494e-01 0.000000000000000000e+00 2.234164249056370011e+00
-8.267492800000003683e+01 6.632192977530346756e-01 0.000000000000000000e+00 2.697779114367066189e+00
-8.256868400000004726e+01 6.623670070673933763e-01 0.000000000000000000e+00 2.763147625617122127e+00
-8.160120000000001994e+01 6.546058384206263625e-01 0.000000000000000000e+00 2.363515814299630424e+00
-8.239542200000005323e+01 6.609770971545926299e-01 0.000000000000000000e+00 2.088461753365066897e+00
-8.224798400000001664e+01 6.597943476900617332e-01 0.000000000000000000e+00 2.457819678714194378e+00
-8.033510000000003970e+01 6.444491685184148277e-01 0.000000000000000000e+00 2.316130642588054123e+00
-8.292516400000008048e+01 6.652266940484696800e-01 0.000000000000000000e+00 2.818339167118309785e+00
-8.197462600000002908e+01 6.576014664238672980e-01 0.000000000000000000e+00 2.138876713529979767e+00
-8.242457600000005868e+01 6.612109709041614769e-01 0.000000000000000000e+00 2.685537203190679012e+00
-8.160071800000002895e+01 6.546019718106487195e-01 0.000000000000000000e+00 2.514569623130708198e+00
-8.261212200000008465e+01 6.627154672421130543e-01 0.000000000000000000e+00 2.641991608868069275e+00
-8.204817400000004568e+01 6.581914693920121184e-01 0.000000000000000000e+00 2.118326447816575975e+00
-8.220957000000004200e+01 6.594861901056502385e-01 0.000000000000000000e+00 2.221727017457591824e+00
-8.301947600000008265e+01 6.659832660821300987e-01 0.000000000000000000e+00 2.193021394190620477e+00
-8.373945600000007516e+01 6.717589545713443799e-01 0.000000000000000000e+00 2.513233993548406264e+00
-8.371328400000007264e+01 6.715490024627583932e-01 0.000000000000000000e+00 1.997439511718374083e+00
-8.340097800000006600e+01 6.690436798575296606e-01 0.000000000000000000e+00 2.665700326560782152e+00
-8.187538000000004956e+01 6.568053137810154762e-01 0.000000000000000000e+00 2.829782009736131698e+00
-8.324124600000004648e+01 6.677623077725282075e-01 0.000000000000000000e+00 2.908779254081296006e+00
-8.338861800000005076e+01 6.689445277842404058e-01 0.000000000000000000e+00 2.323794923773079724e+00
-8.323515600000006032e+01 6.677134537169999717e-01 0.000000000000000000e+00 2.367365331714144538e+00
-8.322721600000006958e+01 6.676497589385278486e-01 0.000000000000000000e+00 2.110118146279151841e+00
-8.323456200000001104e+01 6.677086886416327971e-01 0.000000000000000000e+00 2.450720598986957377e+00
-8.187584400000004337e+01 6.568090359947700296e-01 0.000000000000000000e+00 2.559077513650715563e+00
-8.325238000000007332e+01 6.678516248586126025e-01 0.000000000000000000e+00 2.204290654082798007e+00
-8.227417200000007824e+01 6.600044281508465893e-01 0.000000000000000000e+00 2.044193555053241962e+00
-8.321912800000006882e+01 6.675848769022202367e-01 0.000000000000000000e+00 1.959542241436953436e+00
-8.224150400000003458e+01 6.597423650496966330e-01 0.000000000000000000e+00 2.113583764815798904e+00
-8.328444000000003200e+01 6.681088105762214013e-01 0.000000000000000000e+00 2.328436340967773965e+00
-8.321205000000007601e+01 6.675280970984387441e-01 0.000000000000000000e+00 2.368287424266615204e+00
-8.260561000000001286e+01 6.626632278973504375e-01 0.000000000000000000e+00 1.781899623826757262e+00
-8.329544800000006433e+01 6.681971168887432810e-01 0.000000000000000000e+00 2.314933731472041067e+00
-8.343533799999998735e+01 6.693193162036628063e-01 0.000000000000000000e+00 2.465663146350021151e+00
-8.262336799999999926e+01 6.628056827935856488e-01 0.000000000000000000e+00 2.488367749092410097e+00
-8.297214600000002349e+01 6.656035842351414322e-01 0.000000000000000000e+00 2.315439366531727217e+00
-8.222025800000005802e+01 6.595719293742032807e-01 0.000000000000000000e+00 2.356152307727172435e+00
-8.232285400000006348e+01 6.603949557586020758e-01 0.000000000000000000e+00 1.879300253367478524e+00
-8.252921200000007218e+01 6.620503621938605976e-01 0.000000000000000000e+00 1.937265097928655866e+00
-8.352241200000004540e+01 6.700178249115577023e-01 0.000000000000000000e+00 2.320752928644956636e+00
-8.297451400000005606e+01 6.656225803605096969e-01 0.000000000000000000e+00 2.179873294113187310e+00
-8.150194400000003725e+01 6.538096055576505528e-01 0.000000000000000000e+00 1.988962985894048296e+00
-8.292739800000005346e+01 6.652446152241755506e-01 0.000000000000000000e+00 2.246481995916226548e+00
-8.308134600000003900e+01 6.664795879894434005e-01 0.000000000000000000e+00 2.360521356529167392e+00
-8.285006600000005506e+01 6.646242569611017226e-01 0.000000000000000000e+00 2.277541487374293627e+00
-8.301935800000003951e+01 6.659823194846662409e-01 0.000000000000000000e+00 2.006204756319450500e+00
-8.302041000000006932e+01 6.659907586417134207e-01 0.000000000000000000e+00 2.081228701653390800e+00
-8.316954400000004455e+01 6.671871134392777236e-01 0.000000000000000000e+00 2.122735193823042099e+00
-8.251791600000007065e+01 6.619597455417671750e-01 0.000000000000000000e+00 1.989055698024171370e+00
-8.270944200000005253e+01 6.634961694890785244e-01 0.000000000000000000e+00 1.944772436075020261e+00
-8.353994600000005732e+01 6.701584828770149604e-01 0.000000000000000000e+00 2.213528085052721472e+00
-8.307675800000008337e+01 6.664427829965432482e-01 0.000000000000000000e+00 2.245745460862797138e+00
-8.335979800000005469e+01 6.687133333868138241e-01 0.000000000000000000e+00 1.920258024643584527e+00
-8.235176800000000696e+01 6.606269042251939894e-01 0.000000000000000000e+00 1.830149589011120792e+00
-8.150753200000004028e+01 6.538544325629530585e-01 0.000000000000000000e+00 2.198532413936003849e+00
-8.302830600000004324e+01 6.660541004516397079e-01 0.000000000000000000e+00 2.649494119727138663e+00
-8.297897200000001305e+01 6.656583424917975611e-01 0.000000000000000000e+00 2.409282290888279832e+00
-8.289192400000007410e+01 6.649600423562260776e-01 0.000000000000000000e+00 2.285652607516388102e+00
-8.362645800000002794e+01 6.708524832139393101e-01 0.000000000000000000e+00 2.490012672280438988e+00
-8.239112800000000902e+01 6.609426506333380136e-01 0.000000000000000000e+00 2.159226012942058404e+00
-8.188080200000000275e+01 6.568488091322589595e-01 0.000000000000000000e+00 2.241664274144492985e+00
-8.260576000000001784e+01 6.626644311992108127e-01 0.000000000000000000e+00 2.384525357509553523e+00
-8.319098200000003374e+01 6.673590893411524005e-01 0.000000000000000000e+00 2.338562171587448280e+00
-8.252574600000001226e+01 6.620225578988746529e-01 0.000000000000000000e+00 2.392786859170322966e+00
-8.274625600000003089e+01 6.637914918536467201e-01 0.000000000000000000e+00 2.435219795788877040e+00
-8.243823000000004697e+01 6.613205034614987321e-01 0.000000000000000000e+00 2.662865171941567688e+00
-8.231615600000006339e+01 6.603412243195333486e-01 0.000000000000000000e+00 2.106683850252128121e+00
-8.349893200000003901e+01 6.698294680603579243e-01 0.000000000000000000e+00 2.677921148079101865e+00
-8.253449400000005198e+01 6.620927344633679157e-01 0.000000000000000000e+00 2.440053829420303799e+00
-8.332650000000008106e+01 6.684462164178512911e-01 0.000000000000000000e+00 2.664085739133511765e+00
-8.290705800000002057e+01 6.650814474919179986e-01 0.000000000000000000e+00 2.665547174755015014e+00
-8.249908800000005726e+01 6.618087070922616943e-01 0.000000000000000000e+00 2.342229499286800909e+00
-8.242275200000004531e+01 6.611963387535401138e-01 0.000000000000000000e+00 2.196733125057122926e+00
-8.335393800000001363e+01 6.686663243941376455e-01 0.000000000000000000e+00 2.691695961742448517e+00
-8.322746200000007377e+01 6.676517323535787751e-01 0.000000000000000000e+00 2.216427525345025185e+00
-8.235456400000001054e+01 6.606493337718700731e-01 0.000000000000000000e+00 2.555350247377396578e+00
-8.251267800000006503e+01 6.619177262408053597e-01 0.000000000000000000e+00 2.101881390015365891e+00
-8.198948200000003794e+01 6.577206414401119972e-01 0.000000000000000000e+00 1.940273902999941624e+00
-8.235545200000007071e+01 6.606564573188835610e-01 0.000000000000000000e+00 2.325721861414779656e+00
-8.312652200000000846e+01 6.668419904217173233e-01 0.000000000000000000e+00 2.243586351600238338e+00
-8.299892400000004500e+01 6.658183976832432460e-01 0.000000000000000000e+00 2.324585125105687933e+00
-8.256454999999999700e+01 6.623338440681229011e-01 0.000000000000000000e+00 2.223274061337959129e+00
-8.349281800000002818e+01 6.697804214765318287e-01 0.000000000000000000e+00 2.374131519523710487e+00
-8.266400200000006748e+01 6.631316492455302525e-01 0.000000000000000000e+00 2.363858036807154672e+00
-8.279357200000005435e+01 6.641710613924614037e-01 0.000000000000000000e+00 2.047511187526569909e+00
-8.249417600000006701e+01 6.617693029673429317e-01 0.000000000000000000e+00 2.230360182585908735e+00
-8.298950600000001998e+01 6.657428463704406774e-01 0.000000000000000000e+00 2.888227900777970980e+00
-8.288548000000004379e+01 6.649083485083071565e-01 0.000000000000000000e+00 2.836601088156975425e+00
-8.293328400000004308e+01 6.652918327891738093e-01 0.000000000000000000e+00 2.089183975667499471e+00
-8.235848200000006614e+01 6.606807640164616968e-01 0.000000000000000000e+00 2.017011707441370927e+00
-8.211408200000001045e+01 6.587201841854049000e-01 0.000000000000000000e+00 2.152057529758417243e+00
-8.360510600000007742e+01 6.706811972051315296e-01 0.000000000000000000e+00 2.304322565708265547e+00
-8.301635600000005866e+01 6.659582374034355157e-01 0.000000000000000000e+00 2.678888029162830975e+00
-8.253829800000009698e+01 6.621232501985455654e-01 0.000000000000000000e+00 2.293159492793708676e+00
-8.231772599999999329e+01 6.603538188790039065e-01 0.000000000000000000e+00 2.426090626044669740e+00
-8.292912000000005435e+01 6.652584291295319252e-01 0.000000000000000000e+00 2.279577879230000104e+00
-8.283490400000002296e+01 6.645026272090618358e-01 0.000000000000000000e+00 2.265703443017423879e+00
-8.325824400000006165e+01 6.678986659393381098e-01 0.000000000000000000e+00 2.640163926434963670e+00
-8.219008200000003228e+01 6.593298571279594400e-01 0.000000000000000000e+00 2.182955253703732001e+00
-8.273160200000002362e+01 6.636739372839072226e-01 0.000000000000000000e+00 2.436303468764749347e+00
-8.225443400000004601e+01 6.598460896700549805e-01 0.000000000000000000e+00 2.719722181304331521e+00
-8.253009000000002970e+01 6.620574055207492092e-01 0.000000000000000000e+00 2.338658292264989669e+00
-8.347773600000006411e+01 6.696594334854847341e-01 0.000000000000000000e+00 2.374438990987814524e+00
-8.225630800000003262e+01 6.598611229212962836e-01 0.000000000000000000e+00 2.278067225162504705e+00
-8.240754600000006747e+01 6.610743560329549462e-01 0.000000000000000000e+00 2.519938893255432522e+00
-8.227806800000003307e+01 6.600356819111645734e-01 0.000000000000000000e+00 2.109802668779211299e+00
-8.218454400000005933e+01 6.592854312232772074e-01 0.000000000000000000e+00 1.815104332383783881e+00
-8.304248800000004849e+01 6.661678686315253284e-01 0.000000000000000000e+00 2.108887849429340378e+00
-8.277495200000007003e+01 6.640216915215356730e-01 0.000000000000000000e+00 2.253856762250749490e+00
-8.203557200000007299e+01 6.580903759917219320e-01 0.000000000000000000e+00 2.601095753719221193e+00
-8.270885600000005411e+01 6.634914685898108955e-01 0.000000000000000000e+00 2.456459062496505918e+00
-8.227291400000004273e+01 6.599943364592445461e-01 0.000000000000000000e+00 2.630235703422717286e+00
-8.193200000000008743e+01 6.572595201232188655e-01 0.000000000000000000e+00 2.413892169518060182e+00
-8.250107000000005542e+01 6.618246067208424233e-01 0.000000000000000000e+00 2.237378825949705163e+00
-8.228324400000003891e+01 6.600772038473574632e-01 0.000000000000000000e+00 2.689069779543953764e+00
-8.238061200000005613e+01 6.608582911509185420e-01 0.000000000000000000e+00 2.274484908866758470e+00
-8.308648000000003719e+01 6.665207730011153409e-01 0.000000000000000000e+00 2.278655189431527450e+00
-8.216750600000005988e+01 6.591487521759713530e-01 0.000000000000000000e+00 2.087349300569958821e+00
-8.310931600000003527e+01 6.667039636763281152e-01 0.000000000000000000e+00 2.325837382849150092e+00
-8.311904400000001658e+01 6.667820018129749782e-01 0.000000000000000000e+00 2.500299892732869456e+00
-8.246525000000006855e+01 6.615372582366018106e-01 0.000000000000000000e+00 1.847650730555212784e+00
-8.299063600000008023e+01 6.657519112444554299e-01 0.000000000000000000e+00 2.336613269502714196e+00
-8.264985799999998051e+01 6.630181859021152535e-01 0.000000000000000000e+00 2.206010914612595020e+00
-8.284540800000006300e+01 6.645868904273330990e-01 0.000000000000000000e+00 2.991929068045928286e+00
-8.225622600000006912e+01 6.598604651162796042e-01 0.000000000000000000e+00 1.886568047889386923e+00
-8.227445600000004333e+01 6.600067064023684704e-01 0.000000000000000000e+00 2.779383118255639218e+00
-8.254062200000004168e+01 6.621418933553674391e-01 0.000000000000000000e+00 2.696825545740320518e+00
-8.312255400000002226e+01 6.668101590765060926e-01 0.000000000000000000e+00 2.694008258347484031e+00
-8.250420600000003901e+01 6.618497637517350984e-01 0.000000000000000000e+00 2.235188050924113767e+00
-8.276094000000001927e+01 6.639092870837579596e-01 0.000000000000000000e+00 2.804647955293376071e+00
-8.227450800000002573e+01 6.600071235470131858e-01 0.000000000000000000e+00 2.383546958753239409e+00
-8.307741000000002884e+01 6.664480133486289093e-01 0.000000000000000000e+00 2.047068407590116657e+00
-8.334199000000008084e+01 6.685704773899586728e-01 0.000000000000000000e+00 2.209612885401723847e+00
-8.289492200000005084e+01 6.649840923494072520e-01 0.000000000000000000e+00 2.025206532806274495e+00
-8.193749200000004862e+01 6.573035770153304869e-01 0.000000000000000000e+00 2.442012285712690023e+00
-8.223915800000003173e+01 6.597235454086014528e-01 0.000000000000000000e+00 1.939564763485235099e+00
-8.248468600000005324e+01 6.616931740696475606e-01 0.000000000000000000e+00 2.019060780000784039e+00
-8.247593200000004288e+01 6.616229493730800826e-01 0.000000000000000000e+00 2.729056402764645117e+00
-8.348835600000001023e+01 6.697446272571938586e-01 0.000000000000000000e+00 2.627011958627465837e+00
-8.210451600000004646e+01 6.586434456147672867e-01 0.000000000000000000e+00 2.866443001165963178e+00
-8.259678200000004722e+01 6.625924095718656037e-01 0.000000000000000000e+00 2.166893813006176561e+00
-8.276904600000010248e+01 6.639743135162895493e-01 0.000000000000000000e+00 2.378606573139370184e+00
-8.322974000000004935e+01 6.676700064978304816e-01 0.000000000000000000e+00 2.596174648916510730e+00
-8.292291600000005758e+01 6.652086605645897155e-01 0.000000000000000000e+00 2.152216152671990290e+00
-8.261023600000007150e+01 6.627003377267227657e-01 0.000000000000000000e+00 2.677325084856906123e+00
-8.317581400000004521e+01 6.672374114570385206e-01 0.000000000000000000e+00 2.286411069778145233e+00
-8.281036400000007802e+01 6.643057670247164426e-01 0.000000000000000000e+00 2.458388674118546113e+00
-8.295014800000005550e+01 6.654271160063217616e-01 0.000000000000000000e+00 2.319571343997625323e+00
-8.311950000000001637e+01 6.667856598506303190e-01 0.000000000000000000e+00 1.876732156777526361e+00
-8.241493600000003994e+01 6.611336387046057306e-01 0.000000000000000000e+00 2.234533216865833172e+00
-8.299784600000002399e+01 6.658097499538736530e-01 0.000000000000000000e+00 2.641421368648235291e+00
-8.274349000000006527e+01 6.637693029673429335e-01 0.000000000000000000e+00 2.512004597302458286e+00
-8.263031600000005028e+01 6.628614197357552973e-01 0.000000000000000000e+00 2.354286834078453960e+00
-8.286336400000006108e+01 6.647309336820239611e-01 0.000000000000000000e+00 2.155898908516216572e+00
-8.304112400000001060e+01 6.661569266066086348e-01 0.000000000000000000e+00 2.275304519928723845e+00
-8.246501200000002996e+01 6.615353489976497636e-01 0.000000000000000000e+00 2.319181144905426706e+00
-8.267984800000003531e+01 6.632587660540526509e-01 0.000000000000000000e+00 2.317067487997566122e+00
-8.252238400000007346e+01 6.619955878931794713e-01 0.000000000000000000e+00 2.135946260376455186e+00
-8.220904200000001083e+01 6.594819544831017621e-01 0.000000000000000000e+00 2.161508264899369980e+00
-8.265692400000003204e+01 6.630748694417484268e-01 0.000000000000000000e+00 2.603698870822667377e+00
-8.307320800000000816e+01 6.664143048525154045e-01 0.000000000000000000e+00 2.188139541451743497e+00
-8.186573200000003681e+01 6.567279174053606283e-01 0.000000000000000000e+00 2.061630405152801604e+00
-8.217957400000004498e+01 6.592455618216389590e-01 0.000000000000000000e+00 2.274184141448567953e+00
-8.270894400000003088e+01 6.634921745269021232e-01 0.000000000000000000e+00 2.776877297708577164e+00
-8.244502200000009395e+01 6.613749889697336792e-01 0.000000000000000000e+00 2.374804262410617373e+00
-8.270704400000006729e+01 6.634769327033385178e-01 0.000000000000000000e+00 2.392605231120219056e+00
-8.312245600000007073e+01 6.668093729192910990e-01 0.000000000000000000e+00 2.165141860671563556e+00
-8.275855000000004225e+01 6.638901144741173876e-01 0.000000000000000000e+00 2.171576308243679865e+00
-8.272935600000002410e+01 6.636559198440522556e-01 0.000000000000000000e+00 2.469366587507612287e+00
-8.390761800000001358e+01 6.731079522208942567e-01 0.000000000000000000e+00 2.741177066660202666e+00
-8.326451000000002978e+01 6.679489318690489119e-01 0.000000000000000000e+00 2.623331006486973482e+00
-8.341183400000005577e+01 6.691307668241659456e-01 0.000000000000000000e+00 2.302118194063541790e+00
-8.322861200000009774e+01 6.676609576678413926e-01 0.000000000000000000e+00 2.373902386464238123e+00
-8.323408000000004847e+01 6.677048220316552651e-01 0.000000000000000000e+00 2.198213816678983079e+00
-8.304632800000003101e+01 6.661986731591489352e-01 0.000000000000000000e+00 2.118684081306082767e+00
-8.218663200000007407e+01 6.593021811851726977e-01 0.000000000000000000e+00 2.409774293420087865e+00
-8.360946800000003520e+01 6.707161892232288425e-01 0.000000000000000000e+00 2.378592317295031400e+00
-8.334423000000006709e+01 6.685884466977392027e-01 0.000000000000000000e+00 2.797869175268778541e+00
-8.373643000000004122e+01 6.717346799618155728e-01 0.000000000000000000e+00 2.612187465603215131e+00
-8.280991200000003971e+01 6.643021410751104305e-01 0.000000000000000000e+00 2.044628354724999042e+00
-8.305874400000008961e+01 6.662982744651330114e-01 0.000000000000000000e+00 2.136453484392706770e+00
-8.315806200000005788e+01 6.670950046928777466e-01 0.000000000000000000e+00 1.923032966345746830e+00
-8.321757000000006599e+01 6.675723786068978871e-01 0.000000000000000000e+00 2.636026031872043429e+00
-8.380905999999997391e+01 6.723173187225746084e-01 0.000000000000000000e+00 2.717546080751916282e+00
-8.426396000000003994e+01 6.759665321642590596e-01 0.000000000000000000e+00 2.681081486447156603e+00
-8.321612800000002608e+01 6.675608108650138428e-01 0.000000000000000000e+00 2.717504312062221317e+00
-8.261054600000004200e+01 6.627028245505670601e-01 0.000000000000000000e+00 2.551185804043194061e+00
-8.345016800000001922e+01 6.694382826475850923e-01 0.000000000000000000e+00 2.497204285963474213e+00
-8.367288800000001459e+01 6.712249452497655033e-01 0.000000000000000000e+00 2.670540485274639497e+00
-8.312529200000001595e+01 6.668321233464628017e-01 0.000000000000000000e+00 2.619545959334683705e+00
-8.288924600000004261e+01 6.649385594070131855e-01 0.000000000000000000e+00 2.569205045602136028e+00
-8.316138800000005915e+01 6.671216859061268600e-01 0.000000000000000000e+00 1.755406492236444072e+00
-8.340039400000009095e+01 6.690389950022870291e-01 0.000000000000000000e+00 2.451509761735169324e+00
-8.354108600000004969e+01 6.701676279711532569e-01 0.000000000000000000e+00 2.062685989851900104e+00
-8.211130200000006596e+01 6.586978829909276856e-01 0.000000000000000000e+00 2.767953089678837575e+00
-8.328775600000004431e+01 6.681354115693466378e-01 0.000000000000000000e+00 2.161468099770910811e+00
-8.357173000000004492e+01 6.704134545192010908e-01 0.000000000000000000e+00 2.553072902040071757e+00
-8.287147199999999714e+01 6.647959761585791050e-01 0.000000000000000000e+00 2.614889598692359929e+00
-8.334651600000002247e+01 6.686067850180897887e-01 0.000000000000000000e+00 2.001343887517847531e+00
-8.271904600000003427e+01 6.635732128961874254e-01 0.000000000000000000e+00 2.708066182420155954e+00
-8.332042400000005955e+01 6.683974746704963721e-01 0.000000000000000000e+00 2.260389158106374641e+00
-8.377492400000004125e+01 6.720434793072193047e-01 0.000000000000000000e+00 2.831959686236491525e+00
-8.273279000000005112e+01 6.636834674346411278e-01 0.000000000000000000e+00 1.884323043863859848e+00
-8.334475400000006573e+01 6.685926502322377951e-01 0.000000000000000000e+00 2.071827624914190480e+00
-8.406334600000005253e+01 6.743572041682380780e-01 0.000000000000000000e+00 2.355145696641310238e+00
-8.177118199999999604e+01 6.559694361327482737e-01 0.000000000000000000e+00 2.731291419134615595e+00
-8.302421400000005747e+01 6.660212743768906263e-01 0.000000000000000000e+00 2.319800695941987456e+00
-8.272213000000000704e+01 6.635979527824350521e-01 0.000000000000000000e+00 2.289517870710563230e+00
-8.298859800000001030e+01 6.657355623831795466e-01 0.000000000000000000e+00 2.245929623279240950e+00
-8.360696800000000906e+01 6.706961341922235142e-01 0.000000000000000000e+00 2.251945389244014439e+00
-8.383887600000002749e+01 6.725565030443539927e-01 0.000000000000000000e+00 2.317662660593010848e+00
-8.290376600000001872e+01 6.650550390270905110e-01 0.000000000000000000e+00 2.306600748936394218e+00
-8.265292800000001705e+01 6.630428134801897855e-01 0.000000000000000000e+00 1.996464853770131942e+00
-8.379298400000003255e+01 6.721883568511999307e-01 0.000000000000000000e+00 2.473555934878719498e+00
-8.395237800000008122e+01 6.734670174960096789e-01 0.000000000000000000e+00 3.125046030451455792e+00
-8.340255400000000918e+01 6.690563225490747667e-01 0.000000000000000000e+00 2.219496387477177812e+00
-8.308319600000002936e+01 6.664944287123870659e-01 0.000000000000000000e+00 2.258833493173594942e+00
-8.357947400000003313e+01 6.704755769832423384e-01 0.000000000000000000e+00 2.132998443914438713e+00
-8.378218000000006782e+01 6.721016870292086942e-01 0.000000000000000000e+00 2.396977209450740443e+00
-8.323728000000004101e+01 6.677304924713417522e-01 0.000000000000000000e+00 2.643477206830105786e+00
-8.291370000000001994e+01 6.651347296982922375e-01 0.000000000000000000e+00 2.119223235532349481e+00
-8.348337400000004038e+01 6.697046615914071799e-01 0.000000000000000000e+00 2.284453044217885420e+00
-8.331378600000003587e+01 6.683442245521714620e-01 0.000000000000000000e+00 3.174515789276795008e+00
-8.316306199999998228e+01 6.671351147548872929e-01 0.000000000000000000e+00 2.050128269097701850e+00
-8.306575800000005927e+01 6.663545408601206921e-01 0.000000000000000000e+00 1.980427599842564890e+00
-8.355074000000006151e+01 6.702450724788825420e-01 0.000000000000000000e+00 2.910286486852377674e+00
-8.337174200000002600e+01 6.688091483029434681e-01 0.000000000000000000e+00 2.360340455548091132e+00
-8.437243000000003690e+01 6.768366798495073500e-01 0.000000000000000000e+00 2.771155648275587691e+00
-8.324738400000003935e+01 6.678115468846518299e-01 0.000000000000000000e+00 2.456645405883084443e+00
-8.364542400000004818e+01 6.710046287011564026e-01 0.000000000000000000e+00 2.749410284212476796e+00
-8.373343000000005532e+01 6.717106139246096230e-01 0.000000000000000000e+00 2.199890521862807979e+00
-8.368282600000000571e+01 6.713046680090167806e-01 0.000000000000000000e+00 2.208733696474844521e+00
-8.254747600000004581e+01 6.621968762283710896e-01 0.000000000000000000e+00 1.943128282914595939e+00
-8.316559400000004132e+01 6.671554264902896936e-01 0.000000000000000000e+00 2.013217968088488519e+00
-8.439360200000005818e+01 6.770065218960833464e-01 0.000000000000000000e+00 2.594626130751750193e+00
-8.290048600000004342e+01 6.650287268264120089e-01 0.000000000000000000e+00 2.210686847379284892e+00
-8.408895800000006204e+01 6.745626639498789601e-01 0.000000000000000000e+00 2.616938482125303000e+00
-8.350226400000002513e+01 6.698561974056813639e-01 0.000000000000000000e+00 2.022435409939654427e+00
-8.333865600000002871e+01 6.685437320006099027e-01 0.000000000000000000e+00 2.394144950605349376e+00
-8.364107200000003672e+01 6.709697169031826336e-01 0.000000000000000000e+00 2.316039671773409747e+00
-8.448217800000004729e+01 6.777170796666055486e-01 0.000000000000000000e+00 2.667888950469333498e+00
-8.402198200000006523e+01 6.740253816472405735e-01 0.000000000000000000e+00 2.609245802265938607e+00
-8.417916000000003862e+01 6.752862655125667635e-01 0.000000000000000000e+00 2.648152936472796704e+00
-8.360854200000002834e+01 6.707087608397445111e-01 0.000000000000000000e+00 2.130823452397895945e+00
-8.381030400000004477e+01 6.723272981060032238e-01 0.000000000000000000e+00 2.182857630246011649e+00
-8.410497200000008888e+01 6.746911284564853784e-01 0.000000000000000000e+00 2.758790191299823835e+00
-8.368578000000002248e+01 6.713283650336525632e-01 0.000000000000000000e+00 2.420568100027074898e+00
-8.376256000000003610e+01 6.719442951458806101e-01 0.000000000000000000e+00 2.461092586801252757e+00
-8.316176600000007113e+01 6.671247182268149611e-01 0.000000000000000000e+00 2.012350663671667483e+00
-8.368844800000005080e+01 6.713497677627413562e-01 0.000000000000000000e+00 2.486284741182792413e+00
-8.345740000000000691e+01 6.694962978412765109e-01 0.000000000000000000e+00 2.503226916997298268e+00
-8.390993200000005459e+01 6.731265151575929195e-01 0.000000000000000000e+00 2.309059956738702901e+00
-8.418943200000005334e+01 6.753686676239606390e-01 0.000000000000000000e+00 2.323222666243047296e+00
-8.299339600000003259e+01 6.657740519986846683e-01 0.000000000000000000e+00 2.571426710693634821e+00
-8.357101800000002356e+01 6.704077428463706134e-01 0.000000000000000000e+00 2.136913978803087755e+00
-8.342139600000007249e+01 6.692074733067543413e-01 0.000000000000000000e+00 2.289419580977155366e+00
-8.393322200000010014e+01 6.733133478264365923e-01 0.000000000000000000e+00 2.031868012474523422e+00
-8.337563000000001523e+01 6.688403378871624616e-01 0.000000000000000000e+00 2.564281845297278206e+00
-8.370212600000000691e+01 6.714594928483760272e-01 0.000000000000000000e+00 2.481058273660047053e+00
-8.390459800000002133e+01 6.730837257434402199e-01 0.000000000000000000e+00 2.320068623940667152e+00
-8.371321800000004032e+01 6.715484730099395838e-01 0.000000000000000000e+00 2.629531169349741404e+00
-8.395187000000008481e+01 6.734629423137095117e-01 0.000000000000000000e+00 2.453081191156142093e+00
-8.381837200000005339e+01 6.723920197020628597e-01 0.000000000000000000e+00 2.577842544034515182e+00
-8.421627200000001778e+01 6.755839784368308232e-01 0.000000000000000000e+00 2.209320198662517054e+00
-8.317274600000003204e+01 6.672127999229889861e-01 0.000000000000000000e+00 2.406638468206329318e+00
-8.428280600000000788e+01 6.761177150099875188e-01 0.000000000000000000e+00 2.507640209956345068e+00
-8.354035600000007378e+01 6.701617719021000230e-01 0.000000000000000000e+00 2.552224529811139675e+00
-8.309025600000006762e+01 6.665510641199456909e-01 0.000000000000000000e+00 2.063661040619243270e+00
-8.288231000000007498e+01 6.648829187289929665e-01 0.000000000000000000e+00 2.054371069404960171e+00
-8.386141200000002982e+01 6.727372871158461276e-01 0.000000000000000000e+00 2.443915363612457536e+00
-8.350845200000003388e+01 6.699058376184252594e-01 0.000000000000000000e+00 2.435160121028279168e+00
-8.345390400000003694e+01 6.694682528859192683e-01 0.000000000000000000e+00 1.996107948636570928e+00
-8.420586400000006222e+01 6.755004853317508884e-01 0.000000000000000000e+00 2.339844372944491546e+00
-8.325189200000008327e+01 6.678477101165605223e-01 0.000000000000000000e+00 2.465857273007592720e+00
-8.324747200000007297e+01 6.678122528217435017e-01 0.000000000000000000e+00 2.319445285567959925e+00
-8.436393000000005316e+01 6.767684927440902332e-01 0.000000000000000000e+00 2.239805787824407979e+00
-8.398017400000004784e+01 6.736899973527362695e-01 0.000000000000000000e+00 2.605322642057248395e+00
-8.333568800000003307e+01 6.685199226678006923e-01 0.000000000000000000e+00 2.456702677639114096e+00
-8.436812600000006057e+01 6.768021531081291897e-01 0.000000000000000000e+00 2.903334958306611036e+00
-8.297271000000006325e+01 6.656081086501365318e-01 0.000000000000000000e+00 2.307782226193657582e+00
-8.372037600000003010e+01 6.716058945747133135e-01 0.000000000000000000e+00 2.756578696523147354e+00
-8.397614800000005175e+01 6.736577007308057752e-01 0.000000000000000000e+00 2.342177335214375766e+00
-8.318945200000004547e+01 6.673468156621773506e-01 0.000000000000000000e+00 2.105280394026103785e+00
-8.423915800000004594e+01 6.757675702126639816e-01 0.000000000000000000e+00 2.853172411675017894e+00
-8.324400000000002819e+01 6.677844003946832308e-01 0.000000000000000000e+00 2.001447049239397646e+00
-8.397795000000002119e+01 6.736721563971539428e-01 0.000000000000000000e+00 2.334813912317534879e+00
-8.372391200000002698e+01 6.716342604105668412e-01 0.000000000000000000e+00 2.121316764752544159e+00
-8.363373000000005675e+01 6.709108192881271249e-01 0.000000000000000000e+00 2.298748478009613461e+00
-8.432042200000006460e+01 6.764194710285027501e-01 0.000000000000000000e+00 2.751211151753226059e+00
-8.402386400000007427e+01 6.740404790745813113e-01 0.000000000000000000e+00 2.131578372257221687e+00
-8.404146800000002315e+01 6.741816985809062635e-01 0.000000000000000000e+00 2.001056115139042024e+00
-8.353561600000004717e+01 6.701237475633141649e-01 0.000000000000000000e+00 2.592337424052943984e+00
-8.295116600000005747e+01 6.654352824149470935e-01 0.000000000000000000e+00 2.328941908631860791e+00
-8.374631000000002246e+01 6.718139374443474754e-01 0.000000000000000000e+00 2.205909503601815480e+00
-8.395294400000005908e+01 6.734715579550291098e-01 0.000000000000000000e+00 2.338899431435150778e+00
-8.414740000000003306e+01 6.750314863986782710e-01 0.000000000000000000e+00 2.518780889496530229e+00
-8.374270800000003590e+01 6.717850421556754714e-01 0.000000000000000000e+00 2.111237189000369163e+00
-8.271283800000004760e+01 6.635234122431957760e-01 0.000000000000000000e+00 1.828077702235356483e+00
-8.302423000000004549e+01 6.660214027290890515e-01 0.000000000000000000e+00 2.111093746752085831e+00
-8.293189800000004652e+01 6.652807142799846973e-01 0.000000000000000000e+00 2.273815735628531343e+00
-8.276590400000003456e+01 6.639491083533217708e-01 0.000000000000000000e+00 2.523166936506339830e+00
-8.330730600000003960e+01 6.682922419118063617e-01 0.000000000000000000e+00 2.112816753890215615e+00
-8.301739000000003443e+01 6.659665321642590508e-01 0.000000000000000000e+00 2.117407597998223867e+00
-8.452426000000005502e+01 6.780546619925078566e-01 0.000000000000000000e+00 2.427340300856395849e+00
-8.301922000000007529e+01 6.659812124469550731e-01 0.000000000000000000e+00 2.239338733472968634e+00
-8.429802400000005491e+01 6.762397939947220049e-01 0.000000000000000000e+00 2.525023116250621147e+00
-8.310460000000007597e+01 6.666661318658404500e-01 0.000000000000000000e+00 2.129664108195790551e+00
-8.354648000000005936e+01 6.702108987060498846e-01 0.000000000000000000e+00 2.284791617313371770e+00
