9.157999999999999474e-01
-9.194999999999999840e-01
-5.545999999999999819e-01
4.238999999999999990e-01
-3.361999999999999988e-01
-3.422999999999999932e-01
4.020000000000000240e-01
-2.997000000000000219e-01
-3.966999999999999971e-01
-9.349999999999999978e-02
-9.874000000000000554e-01
-6.643000000000000016e-01
3.226999999999999869e-01
-6.997999999999999776e-01
-6.886999999999999789e-01
4.343000000000000194e-01
8.677000000000000268e-01
-7.789000000000000368e-01
8.837000000000000410e-01
4.452999999999999736e-01
-3.901000000000000023e-01
-2.570999999999999952e-01
1.711999999999999911e-01
-6.774999999999999911e-01
-8.769000000000000128e-01
1.087999999999999939e-01
6.277000000000000357e-01
4.924000000000000044e-01
3.279000000000000248e-01
-6.602999999999999980e-01
1.236000000000000015e-01
9.828000000000000069e-01
-6.205000000000000515e-01
1.643999999999999906e-01
1.870000000000000134e-02
-5.002999999999999670e-01
9.977000000000000313e-01
-6.081999999999999629e-01
-4.234999999999999876e-01
-8.286999999999999922e-01
5.000000000000000104e-04
-4.425999999999999934e-01
-8.451999999999999513e-01
5.673000000000000265e-01
6.832000000000000295e-01
-5.439000000000000501e-01
-2.874999999999999778e-01
-3.575999999999999734e-01
4.827000000000000179e-01
-9.140000000000000346e-01
1.913999999999999868e-01
-8.790000000000000591e-02
-6.516999999999999460e-01
-6.965999999999999970e-01
7.375000000000000444e-01
-9.789999999999999813e-01
-2.429000000000000048e-01
9.848999999999999977e-01
-5.990000000000000185e-02
4.781000000000000250e-01
-5.943000000000000504e-01
-6.942000000000000393e-01
-7.089999999999999636e-01
-4.671000000000000152e-01
-7.268000000000000016e-01
3.735999999999999877e-01
9.069000000000000394e-01
3.195000000000000062e-01
9.252000000000000224e-01
8.430999999999999606e-01
4.275999999999999801e-01
-8.758000000000000229e-01
-2.290000000000000022e-02
3.135000000000000009e-01
-8.857000000000000428e-01
2.086000000000000076e-01
9.356999999999999762e-01
3.822999999999999732e-01
-3.408999999999999808e-01
-7.409999999999999920e-02
-9.301000000000000378e-01
-7.039999999999999591e-01
5.279000000000000359e-01
-3.116999999999999771e-01
-2.290999999999999981e-01
6.870000000000000551e-01
7.238999999999999879e-01
-1.900999999999999912e-01
-5.672000000000000375e-01
-1.899999999999999953e-02
5.526999999999999691e-01
6.714999999999999858e-01
-4.496999999999999886e-01
8.391999999999999460e-01
7.584999999999999520e-01
2.389999999999999902e-01
1.572000000000000064e-01
8.598999999999999977e-01
-7.752999999999999892e-01
-1.058999999999999941e-01
-3.381000000000000116e-01
-8.972999999999999865e-01
-8.578999999999999959e-01
-4.297000000000000264e-01
-6.992000000000000437e-01
-1.928999999999999881e-01
-9.966000000000000414e-01
-3.296000000000000041e-01
4.974000000000000088e-01
7.917999999999999483e-01
-7.227999999999999980e-01
9.650999999999999579e-01
1.267000000000000071e-01
3.837999999999999745e-01
5.460000000000000409e-01
-6.370000000000000662e-02
6.126000000000000334e-01
-2.847999999999999976e-01
-2.277000000000000135e-01
-3.598000000000000087e-01
8.690000000000000502e-02
2.258000000000000007e-01
3.919000000000000261e-01
5.496999999999999664e-01
7.671000000000000041e-01
3.438999999999999835e-01
-6.700000000000000400e-02
7.176000000000000156e-01
-2.515999999999999903e-01
-3.371999999999999997e-01
1.305999999999999939e-01
3.971000000000000085e-01
4.294000000000000039e-01
4.757000000000000117e-01
7.227000000000000091e-01
-2.853999999999999870e-01
6.773000000000000131e-01
-9.888000000000000123e-01
-9.530999999999999472e-01
5.773000000000000353e-01
