4.265999999999999792e-01
7.239999999999999769e-01
-2.795000000000000262e-01
8.310999999999999499e-01
-9.453000000000000291e-01
7.552999999999999714e-01
3.649999999999999772e-02
-7.064000000000000279e-01
1.006999999999999978e-01
2.743999999999999773e-01
9.479999999999999538e-01
2.394000000000000017e-01
4.137000000000000122e-01
5.805000000000000160e-01
3.436000000000000165e-01
4.823999999999999955e-01
6.915000000000000036e-01
9.815000000000000391e-01
2.576999999999999846e-01
2.240000000000000047e-01
2.475999999999999868e-01
3.119999999999999996e-01
2.091000000000000081e-01
-6.595999999999999641e-01
2.851000000000000201e-01
6.583999999999999853e-01
1.303999999999999881e-01
6.200999999999999845e-01
-3.155999999999999917e-01
-8.386000000000000121e-01
-4.707000000000000073e-01
-2.978999999999999981e-01
-5.449000000000000510e-01
-1.839000000000000079e-01
7.198999999999999844e-01
-7.849000000000000421e-01
-9.900000000000000813e-03
-8.962999999999999856e-01
-7.786999999999999478e-01
-7.889999999999999791e-02
-8.690000000000000502e-02
-6.011999999999999567e-01
1.527999999999999914e-01
5.958999999999999853e-01
-3.408999999999999808e-01
-8.319999999999999618e-02
7.558000000000000274e-01
-9.780999999999999694e-01
-5.934000000000000385e-01
1.137999999999999984e-01
-6.395999999999999464e-01
-7.203000000000000513e-01
-5.341000000000000192e-01
-7.354000000000000536e-01
-5.020999999999999908e-01
-2.215999999999999914e-01
-8.657000000000000250e-01
-2.629000000000000226e-01
4.137000000000000122e-01
7.446000000000000396e-01
5.977000000000000091e-01
-7.407000000000000250e-01
4.454000000000000181e-01
-6.863000000000000211e-01
4.290999999999999814e-01
1.320000000000000062e-01
4.944000000000000061e-01
4.804999999999999827e-01
-8.135000000000000009e-01
-1.666999999999999871e-01
5.703000000000000291e-01
6.933000000000000274e-01
3.479999999999999760e-01
-6.082999999999999519e-01
8.069999999999999396e-02
-9.251000000000000334e-01
-6.650000000000000355e-02
7.810000000000000275e-01
-3.256999999999999895e-01
9.059000000000000385e-01
-6.447000000000000508e-01
1.532999999999999918e-01
-1.423999999999999988e-01
5.610000000000000542e-01
-2.520000000000000018e-02
9.735000000000000320e-01
-7.327000000000000179e-01
-6.751000000000000334e-01
-1.569999999999999868e-02
-8.471999999999999531e-01
-6.314999999999999503e-01
-9.857000000000000206e-01
2.051999999999999935e-01
-5.554999999999999938e-01
-2.214000000000000135e-01
5.138000000000000345e-01
3.380000000000000226e-01
8.950000000000000178e-01
5.129999999999999838e-02
-9.523000000000000353e-01
-8.973999999999999755e-01
-2.805000000000000271e-01
4.440000000000000197e-02
-7.495000000000000551e-01
-3.760000000000000009e-01
-4.195999999999999730e-01
-4.183999999999999941e-01
3.703000000000000180e-01
-4.321999999999999731e-01
-6.035000000000000364e-01
4.769999999999999796e-01
-2.409000000000000030e-01
-1.423999999999999988e-01
1.389999999999999916e-02
-7.131999999999999451e-01
-4.848999999999999977e-01
-3.151999999999999802e-01
-7.864999999999999769e-01
-2.086000000000000076e-01
-4.183000000000000052e-01
9.693000000000000504e-01
-2.247000000000000108e-01
6.290000000000000036e-01
-3.178000000000000269e-01
-7.608000000000000318e-01
3.391000000000000125e-01
-9.141000000000000236e-01
-1.887000000000000066e-01
-7.129999999999999671e-01
-6.431000000000000050e-01
1.174000000000000044e-01
-4.989000000000000101e-01
7.489999999999999991e-01
-4.591000000000000081e-01
2.390000000000000110e-02
2.472999999999999921e-01
4.013999999999999790e-01
-8.023000000000000131e-01
-2.407999999999999863e-01
3.775000000000000022e-01
