-7.009852600000006362e+01 6.759944222054860008e-01 0.000000000000000000e+00 1.882514526141923383e+00
-6.913039200000001472e+01 6.666582318275667829e-01 0.000000000000000000e+00 2.143816578242522031e+00
-7.061298600000006331e+01 6.809556119806866592e-01 0.000000000000000000e+00 2.333538985094000484e+00
-7.083001000000007252e+01 6.830484807163962335e-01 0.000000000000000000e+00 2.480236683781561258e+00
-7.092601800000002754e+01 6.839743328874828832e-01 0.000000000000000000e+00 2.416276133142054139e+00
-7.012338400000007255e+01 6.762341400755478293e-01 0.000000000000000000e+00 2.666113522809764103e+00
-7.028576400000004298e+01 6.778000499532776946e-01 0.000000000000000000e+00 2.349998040296625401e+00
-7.079949200000001497e+01 6.827541806939263491e-01 0.000000000000000000e+00 2.163761889086372125e+00
-7.085522600000004445e+01 6.832916509558148999e-01 0.000000000000000000e+00 2.602546994059256047e+00
-7.085787400000003800e+01 6.833171869168706003e-01 0.000000000000000000e+00 2.559657022582628727e+00
-7.044831000000002064e+01 6.793675606503185582e-01 0.000000000000000000e+00 2.313169937356723604e+00
-7.106869200000001285e+01 6.853502081547280245e-01 0.000000000000000000e+00 2.468536407977632852e+00
-7.036558200000006025e+01 6.785697740241035669e-01 0.000000000000000000e+00 2.392224540674653621e+00
-7.024776200000002291e+01 6.774335780529603390e-01 0.000000000000000000e+00 1.964979285098101602e+00
-7.095105800000004592e+01 6.842158058726929282e-01 0.000000000000000000e+00 2.027869605772560480e+00
-6.971407600000001992e+01 6.722869825423906098e-01 0.000000000000000000e+00 2.630569637166793484e+00
-7.130405600000000277e+01 6.876199384938219694e-01 0.000000000000000000e+00 2.492050713458392686e+00
-7.098749000000005083e+01 6.845671374939853449e-01 0.000000000000000000e+00 3.036403030750614018e+00
-7.097127800000005493e+01 6.844107972369478654e-01 0.000000000000000000e+00 2.052266975543155958e+00
-7.158491200000005961e+01 6.903283704720204472e-01 0.000000000000000000e+00 2.586570959150982230e+00
-7.063280800000008242e+01 6.811467652359914915e-01 0.000000000000000000e+00 2.078145675262473624e+00
-7.206493600000003141e+01 6.949574770316183647e-01 0.000000000000000000e+00 2.616254555523404246e+00
-7.225486200000007386e+01 6.967890264800594702e-01 0.000000000000000000e+00 2.510435202754351725e+00
-7.259226800000004687e+01 7.000427978078423985e-01 0.000000000000000000e+00 2.081614948183503788e+00
-7.071323400000002835e+01 6.819223525486299842e-01 0.000000000000000000e+00 2.071184174839372005e+00
-7.169802600000005555e+01 6.914191841800483296e-01 0.000000000000000000e+00 2.134902202979534369e+00
-7.243195000000004313e+01 6.984967728061305392e-01 0.000000000000000000e+00 2.713011139291395146e+00
-7.205269000000002677e+01 6.948393828552253959e-01 0.000000000000000000e+00 2.103779148906494090e+00
-7.170529200000002845e+01 6.914892537771141212e-01 0.000000000000000000e+00 2.362030914690904648e+00
-7.109120400000006157e+01 6.855673023976615044e-01 0.000000000000000000e+00 2.464123373449430332e+00
-7.319337000000004423e+01 7.058395188284320998e-01 0.000000000000000000e+00 2.698939417342458569e+00
-7.328864000000002932e+01 7.067582541040284827e-01 0.000000000000000000e+00 2.215127056391933635e+00
-7.180714800000004061e+01 6.924715010766960832e-01 0.000000000000000000e+00 1.992613233895366820e+00
-7.355275399999996466e+01 7.093052347755811615e-01 0.000000000000000000e+00 2.085907250493321374e+00
-7.393465000000001908e+01 7.129880449656645913e-01 0.000000000000000000e+00 2.311618651813949210e+00
-7.331099200000005567e+01 7.069738053885897822e-01 0.000000000000000000e+00 2.008099094383702710e+00
-7.292560600000004456e+01 7.032573394190188010e-01 0.000000000000000000e+00 1.967444705771084879e+00
-7.214435400000006382e+01 6.957233437065144521e-01 0.000000000000000000e+00 2.090576047598345255e+00
-7.269367000000003998e+01 7.010206669630436593e-01 0.000000000000000000e+00 1.876462325572493706e+00
-7.263052600000003167e+01 7.004117384415544656e-01 0.000000000000000000e+00 2.416794915327221460e+00
-7.370777000000006751e+01 7.108001299942434681e-01 0.000000000000000000e+00 2.615159660440631750e+00
-7.237976200000001370e+01 6.979934983591603581e-01 0.000000000000000000e+00 2.167488521740022378e+00
-7.289615000000006262e+01 7.029732807827433483e-01 0.000000000000000000e+00 2.079530483405844343e+00
-7.388353400000004001e+01 7.124951083397867979e-01 0.000000000000000000e+00 2.157807365617966155e+00
-7.337270200000001807e+01 7.075689051456699463e-01 0.000000000000000000e+00 1.873792127900482773e+00
-7.351113000000006537e+01 7.089038341551200384e-01 0.000000000000000000e+00 2.560240146150277507e+00
-7.310381400000002827e+01 7.049758864536936898e-01 0.000000000000000000e+00 2.071628697719781975e+00
-7.367422200000002874e+01 7.104766101976049963e-01 0.000000000000000000e+00 1.933976891820832433e+00
-7.198588400000004128e+01 6.941951398739986123e-01 0.000000000000000000e+00 2.055904297517152202e+00
-7.339206599999999980e+01 7.077556416826347174e-01 0.000000000000000000e+00 1.820849178751940523e+00
-7.380555000000005350e+01 7.117430704292997401e-01 0.000000000000000000e+00 2.434128512559796231e+00
-7.251209200000005239e+01 6.992696213676595773e-01 0.000000000000000000e+00 2.280955568659324140e+00
-7.207361800000006724e+01 6.950412018102765099e-01 0.000000000000000000e+00 2.919067372730785870e+00
-7.301303200000002391e+01 7.041004311604303068e-01 0.000000000000000000e+00 2.397590355356179703e+00
-7.367268200000006573e+01 7.104617592232753687e-01 0.000000000000000000e+00 2.434964572881478162e+00
-7.235102600000000450e+01 6.977163830355584961e-01 0.000000000000000000e+00 2.353947733627598016e+00
-7.156189799999999934e+01 6.901064351971949451e-01 0.000000000000000000e+00 2.191705909545200281e+00
-7.154455600000005688e+01 6.899391977966560230e-01 0.000000000000000000e+00 2.090283471777902413e+00
-7.343782799999999611e+01 7.081969470639912778e-01 0.000000000000000000e+00 2.268553939001137110e+00
-7.379223600000001682e+01 7.116146770057737436e-01 0.000000000000000000e+00 2.071034055854488631e+00
-7.298304600000001585e+01 7.038112614745476447e-01 0.000000000000000000e+00 2.073668197230708721e+00
-7.313865000000005523e+01 7.053118270652262156e-01 0.000000000000000000e+00 2.138218281866725246e+00
-7.385610800000007714e+01 7.122306259878556922e-01 0.000000000000000000e+00 2.256798478388481133e+00
-7.320738600000002805e+01 7.059746819818145669e-01 0.000000000000000000e+00 2.049542785624405727e+00
-7.354564999999996644e+01 7.092367274238667862e-01 0.000000000000000000e+00 2.294964522491568459e+00
-7.428321600000002434e+01 7.163494376398911179e-01 0.000000000000000000e+00 2.486729180655431470e+00
-7.387253200000006359e+01 7.123890106647360332e-01 0.000000000000000000e+00 2.497549967099271573e+00
-7.382381800000005967e+01 7.119192377014169626e-01 0.000000000000000000e+00 2.011646022458406513e+00
-7.289484200000006808e+01 7.029606670980528271e-01 0.000000000000000000e+00 2.087982992944204863e+00
-7.460787000000004809e+01 7.194802351854303613e-01 0.000000000000000000e+00 2.190096988281754253e+00
-7.430739200000004985e+01 7.165825786498926098e-01 0.000000000000000000e+00 1.956311065393696591e+00
-7.423465600000004372e+01 7.158811497740051877e-01 0.000000000000000000e+00 2.119065979796597610e+00
-7.497526600000004748e+01 7.230232147730554226e-01 0.000000000000000000e+00 2.527438656679280804e+00
-7.524529200000004892e+01 7.256272077564521750e-01 0.000000000000000000e+00 2.297587320932349186e+00
-7.486258400000004087e+01 7.219365670526316503e-01 0.000000000000000000e+00 2.679838407940057454e+00
-7.411386600000007263e+01 7.147163126380834397e-01 0.000000000000000000e+00 1.983736850839288524e+00
-7.432477000000005773e+01 7.167501632160658831e-01 0.000000000000000000e+00 2.482543332609287834e+00
-7.513713400000003162e+01 7.245841871839951986e-01 0.000000000000000000e+00 1.864333650083139782e+00
-7.609953200000002482e+01 7.338650625042795195e-01 0.000000000000000000e+00 2.582899927158063491e+00
-7.580765000000005216e+01 7.310503014072750050e-01 0.000000000000000000e+00 1.876094774883038108e+00
-7.600352000000002306e+01 7.329391717592331768e-01 0.000000000000000000e+00 2.284723069132506890e+00
-7.569225600000004306e+01 7.299375005424467711e-01 0.000000000000000000e+00 2.229799884952309963e+00
-7.497547200000005319e+01 7.230252013319593551e-01 0.000000000000000000e+00 2.165123736500895291e+00
-7.525680800000004922e+01 7.257382621852731530e-01 0.000000000000000000e+00 2.092616896783314306e+00
-7.598106200000005117e+01 7.327225982647509461e-01 0.000000000000000000e+00 2.026933025298681468e+00
-7.573363400000003764e+01 7.303365288644119158e-01 0.000000000000000000e+00 2.368660350195844533e+00
-7.626266400000007195e+01 7.354382242863582997e-01 0.000000000000000000e+00 2.578155949453216245e+00
-7.561812000000006151e+01 7.292225707808049906e-01 0.000000000000000000e+00 1.964136636506911948e+00
-7.675900200000005213e+01 7.402246547389560449e-01 0.000000000000000000e+00 1.906859071558210328e+00
-7.647822400000003995e+01 7.375169749529643104e-01 0.000000000000000000e+00 2.420801569858691327e+00
-7.665850200000005543e+01 7.392554840115765913e-01 0.000000000000000000e+00 2.073766674288575640e+00
-7.704871400000003234e+01 7.430184894630411652e-01 0.000000000000000000e+00 2.359346291461756007e+00
-7.596375800000006961e+01 7.325557273168249450e-01 0.000000000000000000e+00 1.822156095342531090e+00
-7.464096600000009119e+01 7.197993961246680339e-01 0.000000000000000000e+00 2.213120946008284573e+00
-7.523225600000006352e+01 7.255014952230979253e-01 0.000000000000000000e+00 2.887967623084413127e+00
-7.672679800000001649e+01 7.399140957926420015e-01 0.000000000000000000e+00 2.501903557071064377e+00
-7.544378000000004647e+01 7.275413247647716242e-01 0.000000000000000000e+00 2.127845002329678881e+00
-7.467424800000003415e+01 7.201203507530122838e-01 0.000000000000000000e+00 2.220257684129333331e+00
-7.523645600000004663e+01 7.255419978803614445e-01 0.000000000000000000e+00 1.910553042272674418e+00
-7.561306200000008459e+01 7.291737940092720693e-01 0.000000000000000000e+00 2.057752425095365378e+00
-7.392030000000005430e+01 7.128496608866808915e-01 0.000000000000000000e+00 2.285980774948543459e+00
-7.646728200000002573e+01 7.374114558873026137e-01 0.000000000000000000e+00 2.267617631369311049e+00
-7.555973200000005363e+01 7.286595066969220325e-01 0.000000000000000000e+00 1.732979913321490262e+00
-7.406673000000002105e+01 7.142617571017072509e-01 0.000000000000000000e+00 2.104786579814128089e+00
-7.561826600000004817e+01 7.292239787303192999e-01 0.000000000000000000e+00 1.802933250876235460e+00
-7.625797400000000437e+01 7.353929963190799501e-01 0.000000000000000000e+00 2.495514672878020868e+00
-7.588116200000004596e+01 7.317592136312661699e-01 0.000000000000000000e+00 1.949117917188970095e+00
-7.630284800000001155e+01 7.358257382814723524e-01 0.000000000000000000e+00 2.117647921370512165e+00
-7.539173800000001791e+01 7.270394582673157524e-01 0.000000000000000000e+00 2.328237820594898366e+00
-7.602479400000001419e+01 7.331443273617631595e-01 0.000000000000000000e+00 1.996403582699185275e+00
-7.644334800000007135e+01 7.371806486018392945e-01 0.000000000000000000e+00 2.090846780104832270e+00
-7.647055600000005882e+01 7.374430286729888318e-01 0.000000000000000000e+00 2.063242212523626939e+00
-7.589653600000002598e+01 7.319074726438304923e-01 0.000000000000000000e+00 2.146591090779550459e+00
-7.607220600000005106e+01 7.336015445013308600e-01 0.000000000000000000e+00 2.139930423386080527e+00
-7.634847000000004869e+01 7.362656935742538655e-01 0.000000000000000000e+00 2.416380297411227840e+00
-7.620323000000007596e+01 7.348650731121187940e-01 0.000000000000000000e+00 2.444866739360721297e+00
-7.385601200000002109e+01 7.122297002128320509e-01 0.000000000000000000e+00 1.831267313747503733e+00
-7.608476000000003125e+01 7.337226088725895545e-01 0.000000000000000000e+00 2.388452522391259603e+00
-7.490512400000004334e+01 7.223468011097732289e-01 0.000000000000000000e+00 2.096998759127391754e+00
-7.558508200000008515e+01 7.289039691639778162e-01 0.000000000000000000e+00 1.810628993470490222e+00
-7.585297600000004081e+01 7.314874022270679843e-01 0.000000000000000000e+00 2.026570425302588241e+00
-7.596090800000006027e+01 7.325282433708245611e-01 0.000000000000000000e+00 2.158326717934403671e+00
-7.633022400000005803e+01 7.360897384589130121e-01 0.000000000000000000e+00 2.358292982334742494e+00
-7.553089200000006542e+01 7.283813884503785863e-01 0.000000000000000000e+00 2.128880405695335654e+00
-7.572141400000005262e+01 7.302186854187545650e-01 0.000000000000000000e+00 1.947535103767857434e+00
-7.585446200000005490e+01 7.315017324529475840e-01 0.000000000000000000e+00 1.833618957738432753e+00
-7.547678200000007109e+01 7.278595792159656686e-01 0.000000000000000000e+00 2.227607895623110235e+00
-7.587490600000005259e+01 7.316988839589231297e-01 0.000000000000000000e+00 2.006847129397681950e+00
-7.619140600000001484e+01 7.347510484884313131e-01 0.000000000000000000e+00 2.434796601374465297e+00
-7.546911400000006154e+01 7.277856329359899679e-01 0.000000000000000000e+00 2.247056106747832516e+00
-7.584559800000008067e+01 7.314162525591418884e-01 0.000000000000000000e+00 2.006840181261894340e+00
-7.580334600000001899e+01 7.310087958270692354e-01 0.000000000000000000e+00 2.104152609370145477e+00
-7.591020200000004081e+01 7.320392605757746196e-01 0.000000000000000000e+00 2.659378429921419595e+00
-7.542722800000002792e+01 7.273817057211934278e-01 0.000000000000000000e+00 2.053346639964753972e+00
-7.607252600000002474e+01 7.336046304180744437e-01 0.000000000000000000e+00 2.228201889127443547e+00
-7.521650800000004722e+01 7.253496295453388809e-01 0.000000000000000000e+00 2.291533507610354015e+00
-7.546295000000004904e+01 7.277261904647106538e-01 0.000000000000000000e+00 2.353703169561539799e+00
-7.585597000000002765e+01 7.315162748356028866e-01 0.000000000000000000e+00 2.031069113978541285e+00
-7.479487200000005487e+01 7.212835870696235885e-01 0.000000000000000000e+00 1.523491345964355093e+00
-7.546657400000005111e+01 7.277611384718352117e-01 0.000000000000000000e+00 1.947912783116919178e+00
-7.555186600000004660e+01 7.285836510059611193e-01 0.000000000000000000e+00 1.880436620919984314e+00
-7.577992400000000828e+01 7.307829260083956724e-01 0.000000000000000000e+00 1.906959971566145384e+00
-7.649775800000004722e+01 7.377053508831994399e-01 0.000000000000000000e+00 2.227900631644240903e+00
-7.458434200000000658e+01 7.192533431568350899e-01 0.000000000000000000e+00 1.848956781767611801e+00
-7.496690400000002796e+01 7.229425759111413052e-01 0.000000000000000000e+00 2.158046870233649717e+00
-7.562360600000005206e+01 7.292754749659831059e-01 0.000000000000000000e+00 2.274472799201404438e+00
-7.506222400000001471e+01 7.238617933612289113e-01 0.000000000000000000e+00 1.742899335695460294e+00
-7.505899800000003097e+01 7.238306834630546804e-01 0.000000000000000000e+00 2.226069226417731972e+00
-7.584905400000002373e+01 7.314495804599754347e-01 0.000000000000000000e+00 2.097496273671218159e+00
-7.583563800000005983e+01 7.313202034004879781e-01 0.000000000000000000e+00 1.856909894888099322e+00
-7.609498000000004936e+01 7.338211653385978694e-01 0.000000000000000000e+00 2.305738933245224942e+00
-7.581211000000001832e+01 7.310933113718927068e-01 0.000000000000000000e+00 2.197269889010340815e+00
-7.577503200000008121e+01 7.307357500561740826e-01 0.000000000000000000e+00 2.013410942357281908e+00
-7.493803600000009624e+01 7.226641876468833381e-01 0.000000000000000000e+00 2.096913103382052501e+00
-7.537017800000006673e+01 7.268315446266963020e-01 0.000000000000000000e+00 2.157538322450945678e+00
-7.526162399999999764e+01 7.257847052322682346e-01 0.000000000000000000e+00 2.312093556664979843e+00
-7.549603200000002801e+01 7.280452163950902333e-01 0.000000000000000000e+00 2.223713617783358298e+00
-7.591957200000003070e+01 7.321296200754316974e-01 0.000000000000000000e+00 2.327671024956104784e+00
-7.547372800000002258e+01 7.278301279980406990e-01 0.000000000000000000e+00 1.985849537673685106e+00
-7.540469600000004391e+01 7.271644186084641470e-01 0.000000000000000000e+00 2.280242059626321538e+00
-7.627709200000006717e+01 7.355773605575486318e-01 0.000000000000000000e+00 2.070457679734535983e+00
-7.655428600000001893e+01 7.382504780760082985e-01 0.000000000000000000e+00 2.179574820784544453e+00
-7.533412800000007792e+01 7.264838968185169943e-01 0.000000000000000000e+00 2.059341201515326070e+00
-7.602959800000000712e+01 7.331906546868808272e-01 0.000000000000000000e+00 2.118676555366246550e+00
-7.581637000000002047e+01 7.311343926385458492e-01 0.000000000000000000e+00 2.047207582133144133e+00
-7.512651000000001034e+01 7.244817347480977388e-01 0.000000000000000000e+00 2.105922654651338100e+00
-7.531002000000006547e+01 7.262514115658237346e-01 0.000000000000000000e+00 2.131892345719495818e+00
-7.564807800000001237e+01 7.295114704489721325e-01 0.000000000000000000e+00 2.321687008354837545e+00
-7.625543000000004668e+01 7.353684632809663890e-01 0.000000000000000000e+00 1.951512747469345221e+00
-7.566932400000003156e+01 7.297163560337872612e-01 0.000000000000000000e+00 2.353330240925086692e+00
-7.471682400000000257e+01 7.205309319757871034e-01 0.000000000000000000e+00 1.834593673843081030e+00
-7.497865600000008612e+01 7.230559062035614160e-01 0.000000000000000000e+00 2.110330206261235464e+00
-7.553822400000004222e+01 7.284520945177729301e-01 0.000000000000000000e+00 1.974812766223775995e+00
-7.596456200000004344e+01 7.325634806826437639e-01 0.000000000000000000e+00 2.066875161466426469e+00
-7.540270400000001416e+01 7.271452087767330541e-01 0.000000000000000000e+00 2.614169252359884066e+00
-7.662949600000007422e+01 7.389757649457223687e-01 0.000000000000000000e+00 1.743603312771306202e+00
-7.633218400000006909e+01 7.361086396989694469e-01 0.000000000000000000e+00 1.973264476108234744e+00
-7.541371800000003134e+01 7.272514221736622320e-01 0.000000000000000000e+00 2.468916445779076430e+00
-7.505886600000005160e+01 7.238294105223980202e-01 0.000000000000000000e+00 1.760662977990008260e+00
-7.572833200000002307e+01 7.302853990813613638e-01 0.000000000000000000e+00 2.008002157775813590e+00
-7.602053600000004963e+01 7.331032653820900302e-01 0.000000000000000000e+00 2.310492225204688221e+00
-7.581488200000003985e+01 7.311200431256869026e-01 0.000000000000000000e+00 2.211078404120413676e+00
-7.597585400000005507e+01 7.326723749697441335e-01 0.000000000000000000e+00 2.023318356462966428e+00
-7.606771000000007632e+01 7.335581873710793621e-01 0.000000000000000000e+00 1.960774767583446154e+00
-7.582326200000005656e+01 7.312008555704178070e-01 0.000000000000000000e+00 2.162477720830175976e+00
-7.619497600000001114e+01 7.347854757471053988e-01 0.000000000000000000e+00 2.375820985974738786e+00
-7.572740400000002126e+01 7.302764499228040496e-01 0.000000000000000000e+00 2.211150174576411054e+00
-7.631719400000004327e+01 7.359640837864974694e-01 0.000000000000000000e+00 2.009533415558563352e+00
-7.556088200000006339e+01 7.286705967102204973e-01 0.000000000000000000e+00 2.175965471371735127e+00
-7.534396800000006067e+01 7.265787887583916582e-01 0.000000000000000000e+00 1.793505585558713422e+00
-7.614654000000004430e+01 7.343183836739578529e-01 0.000000000000000000e+00 2.442441947781528011e+00
-7.622065200000000118e+01 7.350330819918435843e-01 0.000000000000000000e+00 2.033345322988993065e+00
-7.552826799999999707e+01 7.283560839330780468e-01 0.000000000000000000e+00 1.836536226951444917e+00
-7.613543800000003614e+01 7.342113216499243089e-01 0.000000000000000000e+00 1.916229561477118093e+00
-7.581560399999999333e+01 7.311270057253398402e-01 0.000000000000000000e+00 1.850693666181532748e+00
-7.531767800000002921e+01 7.263252614109007022e-01 0.000000000000000000e+00 1.836373728362007185e+00
-7.570369800000007388e+01 7.300478413530209210e-01 0.000000000000000000e+00 2.061551540156887352e+00
-7.546007000000004439e+01 7.276984172140155138e-01 0.000000000000000000e+00 2.052003214476582293e+00
-7.563778200000007246e+01 7.294121810777378645e-01 0.000000000000000000e+00 2.131715756270359474e+00
-7.607017600000000357e+01 7.335819682169862910e-01 0.000000000000000000e+00 2.047426517674508784e+00
