2.412414349507574218e-01
1.569805776851298074e+00
-3.204843794788976852e-01
1.380470254188280732e+00
-5.298914813971796756e-01
-4.475282857551761695e-01
-5.285964994818767027e-01
3.989002556928756271e-01
-5.080980334861726622e-01
1.342819739175556415e-01
-6.599397869341237788e-02
1.725150213120068221e+00
-4.028667379732572273e-01
1.157652511318957744e+00
8.098664260983226004e-01
9.966539414502666450e-01
8.804384522502950450e-01
3.517216676610765980e-01
2.637313948865199764e-01
-2.105825452506454032e-01
-2.891782997217970941e-01
1.053427077635411102e+00
8.236582158546482679e-01
1.297574385195297664e+00
3.515347009186780558e-01
9.234333932767316844e-01
1.103849235155726083e+00
9.577095482031012796e-01
-8.904440449698515850e-03
3.046535110041549421e-01
1.747018293223775304e-02
7.706581116739338322e-01
1.527906666683660708e+00
1.062466636651892671e+00
1.384524769649044806e+00
7.319177049551371939e-01
6.642230654071384910e-01
2.774990174599199499e-01
9.579416749257592123e-01
8.308627657179497028e-01
1.083112075975829924e+00
-7.161254049777873165e-01
2.197573546643086517e-01
9.006433208709110350e-01
-3.289364614194782988e-01
1.699655770297647139e+00
-4.634177222374050165e-01
1.967915010600788939e-02
6.033007058345334350e-01
6.021919075253850950e-01
1.703436375081908816e+00
1.429914535525230512e+00
-2.063737930183687508e-01
9.127711257681990764e-01
-2.592463037245676949e-01
6.044655555289679683e-01
1.400074602288625236e+00
-9.648763789008778513e-01
1.888009791874804666e+00
3.028433182094051879e-01
-3.686776617812240198e-01
3.949632492103898884e-01
1.766103711064686888e+00
1.056721413919462504e-01
-5.479567990179563530e-01
9.928999493591963432e-01
-3.224063988779919399e-01
8.084629510129638374e-01
-2.337556729736547378e-01
-3.498022262018486428e-01
-1.506239597269952782e-02
7.456892983643748085e-01
1.074204843564565026e+00
-2.273782096930215268e-01
8.772059230397434293e-01
9.356832765233506766e-02
-1.890706610697332618e-02
4.611194959424954054e-01
2.392765316848928236e-01
-3.451391078082028940e-01
-1.115013976581412242e-01
1.528524939069930255e+00
7.582379628899748036e-01
3.747164401180583249e-01
-3.141045832873460286e-01
-4.412276246759672116e-01
4.169975971868482567e-01
7.110134045012304060e-01
1.727438875416263508e+00
4.385789391582121666e-01
1.090426171097467201e+00
-1.859828115623602118e-01
-3.008476591663768879e-02
7.891614880691757983e-02
-1.504637079052957294e-01
8.065521550650097682e-01
-4.770860700516930120e-01
9.721749073156031595e-02
5.628015849195129316e-01
3.284148962561266316e-01
9.563891932291561371e-02
-2.952006474934554259e-01
3.174271913976890458e-01
5.018693150085611343e-01
1.019521199098086361e+00
7.113644606988792085e-02
3.419976154553981962e-01
-2.124872043588049708e-01
1.242668845095761948e-01
9.959345348667170139e-01
-1.536955089150196241e-01
-9.593159891513796111e-01
2.699651520770518162e-02
8.508724997629807385e-01
-5.947018435132836456e-02
6.690594128762340498e-01
7.112096589688626791e-01
4.391587014796269339e-01
-8.232170806354215109e-02
2.743540562066486554e-01
1.945044866378164983e-01
1.392185960611831974e-01
-3.327550424130599205e-01
1.557951412797698776e+00
5.053183221796720970e-01
2.896560162445102615e-01
9.556318145119983010e-01
1.726215903412009256e+00
-2.157847664981877855e-01
-4.640625093737024698e-01
-2.503948054360757153e-02
1.020621277600709809e-02
-5.032856557213286758e-02
-4.629379033285087042e-01
-2.416175482558534093e-01
3.582562956443813285e-01
2.172150607332598016e-01
-3.844028607728618985e-01
-2.289671189225804815e-01
-1.727629641447308295e-01
4.819029767508936635e-01
7.686838599515144477e-01
-3.262936286726583202e-01
-6.970251935387490327e-01
-1.098791619758877208e-01
4.273505436471529140e-01
-2.999964938084714317e-01
2.221034700472021284e-01
-7.143665257612128450e-01
4.268770299312441008e-02
-6.372206456794827778e-01
9.664806909530561096e-01
-6.940992668513941144e-01
6.715416468467609867e-01
-6.019367238532776776e-01
-5.928875127794484001e-01
2.014991182990477359e-01
1.043832944423469300e+00
-8.321633017639094021e-01
-4.112235581964197029e-01
-5.696689129778563787e-01
-3.514234121384822718e-01
1.739612109979794818e-01
-4.574452680665518356e-01
1.156489869503829829e-02
3.636854011742737258e-01
3.374199374776777893e-01
-1.079781064163440468e-01
2.416570201988771371e-01
4.997535092599825202e-01
2.194276297189867164e-01
4.757212535772864515e-01
1.703473831903287827e+00
-2.146578808984180853e-01
1.084482549307506760e+00
5.098910345661812338e-01
4.673298936988196650e-01
1.530689628993270102e+00
1.153622624445780898e-01
1.149019080810375293e+00
1.134243420809944780e+00
1.437681580804964110e+00
-2.430074463379450211e-01
1.312710896457122356e+00
1.094772957064627850e+00
6.655507709858374810e-01
-6.160086339056051186e-01
-1.034974214922744495e-01
8.488741301486544266e-01
1.084389073266488257e+00
-5.610178007021952018e-01
-7.226300773109125553e-01
-5.069694045039258024e-01
-6.893440982820878138e-02
-4.726638956103553779e-01
5.300253079777632603e-01
1.088377519015759631e+00
-6.129555296302947598e-01
1.426111468272018401e+00
-1.915000054571431021e-01
-2.852734059206545880e-01
-3.417031283967899014e-01
-3.168792701610798623e-01
8.331329113021583854e-01
6.833242966438429766e-01
-3.096434434515986101e-01
-2.272559633585649885e-01
7.487049816070864838e-02
1.008932313765520838e+00
1.281612074244985744e-01
-6.449549111567423054e-01
-5.284944656693926213e-01
-3.990932292240460533e-01
3.699880301859325565e-02
1.163759199141342904e-01
8.089434206989219722e-02
-1.934212016607060602e-01
-2.830055919657997188e-01
7.035080060495066401e-02
8.196989610443183860e-03
8.048468213114042813e-01
5.874526782132638569e-01
-3.599835434286741132e-01
-5.654523859882422121e-01
-3.522705904842656777e-01
8.862296790208806785e-02
-1.102562949210421417e+00
-4.679401574967386734e-01
-2.744191858080282098e-01
-5.236246548601983797e-01
-2.676196830618195466e-01
-3.615909220689605408e-01
-2.952387528929084071e-01
-4.077547627739663838e-01
-3.288725465473138487e-01
-7.131021226987080963e-01
-5.908190682906335756e-01
-1.602435069090181186e-01
4.382786102590072730e-01
-3.314436910546188497e-01
