-3.693000000000000171e-01
-9.761999999999999567e-01
3.086999999999999744e-01
9.368999999999999551e-01
-2.399999999999999790e-03
-8.410999999999999588e-01
-4.743999999999999884e-01
2.429999999999999938e-01
1.490000000000000005e-02
-6.070999999999999730e-01
4.736000000000000210e-01
9.488999999999999657e-01
2.061000000000000054e-01
-4.633999999999999786e-01
5.732000000000000428e-01
1.839999999999999969e-01
9.760999999999999677e-01
-9.491000000000000547e-01
8.470999999999999641e-01
5.736999999999999877e-01
3.827999999999999736e-01
-3.637000000000000233e-01
-8.397999999999999909e-01
-2.083000000000000129e-01
5.899999999999999689e-01
3.247999999999999776e-01
-4.904000000000000026e-01
7.519000000000000128e-01
9.249000000000000554e-01
9.356999999999999762e-01
-8.091000000000000414e-01
-4.174999999999999822e-01
-4.408000000000000251e-01
6.550000000000000266e-01
8.732999999999999652e-01
-7.906999999999999584e-01
9.765000000000000346e-01
8.156999999999999806e-01
5.557999999999999607e-01
7.258999999999999897e-01
7.276000000000000245e-01
-2.596999999999999864e-01
4.460999999999999965e-01
8.640999999999999792e-01
-4.671000000000000152e-01
7.967999999999999527e-01
9.854000000000000536e-01
-8.639999999999999902e-01
-5.763000000000000345e-01
2.431999999999999995e-01
7.584999999999999520e-01
-5.957000000000000073e-01
-3.160000000000000031e-01
-9.315999999999999837e-01
1.779999999999999985e-02
1.864000000000000101e-01
-2.207000000000000073e-01
-5.881999999999999451e-01
-2.928999999999999937e-01
-5.819999999999999618e-01
-7.278999999999999915e-01
-1.252000000000000057e-01
-9.760000000000000620e-02
-2.567999999999999727e-01
1.655999999999999972e-01
-7.409999999999999920e-01
-2.646999999999999909e-01
-8.025999999999999801e-01
8.656000000000000361e-01
-7.896999999999999575e-01
8.699999999999999400e-02
4.361999999999999766e-01
5.527999999999999581e-01
9.926000000000000378e-01
4.596000000000000085e-01
8.548000000000000043e-01
-7.018999999999999684e-01
-3.804000000000000159e-01
6.595999999999999641e-01
-1.194000000000000061e-01
7.179999999999999716e-01
-7.458000000000000185e-01
-7.517000000000000348e-01
2.549999999999999836e-02
-2.758999999999999786e-01
-6.415999999999999481e-01
-6.884000000000000119e-01
4.350999999999999868e-01
-7.148999999999999799e-01
4.864999999999999880e-01
-5.527999999999999581e-01
5.964000000000000412e-01
-8.322000000000000508e-01
-8.723999999999999533e-01
-2.273000000000000020e-01
-7.859000000000000430e-01
4.082999999999999963e-01
-5.937999999999999945e-01
7.366000000000000325e-01
3.453999999999999848e-01
9.802999999999999492e-01
6.197000000000000286e-01
-5.489999999999999741e-02
-2.536999999999999811e-01
-3.370000000000000218e-01
-7.347000000000000197e-01
-2.878999999999999893e-01
6.506999999999999451e-01
3.533999999999999919e-01
1.869999999999999996e-01
-4.529000000000000248e-01
6.227000000000000313e-01
-2.528000000000000247e-01
-9.579999999999999627e-02
3.983999999999999764e-01
-9.323000000000000176e-01
8.630999999999999783e-01
-3.192999999999999727e-01
4.203999999999999959e-01
-1.947000000000000119e-01
-3.080000000000000099e-02
3.361000000000000099e-01
8.569999999999999840e-01
5.654000000000000137e-01
1.968999999999999917e-01
4.144999999999999796e-01
-9.150000000000000355e-01
-9.969000000000000083e-01
-4.220999999999999752e-01
-3.620999999999999774e-01
3.776999999999999802e-01
-6.065000000000000391e-01
-6.219000000000000083e-01
-3.966000000000000081e-01
-8.981000000000000094e-01
4.470999999999999974e-01
-2.892000000000000126e-01
2.591999999999999860e-01
4.304999999999999938e-01
5.829999999999999627e-01
5.940000000000000141e-02
1.522000000000000020e-01
6.350999999999999979e-01
7.562999999999999723e-01
-5.777999999999999803e-01
1.168000000000000010e-01
3.028000000000000136e-01
5.342999999999999972e-01
-9.180000000000000382e-01
-2.200999999999999901e-01
9.800000000000000377e-02
-4.018999999999999795e-01
-3.538000000000000034e-01
-3.780000000000000027e-01
-7.599000000000000199e-01
2.020000000000000129e-01
-6.596999999999999531e-01
1.501000000000000112e-01
3.570999999999999730e-01
-7.681000000000000050e-01
-3.573999999999999955e-01
8.391999999999999460e-01
-9.274000000000000021e-01
5.883000000000000451e-01
3.738000000000000211e-01
2.896000000000000241e-01
6.710000000000000686e-02
-9.815000000000000391e-01
-8.861999999999999877e-01
-9.348999999999999533e-01
-1.050999999999999990e-01
1.353000000000000036e-01
3.438999999999999835e-01
6.905999999999999917e-01
6.774000000000000021e-01
8.187999999999999723e-01
8.932999999999999829e-01
3.951999999999999957e-01
-4.507999999999999785e-01
9.304000000000000048e-01
7.379000000000000004e-01
-2.228999999999999870e-01
-4.455000000000000071e-01
-1.307999999999999996e-01
-6.552999999999999936e-01
-5.977000000000000091e-01
-9.761999999999999567e-01
5.009000000000000119e-01
-1.335000000000000075e-01
2.308000000000000052e-01
5.250000000000000222e-01
-5.617999999999999661e-01
6.864999999999999991e-01
-8.005999999999999783e-01
-7.854999999999999760e-01
-6.651000000000000245e-01
-7.226000000000000201e-01
9.392000000000000348e-01
-1.726000000000000034e-01
-3.346999999999999975e-01
4.672000000000000042e-01
9.111000000000000210e-01
-3.881000000000000005e-01
-2.852999999999999980e-01
9.771999999999999575e-01
6.358000000000000318e-01
-2.758999999999999786e-01
-6.270999999999999908e-01
6.438000000000000389e-01
7.922000000000000153e-01
-5.524999999999999911e-01
8.601999999999999647e-01
-7.292999999999999483e-01
-6.764999999999999902e-01
-5.937000000000000055e-01
5.770000000000000129e-02
-9.432000000000000384e-01
-8.110000000000000542e-01
-2.806000000000000161e-01
-3.624999999999999889e-01
-5.787999999999999812e-01
9.488999999999999657e-01
7.850000000000000033e-02
-9.428999999999999604e-01
-6.296000000000000485e-01
2.610000000000000098e-01
-6.489000000000000323e-01
-6.327000000000000401e-01
-9.985000000000000542e-01
8.962999999999999856e-01
-3.488999999999999879e-01
-5.657999999999999696e-01
4.529000000000000248e-01
-7.614999999999999547e-01
5.877000000000000002e-01
2.431999999999999995e-01
-6.848999999999999533e-01
4.964000000000000079e-01
2.343000000000000083e-01
-4.561000000000000054e-01
8.258999999999999675e-01
-6.933000000000000274e-01
-7.019999999999999851e-02
5.360000000000000320e-01
2.538000000000000256e-01
-6.211999999999999744e-01
-6.322999999999999732e-01
6.142999999999999572e-01
-5.968999999999999861e-01
4.395999999999999908e-01
5.729999999999999677e-02
-9.239000000000000545e-01
-4.158000000000000029e-01
4.460000000000000075e-01
7.469000000000000083e-01
6.248000000000000220e-01
-6.767999999999999572e-01
-4.300000000000000003e-03
-3.035999999999999810e-01
2.989999999999999880e-01
-1.048999999999999932e-01
6.794999999999999929e-01
-3.301999999999999935e-01
7.239999999999999769e-01
9.403000000000000247e-01
-8.335000000000000187e-01
-7.005000000000000115e-01
4.984000000000000097e-01
9.921999999999999709e-01
-5.873000000000000442e-01
8.073000000000000176e-01
5.140000000000000124e-01
-9.677999999999999936e-01
-3.433999999999999830e-01
-5.335999999999999632e-01
-2.775000000000000244e-01
1.743000000000000105e-01
3.564999999999999836e-01
6.915999999999999925e-01
7.392999999999999572e-01
-6.323999999999999622e-01
6.830000000000000515e-01
-8.904999999999999583e-01
-5.709999999999999798e-02
7.175000000000000266e-01
2.977000000000000202e-01
6.105000000000000426e-01
-9.858999999999999986e-01
-6.450000000000000178e-02
3.280000000000000138e-01
5.750000000000000250e-02
6.351999999999999869e-01
3.947999999999999843e-01
5.269999999999999685e-02
-1.524000000000000077e-01
-5.753000000000000336e-01
-1.937000000000000111e-01
-3.630999999999999783e-01
-7.927999999999999492e-01
-4.143999999999999906e-01
