-5.519999999999999907e-02
-5.177000000000000490e-01
2.879999999999999921e-02
-1.965000000000000080e-01
8.808000000000000274e-01
-9.764000000000000457e-01
-9.395999999999999908e-01
-3.995000000000000218e-01
-7.310999999999999721e-01
3.482000000000000095e-01
6.676999999999999602e-01
6.935999999999999943e-01
3.595999999999999752e-01
6.923000000000000265e-01
1.228999999999999954e-01
4.932000000000000273e-01
4.440000000000000058e-01
-1.574000000000000121e-01
5.046000000000000485e-01
7.751000000000000112e-01
1.260999999999999899e-01
-8.409999999999999420e-02
-2.705000000000000182e-01
-7.850000000000000311e-01
-2.393000000000000127e-01
-3.889000000000000234e-01
-3.191999999999999837e-01
-3.619999999999999885e-01
-6.997999999999999776e-01
-9.767000000000000126e-01
-9.741999999999999549e-01
-9.849999999999999867e-01
-1.020999999999999963e-01
5.874000000000000332e-01
4.621000000000000107e-01
5.400000000000000355e-01
-2.654000000000000248e-01
4.591999999999999971e-01
-6.834999999999999964e-01
-3.514999999999999791e-01
-8.804999999999999494e-01
7.577000000000000401e-01
5.273999999999999799e-01
6.719999999999999585e-02
8.808000000000000274e-01
5.867999999999999883e-01
-5.318000000000000504e-01
-5.264999999999999680e-01
5.407999999999999474e-01
3.815999999999999948e-01
-1.655000000000000082e-01
3.042000000000000259e-01
-3.050999999999999823e-01
3.356999999999999984e-01
1.779999999999999985e-02
-2.523000000000000242e-01
-7.815999999999999615e-01
5.582000000000000295e-01
1.078999999999999959e-01
2.565000000000000058e-01
2.529000000000000137e-01
-7.114000000000000323e-01
-1.391999999999999904e-01
1.026999999999999996e-01
-7.634999999999999565e-01
-9.437999999999999723e-01
-3.297999999999999821e-01
6.959999999999999520e-02
-5.978999999999999870e-01
6.382999999999999785e-01
-1.233000000000000068e-01
2.902000000000000135e-01
-3.079000000000000070e-01
2.227999999999999980e-01
-9.465999999999999970e-01
3.131999999999999784e-01
-9.624000000000000332e-01
-3.145999999999999908e-01
-3.972999999999999865e-01
-2.847000000000000086e-01
-9.888000000000000123e-01
6.202999999999999625e-01
9.588999999999999746e-01
-7.177000000000000046e-01
6.306000000000000494e-01
7.050999999999999490e-01
4.869999999999999885e-01
-5.587999999999999634e-01
-3.917999999999999816e-01
-5.114999999999999547e-01
-2.943000000000000060e-01
6.005000000000000338e-01
1.579000000000000126e-01
-4.658999999999999808e-01
5.850000000000000339e-02
9.204999999999999849e-01
5.814000000000000279e-01
6.240999999999999881e-01
-4.073999999999999844e-01
-7.499999999999999722e-02
-3.654000000000000026e-01
5.489000000000000545e-01
3.790999999999999925e-01
4.616000000000000103e-01
-6.440000000000000169e-01
2.852999999999999980e-01
8.790000000000000591e-02
-6.422999999999999821e-01
-2.076000000000000068e-01
6.985000000000000098e-01
-8.829000000000000181e-01
-9.367999999999999661e-01
-2.788999999999999813e-01
6.216000000000000414e-01
2.250000000000000056e-01
-9.627999999999999892e-01
3.824000000000000177e-01
-7.427000000000000268e-01
1.223000000000000059e-01
6.807999999999999607e-01
3.714999999999999969e-01
-3.073000000000000176e-01
3.033000000000000140e-01
-7.068999999999999728e-01
3.045999999999999819e-01
9.951999999999999735e-01
-7.953999999999999959e-01
-5.951999999999999513e-01
7.056999999999999940e-01
-8.841999999999999860e-01
6.008999999999999897e-01
2.270999999999999963e-01
9.729999999999999760e-02
-2.622999999999999776e-01
6.484999999999999654e-01
9.210000000000000409e-01
-6.441999999999999948e-01
-3.064000000000000057e-01
-4.704999999999999738e-01
3.690999999999999837e-01
9.499999999999999764e-03
5.970000000000000306e-02
4.030000000000000249e-02
-2.380000000000000171e-02
8.141000000000000458e-01
-4.964000000000000079e-01
3.119999999999999996e-01
-5.024999999999999467e-01
-2.929999999999999966e-02
6.313999999999999613e-01
-4.999000000000000110e-01
-4.260999999999999788e-01
8.365000000000000213e-01
3.549999999999999684e-02
8.770000000000000018e-02
-8.426000000000000156e-01
-4.336999999999999744e-01
-7.410999999999999810e-01
-2.850000000000000103e-02
4.632999999999999896e-01
7.860000000000000320e-02
2.083000000000000129e-01
-1.947000000000000119e-01
5.877000000000000002e-01
-9.362000000000000322e-01
-8.746000000000000441e-01
3.276000000000000023e-01
-9.224999999999999867e-01
6.301999999999999824e-01
-5.410000000000000225e-02
7.023000000000000353e-01
-3.598999999999999977e-01
9.450000000000000067e-02
1.043000000000000038e-01
9.613000000000000433e-01
6.552000000000000046e-01
-7.469999999999999973e-01
-8.990000000000000213e-01
-4.934999999999999942e-01
8.911000000000000032e-01
8.933999999999999719e-01
-7.468000000000000194e-01
-6.730000000000000426e-01
6.666999999999999593e-01
-7.816999999999999504e-01
-6.212999999999999634e-01
-7.034000000000000252e-01
-1.492999999999999883e-01
9.659999999999999698e-01
2.323999999999999955e-01
8.797000000000000375e-01
9.818999999999999950e-01
-2.676000000000000045e-01
6.254999999999999449e-01
5.243999999999999773e-01
1.414999999999999869e-01
-6.522999999999999909e-01
-6.104000000000000536e-01
9.289999999999999647e-02
6.219000000000000083e-01
2.044999999999999873e-01
4.173999999999999932e-01
-8.011000000000000343e-01
-6.007000000000000117e-01
-9.313000000000000167e-01
7.049999999999999600e-01
-5.426999999999999602e-01
5.453999999999999959e-01
-5.999999999999999778e-02
3.724999999999999978e-01
-3.618000000000000105e-01
-3.861999999999999877e-01
-8.153000000000000247e-01
9.829999999999999849e-01
7.287000000000000144e-01
-1.622999999999999998e-01
9.111000000000000210e-01
8.766000000000000458e-01
9.643000000000000460e-01
6.612999999999999989e-01
2.797000000000000042e-01
-2.897000000000000131e-01
6.791000000000000369e-01
-2.962000000000000188e-01
-2.555999999999999939e-01
-6.629999999999999782e-02
-1.024000000000000049e-01
-9.225999999999999757e-01
-2.515000000000000013e-01
3.044000000000000039e-01
7.482999999999999652e-01
5.614000000000000101e-01
1.648000000000000020e-01
8.648000000000000131e-01
1.728000000000000091e-01
-1.298999999999999877e-01
-2.924999999999999822e-01
-8.609999999999999876e-01
7.226000000000000201e-01
-5.865000000000000213e-01
8.630000000000000171e-02
8.639000000000000012e-01
-7.520000000000000018e-01
-4.676000000000000156e-01
6.570000000000000284e-01
7.939999999999999836e-02
-2.938000000000000056e-01
1.564000000000000112e-01
-8.229999999999999538e-01
4.780000000000000221e-02
8.680000000000000215e-02
7.217000000000000082e-01
-4.660000000000000253e-02
2.361999999999999933e-01
-5.134999999999999565e-01
-2.630000000000000046e-02
-1.691999999999999893e-01
-9.538999999999999702e-01
1.728000000000000091e-01
-8.699000000000000066e-01
-2.001000000000000001e-01
-4.697000000000000064e-01
4.627000000000000002e-01
4.433000000000000274e-01
5.386999999999999567e-01
-4.132000000000000117e-01
5.659999999999999476e-01
-9.184999999999999831e-01
-7.058999999999999719e-01
-7.993000000000000105e-01
-9.469999999999999529e-01
3.953999999999999737e-01
-3.020000000000000115e-02
-3.189999999999999780e-02
-3.049000000000000044e-01
-8.413000000000000478e-01
-6.126000000000000334e-01
-7.179999999999999716e-01
3.220000000000000084e-01
-1.940000000000000058e-01
-8.716000000000000414e-01
5.229999999999999927e-02
-9.340000000000000524e-01
9.564000000000000279e-01
-9.163000000000000034e-01
4.559000000000000274e-01
1.698999999999999955e-01
-1.366999999999999882e-01
4.937000000000000277e-01
5.463000000000000078e-01
1.539000000000000090e-01
6.967999999999999750e-01
3.080000000000000099e-02
-6.952000000000000401e-01
8.096999999999999753e-01
-5.540000000000000480e-01
-5.726999999999999869e-01
-1.600000000000000033e-02
-9.333000000000000185e-01
3.452999999999999958e-01
