-8.777000000000000357e-01
-2.767000000000000015e-01
-6.086000000000000298e-01
-4.935999999999999832e-01
-1.532000000000000028e-01
5.670000000000000040e-02
-9.676000000000000156e-01
-7.318000000000000060e-01
-4.000000000000000083e-03
7.821000000000000174e-01
-5.433999999999999941e-01
-1.955999999999999961e-01
-3.501000000000000223e-01
4.435999999999999943e-01
-1.107000000000000067e-01
-3.407000000000000028e-01
-8.597000000000000197e-01
-8.535000000000000364e-01
-2.929999999999999827e-01
-2.399999999999999790e-03
-1.691999999999999893e-01
1.912999999999999978e-01
-6.804000000000000048e-01
-2.359999999999999876e-01
5.319000000000000394e-01
2.147000000000000020e-01
-8.800000000000000044e-01
5.614000000000000101e-01
-2.812999999999999945e-01
6.372999999999999776e-01
-5.716999999999999860e-01
2.325000000000000122e-01
-9.907000000000000250e-01
-5.460000000000000270e-02
-3.371000000000000107e-01
-9.364999999999999991e-01
9.562000000000000499e-01
-5.960999999999999632e-01
-2.197999999999999954e-01
-9.683000000000000496e-01
1.026999999999999996e-01
-6.749000000000000554e-01
7.326000000000000290e-01
-4.436999999999999833e-01
-8.911999999999999922e-01
-1.895999999999999908e-01
6.225000000000000533e-01
4.633999999999999786e-01
5.262000000000000011e-01
-8.300000000000000086e-03
-5.270000000000000240e-01
6.091999999999999638e-01
4.667000000000000037e-01
-6.336000000000000520e-01
9.266999999999999682e-01
-8.502999999999999448e-01
-5.696999999999999842e-01
-7.067999999999999838e-01
9.001000000000000112e-01
-2.454000000000000070e-01
-4.928000000000000158e-01
-5.816999999999999948e-01
7.342999999999999527e-01
1.666999999999999871e-01
-9.426999999999999824e-01
-6.025000000000000355e-01
-5.705999999999999961e-01
2.700000000000000178e-01
5.552000000000000268e-01
-5.429000000000000492e-01
2.230000000000000038e-02
-8.681999999999999718e-01
-6.896999999999999797e-01
2.868999999999999884e-01
9.595000000000000195e-01
-3.967999999999999861e-01
2.602999999999999758e-01
-5.950999999999999623e-01
7.290000000000000646e-02
2.538000000000000256e-01
8.500000000000000611e-02
-9.307999999999999607e-01
9.518999999999999684e-01
5.685999999999999943e-01
2.767999999999999905e-01
9.925000000000000488e-01
8.736000000000000432e-01
-8.493000000000000549e-01
-3.452000000000000068e-01
-8.099999999999999561e-03
9.471000000000000529e-01
3.846999999999999864e-01
-6.787999999999999590e-01
6.870000000000000551e-01
7.022000000000000464e-01
3.023000000000000131e-01
-9.889000000000000012e-01
-9.372000000000000330e-01
7.467000000000000304e-01
8.469999999999999751e-01
-6.115000000000000435e-01
1.140000000000000041e-02
-6.198000000000000176e-01
-2.751000000000000112e-01
-3.119999999999999996e-01
6.201999999999999735e-01
9.470000000000000639e-02
-8.346999999999999975e-01
6.231999999999999762e-01
-9.631999999999999451e-01
-8.325000000000000178e-01
-7.651000000000000023e-01
5.928999999999999826e-01
3.652000000000000246e-01
-1.102000000000000063e-01
-6.521000000000000130e-01
-6.028000000000000025e-01
-3.523000000000000020e-01
4.376999999999999780e-01
1.381000000000000005e-01
8.971000000000000085e-01
6.917999999999999705e-01
-7.550999999999999934e-01
7.135000000000000231e-01
-5.780999999999999472e-01
8.901000000000000023e-01
9.372000000000000330e-01
4.662999999999999923e-01
-6.146000000000000352e-01
-2.746000000000000107e-01
-3.932999999999999829e-01
1.792999999999999872e-01
-9.094999999999999751e-01
-9.918000000000000149e-01
-1.111000000000000043e-01
1.208000000000000046e-01
5.744000000000000217e-01
-1.491999999999999993e-01
9.370000000000000551e-01
9.963999999999999524e-01
7.315000000000000391e-01
-3.291000000000000036e-01
5.443000000000000060e-01
4.076000000000000179e-01
-1.522000000000000020e-01
5.817999999999999838e-01
5.228000000000000425e-01
3.986000000000000099e-01
3.718000000000000194e-01
-1.275999999999999912e-01
-2.222000000000000086e-01
-1.368000000000000049e-01
6.288000000000000256e-01
-7.675999999999999490e-01
4.445000000000000062e-01
-2.245000000000000051e-01
-7.290999999999999703e-01
-5.118000000000000327e-01
1.434999999999999887e-01
7.508000000000000229e-01
-5.833000000000000407e-01
4.426999999999999824e-01
8.483000000000000540e-01
5.064999999999999503e-01
1.024999999999999939e-01
-1.464999999999999913e-01
5.214999999999999636e-01
9.648999999999999799e-01
-2.731999999999999984e-01
7.820000000000000562e-02
-7.190000000000000557e-02
5.053999999999999604e-01
5.893000000000000460e-01
-7.409999999999999920e-02
-5.820000000000000173e-02
8.965999999999999526e-01
-1.069999999999999944e-02
4.722999999999999976e-01
-6.780000000000000471e-01
-1.983000000000000040e-01
-2.313999999999999946e-01
-3.241999999999999882e-01
4.314999999999999947e-01
5.665999999999999925e-01
3.912999999999999812e-01
-5.299000000000000377e-01
-5.259000000000000341e-01
9.648999999999999799e-01
-8.851999999999999869e-01
-9.920999999999999819e-01
-7.933000000000000052e-01
1.708999999999999964e-01
6.864999999999999991e-01
8.760999999999999899e-01
2.053999999999999992e-01
4.245999999999999774e-01
-9.364000000000000101e-01
-7.791000000000000147e-01
-1.579000000000000126e-01
7.325000000000000400e-01
-2.816000000000000170e-01
7.255000000000000338e-01
6.850000000000000533e-02
-7.549000000000000155e-01
-3.699000000000000066e-01
5.739999999999999963e-02
-7.792000000000000037e-01
4.894999999999999907e-01
-7.209999999999999742e-02
8.416000000000000147e-01
-9.836000000000000298e-01
-9.042999999999999927e-01
3.202999999999999736e-01
-5.810999999999999499e-01
-7.269999999999999796e-01
-2.659000000000000252e-01
-8.155000000000000027e-01
3.080999999999999850e-01
4.662999999999999923e-01
4.984000000000000097e-01
6.667999999999999483e-01
9.500999999999999446e-01
-3.398999999999999799e-01
2.432999999999999885e-01
-7.962000000000000188e-01
7.590000000000000080e-01
6.804999999999999938e-01
5.210000000000000187e-01
-5.556999999999999718e-01
-4.048999999999999821e-01
4.295999999999999819e-01
8.184000000000000163e-01
-8.895999999999999464e-01
-3.895000000000000129e-01
1.073000000000000065e-01
-8.750999999999999890e-01
-6.927999999999999714e-01
-4.848999999999999977e-01
-9.879999999999999893e-01
-7.040999999999999481e-01
2.189999999999999933e-02
-7.425000000000000488e-01
-4.040000000000000258e-01
7.028999999999999693e-01
-4.207000000000000184e-01
-5.966000000000000192e-01
-5.665999999999999925e-01
-4.815999999999999726e-01
6.343999999999999639e-01
-4.143999999999999906e-01
-7.739999999999999658e-02
-6.412999999999999812e-01
-3.013000000000000123e-01
-5.406999999999999584e-01
1.403999999999999970e-01
3.030999999999999805e-01
-8.964999999999999636e-01
6.459000000000000297e-01
1.600000000000000033e-02
6.863000000000000211e-01
-4.789999999999999813e-01
-4.642000000000000015e-01
-8.116999999999999771e-01
9.154999999999999805e-01
-3.211999999999999855e-01
8.790000000000000036e-01
-6.040000000000000230e-02
8.204000000000000181e-01
8.732999999999999652e-01
7.798000000000000487e-01
1.557000000000000051e-01
3.803000000000000269e-01
-7.610999999999999988e-01
7.552999999999999714e-01
-6.169999999999999929e-01
-8.749000000000000110e-01
4.263000000000000123e-01
-1.832999999999999907e-01
4.941999999999999726e-01
-7.749999999999999944e-02
-4.162000000000000144e-01
-6.602999999999999980e-01
8.040000000000000480e-01
6.889999999999999458e-01
5.720000000000000084e-02
7.466000000000000414e-01
3.840999999999999970e-01
-5.300000000000000266e-01
-9.181000000000000272e-01
3.148000000000000242e-01
1.948999999999999899e-01
3.306000000000000050e-01
-9.768000000000000016e-01
-7.903999999999999915e-01
8.383000000000000451e-01
7.117999999999999883e-01
6.401000000000000023e-01
3.733000000000000207e-01
-5.057000000000000384e-01
-5.380000000000000060e-02
