4.217000000000000193e-01
-4.519000000000000239e-01
9.130000000000000338e-01
-1.222000000000000031e-01
-2.265999999999999959e-01
5.594000000000000083e-01
6.639000000000000457e-01
-9.886000000000000343e-01
-3.194000000000000172e-01
-4.687999999999999945e-01
-3.575999999999999734e-01
-3.322999999999999843e-01
-3.625999999999999779e-01
9.331000000000000405e-01
3.704000000000000070e-01
5.114999999999999547e-01
6.492999999999999883e-01
-4.181000000000000272e-01
8.759000000000000119e-01
4.758000000000000007e-01
4.351999999999999758e-01
9.816000000000000281e-01
1.770000000000000046e-02
6.673000000000000043e-01
8.830999999999999961e-01
1.441000000000000059e-01
4.693999999999999839e-01
-5.890999999999999570e-01
2.771000000000000130e-01
-4.475999999999999979e-01
-9.147999999999999465e-01
-7.233000000000000540e-01
-8.647000000000000242e-01
-9.305999999999999828e-01
-6.759999999999999343e-02
-3.113000000000000211e-01
5.777999999999999803e-01
1.163000000000000006e-01
-1.575000000000000011e-01
5.160000000000000142e-01
5.203999999999999737e-01
-8.537000000000000144e-01
9.870999999999999774e-01
1.975000000000000089e-01
6.619000000000000439e-01
3.052000000000000268e-01
-3.438999999999999835e-01
-7.749999999999999944e-02
-5.181999999999999940e-01
6.186000000000000387e-01
-4.399000000000000132e-01
1.779999999999999985e-02
2.657999999999999807e-01
-2.101000000000000090e-01
-5.100000000000000089e-01
-7.116999999999999993e-01
-5.844000000000000306e-01
6.562999999999999945e-01
8.212000000000000410e-01
6.529999999999999694e-02
6.130999999999999783e-01
3.234000000000000208e-01
-3.754000000000000115e-01
6.968999999999999639e-01
-2.914999999999999813e-01
-5.915000000000000258e-01
2.348999999999999977e-01
9.333000000000000185e-01
-4.903000000000000136e-01
1.106000000000000039e-01
-4.062999999999999945e-01
4.254999999999999893e-01
6.784000000000000030e-01
-4.060000000000000275e-01
8.037999999999999590e-01
3.320000000000000173e-01
-8.899999999999999925e-03
-4.899999999999999911e-01
-4.198000000000000065e-01
-7.724999999999999645e-01
7.002000000000000446e-01
-9.832999999999999519e-01
9.250000000000000444e-01
4.939999999999999947e-02
8.540999999999999703e-01
-4.862000000000000210e-01
-6.502999999999999892e-01
-6.605999999999999650e-01
2.866000000000000214e-01
2.715000000000000191e-01
2.232000000000000095e-01
9.943999999999999506e-01
-6.455999999999999517e-01
2.857000000000000095e-01
-4.647999999999999909e-01
-7.506000000000000449e-01
-9.219000000000000528e-01
3.981999999999999984e-01
-8.007999999999999563e-01
-2.652999999999999803e-01
-7.268000000000000016e-01
7.976999999999999647e-01
5.935000000000000275e-01
6.700000000000000400e-02
-7.713999999999999746e-01
-4.198000000000000065e-01
2.978999999999999981e-01
-5.343999999999999861e-01
-9.191000000000000281e-01
9.901999999999999691e-01
-8.213000000000000300e-01
9.760999999999999677e-01
3.438999999999999835e-01
-5.775000000000000133e-01
-6.309000000000000163e-01
8.386000000000000121e-01
-3.350000000000000200e-01
-6.905999999999999917e-01
-7.408000000000000140e-01
-1.998000000000000054e-01
4.334999999999999964e-01
-3.880000000000000115e-01
2.950999999999999734e-01
-5.542000000000000259e-01
-3.785999999999999921e-01
-2.652999999999999803e-01
-7.798000000000000487e-01
9.710000000000000575e-02
2.192000000000000060e-01
-4.365999999999999881e-01
2.748999999999999777e-01
-8.336000000000000076e-01
-7.019999999999999574e-01
4.633999999999999786e-01
7.340999999999999748e-01
-8.781999999999999806e-01
1.264000000000000123e-01
-1.164000000000000035e-01
-9.633000000000000451e-01
-8.125999999999999890e-01
3.670000000000000345e-02
-7.357000000000000206e-01
-2.650000000000000133e-01
-7.007999999999999785e-01
6.643999999999999906e-01
3.282999999999999807e-01
5.799999999999999600e-03
-6.410000000000000420e-02
5.469999999999999862e-02
-6.254999999999999449e-01
-9.236999999999999655e-01
5.078000000000000291e-01
4.447999999999999732e-01
-2.510000000000000078e-02
8.652999999999999581e-01
-1.539000000000000090e-01
-6.844999999999999973e-01
-6.720000000000000417e-01
1.812000000000000000e-01
8.347999999999999865e-01
-2.299999999999999961e-02
-5.601000000000000423e-01
-9.242000000000000215e-01
2.918999999999999928e-01
4.945999999999999841e-01
5.968999999999999861e-01
7.403999999999999471e-01
-7.099999999999999645e-01
4.550000000000000155e-01
-5.706999999999999851e-01
7.560000000000000053e-02
1.980000000000000163e-02
7.631999999999999895e-01
-5.141999999999999904e-01
-6.785999999999999810e-01
-9.004999999999999671e-01
4.899000000000000021e-01
-2.610999999999999988e-01
-8.223000000000000309e-01
7.177999999999999936e-01
9.703000000000000513e-01
3.398999999999999799e-01
-8.306999999999999940e-01
4.279000000000000026e-01
8.564000000000000501e-01
-5.255999999999999561e-01
-5.453000000000000069e-01
1.821000000000000119e-01
4.120000000000000051e-02
-9.992999999999999661e-01
9.547999999999999821e-01
9.296999999999999709e-01
-5.639999999999999458e-01
1.411000000000000032e-01
-6.896999999999999797e-01
-7.610000000000000098e-02
9.202000000000000179e-01
9.333000000000000185e-01
-3.533999999999999919e-01
-4.007999999999999896e-01
5.513000000000000123e-01
6.771000000000000352e-01
-6.185000000000000497e-01
-5.870000000000000218e-02
-5.513000000000000123e-01
1.943999999999999895e-01
3.649999999999999772e-02
-3.684000000000000052e-01
-4.820999999999999730e-01
-9.249000000000000554e-01
8.868000000000000327e-01
8.885999999999999455e-01
-8.300999999999999490e-01
6.444999999999999618e-01
-7.945999999999999730e-01
6.133999999999999453e-01
-1.653999999999999915e-01
-2.396000000000000074e-01
5.808999999999999719e-01
-1.433999999999999997e-01
-1.633999999999999897e-01
-3.224000000000000199e-01
-4.741000000000000214e-01
3.259000000000000230e-01
1.421999999999999931e-01
-6.004000000000000448e-01
9.088000000000000522e-01
6.667999999999999483e-01
5.242999999999999883e-01
-9.564000000000000279e-01
4.009999999999999676e-02
5.040000000000000036e-02
2.149999999999999828e-02
-7.930000000000000382e-01
-4.875999999999999779e-01
-2.182999999999999940e-01
-3.059000000000000052e-01
9.217999999999999527e-01
-6.750000000000000444e-02
5.400000000000000286e-03
-5.191000000000000059e-01
-2.793999999999999817e-01
2.983999999999999986e-01
5.379000000000000448e-01
1.011999999999999983e-01
-9.746000000000000218e-01
-5.567999999999999616e-01
-5.715999999999999970e-01
2.948000000000000065e-01
-1.852999999999999925e-01
9.851999999999999647e-01
6.700000000000000400e-02
3.584999999999999853e-01
9.445999999999999952e-01
9.303000000000000158e-01
-3.446000000000000174e-01
3.095999999999999863e-01
-5.171000000000000041e-01
7.530999999999999917e-01
9.664000000000000368e-01
-7.762999999999999901e-01
3.985000000000000209e-01
5.555999999999999828e-01
-4.161000000000000254e-01
8.054999999999999938e-01
4.471999999999999864e-01
1.353999999999999926e-01
7.300000000000000065e-03
3.689999999999999947e-01
2.043000000000000094e-01
5.724000000000000199e-01
8.929000000000000270e-01
4.030000000000000249e-02
-1.832000000000000017e-01
-2.501999999999999780e-01
-3.856999999999999873e-01
-9.239000000000000545e-01
-5.890999999999999570e-01
-6.731000000000000316e-01
-4.366999999999999771e-01
1.469000000000000028e-01
-7.510999999999999899e-01
-8.054999999999999938e-01
-7.905999999999999694e-01
7.819000000000000394e-01
-7.849000000000000421e-01
5.073999999999999622e-01
-8.204000000000000181e-01
7.578000000000000291e-01
-3.350000000000000200e-02
-5.829999999999999627e-01
-3.496000000000000218e-01
1.706000000000000016e-01
-7.090999999999999526e-01
6.350000000000000089e-02
4.892000000000000237e-01
3.680999999999999828e-01
-7.200999999999999623e-01
7.625999999999999446e-01
-7.255000000000000338e-01
