-1.615835999999998052e+01 6.188974387455322690e-01 0.000000000000000000e+00 1.120763247690491182e+00
-1.630595799999997908e+01 6.245507367388907216e-01 0.000000000000000000e+00 1.331496229027762546e+00
-1.544351199999997526e+01 5.915173335682513134e-01 0.000000000000000000e+00 1.102186358995408177e+00
-1.673931999999997444e+01 6.411493662934766302e-01 0.000000000000000000e+00 1.025718897637016624e+00
-1.633376199999997525e+01 6.256156854333669859e-01 0.000000000000000000e+00 1.029453774432309121e+00
-1.700870999999997224e+01 6.514675409735590783e-01 0.000000000000000000e+00 1.369472223157519819e+00
-1.613343399999997274e+01 6.179427231953046329e-01 0.000000000000000000e+00 9.638665459638500188e-01
-1.728443199999996693e+01 6.620282438917879375e-01 0.000000000000000000e+00 1.064540866258948615e+00
-1.671803799999996798e+01 6.403342232163705683e-01 0.000000000000000000e+00 1.399445903247843459e+00
-1.759071599999996849e+01 6.737595324092326976e-01 0.000000000000000000e+00 1.311965070882666895e+00
-1.774355199999997268e+01 6.796134562572044846e-01 0.000000000000000000e+00 1.174811093387985617e+00
-1.817544399999997751e+01 6.961557818777928119e-01 0.000000000000000000e+00 1.131885797173205477e+00
-1.874023599999997103e+01 7.177884427557509328e-01 0.000000000000000000e+00 1.107270740164410627e+00
-1.947850999999996446e+01 7.460658104893832521e-01 0.000000000000000000e+00 1.282011270022477945e+00
-1.891285599999997302e+01 7.244001332909447699e-01 0.000000000000000000e+00 1.353882596279710526e+00
-1.960646399999997413e+01 7.509667040749483657e-01 0.000000000000000000e+00 1.359659264915554555e+00
-2.030355199999996785e+01 7.776665658047428042e-01 1.000000000000000082e-05 1.403447048043717560e+00
-1.886919599999997388e+01 7.227278681492083079e-01 0.000000000000000000e+00 1.298820017540396332e+00
-1.930107999999996338e+01 7.392698873538285920e-01 0.000000000000000000e+00 1.176298605839949607e+00
-2.037335999999998037e+01 7.803403515357177911e-01 0.000000000000000000e+00 1.157465868510892726e+00
-2.005349199999996657e+01 7.680887687057359470e-01 0.000000000000000000e+00 1.037365967750275120e+00
-2.015346599999996258e+01 7.719179724455427216e-01 0.000000000000000000e+00 1.050883780465015738e+00
-2.006137399999997228e+01 7.683906650375540437e-01 0.000000000000000000e+00 1.039634926077029675e+00
-2.039213799999996368e+01 7.810595864150466916e-01 0.000000000000000000e+00 1.350550745480217474e+00
-2.007530399999997073e+01 7.689242118406779403e-01 0.000000000000000000e+00 1.100596956102376955e+00
-2.027618999999997840e+01 7.766185465924621001e-01 1.000000000000000082e-05 1.326520188769142239e+00
-2.049022999999996131e+01 7.848167057985376838e-01 0.000000000000000000e+00 1.390596828885011238e+00
-2.087412599999997553e+01 7.995206888230936837e-01 0.000000000000000000e+00 1.413230757757099942e+00
-2.050397399999997816e+01 7.853431284304216442e-01 0.000000000000000000e+00 1.249514030027820244e+00
-2.083429199999998715e+01 7.979949671177359871e-01 0.000000000000000000e+00 1.462563774155064555e+00
-2.037255199999998467e+01 7.803094035230170311e-01 0.000000000000000000e+00 1.296526553034388352e+00
-2.057088999999997725e+01 7.879061447892040659e-01 0.000000000000000000e+00 1.587754293225675850e+00
-2.074061199999996674e+01 7.944068361402299994e-01 0.000000000000000000e+00 1.463889680206176713e+00
-1.990039999999997633e+01 7.622250395468098683e-01 0.000000000000000000e+00 1.557158681183082871e+00
-2.030370199999996927e+01 7.776723111041304870e-01 0.000000000000000000e+00 1.524646607305337964e+00
-2.065039999999997278e+01 7.909515364845651764e-01 0.000000000000000000e+00 1.480671145532363342e+00
-2.075529199999997942e+01 7.949691094402921987e-01 0.000000000000000000e+00 1.479042517175257476e+00
-1.987371799999997179e+01 7.612030656917521121e-01 0.000000000000000000e+00 1.617047687457333405e+00
-1.943221199999996074e+01 7.442925046824174773e-01 0.000000000000000000e+00 1.460415480475374839e+00
-2.058734799999997378e+01 7.885365190380060341e-01 0.000000000000000000e+00 1.268644376982172473e+00
-2.014535199999997417e+01 7.716071900506725756e-01 0.000000000000000000e+00 1.248199590560238548e+00
-2.032175999999996563e+01 7.783639685463996649e-01 0.000000000000000000e+00 1.383328753406072753e+00
-1.974166799999998645e+01 7.561452871309118917e-01 0.000000000000000000e+00 1.534713948859604882e+00
-2.094033599999998074e+01 8.020566639727588765e-01 0.000000000000000000e+00 1.450480252444449558e+00
-2.049221199999998433e+01 7.848926203544460689e-01 0.000000000000000000e+00 9.538766781016623231e-01
-2.035216999999997256e+01 7.795287322422360665e-01 1.000000000000000082e-05 1.725601300527974891e+00
-2.084686599999998435e+01 7.984765764143963995e-01 0.000000000000000000e+00 1.426299207861897012e+00
-2.160676799999997399e+01 8.275823397157215933e-01 0.000000000000000000e+00 1.377196245992472035e+00
-2.178456199999998333e+01 8.343922047777903028e-01 0.000000000000000000e+00 1.415875879310090513e+00
-2.057092999999997218e+01 7.879076768690406185e-01 0.000000000000000000e+00 1.281275836812666880e+00
-2.087291999999999348e+01 7.994744966160184374e-01 0.000000000000000000e+00 9.483517761427621151e-01
-2.107974199999999243e+01 8.073961920155656724e-01 0.000000000000000000e+00 9.620024709831975773e-01
-2.118102599999996727e+01 8.112755713700228188e-01 0.000000000000000000e+00 1.436936089383844983e+00
-2.171540799999997517e+01 8.317434685521453153e-01 0.000000000000000000e+00 1.428755636992688149e+00
-2.152075199999998389e+01 8.242877552349247017e-01 0.000000000000000000e+00 1.258374608713377363e+00
-2.101060199999997025e+01 8.047479920178629564e-01 0.000000000000000000e+00 1.000597811813548343e+00
-2.175497999999996779e+01 8.332591551345728265e-01 0.000000000000000000e+00 1.483982304612841752e+00
-2.100768999999998954e+01 8.046364566057533363e-01 0.000000000000000000e+00 1.254552063285916397e+00
-2.180635999999999441e+01 8.352271116847896915e-01 0.000000000000000000e+00 1.213501435740994117e+00
-2.084345799999998050e+01 7.983460432123110628e-01 0.000000000000000000e+00 1.256209855496471572e+00
-2.131871999999998479e+01 8.165495263958199024e-01 0.000000000000000000e+00 1.192486577354947785e+00
-2.128761399999999071e+01 8.153581045108256875e-01 0.000000000000000000e+00 1.374037060431189339e+00
-1.897724599999998318e+01 7.268663988080412697e-01 0.000000000000000000e+00 1.660778997175297089e+00
-2.127530199999997862e+01 8.148865303370950164e-01 0.000000000000000000e+00 1.230700402536718085e+00
-1.996495199999998604e+01 7.646975099872449499e-01 0.000000000000000000e+00 1.152842733847882162e+00
-2.124572599999998346e+01 8.137537105058538778e-01 0.000000000000000000e+00 1.206517622690454594e+00
-2.012087999999997834e+01 7.706698636065917318e-01 0.000000000000000000e+00 1.037242123628954404e+00
-2.100682999999997946e+01 8.046035168892643474e-01 0.000000000000000000e+00 1.323802637301064289e+00
-2.074485599999997021e+01 7.945693898109018605e-01 0.000000000000000000e+00 1.205314792556515302e+00
-2.084093599999998503e+01 7.982494455786085519e-01 0.000000000000000000e+00 1.233929714083006557e+00
-2.102000399999998237e+01 8.051081073834750468e-01 0.000000000000000000e+00 1.290274801042809338e+00
-2.066100399999997705e+01 7.913576908492693240e-01 0.000000000000000000e+00 1.260048449759537448e+00
-2.108253399999998479e+01 8.075031311881656348e-01 0.000000000000000000e+00 1.464695717027529209e+00
-2.094283399999998352e+01 8.021523423585597001e-01 0.000000000000000000e+00 1.406277226302183214e+00
-2.079382799999997999e+01 7.964451151549499786e-01 0.000000000000000000e+00 1.470739435689724539e+00
-2.082176599999997180e+01 7.975151963168789493e-01 0.000000000000000000e+00 1.317094117973351297e+00
-2.115491199999998884e+01 8.102753530486469513e-01 0.000000000000000000e+00 1.425112640685789689e+00
-2.152750199999998060e+01 8.245462937073643195e-01 0.000000000000000000e+00 1.275748288239280548e+00
-2.209763799999999279e+01 8.463836404515036049e-01 0.000000000000000000e+00 1.292497853135391228e+00
-2.229131800000000396e+01 8.538019710207100932e-01 1.000000000000000082e-05 1.151128770616655972e+00
-2.305633799999999667e+01 8.831037639371386305e-01 0.000000000000000000e+00 1.306031202836990923e+00
-2.287280399999999503e+01 8.760740454185065307e-01 1.000000000000000082e-05 1.196404670054949326e+00
-2.343344799999999495e+01 8.975478296174012049e-01 0.000000000000000000e+00 1.214632109284555783e+00
-2.313255999999998735e+01 8.860232186699243950e-01 0.000000000000000000e+00 1.182331484565110724e+00
-2.357096199999999797e+01 9.028148902839325807e-01 1.000000000000000082e-05 1.041581255822514818e+00
-2.361885199999999685e+01 9.046491728683980771e-01 2.000000000000000164e-05 9.976555872664873981e-01
-2.432808799999999394e+01 9.318143272445924552e-01 2.300000000000000070e-04 1.106654364962660120e+00
-2.413674199999999104e+01 9.244853935338567252e-01 1.600000000000000131e-04 1.083591403590556945e+00
-2.390469799999999267e+01 9.155976451932907878e-01 8.000000000000000654e-05 9.563570418578570820e-01
-2.308468999999999838e+01 8.841897021253777300e-01 3.000000000000000076e-05 1.092608405041659125e+00
-2.321827599999999947e+01 8.893063125519470313e-01 3.000000000000000076e-05 8.707194801746170887e-01
-2.409679999999999467e+01 9.229555352129397150e-01 1.299999999999999886e-04 1.010646540736686028e+00
-2.392144199999999543e+01 9.162389738129251837e-01 1.299999999999999886e-04 1.004067577223925145e+00
-2.391704799999999409e+01 9.160706748428658619e-01 1.000000000000000048e-04 9.846563699919159696e-01
-2.415718199999999527e+01 9.252682863304004801e-01 1.800000000000000113e-04 1.141798901820271883e+00
-2.382109999999999772e+01 9.123956749386209486e-01 8.000000000000000654e-05 9.578844239765933466e-01
-2.375312999999999164e+01 9.097922882761417807e-01 1.600000000000000131e-04 1.419511869829153117e+00
-2.367561399999999239e+01 9.068232707606390663e-01 1.299999999999999886e-04 1.280132306689548027e+00
-2.326418199999999459e+01 8.910646039765129922e-01 4.000000000000000327e-05 1.005869125810403997e+00
-2.365151199999999676e+01 9.059001160550474996e-01 8.000000000000000654e-05 9.975708556166613672e-01
-2.401566400000000456e+01 9.198478644722177799e-01 1.299999999999999886e-04 1.034863994920993902e+00
-2.362666599999998596e+01 9.049484646644930796e-01 1.100000000000000039e-04 1.184520677232744346e+00
-2.366370199999999002e+01 9.063670173852755862e-01 1.399999999999999877e-04 1.287508347563799171e+00
-2.370675599999999150e+01 9.080160715174864228e-01 9.000000000000000567e-05 1.085756952946987930e+00
-2.398879200000000012e+01 9.188186132379357884e-01 1.100000000000000039e-04 9.846504044203975292e-01
-2.400829199999998664e+01 9.195655021583170052e-01 1.200000000000000030e-04 1.057198789223367186e+00
-2.404516400000000331e+01 9.209777733517694465e-01 1.000000000000000048e-04 9.956763243812384312e-01
-2.360393799999999587e+01 9.040779369012917899e-01 1.100000000000000039e-04 1.185306948165620655e+00
-2.265790799999998839e+01 8.678430997039251471e-01 1.000000000000000082e-05 1.010768531254182978e+00
-2.365582200000000057e+01 9.060651976574499722e-01 1.200000000000000030e-04 1.190952800766061026e+00
-2.408148999999999162e+01 9.223691316554502029e-01 9.000000000000000567e-05 8.665922995482729929e-01
-2.377538999999999803e+01 9.106448907052545616e-01 1.100000000000000039e-04 1.101117760608406826e+00
-2.401054799999998934e+01 9.196519114611058088e-01 1.299999999999999886e-04 1.017310845345003489e+00
-2.414386799999999411e+01 9.247583335567614027e-01 1.600000000000000131e-04 1.077022651242251383e+00
-2.369772999999999286e+01 9.076703577023396141e-01 8.000000000000000654e-05 1.066281718180168481e+00
-2.380342199999999764e+01 9.117185722548001303e-01 6.999999999999999387e-05 8.687932584773881972e-01
-2.398419800000000279e+01 9.186426538686932597e-01 8.000000000000000654e-05 9.698952726949232606e-01
-2.488305399999999423e+01 9.530706327106703846e-01 3.899999999999999929e-04 1.021746167001284844e+00
-2.484467999999999677e+01 9.516008319193511866e-01 3.499999999999999964e-04 1.006919193090557885e+00
-2.575638600000000267e+01 9.865209914088624021e-01 7.299999999999999632e-04 6.185542878961776125e-01
-2.610161599999999993e+01 9.997439894592907716e-01 9.799999999999999684e-04 4.702370930034795865e-02
-2.610829999999999984e+01 1.000000000000000000e+00 5.539999999999999786e-03 0.000000000000000000e+00
-2.610829999999999984e+01 1.000000000000000000e+00 7.100000000000000408e-03 0.000000000000000000e+00
-2.610829999999999984e+01 1.000000000000000000e+00 5.499999999999999681e-03 0.000000000000000000e+00
-2.610829999999999984e+01 1.000000000000000000e+00 5.760000000000000363e-03 0.000000000000000000e+00
-2.610829999999999984e+01 1.000000000000000000e+00 2.099999999999999870e-03 0.000000000000000000e+00
-2.610829999999999984e+01 1.000000000000000000e+00 5.499999999999999681e-03 0.000000000000000000e+00
-2.610829999999999984e+01 1.000000000000000000e+00 2.820000000000000024e-03 0.000000000000000000e+00
-2.610829999999999984e+01 1.000000000000000000e+00 4.910000000000000302e-03 0.000000000000000000e+00
-2.610829999999999984e+01 1.000000000000000000e+00 1.869999999999999917e-03 0.000000000000000000e+00
-2.610829999999999984e+01 1.000000000000000000e+00 4.819999999999999632e-03 0.000000000000000000e+00
-2.610829999999999984e+01 1.000000000000000000e+00 3.389999999999999784e-03 0.000000000000000000e+00
-2.610829999999999984e+01 1.000000000000000000e+00 4.879999999999999789e-03 0.000000000000000000e+00
-2.610829999999999984e+01 1.000000000000000000e+00 3.330000000000000061e-03 0.000000000000000000e+00
-2.610829999999999984e+01 1.000000000000000000e+00 4.069999999999999833e-03 0.000000000000000000e+00
-2.610829999999999984e+01 1.000000000000000000e+00 5.000000000000000104e-03 0.000000000000000000e+00
-2.610829999999999984e+01 1.000000000000000000e+00 5.279999999999999971e-03 0.000000000000000000e+00
-2.610829999999999984e+01 1.000000000000000000e+00 1.920000000000000049e-03 0.000000000000000000e+00
-2.610829999999999984e+01 1.000000000000000000e+00 4.449999999999999963e-03 0.000000000000000000e+00
-2.610829999999999984e+01 1.000000000000000000e+00 5.210000000000000221e-03 0.000000000000000000e+00
-2.610829999999999984e+01 1.000000000000000000e+00 5.130000000000000011e-03 0.000000000000000000e+00
-2.610829999999999984e+01 1.000000000000000000e+00 3.589999999999999875e-03 0.000000000000000000e+00
-2.610829999999999984e+01 1.000000000000000000e+00 6.389999999999999847e-03 0.000000000000000000e+00
-2.610829999999999984e+01 1.000000000000000000e+00 3.069999999999999812e-03 0.000000000000000000e+00
-2.610829999999999984e+01 1.000000000000000000e+00 4.270000000000000358e-03 0.000000000000000000e+00
-2.610829999999999984e+01 1.000000000000000000e+00 4.120000000000000398e-03 0.000000000000000000e+00
-2.610829999999999984e+01 1.000000000000000000e+00 5.989999999999999665e-03 0.000000000000000000e+00
-2.610829999999999984e+01 1.000000000000000000e+00 4.449999999999999963e-03 0.000000000000000000e+00
-2.610829999999999984e+01 1.000000000000000000e+00 6.579999999999999911e-03 0.000000000000000000e+00
-2.610829999999999984e+01 1.000000000000000000e+00 4.190000000000000148e-03 0.000000000000000000e+00
-2.610829999999999984e+01 1.000000000000000000e+00 5.429999999999999931e-03 0.000000000000000000e+00
-2.610829999999999984e+01 1.000000000000000000e+00 3.360000000000000139e-03 0.000000000000000000e+00
-2.610829999999999984e+01 1.000000000000000000e+00 5.049999999999999802e-03 0.000000000000000000e+00
-2.610829999999999984e+01 1.000000000000000000e+00 3.530000000000000152e-03 0.000000000000000000e+00
-2.610829999999999984e+01 1.000000000000000000e+00 4.420000000000000318e-03 0.000000000000000000e+00
-2.610829999999999984e+01 1.000000000000000000e+00 3.589999999999999875e-03 0.000000000000000000e+00
-2.610829999999999984e+01 1.000000000000000000e+00 3.609999999999999928e-03 0.000000000000000000e+00
-2.610829999999999984e+01 1.000000000000000000e+00 5.479999999999999628e-03 0.000000000000000000e+00
-2.610829999999999984e+01 1.000000000000000000e+00 4.479999999999999608e-03 0.000000000000000000e+00
-2.610829999999999984e+01 1.000000000000000000e+00 4.029999999999999728e-03 0.000000000000000000e+00
-2.610829999999999984e+01 1.000000000000000000e+00 4.259999999999999898e-03 0.000000000000000000e+00
-2.610829999999999984e+01 1.000000000000000000e+00 4.819999999999999632e-03 0.000000000000000000e+00
-2.610829999999999984e+01 1.000000000000000000e+00 4.460000000000000422e-03 0.000000000000000000e+00
-2.610829999999999984e+01 1.000000000000000000e+00 5.980000000000000072e-03 0.000000000000000000e+00
-2.610829999999999984e+01 1.000000000000000000e+00 5.199999999999999761e-03 0.000000000000000000e+00
-2.610829999999999984e+01 1.000000000000000000e+00 4.850000000000000144e-03 0.000000000000000000e+00
-2.610829999999999984e+01 1.000000000000000000e+00 4.709999999999999777e-03 0.000000000000000000e+00
-2.610829999999999984e+01 1.000000000000000000e+00 5.850000000000000165e-03 0.000000000000000000e+00
-2.610829999999999984e+01 1.000000000000000000e+00 4.530000000000000172e-03 0.000000000000000000e+00
-2.610829999999999984e+01 1.000000000000000000e+00 4.029999999999999728e-03 0.000000000000000000e+00
-2.610829999999999984e+01 1.000000000000000000e+00 4.470000000000000015e-03 0.000000000000000000e+00
-2.610829999999999984e+01 1.000000000000000000e+00 4.320000000000000055e-03 0.000000000000000000e+00
-2.610829999999999984e+01 1.000000000000000000e+00 5.170000000000000116e-03 0.000000000000000000e+00
-2.610829999999999984e+01 1.000000000000000000e+00 4.049999999999999781e-03 0.000000000000000000e+00
-2.610829999999999984e+01 1.000000000000000000e+00 4.449999999999999963e-03 0.000000000000000000e+00
-2.610829999999999984e+01 1.000000000000000000e+00 4.139999999999999583e-03 0.000000000000000000e+00
-2.610829999999999984e+01 1.000000000000000000e+00 5.130000000000000011e-03 0.000000000000000000e+00
-2.610829999999999984e+01 1.000000000000000000e+00 5.250000000000000326e-03 0.000000000000000000e+00
-2.610829999999999984e+01 1.000000000000000000e+00 5.720000000000000258e-03 0.000000000000000000e+00
-2.610829999999999984e+01 1.000000000000000000e+00 2.579999999999999828e-03 0.000000000000000000e+00
-2.610829999999999984e+01 1.000000000000000000e+00 4.780000000000000394e-03 0.000000000000000000e+00
-2.610829999999999984e+01 1.000000000000000000e+00 1.619999999999999912e-03 0.000000000000000000e+00
-2.610829999999999984e+01 1.000000000000000000e+00 4.919999999999999894e-03 0.000000000000000000e+00
-2.610829999999999984e+01 1.000000000000000000e+00 3.459999999999999968e-03 0.000000000000000000e+00
-2.610829999999999984e+01 1.000000000000000000e+00 5.190000000000000169e-03 0.000000000000000000e+00
-2.610829999999999984e+01 1.000000000000000000e+00 3.220000000000000206e-03 0.000000000000000000e+00
-2.610829999999999984e+01 1.000000000000000000e+00 4.870000000000000197e-03 0.000000000000000000e+00
-2.610829999999999984e+01 1.000000000000000000e+00 4.749999999999999882e-03 0.000000000000000000e+00
-2.610829999999999984e+01 1.000000000000000000e+00 5.139999999999999604e-03 0.000000000000000000e+00
-2.610829999999999984e+01 1.000000000000000000e+00 4.460000000000000422e-03 0.000000000000000000e+00
-2.610829999999999984e+01 1.000000000000000000e+00 5.409999999999999878e-03 0.000000000000000000e+00
-2.610829999999999984e+01 1.000000000000000000e+00 4.279999999999999950e-03 0.000000000000000000e+00
-2.610829999999999984e+01 1.000000000000000000e+00 4.919999999999999894e-03 0.000000000000000000e+00
-2.610829999999999984e+01 1.000000000000000000e+00 5.320000000000000076e-03 0.000000000000000000e+00
-2.610829999999999984e+01 1.000000000000000000e+00 4.720000000000000237e-03 0.000000000000000000e+00
-2.610829999999999984e+01 1.000000000000000000e+00 4.559999999999999817e-03 0.000000000000000000e+00
-2.610829999999999984e+01 1.000000000000000000e+00 4.870000000000000197e-03 0.000000000000000000e+00
-2.610829999999999984e+01 1.000000000000000000e+00 3.279999999999999930e-03 0.000000000000000000e+00
-2.610829999999999984e+01 1.000000000000000000e+00 5.969999999999999613e-03 0.000000000000000000e+00
-2.610829999999999984e+01 1.000000000000000000e+00 4.780000000000000394e-03 0.000000000000000000e+00
-2.610829999999999984e+01 1.000000000000000000e+00 5.610000000000000403e-03 0.000000000000000000e+00
-2.610829999999999984e+01 1.000000000000000000e+00 3.799999999999999992e-03 0.000000000000000000e+00
-2.610829999999999984e+01 1.000000000000000000e+00 4.409999999999999858e-03 0.000000000000000000e+00
-2.610829999999999984e+01 1.000000000000000000e+00 3.020000000000000115e-03 0.000000000000000000e+00
-2.610829999999999984e+01 1.000000000000000000e+00 6.570000000000000319e-03 0.000000000000000000e+00
-2.610829999999999984e+01 1.000000000000000000e+00 3.099999999999999891e-03 0.000000000000000000e+00
-2.610829999999999984e+01 1.000000000000000000e+00 6.360000000000000202e-03 0.000000000000000000e+00
-2.610829999999999984e+01 1.000000000000000000e+00 3.459999999999999968e-03 0.000000000000000000e+00
-2.610829999999999984e+01 1.000000000000000000e+00 4.519999999999999712e-03 0.000000000000000000e+00
-2.610829999999999984e+01 1.000000000000000000e+00 4.100000000000000346e-03 0.000000000000000000e+00
-2.610829999999999984e+01 1.000000000000000000e+00 4.959999999999999999e-03 0.000000000000000000e+00
-2.610829999999999984e+01 1.000000000000000000e+00 4.479999999999999608e-03 0.000000000000000000e+00
-2.610829999999999984e+01 1.000000000000000000e+00 3.850000000000000124e-03 0.000000000000000000e+00
-2.610829999999999984e+01 1.000000000000000000e+00 3.419999999999999863e-03 0.000000000000000000e+00
-2.610829999999999984e+01 1.000000000000000000e+00 5.040000000000000209e-03 0.000000000000000000e+00
-2.610829999999999984e+01 1.000000000000000000e+00 4.720000000000000237e-03 0.000000000000000000e+00
-2.610829999999999984e+01 1.000000000000000000e+00 4.769999999999999934e-03 0.000000000000000000e+00
-2.610829999999999984e+01 1.000000000000000000e+00 4.819999999999999632e-03 0.000000000000000000e+00
-2.610829999999999984e+01 1.000000000000000000e+00 4.780000000000000394e-03 0.000000000000000000e+00
-2.610829999999999984e+01 1.000000000000000000e+00 3.899999999999999821e-03 0.000000000000000000e+00
-2.610829999999999984e+01 1.000000000000000000e+00 5.049999999999999802e-03 0.000000000000000000e+00
-2.610829999999999984e+01 1.000000000000000000e+00 4.360000000000000160e-03 0.000000000000000000e+00
-2.610829999999999984e+01 1.000000000000000000e+00 5.389999999999999826e-03 0.000000000000000000e+00
-2.610829999999999984e+01 1.000000000000000000e+00 5.210000000000000221e-03 0.000000000000000000e+00
-2.610829999999999984e+01 1.000000000000000000e+00 4.959999999999999999e-03 0.000000000000000000e+00
-2.610829999999999984e+01 1.000000000000000000e+00 4.629999999999999567e-03 0.000000000000000000e+00
-2.610829999999999984e+01 1.000000000000000000e+00 4.930000000000000354e-03 0.000000000000000000e+00
-2.610829999999999984e+01 1.000000000000000000e+00 4.300000000000000003e-03 0.000000000000000000e+00
-2.610829999999999984e+01 1.000000000000000000e+00 5.239999999999999866e-03 0.000000000000000000e+00
-2.610829999999999984e+01 1.000000000000000000e+00 5.389999999999999826e-03 0.000000000000000000e+00
-2.610829999999999984e+01 1.000000000000000000e+00 5.150000000000000064e-03 0.000000000000000000e+00
-2.610829999999999984e+01 1.000000000000000000e+00 4.910000000000000302e-03 0.000000000000000000e+00
-2.610829999999999984e+01 1.000000000000000000e+00 4.890000000000000249e-03 0.000000000000000000e+00
-2.610829999999999984e+01 1.000000000000000000e+00 3.930000000000000333e-03 0.000000000000000000e+00
-2.610829999999999984e+01 1.000000000000000000e+00 4.700000000000000185e-03 0.000000000000000000e+00
-2.610829999999999984e+01 1.000000000000000000e+00 5.619999999999999996e-03 0.000000000000000000e+00
-2.610829999999999984e+01 1.000000000000000000e+00 5.179999999999999709e-03 0.000000000000000000e+00
-2.610829999999999984e+01 1.000000000000000000e+00 5.380000000000000233e-03 0.000000000000000000e+00
-2.610829999999999984e+01 1.000000000000000000e+00 2.690000000000000117e-03 0.000000000000000000e+00
-2.610829999999999984e+01 1.000000000000000000e+00 4.210000000000000200e-03 0.000000000000000000e+00
-2.610829999999999984e+01 1.000000000000000000e+00 5.259999999999999919e-03 0.000000000000000000e+00
-2.610829999999999984e+01 1.000000000000000000e+00 8.349999999999999784e-03 0.000000000000000000e+00
-2.610829999999999984e+01 1.000000000000000000e+00 5.780000000000000415e-03 0.000000000000000000e+00
-2.610829999999999984e+01 1.000000000000000000e+00 4.740000000000000289e-03 0.000000000000000000e+00
-2.610829999999999984e+01 1.000000000000000000e+00 5.790000000000000008e-03 0.000000000000000000e+00
-2.610829999999999984e+01 1.000000000000000000e+00 5.080000000000000314e-03 0.000000000000000000e+00
-2.610829999999999984e+01 1.000000000000000000e+00 5.219999999999999814e-03 0.000000000000000000e+00
-2.610829999999999984e+01 1.000000000000000000e+00 5.409999999999999878e-03 0.000000000000000000e+00
-2.610829999999999984e+01 1.000000000000000000e+00 5.049999999999999802e-03 0.000000000000000000e+00
-2.610829999999999984e+01 1.000000000000000000e+00 5.270000000000000379e-03 0.000000000000000000e+00
-2.610829999999999984e+01 1.000000000000000000e+00 4.629999999999999567e-03 0.000000000000000000e+00
-2.610829999999999984e+01 1.000000000000000000e+00 4.870000000000000197e-03 0.000000000000000000e+00
-2.610829999999999984e+01 1.000000000000000000e+00 5.349999999999999721e-03 0.000000000000000000e+00
-2.610829999999999984e+01 1.000000000000000000e+00 4.870000000000000197e-03 0.000000000000000000e+00
-2.610829999999999984e+01 1.000000000000000000e+00 5.360000000000000181e-03 0.000000000000000000e+00
-2.610829999999999984e+01 1.000000000000000000e+00 4.919999999999999894e-03 0.000000000000000000e+00
-2.610829999999999984e+01 1.000000000000000000e+00 5.459999999999999576e-03 0.000000000000000000e+00
-2.610829999999999984e+01 1.000000000000000000e+00 5.490000000000000088e-03 0.000000000000000000e+00
-2.610829999999999984e+01 1.000000000000000000e+00 5.329999999999999669e-03 0.000000000000000000e+00
-2.610829999999999984e+01 1.000000000000000000e+00 5.420000000000000338e-03 0.000000000000000000e+00
-2.610829999999999984e+01 1.000000000000000000e+00 5.020000000000000157e-03 0.000000000000000000e+00
-2.610829999999999984e+01 1.000000000000000000e+00 5.550000000000000246e-03 0.000000000000000000e+00
-2.610829999999999984e+01 1.000000000000000000e+00 5.499999999999999681e-03 0.000000000000000000e+00
-2.610829999999999984e+01 1.000000000000000000e+00 5.159999999999999656e-03 0.000000000000000000e+00
-2.610829999999999984e+01 1.000000000000000000e+00 5.049999999999999802e-03 0.000000000000000000e+00
-2.610829999999999984e+01 1.000000000000000000e+00 5.210000000000000221e-03 0.000000000000000000e+00
-2.610829999999999984e+01 1.000000000000000000e+00 5.449999999999999983e-03 0.000000000000000000e+00
-2.610829999999999984e+01 1.000000000000000000e+00 5.640000000000000048e-03 0.000000000000000000e+00
-2.610829999999999984e+01 1.000000000000000000e+00 4.879999999999999789e-03 0.000000000000000000e+00
-2.610829999999999984e+01 1.000000000000000000e+00 5.369999999999999774e-03 0.000000000000000000e+00
-2.610829999999999984e+01 1.000000000000000000e+00 4.980000000000000052e-03 0.000000000000000000e+00
-2.610829999999999984e+01 1.000000000000000000e+00 5.279999999999999971e-03 0.000000000000000000e+00
-2.610829999999999984e+01 1.000000000000000000e+00 5.179999999999999709e-03 0.000000000000000000e+00
-2.610829999999999984e+01 1.000000000000000000e+00 5.300000000000000024e-03 0.000000000000000000e+00
-2.610829999999999984e+01 1.000000000000000000e+00 5.199999999999999761e-03 0.000000000000000000e+00
-2.610829999999999984e+01 1.000000000000000000e+00 5.429999999999999931e-03 0.000000000000000000e+00
-2.610829999999999984e+01 1.000000000000000000e+00 5.449999999999999983e-03 0.000000000000000000e+00
-2.610829999999999984e+01 1.000000000000000000e+00 5.089999999999999906e-03 0.000000000000000000e+00
-2.610829999999999984e+01 1.000000000000000000e+00 5.279999999999999971e-03 0.000000000000000000e+00
-2.610829999999999984e+01 1.000000000000000000e+00 5.089999999999999906e-03 0.000000000000000000e+00
-2.610829999999999984e+01 1.000000000000000000e+00 5.250000000000000326e-03 0.000000000000000000e+00
-2.610829999999999984e+01 1.000000000000000000e+00 5.499999999999999681e-03 0.000000000000000000e+00
-2.610829999999999984e+01 1.000000000000000000e+00 4.749999999999999882e-03 0.000000000000000000e+00
-2.610829999999999984e+01 1.000000000000000000e+00 5.320000000000000076e-03 0.000000000000000000e+00
-2.610829999999999984e+01 1.000000000000000000e+00 5.470000000000000036e-03 0.000000000000000000e+00
-2.610829999999999984e+01 1.000000000000000000e+00 5.130000000000000011e-03 0.000000000000000000e+00
-2.610829999999999984e+01 1.000000000000000000e+00 5.479999999999999628e-03 0.000000000000000000e+00
-2.610829999999999984e+01 1.000000000000000000e+00 5.420000000000000338e-03 0.000000000000000000e+00
-2.610829999999999984e+01 1.000000000000000000e+00 5.440000000000000391e-03 0.000000000000000000e+00
-2.610829999999999984e+01 1.000000000000000000e+00 5.170000000000000116e-03 0.000000000000000000e+00
-2.610829999999999984e+01 1.000000000000000000e+00 5.459999999999999576e-03 0.000000000000000000e+00
-2.610829999999999984e+01 1.000000000000000000e+00 5.179999999999999709e-03 0.000000000000000000e+00
-2.610829999999999984e+01 1.000000000000000000e+00 5.029999999999999749e-03 0.000000000000000000e+00
-2.610829999999999984e+01 1.000000000000000000e+00 5.930000000000000375e-03 0.000000000000000000e+00
-2.610829999999999984e+01 1.000000000000000000e+00 5.810000000000000060e-03 0.000000000000000000e+00
-2.610829999999999984e+01 1.000000000000000000e+00 5.069999999999999854e-03 0.000000000000000000e+00
-2.610829999999999984e+01 1.000000000000000000e+00 5.139999999999999604e-03 0.000000000000000000e+00
-2.610829999999999984e+01 1.000000000000000000e+00 4.890000000000000249e-03 0.000000000000000000e+00
-2.610829999999999984e+01 1.000000000000000000e+00 4.969999999999999592e-03 0.000000000000000000e+00
-2.610829999999999984e+01 1.000000000000000000e+00 5.539999999999999786e-03 0.000000000000000000e+00
-2.610829999999999984e+01 1.000000000000000000e+00 4.740000000000000289e-03 0.000000000000000000e+00
-2.610829999999999984e+01 1.000000000000000000e+00 5.429999999999999931e-03 0.000000000000000000e+00
-2.610829999999999984e+01 1.000000000000000000e+00 5.579999999999999891e-03 0.000000000000000000e+00
-2.610829999999999984e+01 1.000000000000000000e+00 5.449999999999999983e-03 0.000000000000000000e+00
-2.610829999999999984e+01 1.000000000000000000e+00 5.400000000000000286e-03 0.000000000000000000e+00
-2.610829999999999984e+01 1.000000000000000000e+00 5.049999999999999802e-03 0.000000000000000000e+00
-2.610829999999999984e+01 1.000000000000000000e+00 5.219999999999999814e-03 0.000000000000000000e+00
-2.610829999999999984e+01 1.000000000000000000e+00 5.550000000000000246e-03 0.000000000000000000e+00
-2.610829999999999984e+01 1.000000000000000000e+00 6.009999999999999717e-03 0.000000000000000000e+00
-2.610829999999999984e+01 1.000000000000000000e+00 4.969999999999999592e-03 0.000000000000000000e+00
-2.610829999999999984e+01 1.000000000000000000e+00 5.349999999999999721e-03 0.000000000000000000e+00
-2.610829999999999984e+01 1.000000000000000000e+00 5.610000000000000403e-03 0.000000000000000000e+00
-2.610829999999999984e+01 1.000000000000000000e+00 5.239999999999999866e-03 0.000000000000000000e+00
-2.610829999999999984e+01 1.000000000000000000e+00 5.510000000000000141e-03 0.000000000000000000e+00
-2.610829999999999984e+01 1.000000000000000000e+00 5.619999999999999996e-03 0.000000000000000000e+00
-2.610829999999999984e+01 1.000000000000000000e+00 5.179999999999999709e-03 0.000000000000000000e+00
-2.610829999999999984e+01 1.000000000000000000e+00 5.539999999999999786e-03 0.000000000000000000e+00
-2.610829999999999984e+01 1.000000000000000000e+00 5.159999999999999656e-03 0.000000000000000000e+00
-2.610829999999999984e+01 1.000000000000000000e+00 5.440000000000000391e-03 0.000000000000000000e+00
-2.610829999999999984e+01 1.000000000000000000e+00 4.950000000000000407e-03 0.000000000000000000e+00
-2.610829999999999984e+01 1.000000000000000000e+00 5.159999999999999656e-03 0.000000000000000000e+00
-2.610829999999999984e+01 1.000000000000000000e+00 5.360000000000000181e-03 0.000000000000000000e+00
-2.610829999999999984e+01 1.000000000000000000e+00 4.989999999999999644e-03 0.000000000000000000e+00
-2.610829999999999984e+01 1.000000000000000000e+00 5.459999999999999576e-03 0.000000000000000000e+00
-2.610829999999999984e+01 1.000000000000000000e+00 5.530000000000000193e-03 0.000000000000000000e+00
-2.610829999999999984e+01 1.000000000000000000e+00 5.349999999999999721e-03 0.000000000000000000e+00
-2.610829999999999984e+01 1.000000000000000000e+00 5.510000000000000141e-03 0.000000000000000000e+00
-2.610829999999999984e+01 1.000000000000000000e+00 5.320000000000000076e-03 0.000000000000000000e+00
-2.610829999999999984e+01 1.000000000000000000e+00 5.629999999999999588e-03 0.000000000000000000e+00
-2.610829999999999984e+01 1.000000000000000000e+00 5.360000000000000181e-03 0.000000000000000000e+00
-2.610829999999999984e+01 1.000000000000000000e+00 5.610000000000000403e-03 0.000000000000000000e+00
-2.610829999999999984e+01 1.000000000000000000e+00 5.470000000000000036e-03 0.000000000000000000e+00
-2.610829999999999984e+01 1.000000000000000000e+00 5.029999999999999749e-03 0.000000000000000000e+00
-2.610829999999999984e+01 1.000000000000000000e+00 5.660000000000000100e-03 0.000000000000000000e+00
-2.610829999999999984e+01 1.000000000000000000e+00 5.400000000000000286e-03 0.000000000000000000e+00
-2.610829999999999984e+01 1.000000000000000000e+00 5.790000000000000008e-03 0.000000000000000000e+00
-2.610829999999999984e+01 1.000000000000000000e+00 5.349999999999999721e-03 0.000000000000000000e+00
-2.610829999999999984e+01 1.000000000000000000e+00 5.459999999999999576e-03 0.000000000000000000e+00
-2.610829999999999984e+01 1.000000000000000000e+00 4.590000000000000330e-03 0.000000000000000000e+00
-2.610829999999999984e+01 1.000000000000000000e+00 5.080000000000000314e-03 0.000000000000000000e+00
-2.610829999999999984e+01 1.000000000000000000e+00 5.740000000000000310e-03 0.000000000000000000e+00
-2.610829999999999984e+01 1.000000000000000000e+00 5.570000000000000298e-03 0.000000000000000000e+00
-2.610829999999999984e+01 1.000000000000000000e+00 5.190000000000000169e-03 0.000000000000000000e+00
-2.610829999999999984e+01 1.000000000000000000e+00 5.449999999999999983e-03 0.000000000000000000e+00
-2.610829999999999984e+01 1.000000000000000000e+00 5.389999999999999826e-03 0.000000000000000000e+00
-2.610829999999999984e+01 1.000000000000000000e+00 5.340000000000000129e-03 0.000000000000000000e+00
-2.610829999999999984e+01 1.000000000000000000e+00 5.819999999999999653e-03 0.000000000000000000e+00
-2.610829999999999984e+01 1.000000000000000000e+00 5.259999999999999919e-03 0.000000000000000000e+00
-2.610829999999999984e+01 1.000000000000000000e+00 5.270000000000000379e-03 0.000000000000000000e+00
-2.610829999999999984e+01 1.000000000000000000e+00 5.340000000000000129e-03 0.000000000000000000e+00
-2.610829999999999984e+01 1.000000000000000000e+00 4.850000000000000144e-03 0.000000000000000000e+00
-2.610829999999999984e+01 1.000000000000000000e+00 5.069999999999999854e-03 0.000000000000000000e+00
-2.610829999999999984e+01 1.000000000000000000e+00 4.879999999999999789e-03 0.000000000000000000e+00
-2.610829999999999984e+01 1.000000000000000000e+00 5.409999999999999878e-03 0.000000000000000000e+00
-2.610829999999999984e+01 1.000000000000000000e+00 4.919999999999999894e-03 0.000000000000000000e+00
-2.610829999999999984e+01 1.000000000000000000e+00 5.499999999999999681e-03 0.000000000000000000e+00
-2.610829999999999984e+01 1.000000000000000000e+00 5.329999999999999669e-03 0.000000000000000000e+00
-2.610829999999999984e+01 1.000000000000000000e+00 5.179999999999999709e-03 0.000000000000000000e+00
-2.610829999999999984e+01 1.000000000000000000e+00 5.499999999999999681e-03 0.000000000000000000e+00
-2.610829999999999984e+01 1.000000000000000000e+00 5.559999999999999838e-03 0.000000000000000000e+00
-2.610829999999999984e+01 1.000000000000000000e+00 5.669999999999999693e-03 0.000000000000000000e+00
-2.610829999999999984e+01 1.000000000000000000e+00 5.479999999999999628e-03 0.000000000000000000e+00
-2.610829999999999984e+01 1.000000000000000000e+00 5.389999999999999826e-03 0.000000000000000000e+00
-2.610829999999999984e+01 1.000000000000000000e+00 5.170000000000000116e-03 0.000000000000000000e+00
-2.610829999999999984e+01 1.000000000000000000e+00 5.159999999999999656e-03 0.000000000000000000e+00
-2.610829999999999984e+01 1.000000000000000000e+00 5.340000000000000129e-03 0.000000000000000000e+00
-2.610829999999999984e+01 1.000000000000000000e+00 5.190000000000000169e-03 0.000000000000000000e+00
-2.610829999999999984e+01 1.000000000000000000e+00 5.459999999999999576e-03 0.000000000000000000e+00
-2.610829999999999984e+01 1.000000000000000000e+00 4.930000000000000354e-03 0.000000000000000000e+00
-2.610829999999999984e+01 1.000000000000000000e+00 5.389999999999999826e-03 0.000000000000000000e+00
-2.610829999999999984e+01 1.000000000000000000e+00 5.069999999999999854e-03 0.000000000000000000e+00
-2.610829999999999984e+01 1.000000000000000000e+00 5.139999999999999604e-03 0.000000000000000000e+00
-2.610829999999999984e+01 1.000000000000000000e+00 4.910000000000000302e-03 0.000000000000000000e+00
-2.610829999999999984e+01 1.000000000000000000e+00 5.279999999999999971e-03 0.000000000000000000e+00
-2.610829999999999984e+01 1.000000000000000000e+00 5.300000000000000024e-03 0.000000000000000000e+00
-2.610829999999999984e+01 1.000000000000000000e+00 5.819999999999999653e-03 0.000000000000000000e+00
-2.610829999999999984e+01 1.000000000000000000e+00 5.250000000000000326e-03 0.000000000000000000e+00
-2.610829999999999984e+01 1.000000000000000000e+00 5.320000000000000076e-03 0.000000000000000000e+00
-2.610829999999999984e+01 1.000000000000000000e+00 5.239999999999999866e-03 0.000000000000000000e+00
-2.610829999999999984e+01 1.000000000000000000e+00 5.279999999999999971e-03 0.000000000000000000e+00
-2.610829999999999984e+01 1.000000000000000000e+00 5.669999999999999693e-03 0.000000000000000000e+00
-2.610829999999999984e+01 1.000000000000000000e+00 5.089999999999999906e-03 0.000000000000000000e+00
-2.610829999999999984e+01 1.000000000000000000e+00 5.369999999999999774e-03 0.000000000000000000e+00
-2.610829999999999984e+01 1.000000000000000000e+00 5.579999999999999891e-03 0.000000000000000000e+00
-2.610829999999999984e+01 1.000000000000000000e+00 4.810000000000000039e-03 0.000000000000000000e+00
-2.610829999999999984e+01 1.000000000000000000e+00 5.190000000000000169e-03 0.000000000000000000e+00
-2.610829999999999984e+01 1.000000000000000000e+00 5.400000000000000286e-03 0.000000000000000000e+00
-2.610829999999999984e+01 1.000000000000000000e+00 5.400000000000000286e-03 0.000000000000000000e+00
-2.610829999999999984e+01 1.000000000000000000e+00 5.449999999999999983e-03 0.000000000000000000e+00
-2.610829999999999984e+01 1.000000000000000000e+00 5.329999999999999669e-03 0.000000000000000000e+00
-2.610829999999999984e+01 1.000000000000000000e+00 5.519999999999999733e-03 0.000000000000000000e+00
-2.610829999999999984e+01 1.000000000000000000e+00 5.340000000000000129e-03 0.000000000000000000e+00
-2.610829999999999984e+01 1.000000000000000000e+00 4.760000000000000342e-03 0.000000000000000000e+00
-2.610829999999999984e+01 1.000000000000000000e+00 4.830000000000000092e-03 0.000000000000000000e+00
-2.610829999999999984e+01 1.000000000000000000e+00 5.049999999999999802e-03 0.000000000000000000e+00
-2.610829999999999984e+01 1.000000000000000000e+00 5.170000000000000116e-03 0.000000000000000000e+00
-2.610829999999999984e+01 1.000000000000000000e+00 5.069999999999999854e-03 0.000000000000000000e+00
-2.610829999999999984e+01 1.000000000000000000e+00 5.320000000000000076e-03 0.000000000000000000e+00
-2.610829999999999984e+01 1.000000000000000000e+00 5.669999999999999693e-03 0.000000000000000000e+00
-2.610829999999999984e+01 1.000000000000000000e+00 5.069999999999999854e-03 0.000000000000000000e+00
-2.610829999999999984e+01 1.000000000000000000e+00 4.989999999999999644e-03 0.000000000000000000e+00
-2.610829999999999984e+01 1.000000000000000000e+00 5.309999999999999616e-03 0.000000000000000000e+00
-2.610829999999999984e+01 1.000000000000000000e+00 5.349999999999999721e-03 0.000000000000000000e+00
-2.610829999999999984e+01 1.000000000000000000e+00 5.700000000000000205e-03 0.000000000000000000e+00
-2.610829999999999984e+01 1.000000000000000000e+00 5.179999999999999709e-03 0.000000000000000000e+00
-2.610829999999999984e+01 1.000000000000000000e+00 5.830000000000000113e-03 0.000000000000000000e+00
-2.610829999999999984e+01 1.000000000000000000e+00 5.219999999999999814e-03 0.000000000000000000e+00
-2.610829999999999984e+01 1.000000000000000000e+00 5.150000000000000064e-03 0.000000000000000000e+00
-2.610829999999999984e+01 1.000000000000000000e+00 5.499999999999999681e-03 0.000000000000000000e+00
-2.610829999999999984e+01 1.000000000000000000e+00 4.980000000000000052e-03 0.000000000000000000e+00
-2.610829999999999984e+01 1.000000000000000000e+00 5.369999999999999774e-03 0.000000000000000000e+00
-2.610829999999999984e+01 1.000000000000000000e+00 5.190000000000000169e-03 0.000000000000000000e+00
-2.610829999999999984e+01 1.000000000000000000e+00 5.629999999999999588e-03 0.000000000000000000e+00
-2.610829999999999984e+01 1.000000000000000000e+00 5.150000000000000064e-03 0.000000000000000000e+00
-2.610829999999999984e+01 1.000000000000000000e+00 5.380000000000000233e-03 0.000000000000000000e+00
-2.610829999999999984e+01 1.000000000000000000e+00 5.669999999999999693e-03 0.000000000000000000e+00
-2.610829999999999984e+01 1.000000000000000000e+00 5.320000000000000076e-03 0.000000000000000000e+00
-2.610829999999999984e+01 1.000000000000000000e+00 5.709999999999999798e-03 0.000000000000000000e+00
-2.610829999999999984e+01 1.000000000000000000e+00 5.470000000000000036e-03 0.000000000000000000e+00
-2.610829999999999984e+01 1.000000000000000000e+00 5.139999999999999604e-03 0.000000000000000000e+00
-2.610829999999999984e+01 1.000000000000000000e+00 5.369999999999999774e-03 0.000000000000000000e+00
-2.610829999999999984e+01 1.000000000000000000e+00 5.420000000000000338e-03 0.000000000000000000e+00
-2.610829999999999984e+01 1.000000000000000000e+00 5.669999999999999693e-03 0.000000000000000000e+00
-2.610829999999999984e+01 1.000000000000000000e+00 5.340000000000000129e-03 0.000000000000000000e+00
-2.610829999999999984e+01 1.000000000000000000e+00 5.309999999999999616e-03 0.000000000000000000e+00
-2.610829999999999984e+01 1.000000000000000000e+00 5.300000000000000024e-03 0.000000000000000000e+00
-2.610829999999999984e+01 1.000000000000000000e+00 5.539999999999999786e-03 0.000000000000000000e+00
-2.610829999999999984e+01 1.000000000000000000e+00 5.409999999999999878e-03 0.000000000000000000e+00
-2.610829999999999984e+01 1.000000000000000000e+00 5.210000000000000221e-03 0.000000000000000000e+00
-2.610829999999999984e+01 1.000000000000000000e+00 4.830000000000000092e-03 0.000000000000000000e+00
-2.610829999999999984e+01 1.000000000000000000e+00 5.429999999999999931e-03 0.000000000000000000e+00
-2.610829999999999984e+01 1.000000000000000000e+00 4.969999999999999592e-03 0.000000000000000000e+00
-2.610829999999999984e+01 1.000000000000000000e+00 5.360000000000000181e-03 0.000000000000000000e+00
-2.610829999999999984e+01 1.000000000000000000e+00 5.130000000000000011e-03 0.000000000000000000e+00
-2.610829999999999984e+01 1.000000000000000000e+00 5.599999999999999943e-03 0.000000000000000000e+00
-2.610829999999999984e+01 1.000000000000000000e+00 5.190000000000000169e-03 0.000000000000000000e+00
-2.610829999999999984e+01 1.000000000000000000e+00 5.629999999999999588e-03 0.000000000000000000e+00
-2.610829999999999984e+01 1.000000000000000000e+00 5.360000000000000181e-03 0.000000000000000000e+00
-2.610829999999999984e+01 1.000000000000000000e+00 5.879999999999999810e-03 0.000000000000000000e+00
-2.610829999999999984e+01 1.000000000000000000e+00 5.179999999999999709e-03 0.000000000000000000e+00
-2.610829999999999984e+01 1.000000000000000000e+00 5.230000000000000274e-03 0.000000000000000000e+00
-2.610829999999999984e+01 1.000000000000000000e+00 5.559999999999999838e-03 0.000000000000000000e+00
-2.610829999999999984e+01 1.000000000000000000e+00 5.420000000000000338e-03 0.000000000000000000e+00
-2.610829999999999984e+01 1.000000000000000000e+00 5.530000000000000193e-03 0.000000000000000000e+00
-2.610829999999999984e+01 1.000000000000000000e+00 5.389999999999999826e-03 0.000000000000000000e+00
-2.610829999999999984e+01 1.000000000000000000e+00 5.040000000000000209e-03 0.000000000000000000e+00
-2.610829999999999984e+01 1.000000000000000000e+00 5.219999999999999814e-03 0.000000000000000000e+00
-2.610829999999999984e+01 1.000000000000000000e+00 5.530000000000000193e-03 0.000000000000000000e+00
-2.610829999999999984e+01 1.000000000000000000e+00 5.389999999999999826e-03 0.000000000000000000e+00
-2.610829999999999984e+01 1.000000000000000000e+00 5.490000000000000088e-03 0.000000000000000000e+00
-2.610829999999999984e+01 1.000000000000000000e+00 5.279999999999999971e-03 0.000000000000000000e+00
-2.610829999999999984e+01 1.000000000000000000e+00 5.380000000000000233e-03 0.000000000000000000e+00
-2.610829999999999984e+01 1.000000000000000000e+00 5.320000000000000076e-03 0.000000000000000000e+00
-2.610829999999999984e+01 1.000000000000000000e+00 5.060000000000000261e-03 0.000000000000000000e+00
-2.610829999999999984e+01 1.000000000000000000e+00 5.300000000000000024e-03 0.000000000000000000e+00
-2.610829999999999984e+01 1.000000000000000000e+00 5.190000000000000169e-03 0.000000000000000000e+00
-2.610829999999999984e+01 1.000000000000000000e+00 5.610000000000000403e-03 0.000000000000000000e+00
-2.610829999999999984e+01 1.000000000000000000e+00 5.069999999999999854e-03 0.000000000000000000e+00
-2.610829999999999984e+01 1.000000000000000000e+00 5.400000000000000286e-03 0.000000000000000000e+00
-2.610829999999999984e+01 1.000000000000000000e+00 5.389999999999999826e-03 0.000000000000000000e+00
-2.610829999999999984e+01 1.000000000000000000e+00 5.590000000000000351e-03 0.000000000000000000e+00
-2.610829999999999984e+01 1.000000000000000000e+00 5.049999999999999802e-03 0.000000000000000000e+00
-2.610829999999999984e+01 1.000000000000000000e+00 5.210000000000000221e-03 0.000000000000000000e+00
-2.610829999999999984e+01 1.000000000000000000e+00 4.989999999999999644e-03 0.000000000000000000e+00
-2.610829999999999984e+01 1.000000000000000000e+00 5.440000000000000391e-03 0.000000000000000000e+00
-2.610829999999999984e+01 1.000000000000000000e+00 5.660000000000000100e-03 0.000000000000000000e+00
-2.610829999999999984e+01 1.000000000000000000e+00 5.139999999999999604e-03 0.000000000000000000e+00
-2.610829999999999984e+01 1.000000000000000000e+00 5.349999999999999721e-03 0.000000000000000000e+00
-2.610829999999999984e+01 1.000000000000000000e+00 5.389999999999999826e-03 0.000000000000000000e+00
-2.610829999999999984e+01 1.000000000000000000e+00 5.720000000000000258e-03 0.000000000000000000e+00
-2.610829999999999984e+01 1.000000000000000000e+00 5.629999999999999588e-03 0.000000000000000000e+00
-2.610829999999999984e+01 1.000000000000000000e+00 5.459999999999999576e-03 0.000000000000000000e+00
-2.610829999999999984e+01 1.000000000000000000e+00 5.199999999999999761e-03 0.000000000000000000e+00
-2.610829999999999984e+01 1.000000000000000000e+00 5.850000000000000165e-03 0.000000000000000000e+00
-2.610829999999999984e+01 1.000000000000000000e+00 5.190000000000000169e-03 0.000000000000000000e+00
-2.610829999999999984e+01 1.000000000000000000e+00 5.120000000000000419e-03 0.000000000000000000e+00
-2.610829999999999984e+01 1.000000000000000000e+00 5.590000000000000351e-03 0.000000000000000000e+00
-2.610829999999999984e+01 1.000000000000000000e+00 5.839999999999999705e-03 0.000000000000000000e+00
-2.610829999999999984e+01 1.000000000000000000e+00 5.130000000000000011e-03 0.000000000000000000e+00
-2.610829999999999984e+01 1.000000000000000000e+00 5.369999999999999774e-03 0.000000000000000000e+00
-2.610829999999999984e+01 1.000000000000000000e+00 5.049999999999999802e-03 0.000000000000000000e+00
-2.610829999999999984e+01 1.000000000000000000e+00 5.040000000000000209e-03 0.000000000000000000e+00
-2.610829999999999984e+01 1.000000000000000000e+00 4.859999999999999737e-03 0.000000000000000000e+00
-2.610829999999999984e+01 1.000000000000000000e+00 5.089999999999999906e-03 0.000000000000000000e+00
-2.610829999999999984e+01 1.000000000000000000e+00 5.429999999999999931e-03 0.000000000000000000e+00
-2.610829999999999984e+01 1.000000000000000000e+00 5.069999999999999854e-03 0.000000000000000000e+00
-2.610829999999999984e+01 1.000000000000000000e+00 5.250000000000000326e-03 0.000000000000000000e+00
-2.610829999999999984e+01 1.000000000000000000e+00 5.570000000000000298e-03 0.000000000000000000e+00
-2.610829999999999984e+01 1.000000000000000000e+00 5.190000000000000169e-03 0.000000000000000000e+00
-2.610829999999999984e+01 1.000000000000000000e+00 5.029999999999999749e-03 0.000000000000000000e+00
-2.610829999999999984e+01 1.000000000000000000e+00 5.389999999999999826e-03 0.000000000000000000e+00
-2.610829999999999984e+01 1.000000000000000000e+00 5.380000000000000233e-03 0.000000000000000000e+00
-2.610829999999999984e+01 1.000000000000000000e+00 5.729999999999999850e-03 0.000000000000000000e+00
-2.610829999999999984e+01 1.000000000000000000e+00 4.919999999999999894e-03 0.000000000000000000e+00
-2.610829999999999984e+01 1.000000000000000000e+00 5.199999999999999761e-03 0.000000000000000000e+00
-2.610829999999999984e+01 1.000000000000000000e+00 5.400000000000000286e-03 0.000000000000000000e+00
-2.610829999999999984e+01 1.000000000000000000e+00 5.539999999999999786e-03 0.000000000000000000e+00
-2.610829999999999984e+01 1.000000000000000000e+00 5.290000000000000431e-03 0.000000000000000000e+00
-2.610829999999999984e+01 1.000000000000000000e+00 5.190000000000000169e-03 0.000000000000000000e+00
-2.610829999999999984e+01 1.000000000000000000e+00 4.780000000000000394e-03 0.000000000000000000e+00
-2.610829999999999984e+01 1.000000000000000000e+00 5.490000000000000088e-03 0.000000000000000000e+00
-2.610829999999999984e+01 1.000000000000000000e+00 5.210000000000000221e-03 0.000000000000000000e+00
-2.610829999999999984e+01 1.000000000000000000e+00 5.069999999999999854e-03 0.000000000000000000e+00
-2.610829999999999984e+01 1.000000000000000000e+00 5.100000000000000366e-03 0.000000000000000000e+00
-2.610829999999999984e+01 1.000000000000000000e+00 5.360000000000000181e-03 0.000000000000000000e+00
-2.610829999999999984e+01 1.000000000000000000e+00 5.340000000000000129e-03 0.000000000000000000e+00
-2.610829999999999984e+01 1.000000000000000000e+00 5.340000000000000129e-03 0.000000000000000000e+00
-2.610829999999999984e+01 1.000000000000000000e+00 5.400000000000000286e-03 0.000000000000000000e+00
-2.610829999999999984e+01 1.000000000000000000e+00 5.159999999999999656e-03 0.000000000000000000e+00
-2.610829999999999984e+01 1.000000000000000000e+00 5.009999999999999697e-03 0.000000000000000000e+00
-2.610829999999999984e+01 1.000000000000000000e+00 5.080000000000000314e-03 0.000000000000000000e+00
-2.610829999999999984e+01 1.000000000000000000e+00 5.309999999999999616e-03 0.000000000000000000e+00
-2.610829999999999984e+01 1.000000000000000000e+00 5.499999999999999681e-03 0.000000000000000000e+00
-2.610829999999999984e+01 1.000000000000000000e+00 4.769999999999999934e-03 0.000000000000000000e+00
-2.610829999999999984e+01 1.000000000000000000e+00 5.420000000000000338e-03 0.000000000000000000e+00
-2.610829999999999984e+01 1.000000000000000000e+00 5.349999999999999721e-03 0.000000000000000000e+00
-2.610829999999999984e+01 1.000000000000000000e+00 5.020000000000000157e-03 0.000000000000000000e+00
-2.610829999999999984e+01 1.000000000000000000e+00 4.989999999999999644e-03 0.000000000000000000e+00
-2.610829999999999984e+01 1.000000000000000000e+00 4.899999999999999842e-03 0.000000000000000000e+00
-2.610829999999999984e+01 1.000000000000000000e+00 5.009999999999999697e-03 0.000000000000000000e+00
-2.610829999999999984e+01 1.000000000000000000e+00 5.230000000000000274e-03 0.000000000000000000e+00
-2.610829999999999984e+01 1.000000000000000000e+00 5.349999999999999721e-03 0.000000000000000000e+00
-2.610829999999999984e+01 1.000000000000000000e+00 5.320000000000000076e-03 0.000000000000000000e+00
-2.610829999999999984e+01 1.000000000000000000e+00 5.309999999999999616e-03 0.000000000000000000e+00
-2.610829999999999984e+01 1.000000000000000000e+00 5.259999999999999919e-03 0.000000000000000000e+00
-2.610829999999999984e+01 1.000000000000000000e+00 5.749999999999999903e-03 0.000000000000000000e+00
-2.610829999999999984e+01 1.000000000000000000e+00 5.250000000000000326e-03 0.000000000000000000e+00
-2.610829999999999984e+01 1.000000000000000000e+00 5.459999999999999576e-03 0.000000000000000000e+00
-2.610829999999999984e+01 1.000000000000000000e+00 5.590000000000000351e-03 0.000000000000000000e+00
-2.610829999999999984e+01 1.000000000000000000e+00 5.539999999999999786e-03 0.000000000000000000e+00
-2.610829999999999984e+01 1.000000000000000000e+00 5.340000000000000129e-03 0.000000000000000000e+00
-2.610829999999999984e+01 1.000000000000000000e+00 4.969999999999999592e-03 0.000000000000000000e+00
-2.610829999999999984e+01 1.000000000000000000e+00 5.590000000000000351e-03 0.000000000000000000e+00
-2.610829999999999984e+01 1.000000000000000000e+00 5.279999999999999971e-03 0.000000000000000000e+00
-2.610829999999999984e+01 1.000000000000000000e+00 5.610000000000000403e-03 0.000000000000000000e+00
-2.610829999999999984e+01 1.000000000000000000e+00 5.629999999999999588e-03 0.000000000000000000e+00
-2.610829999999999984e+01 1.000000000000000000e+00 5.080000000000000314e-03 0.000000000000000000e+00
-2.610829999999999984e+01 1.000000000000000000e+00 5.389999999999999826e-03 0.000000000000000000e+00
-2.610829999999999984e+01 1.000000000000000000e+00 5.219999999999999814e-03 0.000000000000000000e+00
-2.610829999999999984e+01 1.000000000000000000e+00 5.320000000000000076e-03 0.000000000000000000e+00
-2.610829999999999984e+01 1.000000000000000000e+00 5.579999999999999891e-03 0.000000000000000000e+00
-2.610829999999999984e+01 1.000000000000000000e+00 5.340000000000000129e-03 0.000000000000000000e+00
-2.610829999999999984e+01 1.000000000000000000e+00 4.939999999999999947e-03 0.000000000000000000e+00
-2.610829999999999984e+01 1.000000000000000000e+00 5.170000000000000116e-03 0.000000000000000000e+00
-2.610829999999999984e+01 1.000000000000000000e+00 5.199999999999999761e-03 0.000000000000000000e+00
-2.610829999999999984e+01 1.000000000000000000e+00 5.590000000000000351e-03 0.000000000000000000e+00
-2.610829999999999984e+01 1.000000000000000000e+00 5.640000000000000048e-03 0.000000000000000000e+00
-2.610829999999999984e+01 1.000000000000000000e+00 4.989999999999999644e-03 0.000000000000000000e+00
-2.610829999999999984e+01 1.000000000000000000e+00 5.740000000000000310e-03 0.000000000000000000e+00
-2.610829999999999984e+01 1.000000000000000000e+00 4.789999999999999987e-03 0.000000000000000000e+00
-2.610829999999999984e+01 1.000000000000000000e+00 5.420000000000000338e-03 0.000000000000000000e+00
-2.610829999999999984e+01 1.000000000000000000e+00 5.329999999999999669e-03 0.000000000000000000e+00
-2.610829999999999984e+01 1.000000000000000000e+00 5.640000000000000048e-03 0.000000000000000000e+00
-2.610829999999999984e+01 1.000000000000000000e+00 5.400000000000000286e-03 0.000000000000000000e+00
-2.610829999999999984e+01 1.000000000000000000e+00 5.279999999999999971e-03 0.000000000000000000e+00
-2.610829999999999984e+01 1.000000000000000000e+00 5.060000000000000261e-03 0.000000000000000000e+00
-2.610829999999999984e+01 1.000000000000000000e+00 5.219999999999999814e-03 0.000000000000000000e+00
-2.610829999999999984e+01 1.000000000000000000e+00 5.400000000000000286e-03 0.000000000000000000e+00
-2.610829999999999984e+01 1.000000000000000000e+00 5.130000000000000011e-03 0.000000000000000000e+00
-2.610829999999999984e+01 1.000000000000000000e+00 5.120000000000000419e-03 0.000000000000000000e+00
-2.610829999999999984e+01 1.000000000000000000e+00 5.230000000000000274e-03 0.000000000000000000e+00
-2.610829999999999984e+01 1.000000000000000000e+00 5.089999999999999906e-03 0.000000000000000000e+00
-2.610829999999999984e+01 1.000000000000000000e+00 4.879999999999999789e-03 0.000000000000000000e+00
-2.610829999999999984e+01 1.000000000000000000e+00 5.139999999999999604e-03 0.000000000000000000e+00
-2.610829999999999984e+01 1.000000000000000000e+00 5.360000000000000181e-03 0.000000000000000000e+00
-2.610829999999999984e+01 1.000000000000000000e+00 5.550000000000000246e-03 0.000000000000000000e+00
-2.610829999999999984e+01 1.000000000000000000e+00 5.230000000000000274e-03 0.000000000000000000e+00
-2.610829999999999984e+01 1.000000000000000000e+00 5.380000000000000233e-03 0.000000000000000000e+00
-2.610829999999999984e+01 1.000000000000000000e+00 5.559999999999999838e-03 0.000000000000000000e+00
-2.610829999999999984e+01 1.000000000000000000e+00 5.510000000000000141e-03 0.000000000000000000e+00
-2.610829999999999984e+01 1.000000000000000000e+00 5.139999999999999604e-03 0.000000000000000000e+00
-2.610829999999999984e+01 1.000000000000000000e+00 5.170000000000000116e-03 0.000000000000000000e+00
-2.610829999999999984e+01 1.000000000000000000e+00 5.530000000000000193e-03 0.000000000000000000e+00
-2.610829999999999984e+01 1.000000000000000000e+00 5.009999999999999697e-03 0.000000000000000000e+00
-2.610829999999999984e+01 1.000000000000000000e+00 5.400000000000000286e-03 0.000000000000000000e+00
-2.610829999999999984e+01 1.000000000000000000e+00 5.619999999999999996e-03 0.000000000000000000e+00
-2.610829999999999984e+01 1.000000000000000000e+00 5.199999999999999761e-03 0.000000000000000000e+00
-2.610829999999999984e+01 1.000000000000000000e+00 5.539999999999999786e-03 0.000000000000000000e+00
-2.610829999999999984e+01 1.000000000000000000e+00 5.700000000000000205e-03 0.000000000000000000e+00
-2.610829999999999984e+01 1.000000000000000000e+00 5.329999999999999669e-03 0.000000000000000000e+00
-2.610829999999999984e+01 1.000000000000000000e+00 5.170000000000000116e-03 0.000000000000000000e+00
-2.610829999999999984e+01 1.000000000000000000e+00 5.290000000000000431e-03 0.000000000000000000e+00
-2.610829999999999984e+01 1.000000000000000000e+00 5.020000000000000157e-03 0.000000000000000000e+00
-2.610829999999999984e+01 1.000000000000000000e+00 5.290000000000000431e-03 0.000000000000000000e+00
-2.610829999999999984e+01 1.000000000000000000e+00 5.530000000000000193e-03 0.000000000000000000e+00
-2.610829999999999984e+01 1.000000000000000000e+00 5.320000000000000076e-03 0.000000000000000000e+00
-2.610829999999999984e+01 1.000000000000000000e+00 5.519999999999999733e-03 0.000000000000000000e+00
-2.610829999999999984e+01 1.000000000000000000e+00 5.279999999999999971e-03 0.000000000000000000e+00
-2.610829999999999984e+01 1.000000000000000000e+00 5.510000000000000141e-03 0.000000000000000000e+00
-2.610829999999999984e+01 1.000000000000000000e+00 5.799999999999999600e-03 0.000000000000000000e+00
-2.610829999999999984e+01 1.000000000000000000e+00 5.459999999999999576e-03 0.000000000000000000e+00
-2.610829999999999984e+01 1.000000000000000000e+00 5.349999999999999721e-03 0.000000000000000000e+00
-2.610829999999999984e+01 1.000000000000000000e+00 5.279999999999999971e-03 0.000000000000000000e+00
-2.610829999999999984e+01 1.000000000000000000e+00 5.239999999999999866e-03 0.000000000000000000e+00
-2.610829999999999984e+01 1.000000000000000000e+00 5.360000000000000181e-03 0.000000000000000000e+00
-2.610829999999999984e+01 1.000000000000000000e+00 5.550000000000000246e-03 0.000000000000000000e+00
-2.610829999999999984e+01 1.000000000000000000e+00 5.599999999999999943e-03 0.000000000000000000e+00
-2.610829999999999984e+01 1.000000000000000000e+00 5.510000000000000141e-03 0.000000000000000000e+00
-2.610829999999999984e+01 1.000000000000000000e+00 5.120000000000000419e-03 0.000000000000000000e+00
-2.610829999999999984e+01 1.000000000000000000e+00 5.309999999999999616e-03 0.000000000000000000e+00
-2.610829999999999984e+01 1.000000000000000000e+00 5.519999999999999733e-03 0.000000000000000000e+00
-2.610829999999999984e+01 1.000000000000000000e+00 5.660000000000000100e-03 0.000000000000000000e+00
-2.610829999999999984e+01 1.000000000000000000e+00 5.170000000000000116e-03 0.000000000000000000e+00
-2.610829999999999984e+01 1.000000000000000000e+00 5.270000000000000379e-03 0.000000000000000000e+00
-2.610829999999999984e+01 1.000000000000000000e+00 5.570000000000000298e-03 0.000000000000000000e+00
-2.610829999999999984e+01 1.000000000000000000e+00 5.109999999999999959e-03 0.000000000000000000e+00
-2.610829999999999984e+01 1.000000000000000000e+00 5.530000000000000193e-03 0.000000000000000000e+00
-2.610829999999999984e+01 1.000000000000000000e+00 5.409999999999999878e-03 0.000000000000000000e+00
-2.610829999999999984e+01 1.000000000000000000e+00 5.740000000000000310e-03 0.000000000000000000e+00
-2.610829999999999984e+01 1.000000000000000000e+00 5.420000000000000338e-03 0.000000000000000000e+00
-2.610829999999999984e+01 1.000000000000000000e+00 5.369999999999999774e-03 0.000000000000000000e+00
-2.610829999999999984e+01 1.000000000000000000e+00 5.519999999999999733e-03 0.000000000000000000e+00
-2.610829999999999984e+01 1.000000000000000000e+00 5.400000000000000286e-03 0.000000000000000000e+00
-2.610829999999999984e+01 1.000000000000000000e+00 5.349999999999999721e-03 0.000000000000000000e+00
-2.610829999999999984e+01 1.000000000000000000e+00 5.389999999999999826e-03 0.000000000000000000e+00
-2.610829999999999984e+01 1.000000000000000000e+00 5.080000000000000314e-03 0.000000000000000000e+00
-2.610829999999999984e+01 1.000000000000000000e+00 5.499999999999999681e-03 0.000000000000000000e+00
-2.610829999999999984e+01 1.000000000000000000e+00 5.290000000000000431e-03 0.000000000000000000e+00
-2.610829999999999984e+01 1.000000000000000000e+00 5.400000000000000286e-03 0.000000000000000000e+00
-2.610829999999999984e+01 1.000000000000000000e+00 5.320000000000000076e-03 0.000000000000000000e+00
-2.610829999999999984e+01 1.000000000000000000e+00 5.309999999999999616e-03 0.000000000000000000e+00
-2.610829999999999984e+01 1.000000000000000000e+00 5.440000000000000391e-03 0.000000000000000000e+00
-2.610829999999999984e+01 1.000000000000000000e+00 5.590000000000000351e-03 0.000000000000000000e+00
-2.610829999999999984e+01 1.000000000000000000e+00 5.400000000000000286e-03 0.000000000000000000e+00
-2.610829999999999984e+01 1.000000000000000000e+00 5.089999999999999906e-03 0.000000000000000000e+00
-2.610829999999999984e+01 1.000000000000000000e+00 5.539999999999999786e-03 0.000000000000000000e+00
-2.610829999999999984e+01 1.000000000000000000e+00 4.969999999999999592e-03 0.000000000000000000e+00
-2.610829999999999984e+01 1.000000000000000000e+00 5.080000000000000314e-03 0.000000000000000000e+00
-2.610829999999999984e+01 1.000000000000000000e+00 5.300000000000000024e-03 0.000000000000000000e+00
-2.610829999999999984e+01 1.000000000000000000e+00 5.250000000000000326e-03 0.000000000000000000e+00
-2.610829999999999984e+01 1.000000000000000000e+00 5.440000000000000391e-03 0.000000000000000000e+00
-2.610829999999999984e+01 1.000000000000000000e+00 5.369999999999999774e-03 0.000000000000000000e+00
-2.610829999999999984e+01 1.000000000000000000e+00 5.459999999999999576e-03 0.000000000000000000e+00
-2.610829999999999984e+01 1.000000000000000000e+00 5.510000000000000141e-03 0.000000000000000000e+00
-2.610829999999999984e+01 1.000000000000000000e+00 5.290000000000000431e-03 0.000000000000000000e+00
-2.610829999999999984e+01 1.000000000000000000e+00 5.279999999999999971e-03 0.000000000000000000e+00
-2.610829999999999984e+01 1.000000000000000000e+00 5.349999999999999721e-03 0.000000000000000000e+00
-2.610829999999999984e+01 1.000000000000000000e+00 5.239999999999999866e-03 0.000000000000000000e+00
-2.610829999999999984e+01 1.000000000000000000e+00 5.530000000000000193e-03 0.000000000000000000e+00
-2.610829999999999984e+01 1.000000000000000000e+00 5.290000000000000431e-03 0.000000000000000000e+00
-2.610829999999999984e+01 1.000000000000000000e+00 5.340000000000000129e-03 0.000000000000000000e+00
-2.610829999999999984e+01 1.000000000000000000e+00 5.530000000000000193e-03 0.000000000000000000e+00
-2.610829999999999984e+01 1.000000000000000000e+00 5.009999999999999697e-03 0.000000000000000000e+00
-2.610829999999999984e+01 1.000000000000000000e+00 5.130000000000000011e-03 0.000000000000000000e+00
-2.610829999999999984e+01 1.000000000000000000e+00 5.369999999999999774e-03 0.000000000000000000e+00
-2.610829999999999984e+01 1.000000000000000000e+00 5.100000000000000366e-03 0.000000000000000000e+00
-2.610829999999999984e+01 1.000000000000000000e+00 5.559999999999999838e-03 0.000000000000000000e+00
-2.610829999999999984e+01 1.000000000000000000e+00 5.069999999999999854e-03 0.000000000000000000e+00
-2.610829999999999984e+01 1.000000000000000000e+00 5.429999999999999931e-03 0.000000000000000000e+00
-2.610829999999999984e+01 1.000000000000000000e+00 4.850000000000000144e-03 0.000000000000000000e+00
-2.610829999999999984e+01 1.000000000000000000e+00 5.320000000000000076e-03 0.000000000000000000e+00
-2.610829999999999984e+01 1.000000000000000000e+00 5.669999999999999693e-03 0.000000000000000000e+00
-2.610829999999999984e+01 1.000000000000000000e+00 5.300000000000000024e-03 0.000000000000000000e+00
-2.610829999999999984e+01 1.000000000000000000e+00 5.479999999999999628e-03 0.000000000000000000e+00
-2.610829999999999984e+01 1.000000000000000000e+00 5.049999999999999802e-03 0.000000000000000000e+00
-2.610829999999999984e+01 1.000000000000000000e+00 5.089999999999999906e-03 0.000000000000000000e+00
-2.610829999999999984e+01 1.000000000000000000e+00 5.380000000000000233e-03 0.000000000000000000e+00
-2.610829999999999984e+01 1.000000000000000000e+00 5.360000000000000181e-03 0.000000000000000000e+00
-2.610829999999999984e+01 1.000000000000000000e+00 5.120000000000000419e-03 0.000000000000000000e+00
-2.610829999999999984e+01 1.000000000000000000e+00 5.159999999999999656e-03 0.000000000000000000e+00
-2.610829999999999984e+01 1.000000000000000000e+00 5.389999999999999826e-03 0.000000000000000000e+00
-2.610829999999999984e+01 1.000000000000000000e+00 4.899999999999999842e-03 0.000000000000000000e+00
-2.610829999999999984e+01 1.000000000000000000e+00 5.420000000000000338e-03 0.000000000000000000e+00
-2.610829999999999984e+01 1.000000000000000000e+00 5.139999999999999604e-03 0.000000000000000000e+00
-2.610829999999999984e+01 1.000000000000000000e+00 5.139999999999999604e-03 0.000000000000000000e+00
-2.610829999999999984e+01 1.000000000000000000e+00 5.139999999999999604e-03 0.000000000000000000e+00
-2.610829999999999984e+01 1.000000000000000000e+00 5.320000000000000076e-03 0.000000000000000000e+00
-2.610829999999999984e+01 1.000000000000000000e+00 5.579999999999999891e-03 0.000000000000000000e+00
-2.610829999999999984e+01 1.000000000000000000e+00 5.320000000000000076e-03 0.000000000000000000e+00
-2.610829999999999984e+01 1.000000000000000000e+00 5.120000000000000419e-03 0.000000000000000000e+00
-2.610829999999999984e+01 1.000000000000000000e+00 5.369999999999999774e-03 0.000000000000000000e+00
-2.610829999999999984e+01 1.000000000000000000e+00 5.150000000000000064e-03 0.000000000000000000e+00
-2.610829999999999984e+01 1.000000000000000000e+00 5.120000000000000419e-03 0.000000000000000000e+00
-2.610829999999999984e+01 1.000000000000000000e+00 5.179999999999999709e-03 0.000000000000000000e+00
-2.610829999999999984e+01 1.000000000000000000e+00 5.300000000000000024e-03 0.000000000000000000e+00
-2.610829999999999984e+01 1.000000000000000000e+00 5.320000000000000076e-03 0.000000000000000000e+00
-2.610829999999999984e+01 1.000000000000000000e+00 5.610000000000000403e-03 0.000000000000000000e+00
-2.610829999999999984e+01 1.000000000000000000e+00 5.100000000000000366e-03 0.000000000000000000e+00
-2.610829999999999984e+01 1.000000000000000000e+00 5.449999999999999983e-03 0.000000000000000000e+00
-2.610829999999999984e+01 1.000000000000000000e+00 5.219999999999999814e-03 0.000000000000000000e+00
-2.610829999999999984e+01 1.000000000000000000e+00 5.259999999999999919e-03 0.000000000000000000e+00
-2.610829999999999984e+01 1.000000000000000000e+00 5.570000000000000298e-03 0.000000000000000000e+00
-2.610829999999999984e+01 1.000000000000000000e+00 4.919999999999999894e-03 0.000000000000000000e+00
-2.610829999999999984e+01 1.000000000000000000e+00 5.230000000000000274e-03 0.000000000000000000e+00
-2.610829999999999984e+01 1.000000000000000000e+00 5.029999999999999749e-03 0.000000000000000000e+00
-2.610829999999999984e+01 1.000000000000000000e+00 5.060000000000000261e-03 0.000000000000000000e+00
-2.610829999999999984e+01 1.000000000000000000e+00 5.239999999999999866e-03 0.000000000000000000e+00
-2.610829999999999984e+01 1.000000000000000000e+00 5.409999999999999878e-03 0.000000000000000000e+00
-2.610829999999999984e+01 1.000000000000000000e+00 5.270000000000000379e-03 0.000000000000000000e+00
-2.610829999999999984e+01 1.000000000000000000e+00 5.060000000000000261e-03 0.000000000000000000e+00
-2.610829999999999984e+01 1.000000000000000000e+00 5.590000000000000351e-03 0.000000000000000000e+00
-2.610829999999999984e+01 1.000000000000000000e+00 5.029999999999999749e-03 0.000000000000000000e+00
-2.610829999999999984e+01 1.000000000000000000e+00 5.109999999999999959e-03 0.000000000000000000e+00
-2.610829999999999984e+01 1.000000000000000000e+00 5.610000000000000403e-03 0.000000000000000000e+00
-2.610829999999999984e+01 1.000000000000000000e+00 5.029999999999999749e-03 0.000000000000000000e+00
-2.610829999999999984e+01 1.000000000000000000e+00 5.270000000000000379e-03 0.000000000000000000e+00
-2.610829999999999984e+01 1.000000000000000000e+00 5.210000000000000221e-03 0.000000000000000000e+00
-2.610829999999999984e+01 1.000000000000000000e+00 5.709999999999999798e-03 0.000000000000000000e+00
-2.610829999999999984e+01 1.000000000000000000e+00 4.969999999999999592e-03 0.000000000000000000e+00
-2.610829999999999984e+01 1.000000000000000000e+00 5.329999999999999669e-03 0.000000000000000000e+00
-2.610829999999999984e+01 1.000000000000000000e+00 5.440000000000000391e-03 0.000000000000000000e+00
-2.610829999999999984e+01 1.000000000000000000e+00 5.499999999999999681e-03 0.000000000000000000e+00
-2.610829999999999984e+01 1.000000000000000000e+00 5.360000000000000181e-03 0.000000000000000000e+00
-2.610829999999999984e+01 1.000000000000000000e+00 5.449999999999999983e-03 0.000000000000000000e+00
-2.610829999999999984e+01 1.000000000000000000e+00 5.320000000000000076e-03 0.000000000000000000e+00
-2.610829999999999984e+01 1.000000000000000000e+00 5.369999999999999774e-03 0.000000000000000000e+00
-2.610829999999999984e+01 1.000000000000000000e+00 5.250000000000000326e-03 0.000000000000000000e+00
-2.610829999999999984e+01 1.000000000000000000e+00 5.309999999999999616e-03 0.000000000000000000e+00
-2.610829999999999984e+01 1.000000000000000000e+00 5.069999999999999854e-03 0.000000000000000000e+00
-2.610829999999999984e+01 1.000000000000000000e+00 5.179999999999999709e-03 0.000000000000000000e+00
-2.610829999999999984e+01 1.000000000000000000e+00 4.969999999999999592e-03 0.000000000000000000e+00
-2.610829999999999984e+01 1.000000000000000000e+00 5.449999999999999983e-03 0.000000000000000000e+00
-2.610829999999999984e+01 1.000000000000000000e+00 5.700000000000000205e-03 0.000000000000000000e+00
-2.610829999999999984e+01 1.000000000000000000e+00 4.959999999999999999e-03 0.000000000000000000e+00
-2.610829999999999984e+01 1.000000000000000000e+00 5.449999999999999983e-03 0.000000000000000000e+00
-2.610829999999999984e+01 1.000000000000000000e+00 5.309999999999999616e-03 0.000000000000000000e+00
-2.610829999999999984e+01 1.000000000000000000e+00 5.320000000000000076e-03 0.000000000000000000e+00
-2.610829999999999984e+01 1.000000000000000000e+00 5.590000000000000351e-03 0.000000000000000000e+00
-2.610829999999999984e+01 1.000000000000000000e+00 5.490000000000000088e-03 0.000000000000000000e+00
-2.610829999999999984e+01 1.000000000000000000e+00 5.539999999999999786e-03 0.000000000000000000e+00
-2.610829999999999984e+01 1.000000000000000000e+00 5.170000000000000116e-03 0.000000000000000000e+00
-2.610829999999999984e+01 1.000000000000000000e+00 5.199999999999999761e-03 0.000000000000000000e+00
-2.610829999999999984e+01 1.000000000000000000e+00 5.490000000000000088e-03 0.000000000000000000e+00
-2.610829999999999984e+01 1.000000000000000000e+00 4.910000000000000302e-03 0.000000000000000000e+00
-2.610829999999999984e+01 1.000000000000000000e+00 5.479999999999999628e-03 0.000000000000000000e+00
-2.610829999999999984e+01 1.000000000000000000e+00 5.309999999999999616e-03 0.000000000000000000e+00
-2.610829999999999984e+01 1.000000000000000000e+00 5.259999999999999919e-03 0.000000000000000000e+00
-2.610829999999999984e+01 1.000000000000000000e+00 5.250000000000000326e-03 0.000000000000000000e+00
-2.610829999999999984e+01 1.000000000000000000e+00 5.259999999999999919e-03 0.000000000000000000e+00
-2.610829999999999984e+01 1.000000000000000000e+00 5.420000000000000338e-03 0.000000000000000000e+00
-2.610829999999999984e+01 1.000000000000000000e+00 5.360000000000000181e-03 0.000000000000000000e+00
-2.610829999999999984e+01 1.000000000000000000e+00 5.100000000000000366e-03 0.000000000000000000e+00
-2.610829999999999984e+01 1.000000000000000000e+00 5.340000000000000129e-03 0.000000000000000000e+00
-2.610829999999999984e+01 1.000000000000000000e+00 5.429999999999999931e-03 0.000000000000000000e+00
-2.610829999999999984e+01 1.000000000000000000e+00 5.320000000000000076e-03 0.000000000000000000e+00
-2.610829999999999984e+01 1.000000000000000000e+00 5.340000000000000129e-03 0.000000000000000000e+00
-2.610829999999999984e+01 1.000000000000000000e+00 5.470000000000000036e-03 0.000000000000000000e+00
-2.610829999999999984e+01 1.000000000000000000e+00 5.159999999999999656e-03 0.000000000000000000e+00
-2.610829999999999984e+01 1.000000000000000000e+00 5.530000000000000193e-03 0.000000000000000000e+00
-2.610829999999999984e+01 1.000000000000000000e+00 5.440000000000000391e-03 0.000000000000000000e+00
-2.610829999999999984e+01 1.000000000000000000e+00 5.579999999999999891e-03 0.000000000000000000e+00
-2.610829999999999984e+01 1.000000000000000000e+00 5.199999999999999761e-03 0.000000000000000000e+00
-2.610829999999999984e+01 1.000000000000000000e+00 5.610000000000000403e-03 0.000000000000000000e+00
-2.610829999999999984e+01 1.000000000000000000e+00 5.130000000000000011e-03 0.000000000000000000e+00
-2.610829999999999984e+01 1.000000000000000000e+00 5.100000000000000366e-03 0.000000000000000000e+00
-2.610829999999999984e+01 1.000000000000000000e+00 5.440000000000000391e-03 0.000000000000000000e+00
-2.610829999999999984e+01 1.000000000000000000e+00 5.080000000000000314e-03 0.000000000000000000e+00
-2.610829999999999984e+01 1.000000000000000000e+00 5.190000000000000169e-03 0.000000000000000000e+00
-2.610829999999999984e+01 1.000000000000000000e+00 4.859999999999999737e-03 0.000000000000000000e+00
-2.610829999999999984e+01 1.000000000000000000e+00 5.749999999999999903e-03 0.000000000000000000e+00
-2.610829999999999984e+01 1.000000000000000000e+00 5.610000000000000403e-03 0.000000000000000000e+00
-2.610829999999999984e+01 1.000000000000000000e+00 5.790000000000000008e-03 0.000000000000000000e+00
-2.610829999999999984e+01 1.000000000000000000e+00 5.239999999999999866e-03 0.000000000000000000e+00
-2.610829999999999984e+01 1.000000000000000000e+00 5.939999999999999968e-03 0.000000000000000000e+00
-2.610829999999999984e+01 1.000000000000000000e+00 5.369999999999999774e-03 0.000000000000000000e+00
-2.610829999999999984e+01 1.000000000000000000e+00 5.340000000000000129e-03 0.000000000000000000e+00
-2.610829999999999984e+01 1.000000000000000000e+00 5.640000000000000048e-03 0.000000000000000000e+00
-2.610829999999999984e+01 1.000000000000000000e+00 5.470000000000000036e-03 0.000000000000000000e+00
-2.610829999999999984e+01 1.000000000000000000e+00 5.279999999999999971e-03 0.000000000000000000e+00
-2.610829999999999984e+01 1.000000000000000000e+00 5.810000000000000060e-03 0.000000000000000000e+00
-2.610829999999999984e+01 1.000000000000000000e+00 5.270000000000000379e-03 0.000000000000000000e+00
-2.610829999999999984e+01 1.000000000000000000e+00 5.290000000000000431e-03 0.000000000000000000e+00
-2.610829999999999984e+01 1.000000000000000000e+00 5.890000000000000270e-03 0.000000000000000000e+00
-2.610829999999999984e+01 1.000000000000000000e+00 5.550000000000000246e-03 0.000000000000000000e+00
-2.610829999999999984e+01 1.000000000000000000e+00 5.190000000000000169e-03 0.000000000000000000e+00
-2.610829999999999984e+01 1.000000000000000000e+00 5.400000000000000286e-03 0.000000000000000000e+00
-2.610829999999999984e+01 1.000000000000000000e+00 5.179999999999999709e-03 0.000000000000000000e+00
-2.610829999999999984e+01 1.000000000000000000e+00 5.870000000000000218e-03 0.000000000000000000e+00
-2.610829999999999984e+01 1.000000000000000000e+00 5.159999999999999656e-03 0.000000000000000000e+00
-2.610829999999999984e+01 1.000000000000000000e+00 5.179999999999999709e-03 0.000000000000000000e+00
-2.610829999999999984e+01 1.000000000000000000e+00 5.210000000000000221e-03 0.000000000000000000e+00
-2.610829999999999984e+01 1.000000000000000000e+00 4.870000000000000197e-03 0.000000000000000000e+00
-2.610829999999999984e+01 1.000000000000000000e+00 5.449999999999999983e-03 0.000000000000000000e+00
-2.610829999999999984e+01 1.000000000000000000e+00 5.380000000000000233e-03 0.000000000000000000e+00
-2.610829999999999984e+01 1.000000000000000000e+00 5.139999999999999604e-03 0.000000000000000000e+00
-2.610829999999999984e+01 1.000000000000000000e+00 5.550000000000000246e-03 0.000000000000000000e+00
-2.610829999999999984e+01 1.000000000000000000e+00 5.179999999999999709e-03 0.000000000000000000e+00
-2.610829999999999984e+01 1.000000000000000000e+00 4.989999999999999644e-03 0.000000000000000000e+00
-2.610829999999999984e+01 1.000000000000000000e+00 5.179999999999999709e-03 0.000000000000000000e+00
-2.610829999999999984e+01 1.000000000000000000e+00 4.930000000000000354e-03 0.000000000000000000e+00
-2.610829999999999984e+01 1.000000000000000000e+00 4.959999999999999999e-03 0.000000000000000000e+00
