1.283508180840545188e-01
1.286645385414685039e-01
1.127044750851187299e-01
9.856526116734924681e-02
-1.143830240369913265e-01
1.877757328161288042e-01
2.198140112405130298e-01
1.879932425286137687e-01
1.126560402238015041e-01
-9.355898191512754258e-02
1.105539484146962070e-01
1.847693353164222285e-01
1.213586901054321876e+00
-3.601120171483256083e-02
-2.875632788117105793e-02
-6.076047445125867114e-02
-5.400891837470717105e-02
-4.219429538115194306e-02
-1.875803572193318614e-02
-1.768018354573756834e-02
-6.514413535440985448e-02
-4.052510485439325683e-02
-2.080755052414730646e-02
-5.476749585283127719e-02
-3.688307628838036895e-02
-2.615986158380900761e-02
-2.378462351598181757e-02
-4.782587177822397034e-02
-3.709611436643895505e-02
-4.309521204355538232e-02
-5.297371146999223235e-02
-4.183712946504306723e-02
-5.001325413029115291e-02
-2.891443546053454328e-02
-1.704295210500541072e-02
-2.655906086352976397e-02
-1.940807015807717931e-02
-4.614830282064487366e-02
-2.648756178253662899e-02
-4.191724232603634415e-02
-1.888460651112878336e-02
-3.771837759930096040e-02
-7.201294239261550600e-02
-4.015282952090577784e-02
-3.891070361682121004e-02
-8.117122625732607621e-02
-3.922244714112118474e-02
-1.824478622941248102e-02
-2.738937277182632718e-02
-3.427470132249179485e-02
-4.121387776562367156e-02
-6.507089468948307198e-02
-1.203665141030302137e-02
-2.056754143002030230e-02
-7.652232682791268448e-02
-3.288030449871721245e-02
-1.796985131692022120e-02
-5.846972673917943952e-02
-3.982564709037445666e-02
-4.043294211536579974e-02
-4.401024965678077688e-02
-5.303692625983603970e-02
-2.368106987662499038e-02
-4.012981237106662963e-02
-3.220504063043984344e-02
-4.362385337247125239e-02
-1.380280579936867327e-02
-4.626574206164221770e-02
-7.346283455311774721e-03
-4.515785933003375538e-03
-1.822595829498375314e-02
-4.281575842680044458e-02
-4.838082514550367391e-02
-3.921538666571078996e-02
-1.948102840398718144e-02
-5.403104119766063973e-02
-3.024750028790852002e-02
-5.549067681423010268e-02
-2.560222523587322302e-02
-2.589109281984190367e-02
-5.290207117949208976e-02
-3.085107679584999860e-02
-3.768519336487080595e-02
-3.028143763971582331e-02
-5.145315676876868749e-02
-6.126407462738475002e-02
-5.242859569845095824e-02
-7.521392659464018471e-02
-6.916356986604206558e-02
-1.485806445425018503e-02
-4.846941057699049454e-02
-2.150233175318513323e-01
-3.003483876853873039e-02
-6.437379041726808138e-02
-5.004737976144239125e-02
-6.282999393380314657e-02
-5.700646674523236757e-02
-2.332498656674610385e-02
-4.815903207793650193e-02
-5.236655765450932282e-02
-4.186659518242359657e-02
-4.586164751897091330e-02
-5.938862407896199763e-02
-6.636183201357317984e-02
-4.479071460867770083e-02
-3.638470086405836551e-02
-6.156758093037215107e-02
-1.091709535934821604e-02
-5.110419172091417578e-02
-3.784391285210248618e-02
-4.801815205857534741e-02
-3.779604282881842553e-02
-6.215134103732777859e-02
-2.404011858617662381e-02
-5.625311401891193441e-02
-5.865329909985721873e-02
-3.037298847087402040e-02
-2.070258478970831914e-02
-3.916417468406504371e-02
-5.797987095518565559e-02
-4.688866427220948069e-02
-4.165576938666099710e-02
-2.404543747765245862e-02
-6.468812278255167691e-02
-6.331443668664811508e-02
-4.013037720909972544e-02
-5.406309575602499112e-02
-2.971928258751673629e-02
-4.483721960671608470e-02
-4.158017522993004422e-02
-3.523892691441204289e-02
-4.103901332461925427e-02
-4.170957020928971887e-02
-2.465730129689981398e-01
1.069396471636603757e-01
-5.231285097155204816e-02
-3.543144254394275938e-02
-5.747791822332211364e-02
-1.511586594641245625e-02
-4.894495713081793709e-02
-1.450202821420717124e-02
-2.932107177435397047e-02
-7.251767224480697160e-02
-1.882233311800636869e-02
-3.844235874791254032e-02
-4.559640899270981512e-02
-5.665998568191200208e-02
-2.567979632571843959e-02
-2.456231134755066520e-02
-4.171404184371684670e-02
-2.973778103309315801e-02
-6.227617024258885747e-02
-4.125868824956373943e-02
-5.298571427819002283e-02
-1.427002099221146535e-02
-4.705016087977009764e-02
-2.342030298479034350e-02
-2.112988476156351519e-02
-5.617695502414887104e-02
-6.069857761682476843e-02
-3.786438823079393140e-02
-4.157264405615881259e-02
-3.198927250188879357e-02
-2.494809572399040928e-02
-6.098518584866299136e-02
-2.272734085814959171e-02
-3.525521307769224205e-02
-2.786120080860407175e-02
-5.692079964358257721e-02
-5.690267775669489297e-02
-5.590074922608292279e-02
-6.089429399520951414e-02
-3.383831687227584900e-02
-3.685026861263854953e-02
-1.269299320448084162e-02
-4.123877770890533451e-02
-6.193364304549852511e-02
-3.773019212815482276e-02
-6.127471241033705801e-02
-5.950422759635314723e-02
-1.489195473622146812e-02
-2.852573275425769259e-02
-3.364537761421976247e-02
-3.760997576682870158e-02
-3.269762646492529318e-02
-5.199969535216970862e-02
-4.070011050490610766e-02
-3.484961230026631385e-02
-4.282945574909704373e-02
-6.674243870804512369e-02
-2.454583690492592382e-02
-4.007860038942154951e-02
-5.411887351176988825e-02
-2.698381906423611906e-02
-3.797900328162734374e-02
-4.588555899569493612e-02
-3.870411410630487936e-02
-4.975479366042351997e-02
-4.540365801399800366e-02
-3.834981945019654004e-02
-1.933478242331397590e-02
-5.171082776820017796e-02
-2.199258071707764495e-02
-1.677865497546491072e-02
-5.137955026193127828e-02
-6.278170028199397956e-02
-2.971622304817239657e-02
-3.611710884599280552e-02
-1.152151912433951007e-02
-4.205346243162653985e-02
-4.177372639585540809e-02
-5.690041840456378647e-02
-3.670270467655560587e-02
-3.412078295853934046e-02
-2.621479208250426796e-02
-3.338804682041818933e-02
-1.386667956691736703e-02
-3.839467700397247024e-02
-7.463896854702982420e-02
-7.646363074233160362e-02
-2.773138220071999158e-02
-5.069346033135663232e-02
-5.181664075968873268e-02
-3.006788179346069761e-02
-4.327031183374064477e-02
-6.346021196896078909e-02
-3.464128120581520809e-02
-5.102798565631520150e-02
-3.244792098456694696e-02
-2.776098912760878445e-02
-5.418001722882622578e-02
-4.327120616062587327e-02
-1.525721666413396189e-02
-2.102859047433832881e-02
-7.472407081064678935e-02
-5.025571085589407294e-02
-1.993299296994362896e-02
-2.679318622814786180e-02
-1.964473729384361156e-02
-2.857035495885361029e-02
-6.274677446362915412e-02
-6.292154476496172877e-02
-4.993092898700217386e-02
-5.004850943750861064e-02
-4.208419903458108374e-02
-3.142029232345934509e-02
-5.412103872422875661e-02
-4.907336364362037406e-02
-4.486875639688386180e-02
-6.040566202695350079e-02
-3.424518853527576401e-02
-1.863419498322951492e-02
-4.494966944509073276e-02
-3.840540892659661393e-02
-2.670563633305523751e-02
-5.517935691845461676e-02
-4.764342909361202888e-02
-4.295437909403029830e-02
-2.262392842830093440e-02
-2.458175118984828877e-02
-4.838910943665264419e-02
-5.390272882453037845e-02
-1.704130466074290501e-02
-2.481008696463005148e-02
-5.924920322451939642e-02
-6.757388029240779526e-02
-2.486073410824260130e-02
-1.596161676094003459e-02
-4.646235276691233068e-02
-6.627762407684184565e-02
-8.195032618397689317e-02
-2.613213745036330887e-02
-4.830348940483916026e-02
-4.565392833238866160e-02
-2.496504086497685140e-02
-4.013376623729685705e-02
-1.324008590913739077e-02
-3.499251632257855543e-02
-3.919326384275736291e-02
-3.735692832810959263e-02
-1.612509030161547730e-02
-2.697082778948026172e-02
-4.832886004648131312e-02
-7.112699393808191717e-02
-5.880185150249778170e-02
-2.168102547212105713e-02
-5.664346416945129081e-02
-6.146336831331038197e-02
-4.621886050491581105e-02
-4.709214717354605340e-02
-7.504932337789885222e-02
-5.336580320446539932e-02
-3.795984585834651787e-02
-4.167337350535097601e-02
-5.757836525349825652e-02
-3.611282549091052174e-02
-2.496847696300965452e-02
-3.555518914297430694e-02
-3.168957885562338761e-02
-4.975855924730931273e-02
-3.429352925692064069e-02
-4.949162620694983611e-02
-5.932051402616689284e-02
-5.844322642147109503e-02
-4.680134972629716034e-02
-5.176321649574749245e-02
-4.200036765653845233e-02
-3.433923406774576359e-02
-5.368545446122514192e-02
-3.642028566012754653e-02
-4.461688570406697335e-02
-1.560600414942199532e-02
-4.097998775018581868e-02
-3.678968973361522454e-02
-2.202684755773726133e-02
-2.869339551034387134e-02
-5.840420552736824700e-02
-5.227943138794120120e-02
-4.509502109887825877e-02
-3.801868315343569227e-02
-1.460351078077683218e-02
-7.205055119163593369e-02
-2.163343786785413767e-02
-1.488644756540074068e-02
-3.484302252321669346e-02
-3.012511871412326334e-02
-4.184268370569959455e-02
-4.860144146716983971e-02
-5.776880981024232198e-02
-6.139723519363043946e-02
-3.722009631465052898e-02
-2.932304870746914663e-02
-3.206590219501277012e-02
-2.869155978673676097e-02
-6.311664923547714856e-02
-7.002880759270399547e-02
-3.261106503639007309e-02
-5.040407497919013186e-02
-3.769597235733056911e-02
-3.194620360188377139e-02
-4.321001537373304197e-02
-5.209825958890317715e-02
-3.468698601664031711e-02
-4.510895377035535614e-02
-2.110277253598611888e-02
-3.120179414441685145e-02
-7.368792250921055165e-02
-5.774419228597703346e-02
-2.886199966315124155e-02
-2.043687556508629044e-02
-4.594143089111148159e-02
-6.120631993852537062e-02
-5.836871487096999267e-02
-5.065924056053279501e-02
-1.814904618284338481e-02
-2.434150674654030067e-02
-2.973829880128951025e-02
-3.799561893376034866e-02
-3.163135346840316442e-02
-2.823484116733787283e-02
-3.866146883482447782e-02
-4.150613437779051423e-02
-5.170786236852804169e-02
-3.744005365861135387e-02
-2.253082429255136646e-02
-3.075077097518199090e-02
-2.753792517446745566e-02
-2.912719111957695617e-02
-6.003225701740074610e-02
-3.916888166767217710e-02
-3.602023912335823586e-02
-6.655928997589226348e-02
-2.759224376529307438e-02
-3.275655789968634490e-02
-3.951197370279580651e-02
-5.951204118914084351e-02
-2.821497769651545168e-02
-5.686888161439600242e-02
-4.907176326919449050e-02
-5.262539468306442342e-02
-4.957611656269712147e-02
-4.127841051087783458e-02
-5.774456884466566686e-02
-4.767148271591029052e-02
-1.855492937928605521e-02
-2.053139179591761260e-02
-1.556801879171269137e-02
-3.494549355634341686e-02
-3.115425360998515594e-02
-2.191557446526475050e-02
-2.098528622515274597e-02
-5.016891407817872933e-02
-3.107174018735145427e-02
-2.200185347478323186e-02
-3.279317823214945860e-02
-2.811071800961824352e-02
-2.150037144127995778e-02
-2.826694279553820105e-02
-4.563373537271389613e-02
-3.933875670605346819e-02
-2.673100697469726894e-02
-4.797625990447128286e-02
-6.718983749990324605e-03
-3.146373778215298678e-02
-3.371762981258939057e-02
-2.854559622508032884e-02
-1.871868533897771622e-02
-1.937893392954916777e-02
-3.655076324571752966e-02
-5.757488208562904636e-02
-6.522175351409151278e-02
-2.623682076578574829e-02
-3.738540557893264143e-02
-3.637147424012196484e-02
-3.270487521967978262e-02
-3.016079764986479700e-02
-1.620101394719849347e-02
-2.386224167566326076e-02
-2.596132101526035102e-02
1.384910531762474084e-01
-4.964380298696794563e-02
-4.740939786866608247e-02
-2.630285974579379266e-02
-1.031337764189887117e-02
-8.642021902680004693e-04
-1.009553844056129863e-02
-5.296067312540000266e-02
-3.918827444013376488e-02
-4.584343149241130316e-02
-5.646991768385607735e-02
-2.098514501564426732e-02
-3.965478358543595566e-02
-6.602589459353297441e-02
-5.293181931588877842e-02
-2.561182748243132773e-02
-3.975706633921923666e-02
-5.669759448093286691e-02
-3.594139714793920248e-02
-5.078322250874432037e-02
-6.576018536891084509e-02
-3.691461307854765339e-02
-1.780967266476980032e-02
-2.220157078923373078e-02
-1.978561731320464118e-02
-5.488149899579550933e-02
-5.867024424084280737e-02
-2.646129681400958070e-02
-1.437997612927405071e-02
-5.477846312463609951e-02
-4.239420097494658868e-02
-6.537830778886466465e-02
-3.706697813791067636e-02
-3.527837143703930339e-02
-4.162959855780502122e-02
-6.680146428247875356e-02
-5.555935170505785226e-02
-2.428685866686232028e-02
-4.144541428925839488e-02
-9.755176455929636878e-03
-2.707833529506800327e-02
-6.892454923847220194e-02
-6.424966725954771307e-02
-4.819245166154713378e-02
-2.180321876656263896e-02
-3.627804061552073606e-02
-3.234563823078413086e-02
-4.510066947920716995e-02
-3.781284676029567082e-02
-1.453017597617762419e-02
-2.404873236617760535e-02
-2.702613484686434628e-02
-3.113358995194951198e-02
-2.697718221735015062e-02
-4.075489979409301772e-02
-2.073407451004026861e-02
-3.279120129903484449e-02
-3.529738765081235491e-02
-1.897474524720492439e-02
-7.133763145450063015e-02
-5.902853983301712543e-02
-6.607315270894849324e-02
-3.939787642015900315e-02
-1.894622092654551365e-02
-4.374463457183067755e-02
-2.361606643301062194e-02
-3.801148146851644760e-02
-3.294248375216749652e-02
-4.764611207426790868e-02
-3.885582018796275572e-02
-2.363818925596415654e-02
-4.110189862561017954e-02
-7.381778818693085498e-02
-3.610345859353211034e-02
-5.530503338076470099e-02
-4.717080086962052027e-02
-4.840916118681896224e-02
-4.565990620156980956e-02
-5.445066878623554957e-02
-4.532029733431557766e-02
-2.707103947047625678e-02
-2.270502975585190000e-02
-3.725982325629520475e-02
-3.462607764876401290e-02
-2.859257192147936569e-02
-2.821643686143411253e-02
-2.221234978169402477e-02
-3.406025114935147535e-02
-2.015087924111798323e-02
-4.542549841793466769e-02
-5.035869965721782165e-02
-5.229632945909106628e-02
-4.904935802722420329e-02
-3.250092161998348328e-02
-4.817334130810182330e-02
-3.241483088980889188e-02
-4.117292700824175949e-02
-3.430138991954451849e-02
-2.261032524567634788e-02
-5.317371120345880386e-02
-3.437966705693121239e-02
-2.415765196684479740e-03
-4.488485428082041040e-02
-4.313644521995392556e-02
-6.422241382446247648e-02
-1.570711015730312174e-02
-1.074529045768883237e-02
-2.494127059776015190e-02
-6.891471164273348105e-02
-3.334902592631518170e-02
-4.467431090407356781e-02
-3.422306571232189287e-02
-3.648491254505342035e-02
-5.088065706941159727e-02
-3.148981447133708533e-02
-5.050932313264550749e-02
-2.911490589236221185e-02
-4.796505728348680886e-02
-7.000786151565199789e-02
-6.089824786143922114e-02
-6.564477013086357504e-02
-5.371369636286833088e-02
-3.116305566933010723e-02
-5.741644501741248463e-02
-4.437282860403765627e-02
-3.672638080409923456e-02
-3.856794107055055987e-02
-2.605047128477908092e-02
-5.298218404048497115e-02
-1.233022597787965594e-02
-3.345173230862262537e-02
-2.324397937886737986e-02
-4.533578331038283504e-02
-4.780911491658277473e-02
-4.274411813630037138e-02
-6.108826878965843699e-02
-4.913714327149681926e-02
-3.780206776783543582e-02
-6.362603900143985747e-02
-4.543872504187056183e-02
-2.530935671583781077e-02
-1.912165020558312736e-02
-2.408940070454313950e-02
-4.427384073877953241e-02
-4.017175159500584181e-02
-5.519874969091586453e-02
-6.207875935010628843e-02
-3.574455109348931292e-02
-4.650612771445825078e-02
-4.694053523155981150e-02
-2.842726265719684384e-02
-1.329741696947169503e-02
-4.530490549792021149e-02
-3.289480200822748196e-02
-3.256131221966294953e-02
-1.678543303185902821e-02
-5.278463193849398938e-02
-1.356830387606163847e-02
-2.815383397945933272e-02
-3.756398853698698914e-02
-4.010222944712921178e-02
-3.388576326703542779e-02
-5.354302113727394535e-02
-2.956272831274402157e-02
-1.818641963268395959e-02
-6.241074290391676604e-02
-5.111280550091534813e-02
-3.602612285286741628e-02
-4.612735674359317445e-02
-6.619915866011143180e-02
-3.749361913206053498e-02
-6.109137539883929130e-02
-4.739089942308973707e-02
-3.234126073602951873e-02
-4.874363944194155113e-02
-4.587826317110417496e-02
-5.171751168491743600e-03
-2.602458287494053765e-02
-3.709131324315975003e-02
-3.589781047973699540e-02
-3.090153566011795069e-02
