2.225304862468655553e-01
1.597404349918995381e+00
-3.655564338429264648e-01
2.454247129771427449e-01
-3.342433236324698909e-01
3.465066540704452303e-01
-3.619437882451800870e-01
2.027530553103516486e-01
4.084806056016401232e-01
5.227025233913266122e-01
1.179210427192411315e+00
-2.161881507486341780e-01
3.079822264895678563e-01
-5.540740951894902455e-01
1.229066555765767399e+00
8.985568509032498818e-01
7.483121557513330302e-01
-4.866304041752816945e-01
-5.521348176209897041e-01
-3.173765987016881063e-01
-8.599179949491650432e-02
1.202158679963753141e+00
4.526757233354460064e-02
7.019701252004934000e-01
3.328781531154860196e-01
1.249354109643161292e+00
2.794711607911136153e-01
1.140840355526735683e+00
1.438242912607115453e+00
-6.051123043929306222e-01
-1.320989855563120541e-01
9.322704689489242913e-01
2.053214921948508243e-01
1.263187556744916451e+00
1.810890128538104327e-01
1.089690594625552622e+00
3.016245716048036041e-01
1.178298476077298318e+00
1.015360931895123331e+00
1.477538680429395956e+00
-8.843523873624373199e-02
-7.506236152970073849e-01
-1.453889379967881479e-01
-1.038679397973470281e-01
1.808187575666418689e-01
1.881261491826099475e-01
1.738264628436620995e-01
4.305716403016234678e-02
-6.107669010725195330e-02
3.922392670424847821e-02
1.196434495522953556e+00
9.829674742126262577e-02
-2.852892258299278838e-01
-1.911628585177555240e-01
-3.102261414952381391e-01
-1.576271978502059301e-01
1.596718404622809173e-01
1.205863419206872011e+00
-2.155034943412868498e-01
-1.173167873039467068e-01
1.177732566242950973e+00
1.245108019307648306e-01
-2.524040545616024200e-01
-1.651571801984237087e-01
-1.496555989204072235e-01
-7.341972560978753115e-02
-7.391664448271351162e-02
1.042464758589602969e+00
1.352235689386215856e-01
2.224690206846577367e-01
6.380224923451202623e-02
1.070614371546743993e+00
-1.228086642192499356e-01
-5.370411865522018574e-02
1.954524707096351455e-01
2.837252176369563506e-01
-4.870069137193257236e-02
6.208241223018946819e-02
1.202140445593812723e+00
1.316304845942493085e-01
-2.328660656996030809e-01
-1.822906463728606874e-01
1.930068364710711970e-01
3.216228301422726643e-01
-3.244684385287823769e-01
-2.275594575276150278e-01
-4.109432343945160215e-01
6.382082727204912986e-01
5.787333027618334069e-02
2.431411335600742324e-02
1.681441993507658272e-01
1.169618731314175930e-01
-1.605446175298165523e-01
-1.090676623781355048e-01
1.173525017132602127e-01
2.056256639263464026e-01
8.433730755997019546e-02
1.970223295342968250e-01
7.928586443689795704e-01
7.620015057469062825e-01
1.596596823003388899e-01
2.608482063987561661e-01
-2.619817100569539203e-01
-2.913938181043280728e-01
1.160850176460712202e+00
1.498375632838568339e-01
-9.660939971291940265e-02
4.184400781720671453e-02
5.087974011994265966e-02
-6.027695072128300691e-01
2.083585416688213399e-01
-3.097438683269417292e-01
-3.372219851751431102e-02
-5.841025428190176755e-02
1.560602292443150907e-01
1.631745164747805676e-01
8.778366340900956022e-01
5.991772726248909553e-01
1.418947318371235715e-02
1.214129084807313186e+00
