-6.699962800000000129e+01 6.379647098815569572e-01 0.000000000000000000e+00 2.235856202802882109e+00
-6.628435600000007355e+01 6.311539512611306080e-01 0.000000000000000000e+00 2.022325725860891765e+00
-6.769865600000004235e+01 6.446207945275659323e-01 0.000000000000000000e+00 2.863813662972201524e+00
-6.627738600000003544e+01 6.310875835190903338e-01 0.000000000000000000e+00 2.484998807024488165e+00
-6.652741400000003580e+01 6.334683286850525397e-01 0.000000000000000000e+00 2.334700873926060183e+00
-6.652001400000007436e+01 6.333978665199029301e-01 0.000000000000000000e+00 2.287844766799911334e+00
-6.581655000000003497e+01 6.266995426624608623e-01 0.000000000000000000e+00 2.484841645890441431e+00
-6.678071400000006008e+01 6.358802295543083405e-01 0.000000000000000000e+00 2.436598993589136786e+00
-6.624263999999999442e+01 6.307567350879681456e-01 0.000000000000000000e+00 2.574273833707108494e+00
-6.630618200000000684e+01 6.313617765606656107e-01 0.000000000000000000e+00 2.629595549358890505e+00
-6.797304800000001990e+01 6.472335316113271286e-01 0.000000000000000000e+00 2.074896873498180305e+00
-6.783074600000001908e+01 6.458785441754928414e-01 0.000000000000000000e+00 2.245638460850838403e+00
-6.727487400000003959e+01 6.405855786800536134e-01 0.000000000000000000e+00 2.120593073829044606e+00
-6.860393800000007047e+01 6.532408120669320750e-01 0.000000000000000000e+00 2.817031757826315541e+00
-6.717272800000004906e+01 6.396129532312144761e-01 0.000000000000000000e+00 2.377272761175346805e+00
-6.681300400000006334e+01 6.361876921641317351e-01 0.000000000000000000e+00 2.143360997508446442e+00
-6.803010800000008373e+01 6.477768520361193438e-01 0.000000000000000000e+00 1.821414503697273535e+00
-6.780586200000003316e+01 6.456416008623049319e-01 0.000000000000000000e+00 1.839944432778645833e+00
-6.764900200000005270e+01 6.441479933994095353e-01 0.000000000000000000e+00 2.600199494365963204e+00
-6.758980600000002426e+01 6.435843341658662453e-01 0.000000000000000000e+00 2.431160015833983223e+00
-6.942885400000005802e+01 6.610955914489407004e-01 0.000000000000000000e+00 2.471310542579104208e+00
-6.781485400000008212e+01 6.457272219148767478e-01 0.000000000000000000e+00 2.777416458386672282e+00
-6.790911000000008357e+01 6.466247194606034032e-01 0.000000000000000000e+00 2.118477310868979835e+00
-6.692766600000004473e+01 6.372794938912164087e-01 0.000000000000000000e+00 2.659921231924818663e+00
-6.879805200000002685e+01 6.550891489217862684e-01 0.000000000000000000e+00 1.885007593505053647e+00
-6.901859800000002565e+01 6.571891690130252650e-01 0.000000000000000000e+00 2.510014247212170702e+00
-6.690533000000002062e+01 6.370668124154337253e-01 0.000000000000000000e+00 2.619966526484449165e+00
-6.864703600000002837e+01 6.536511875255308635e-01 0.000000000000000000e+00 2.740673417928778388e+00
-6.786839600000000416e+01 6.462370442454787867e-01 0.000000000000000000e+00 2.338693298020512401e+00
-6.914171600000000240e+01 6.583614880466650554e-01 0.000000000000000000e+00 2.158674604713350931e+00
-6.804375400000002116e+01 6.479067880774209698e-01 0.000000000000000000e+00 2.167434779810297307e+00
-6.855968600000002766e+01 6.528194483193348052e-01 0.000000000000000000e+00 1.857930508155607452e+00
-6.862049000000004639e+01 6.533984187909268604e-01 0.000000000000000000e+00 2.612559761261283864e+00
-6.929657600000007278e+01 6.598360516811422327e-01 0.000000000000000000e+00 2.755974230689805182e+00
-6.881005600000001721e+01 6.552034499799564982e-01 0.000000000000000000e+00 2.195366482109926576e+00
-6.688813200000002723e+01 6.369030545348595140e-01 0.000000000000000000e+00 2.141737206095966961e+00
-6.859347400000002892e+01 6.531411747566440162e-01 0.000000000000000000e+00 2.621253334371467236e+00
-6.920104800000002854e+01 6.589264422605407567e-01 0.000000000000000000e+00 2.487625770617924559e+00
-6.824787200000004361e+01 6.498503821620271736e-01 0.000000000000000000e+00 2.324344063096624335e+00
-6.826651800000004755e+01 6.500279277743767903e-01 0.000000000000000000e+00 1.756643506050529435e+00
-6.798683200000006366e+01 6.473647816767906793e-01 0.000000000000000000e+00 2.186107736811124358e+00
-6.722698200000004931e+01 6.401295551647343540e-01 0.000000000000000000e+00 2.131726353294271181e+00
-6.883423599999998999e+01 6.554336898655409582e-01 0.000000000000000000e+00 2.590049269977914737e+00
-6.905620800000004067e+01 6.575472882064431479e-01 0.000000000000000000e+00 2.891585065084930850e+00
-6.879250800000004062e+01 6.550363594294091873e-01 0.000000000000000000e+00 2.455180024162478158e+00
-6.836278400000000488e+01 6.509445643676640136e-01 0.000000000000000000e+00 2.484171154528998837e+00
-6.880481000000008862e+01 6.551534980180143686e-01 0.000000000000000000e+00 2.193985854373705191e+00
-6.893613600000006159e+01 6.564039729234854015e-01 0.000000000000000000e+00 2.360946012821679485e+00
-6.853260000000003060e+01 6.525615377510575188e-01 0.000000000000000000e+00 2.459269289767991307e+00
-6.916601000000004262e+01 6.585928134304699366e-01 0.000000000000000000e+00 2.461377524206042722e+00
-6.705288200000005361e+01 6.384717899008678366e-01 0.000000000000000000e+00 2.378211970247879670e+00
-6.938556800000000635e+01 6.606834258704696872e-01 0.000000000000000000e+00 2.778422778109038482e+00
-6.779819800000002772e+01 6.455686249118035569e-01 0.000000000000000000e+00 2.144012000285842046e+00
-6.914789200000002722e+01 6.584202953888228516e-01 0.000000000000000000e+00 2.619136910953528297e+00
-6.825570600000003196e+01 6.499249768379440351e-01 0.000000000000000000e+00 2.669016693364540505e+00
-6.738181200000002491e+01 6.416038331417843743e-01 0.000000000000000000e+00 2.332435818956549944e+00
-6.756638000000005206e+01 6.433612738035957568e-01 0.000000000000000000e+00 2.041993241710637452e+00
-6.916584600000005878e+01 6.585912518365397705e-01 0.000000000000000000e+00 2.514187204661746833e+00
-6.972180199999999672e+01 6.638850171727722627e-01 0.000000000000000000e+00 2.352682624690634494e+00
-6.871507400000005816e+01 6.542990395245142921e-01 0.000000000000000000e+00 2.765909071689184540e+00
-6.917690000000004602e+01 6.586965070762109686e-01 0.000000000000000000e+00 3.249656842178753280e+00
-6.826182600000004186e+01 6.499832509529059887e-01 0.000000000000000000e+00 2.443282045789385570e+00
-6.823493200000004322e+01 6.497271685921568452e-01 0.000000000000000000e+00 2.331983884886362990e+00
-6.952293400000004908e+01 6.619914131377664379e-01 0.000000000000000000e+00 2.264810070847915302e+00
-6.796869800000004602e+01 6.471921112845161472e-01 0.000000000000000000e+00 2.743899542068851893e+00
-6.882064800000007665e+01 6.553043060952636889e-01 0.000000000000000000e+00 2.583017191309810112e+00
-6.890589400000007458e+01 6.561160111939631223e-01 0.000000000000000000e+00 2.408839381784589229e+00
-6.908396599999998955e+01 6.578115975010687677e-01 0.000000000000000000e+00 2.406707613695985071e+00
-6.896407400000005339e+01 6.566699961626690785e-01 0.000000000000000000e+00 2.392836925754984634e+00
-6.933695200000002501e+01 6.602205084892628362e-01 0.000000000000000000e+00 2.381525344598636185e+00
-6.911058000000002721e+01 6.580650137258395871e-01 0.000000000000000000e+00 2.611299946406197670e+00
-7.037317200000003936e+01 6.700873064313869198e-01 0.000000000000000000e+00 2.922872878220738713e+00
-7.014898400000002709e+01 6.679526075285969755e-01 0.000000000000000000e+00 3.015175526482495094e+00
-6.902055400000001839e+01 6.572077938772189487e-01 0.000000000000000000e+00 2.284859822388155770e+00
-7.061453200000008223e+01 6.723855156449819459e-01 0.000000000000000000e+00 2.643067192642714947e+00
-7.119912600000002101e+01 6.779519695603448692e-01 0.000000000000000000e+00 2.427138165425414496e+00
-7.135383800000006715e+01 6.794251239515188834e-01 0.000000000000000000e+00 2.763783449204544329e+00
-6.993614200000007486e+01 6.659259442644280824e-01 0.000000000000000000e+00 2.787654155367080389e+00
-6.975513200000001746e+01 6.642023825733737175e-01 0.000000000000000000e+00 2.592520467093556658e+00
-7.150274000000001706e+01 6.808429560211349818e-01 0.000000000000000000e+00 2.601812855792218215e+00
-7.066007400000000871e+01 6.728191626619083321e-01 0.000000000000000000e+00 2.563127533158730653e+00
-7.024619200000003616e+01 6.688782137650699511e-01 0.000000000000000000e+00 2.049907630226446731e+00
-7.103832400000000291e+01 6.764208267116355033e-01 0.000000000000000000e+00 2.163555939105897163e+00
-7.055768600000004653e+01 6.718442329098307519e-01 0.000000000000000000e+00 2.467685874980809047e+00
-6.956987400000004129e+01 6.624383717907582625e-01 0.000000000000000000e+00 2.243623514332260704e+00
-7.133963800000003630e+01 6.792899127697442641e-01 0.000000000000000000e+00 2.558164893982410426e+00
-6.929756400000002259e+01 6.598454593323807016e-01 0.000000000000000000e+00 2.049515708625583965e+00
-7.025895200000006469e+01 6.689997133903828885e-01 0.000000000000000000e+00 2.066585529320273729e+00
-7.125034200000007445e+01 6.784396439184969818e-01 0.000000000000000000e+00 2.512076065774758060e+00
-6.958005400000003249e+01 6.625353048774104137e-01 0.000000000000000000e+00 2.250874543547889850e+00
-7.133859000000001060e+01 6.792799338036524803e-01 0.000000000000000000e+00 3.049064242393463964e+00
-6.985649000000002218e+01 6.651675047538159191e-01 0.000000000000000000e+00 2.465011595502056174e+00
-6.870226000000000965e+01 6.541770257158338042e-01 0.000000000000000000e+00 2.462172340504099388e+00
-7.026028200000006052e+01 6.690123775362815106e-01 0.000000000000000000e+00 2.315096638966402054e+00
-7.020549600000002499e+01 6.684907099444018508e-01 0.000000000000000000e+00 2.332100179940125972e+00
-7.057260400000004097e+01 6.719862808260074205e-01 0.000000000000000000e+00 2.255895105642238718e+00
-7.080794200000003968e+01 6.742271490722326899e-01 0.000000000000000000e+00 2.455152093672949398e+00
-7.096090400000004195e+01 6.756836401135397630e-01 0.000000000000000000e+00 2.296491482957637054e+00
-6.925084000000005346e+01 6.594005574128583014e-01 0.000000000000000000e+00 1.887490220618186942e+00
-7.086702000000005341e+01 6.747896847198990855e-01 0.000000000000000000e+00 2.023819692930906466e+00
