-5.703704320479736189e+00 2.986858148554533132e-01 1.178273103574351813e-04 2.571356750253878776e+00
-1.029428982972350859e+01 5.390809504463505153e-01 5.234498650787644232e-04 2.387485804003584899e+00
-7.438481983395914376e+00 3.895308956533260480e-01 9.168829685219692432e-05 2.216847202282056450e+00
-1.311553335841683854e+01 6.868209760377481654e-01 1.832106303284603823e-03 2.271164419024960246e+00
-8.371147420363074687e+00 4.383717752599012862e-01 3.036871511761451915e-04 2.620978100500542585e+00
-1.012636538857675106e+01 5.302872532769559166e-01 6.953548291140621528e-04 2.102872680997645016e+00
-1.504876938792036078e+01 7.880587237076016605e-01 2.483428432306620387e-03 1.912167817773646528e+00
-1.474353597153813844e+01 7.720745691002376399e-01 2.259701341060082764e-03 1.993324490103565605e+00
-1.462716207593835271e+01 7.659804187232065464e-01 2.014596540183436618e-03 2.035164863383871481e+00
-1.516754357958907562e+01 7.942785703597128322e-01 2.765333359877108609e-03 1.878921519783981253e+00
