7.240999999999999659e-01
-2.770000000000000240e-01
-6.058999999999999941e-01
5.724000000000000199e-01
1.580000000000000154e-02
1.668999999999999928e-01
8.490000000000000324e-02
4.389000000000000123e-01
-8.256999999999999895e-01
9.363000000000000211e-01
-8.927000000000000490e-01
7.899000000000000465e-01
8.538000000000000034e-01
-3.200999999999999956e-01
7.401999999999999691e-01
9.397999999999999687e-01
-5.689999999999999503e-01
-7.248999999999999888e-01
-5.859999999999999654e-01
-2.000000000000000111e-01
-6.125000000000000444e-01
-2.477000000000000035e-01
-7.145000000000000240e-01
8.379999999999999949e-02
-2.965999999999999748e-01
-9.815000000000000391e-01
-1.640999999999999959e-01
-2.721000000000000085e-01
8.010000000000000453e-02
-3.309000000000000274e-01
-1.640000000000000069e-01
-3.020999999999999797e-01
-2.624000000000000221e-01
7.199999999999999734e-01
1.904000000000000137e-01
-8.413000000000000478e-01
-9.193000000000000060e-01
-7.620000000000000107e-01
1.111000000000000043e-01
9.491000000000000547e-01
1.751000000000000056e-01
2.679000000000000270e-01
8.738000000000000211e-01
-1.000000000000000048e-04
5.109999999999999959e-02
7.203000000000000513e-01
-5.483000000000000096e-01
-5.590000000000000524e-01
1.728000000000000091e-01
-4.365999999999999881e-01
-6.150999999999999801e-01
-1.829000000000000070e-01
8.416000000000000147e-01
-4.606000000000000094e-01
2.516999999999999793e-01
4.778999999999999915e-01
7.093000000000000416e-01
-3.973999999999999755e-01
-7.224000000000000421e-01
-2.477000000000000035e-01
1.170000000000000033e-02
6.239999999999999714e-02
-2.891000000000000236e-01
7.550000000000000044e-01
-9.555000000000000160e-01
6.565999999999999615e-01
-9.888000000000000123e-01
-1.134000000000000008e-01
-8.870000000000000107e-01
-6.481000000000000094e-01
-8.875999999999999446e-01
6.674999999999999822e-01
-7.881000000000000227e-01
5.594999999999999973e-01
2.295999999999999985e-01
-2.485999999999999877e-01
3.244000000000000217e-01
3.778000000000000247e-01
9.349999999999999978e-02
5.043999999999999595e-01
-2.225000000000000033e-01
9.599999999999999645e-01
2.210000000000000159e-02
6.190999999999999837e-01
-4.687999999999999945e-01
5.194999999999999618e-01
-1.305999999999999939e-01
1.386000000000000010e-01
8.574000000000000510e-01
-6.351999999999999869e-01
-8.596000000000000307e-01
-5.971999999999999531e-01
-1.940999999999999948e-01
-9.837000000000000188e-01
-4.717000000000000082e-01
6.924000000000000155e-01
8.466000000000000192e-01
-3.360000000000000209e-01
4.970000000000000112e-02
1.792999999999999872e-01
3.899000000000000243e-01
-7.235000000000000320e-01
-3.534999999999999809e-01
1.708999999999999964e-01
-4.581000000000000072e-01
