7.213000000000000522e-01
4.753999999999999893e-01
9.826000000000000290e-01
-7.814999999999999725e-01
4.598999999999999755e-01
-5.729999999999999677e-02
-8.707000000000000295e-01
-4.429000000000000159e-01
-8.549999999999999822e-01
5.862000000000000544e-01
-7.248999999999999888e-01
-1.028000000000000025e-01
9.330000000000000515e-01
-4.702000000000000068e-01
9.146999999999999575e-01
7.118999999999999773e-01
-8.169999999999999485e-01
-8.972999999999999865e-01
7.674999999999999600e-01
6.089999999999999858e-01
9.929999999999999938e-02
-5.383999999999999897e-01
-7.199999999999999803e-03
-7.033000000000000362e-01
7.833999999999999853e-01
-6.479999999999999649e-02
8.622999999999999554e-01
-2.780000000000000249e-01
-9.554000000000000270e-01
-9.690999999999999615e-01
9.818000000000000060e-01
2.043999999999999984e-01
4.060000000000000275e-01
-2.970999999999999752e-01
-9.527999999999999803e-01
-9.071000000000000174e-01
-3.377999999999999892e-01
-2.661000000000000032e-01
2.549999999999999836e-02
4.960999999999999854e-01
-8.286000000000000032e-01
1.549000000000000099e-01
6.563999999999999835e-01
-9.058000000000000496e-01
4.238000000000000100e-01
-6.852000000000000313e-01
-6.543999999999999817e-01
5.475999999999999757e-01
6.834999999999999964e-01
8.537000000000000144e-01
1.355999999999999983e-01
9.378999999999999559e-01
4.817000000000000171e-01
7.519000000000000128e-01
-5.345999999999999641e-01
4.639999999999999680e-02
8.105999999999999872e-01
-1.675000000000000100e-01
9.166999999999999593e-01
-4.651000000000000134e-01
1.215999999999999998e-01
2.651000000000000023e-01
-7.389999999999999902e-01
1.978000000000000036e-01
5.788999999999999702e-01
4.738999999999999879e-01
7.110999999999999543e-01
-6.460000000000000464e-02
2.717999999999999861e-01
8.940000000000000169e-01
-9.623000000000000442e-01
2.280999999999999972e-01
-7.073000000000000398e-01
-9.412000000000000366e-01
3.165999999999999925e-01
7.629000000000000226e-01
-6.786999999999999700e-01
8.959000000000000297e-01
-8.974999999999999645e-01
3.750999999999999890e-01
9.546999999999999931e-01
6.559000000000000385e-01
-3.991000000000000103e-01
9.715000000000000302e-01
-2.255999999999999950e-01
-8.127999999999999670e-01
7.179999999999999716e-01
4.424000000000000155e-01
-3.561000000000000276e-01
1.391999999999999904e-01
5.323999999999999844e-01
5.217000000000000526e-01
-9.716000000000000192e-01
-7.707000000000000517e-01
1.794000000000000039e-01
-4.577999999999999847e-01
5.481000000000000316e-01
-4.410000000000000031e-01
9.616000000000000103e-01
8.205000000000000071e-01
-6.391999999999999904e-01
-2.783999999999999808e-01
-5.698999999999999622e-01
1.998999999999999944e-01
-2.810000000000000275e-01
