4.411999999999999811e-01
-7.768000000000000460e-01
-3.731999999999999762e-01
-9.770999999999999686e-01
2.048000000000000098e-01
-8.416000000000000147e-01
6.723000000000000087e-01
8.768000000000000238e-01
-4.502999999999999781e-01
4.449000000000000177e-01
9.377999999999999670e-01
-6.498000000000000442e-01
5.450000000000000400e-01
8.123000000000000220e-01
8.044000000000000039e-01
6.276000000000000467e-01
-7.631999999999999895e-01
-5.949999999999999734e-02
-3.350000000000000200e-02
4.050000000000000128e-02
-5.629999999999999449e-01
5.763000000000000345e-01
-9.371000000000000441e-01
-2.657999999999999807e-01
-6.076000000000000290e-01
-7.032000000000000473e-01
2.647999999999999798e-01
7.483999999999999542e-01
2.945999999999999730e-01
-5.020000000000000157e-02
9.086999999999999522e-01
5.564999999999999947e-01
-6.267000000000000348e-01
7.936999999999999611e-01
3.551000000000000267e-01
3.610999999999999766e-01
6.612999999999999989e-01
9.089000000000000412e-01
-5.759999999999999842e-02
-9.666000000000000147e-01
5.362000000000000099e-01
-7.271999999999999575e-01
-8.778000000000000247e-01
1.323000000000000009e-01
-4.150000000000000216e-02
8.393000000000000460e-01
-1.643000000000000016e-01
-9.074999999999999734e-01
-1.416999999999999926e-01
6.874000000000000110e-01
-8.359999999999999654e-01
4.179999999999999827e-01
8.228999999999999648e-01
8.850999999999999979e-01
-2.036999999999999922e-01
8.933999999999999719e-01
4.379999999999999866e-02
-9.851999999999999647e-01
5.061999999999999833e-01
-3.527000000000000135e-01
2.386000000000000065e-01
-5.283999999999999808e-01
4.420999999999999930e-01
3.450000000000000289e-02
-2.994999999999999885e-01
2.775000000000000244e-01
-7.019999999999999574e-01
-8.488999999999999879e-01
8.106999999999999762e-01
-4.899999999999999842e-03
-5.810999999999999499e-01
7.903000000000000025e-01
7.853999999999999870e-01
1.822000000000000008e-01
-8.864999999999999547e-01
3.536000000000000254e-01
-8.599999999999999867e-01
4.680000000000000132e-02
-1.877999999999999947e-01
7.995999999999999774e-01
-9.587999999999999856e-01
-3.930000000000000160e-02
-2.467000000000000026e-01
-6.836999999999999744e-01
-1.955999999999999961e-01
-9.002999999999999892e-01
-1.087999999999999939e-01
-8.194000000000000172e-01
-3.719000000000000083e-01
4.227000000000000202e-01
4.596000000000000085e-01
-3.966000000000000081e-01
-1.559999999999999998e-01
5.926000000000000156e-01
-9.045999999999999597e-01
-8.742999999999999661e-01
-5.424999999999999822e-01
-2.832000000000000073e-01
2.172000000000000042e-01
-1.230000000000000017e-02
6.333999999999999631e-01
-4.187000000000000166e-01
-3.730999999999999872e-01
-5.261000000000000121e-01
-6.582999999999999963e-01
