-2.977749800000001201e+01 2.382373276774550352e-01 0.000000000000000000e+00 4.038687139167475237e+00
-2.957602200000002313e+01 2.366254023292897746e-01 0.000000000000000000e+00 3.456967257190743048e+00
-3.043313400000000968e+01 2.434827975476615558e-01 0.000000000000000000e+00 3.877552707525766085e+00
-3.053891600000002171e+01 2.443291151595838040e-01 0.000000000000000000e+00 3.020424521728457989e+00
-3.072912000000000887e+01 2.458508579424582841e-01 0.000000000000000000e+00 3.627901372430183180e+00
-2.978712400000002347e+01 2.383143412840456610e-01 0.000000000000000000e+00 4.462656521005025745e+00
-2.823334200000002525e+01 2.258831802955257317e-01 0.000000000000000000e+00 3.259405075329985468e+00
-3.126844400000002366e+01 2.501657640676243077e-01 0.000000000000000000e+00 3.440029462767886237e+00
-3.114140800000001974e+01 2.491494020764713213e-01 0.000000000000000000e+00 3.447488467225456432e+00
-3.036422600000002703e+01 2.429314934127206616e-01 0.000000000000000000e+00 3.412055242563794000e+00
-3.019667400000002289e+01 2.415909798233313310e-01 0.000000000000000000e+00 3.624810536229389868e+00
-2.980112000000001871e+01 2.384263174359095017e-01 0.000000000000000000e+00 3.547765229099591799e+00
-3.031982200000000560e+01 2.425762355499480882e-01 0.000000000000000000e+00 3.540777363360318564e+00
-3.083605800000000485e+01 2.467064242276838237e-01 0.000000000000000000e+00 3.784159111406443898e+00
-3.022729800000001887e+01 2.418359896600474068e-01 0.000000000000000000e+00 2.664317792719558486e+00
-3.046827400000001518e+01 2.437639380146875978e-01 0.000000000000000000e+00 3.015688993510404980e+00
-3.069014800000001131e+01 2.455390592435130193e-01 0.000000000000000000e+00 4.369446990608002679e+00
-3.018248800000000998e+01 2.414774835608033132e-01 0.000000000000000000e+00 2.919480857520786010e+00
-3.009707000000003063e+01 2.407940898097384042e-01 0.000000000000000000e+00 2.832855207768624872e+00
-2.980655000000002275e+01 2.384697605985717783e-01 0.000000000000000000e+00 3.549184182529155684e+00
-2.890165400000001839e+01 2.312300655487720957e-01 0.000000000000000000e+00 3.221816874687982946e+00
-2.945073200000002700e+01 2.356230093550812643e-01 0.000000000000000000e+00 3.308605987234447987e+00
-2.984772200000000097e+01 2.387991605788901683e-01 0.000000000000000000e+00 3.288620603513659812e+00
-3.041139000000003634e+01 2.433088328830341762e-01 0.000000000000000000e+00 3.670173249137820726e+00
-3.052837200000001872e+01 2.442447570183110817e-01 0.000000000000000000e+00 3.902523583272234031e+00
-3.113042600000002835e+01 2.490615396800889558e-01 0.000000000000000000e+00 3.228188937388701163e+00
-2.934800400000003506e+01 2.348011255219382976e-01 0.000000000000000000e+00 2.767279073583824633e+00
-2.901407400000002212e+01 2.321294910269469380e-01 0.000000000000000000e+00 3.010788884796162801e+00
-3.074188600000001159e+01 2.459529933779180111e-01 0.000000000000000000e+00 3.948119359207557633e+00
-3.041880800000001273e+01 2.433681812035917436e-01 0.000000000000000000e+00 2.961500687345433480e+00
-3.115023600000001380e+01 2.492200312182727973e-01 0.000000000000000000e+00 3.932335129617031910e+00
-3.118286200000002140e+01 2.494810582210386651e-01 0.000000000000000000e+00 3.757145876315577837e+00
-2.914214200000003530e+01 2.331541096191805662e-01 0.000000000000000000e+00 2.881780355896736978e+00
-3.105248600000001602e+01 2.484379742845280459e-01 0.000000000000000000e+00 3.160266839680446971e+00
-2.982339800000000096e+01 2.386045544115611705e-01 0.000000000000000000e+00 3.486066185674771223e+00
-2.830471400000002191e+01 2.264541978656048060e-01 0.000000000000000000e+00 3.363719851803681049e+00
-3.017291800000001345e+01 2.414009179868295552e-01 0.000000000000000000e+00 3.319998120249559204e+00
-2.951011200000001367e+01 2.360980839405109888e-01 0.000000000000000000e+00 3.511803231737280484e+00
-3.132332600000001221e+01 2.506048520332281315e-01 0.000000000000000000e+00 3.640295125082719352e+00
-3.227659800000001411e+01 2.582315832592613769e-01 0.000000000000000000e+00 3.667376953737377043e+00
-3.353458800000000650e+01 2.682962359659784024e-01 0.000000000000000000e+00 3.616571435843845439e+00
-3.296406599999999543e+01 2.637317276697743185e-01 0.000000000000000000e+00 3.846030035029299743e+00
-3.271268600000001925e+01 2.617205412554035604e-01 0.000000000000000000e+00 3.121851040681803635e+00
-3.398297600000002205e+01 2.718836011261621666e-01 0.000000000000000000e+00 3.585510236660322203e+00
-3.309869200000002110e+01 2.648088140816653446e-01 0.000000000000000000e+00 3.413121226828350618e+00
-3.458536600000000050e+01 2.767030719836404140e-01 0.000000000000000000e+00 3.130461513986315669e+00
-3.431930600000001164e+01 2.745744370190150718e-01 0.000000000000000000e+00 4.340071272463696062e+00
-3.429913400000003065e+01 2.744130492699871082e-01 0.000000000000000000e+00 3.198202552514948227e+00
-3.413805800000001511e+01 2.731243474524946979e-01 0.000000000000000000e+00 3.804175214214035705e+00
-3.390327200000002250e+01 2.712459227031729925e-01 0.000000000000000000e+00 3.721048256348843175e+00
-3.361811400000004113e+01 2.689644926150627224e-01 0.000000000000000000e+00 3.557336613311717244e+00
-3.539766600000000807e+01 2.832019451016034584e-01 0.000000000000000000e+00 4.047584574149492909e+00
-3.477708000000001931e+01 2.782368956460031795e-01 0.000000000000000000e+00 3.653681406278584731e+00
-3.514965800000000939e+01 2.812177366512282894e-01 0.000000000000000000e+00 3.350426722382771949e+00
-3.501574200000001724e+01 2.801463306528717001e-01 0.000000000000000000e+00 3.595174480057479638e+00
-3.562842800000003507e+01 2.850481755071772039e-01 0.000000000000000000e+00 3.430226289854960697e+00
-3.519652400000002501e+01 2.815926919479740387e-01 0.000000000000000000e+00 3.523263359906064096e+00
-3.515521800000001917e+01 2.812622198896081449e-01 0.000000000000000000e+00 3.536122322155794251e+00
-3.566869200000002849e+01 2.853703109586380182e-01 0.000000000000000000e+00 3.610523261545004026e+00
-3.489618400000001230e+01 2.791897970172229626e-01 0.000000000000000000e+00 3.733150707349198072e+00
-3.349501200000002399e+01 2.679796049152380344e-01 0.000000000000000000e+00 2.885724254635903652e+00
-3.458708800000002981e+01 2.767168489866064784e-01 0.000000000000000000e+00 3.290165933590829539e+00
-3.619372000000004164e+01 2.895708407572074594e-01 0.000000000000000000e+00 3.382227507774046238e+00
-3.550985800000000836e+01 2.840995464469814324e-01 0.000000000000000000e+00 3.729541802853036714e+00
-3.636237000000001984e+01 2.909201389861183484e-01 0.000000000000000000e+00 3.541879545702058874e+00
-3.743843800000004052e+01 2.995293097337489718e-01 0.000000000000000000e+00 4.406454770928482922e+00
-3.594335600000001563e+01 2.875677829345977821e-01 0.000000000000000000e+00 3.303228358308785584e+00
-3.611733200000003308e+01 2.889596922655972011e-01 0.000000000000000000e+00 3.836398806195437494e+00
-3.609783800000003851e+01 2.888037289114650519e-01 0.000000000000000000e+00 3.467562962418907713e+00
-3.569210400000000760e+01 2.855576205947793489e-01 0.000000000000000000e+00 3.681256721731991366e+00
-3.566867000000002008e+01 2.853701349458242498e-01 0.000000000000000000e+00 3.216004274630934301e+00
-3.518814399999999409e+01 2.815256470671064215e-01 0.000000000000000000e+00 3.245116799078363368e+00
-3.665009400000000284e+01 2.932220985687758463e-01 0.000000000000000000e+00 3.162579741952139756e+00
-3.406406000000004042e+01 2.725323203529220195e-01 0.000000000000000000e+00 3.008197750726295805e+00
-3.515373400000002135e+01 2.812503470252636362e-01 0.000000000000000000e+00 4.353756507350516891e+00
-3.565900800000001425e+01 2.852928333182657150e-01 0.000000000000000000e+00 3.391668216265895985e+00
-3.616894200000002257e+01 2.893726023254494795e-01 0.000000000000000000e+00 2.818743981379226771e+00
-3.499834800000002133e+01 2.800071685218685769e-01 0.000000000000000000e+00 4.146123832160842682e+00
-3.486391000000003260e+01 2.789315862194770568e-01 0.000000000000000000e+00 2.528813501856497226e+00
-3.581975800000000731e+01 2.865789269458817179e-01 0.000000000000000000e+00 3.257331321436632177e+00
-3.532562400000002611e+01 2.826255671412881143e-01 0.000000000000000000e+00 2.929591639868581066e+00
-3.626033400000001450e+01 2.901037915560253921e-01 0.000000000000000000e+00 3.907945218856041958e+00
-3.467313800000000157e+01 2.774052991057749384e-01 0.000000000000000000e+00 3.202207376762776114e+00
-3.685035000000003436e+01 2.948242632063616808e-01 0.000000000000000000e+00 3.436121988447871534e+00
-3.587302800000001213e+01 2.870051179725884860e-01 0.000000000000000000e+00 3.847851987694963505e+00
-3.596645200000000386e+01 2.877525643866873928e-01 0.000000000000000000e+00 2.754414140662000410e+00
-3.658949800000002739e+01 2.927372952750962321e-01 0.000000000000000000e+00 3.688614085193910430e+00
-3.686698200000002146e+01 2.949573288935436466e-01 0.000000000000000000e+00 3.242235906159185443e+00
-3.672342400000005114e+01 2.938087812792775644e-01 0.000000000000000000e+00 3.381587244288000171e+00
-3.690157200000000870e+01 2.952340690402261991e-01 0.000000000000000000e+00 3.540909654228713066e+00
-3.544616600000002649e+01 2.835899733500600872e-01 0.000000000000000000e+00 2.961969257038365555e+00
-3.673651000000000977e+01 2.939134769011184645e-01 0.000000000000000000e+00 3.707530302634018060e+00
-3.624284800000003059e+01 2.899638933714376865e-01 0.000000000000000000e+00 3.422979734666180107e+00
-3.597619400000002088e+01 2.878305060608414290e-01 0.000000000000000000e+00 3.284238335137058318e+00
-3.626002800000002679e+01 2.901013433777981376e-01 0.000000000000000000e+00 3.198992464052809570e+00
-3.700943000000000893e+01 2.960969958612987840e-01 0.000000000000000000e+00 3.837180295701150712e+00
-3.584786600000002466e+01 2.868038073171729208e-01 0.000000000000000000e+00 4.149410595803901813e+00
-3.438640200000002523e+01 2.751112440985705732e-01 0.000000000000000000e+00 3.060594206583044929e+00
-3.582919000000002541e+01 2.866543884394786024e-01 0.000000000000000000e+00 3.559278538105465906e+00
-3.557000000000002160e+01 2.845807174762324254e-01 0.000000000000000000e+00 3.045783329739194301e+00
-3.569717399999999685e+01 2.855981835477622854e-01 0.000000000000000000e+00 3.218432567703186642e+00
-3.648091400000002693e+01 2.918685600311705097e-01 0.000000000000000000e+00 3.718996009977190820e+00
-3.674592800000001347e+01 2.939888263865610418e-01 0.000000000000000000e+00 3.717556265762102186e+00
-3.636766000000001497e+01 2.909624620672386364e-01 0.000000000000000000e+00 3.666052879095339723e+00
-3.551186400000002408e+01 2.841155956153609830e-01 0.000000000000000000e+00 3.265726688061196370e+00
-3.556582400000004895e+01 2.845473070439532015e-01 0.000000000000000000e+00 2.794244806637060208e+00
-3.596669000000002825e+01 2.877544685253088930e-01 0.000000000000000000e+00 2.827960690420864953e+00
-3.568897400000001596e+01 2.855325787717347130e-01 0.000000000000000000e+00 3.688583009052487593e+00
-3.560277200000003717e+01 2.848429125640349890e-01 0.000000000000000000e+00 4.009788820809757404e+00
-3.525105200000000849e+01 2.820289477073931739e-01 0.000000000000000000e+00 3.855975188436038259e+00
-3.638386400000002396e+01 2.910921035051353689e-01 0.000000000000000000e+00 3.187118513088066152e+00
-3.596491400000002869e+01 2.877402594908911593e-01 0.000000000000000000e+00 2.760812232886649564e+00
-3.552478600000004860e+01 2.842189791416819267e-01 0.000000000000000000e+00 3.143296673876653902e+00
-3.523692800000002734e+01 2.819159474809768695e-01 0.000000000000000000e+00 3.362969302102658986e+00
-3.611485000000003254e+01 2.889398348199751498e-01 0.000000000000000000e+00 3.287456625868955484e+00
-3.485154000000001417e+01 2.788326190146643846e-01 0.000000000000000000e+00 3.350899190282266016e+00
-3.523450000000001836e+01 2.818965220668065985e-01 0.000000000000000000e+00 3.255961017437203786e+00
-3.434382400000002633e+01 2.747705952993380052e-01 0.000000000000000000e+00 3.046470128238001784e+00
-3.536606200000003497e+01 2.829490946940940166e-01 0.000000000000000000e+00 3.199344315740746847e+00
-3.672688200000002468e+01 2.938364472933631677e-01 0.000000000000000000e+00 3.739600455306594906e+00
-3.646096599999999910e+01 2.917089644126092396e-01 0.000000000000000000e+00 3.291324271389614697e+00
-3.614734400000001813e+01 2.891998057458584626e-01 0.000000000000000000e+00 3.946222867613121466e+00
-3.535259600000001967e+01 2.828413588509245402e-01 0.000000000000000000e+00 3.327171980991507461e+00
-3.470389000000000834e+01 2.776513330170436999e-01 0.000000000000000000e+00 2.992567135572582249e+00
-3.524507200000002172e+01 2.819811042243877131e-01 0.000000000000000000e+00 2.957796431077184707e+00
-3.612655600000002210e+01 2.890334896380458152e-01 0.000000000000000000e+00 3.844065782667979381e+00
-3.628523800000002097e+01 2.903030380611710259e-01 0.000000000000000000e+00 2.814525826787262819e+00
-3.591752600000003071e+01 2.873611278901106458e-01 0.000000000000000000e+00 3.233163498401832925e+00
-3.680745600000003037e+01 2.944810862230772819e-01 0.000000000000000000e+00 3.317158199676465191e+00
-3.542062600000000572e+01 2.833856384744810053e-01 0.000000000000000000e+00 2.737559411563961653e+00
-3.551243200000001821e+01 2.841201399461882326e-01 0.000000000000000000e+00 3.084553720970266255e+00
-3.703746400000002836e+01 2.963212841894892202e-01 0.000000000000000000e+00 3.561205432097396262e+00
-3.573092000000000468e+01 2.858681712028636190e-01 0.000000000000000000e+00 3.685676676711147071e+00
-3.564494600000003288e+01 2.851803291279607633e-01 0.000000000000000000e+00 3.991755577106089969e+00
-3.610528400000001881e+01 2.888633012483310392e-01 0.000000000000000000e+00 3.370614966241399113e+00
-3.627791600000001182e+01 2.902444577965276884e-01 0.000000000000000000e+00 3.521745723293973729e+00
-3.641353200000002488e+01 2.913294647850365737e-01 0.000000000000000000e+00 2.855398405603538414e+00
-3.663624200000002418e+01 2.931112745007838361e-01 0.000000000000000000e+00 3.557524887202711650e+00
-3.445491400000001647e+01 2.756593800028643293e-01 0.000000000000000000e+00 3.800492084912003854e+00
-3.620845800000001447e+01 2.896887533412433879e-01 0.000000000000000000e+00 3.783431525549419749e+00
-3.664272800000001951e+01 2.931631662785052495e-01 0.000000000000000000e+00 3.786765365659934268e+00
-3.474876000000002563e+01 2.780103191512344196e-01 0.000000000000000000e+00 3.477555269397910820e+00
-3.584972800000001314e+01 2.868187044016805576e-01 0.000000000000000000e+00 2.825998511372358468e+00
-3.534188400000000740e+01 2.827556566118014092e-01 0.000000000000000000e+00 3.268585544970778134e+00
-3.714670400000001393e+01 2.971952678154970995e-01 0.000000000000000000e+00 3.698841024705501468e+00
-3.573824000000001888e+01 2.859267354663421190e-01 0.000000000000000000e+00 3.356984259117042235e+00
-3.724987400000000548e+01 2.980206879060796066e-01 0.000000000000000000e+00 3.481628294974590698e+00
-3.617100400000001059e+01 2.893890995264455923e-01 0.000000000000000000e+00 2.780367159604295590e+00
-3.765196399999999954e+01 3.012376421003449267e-01 0.000000000000000000e+00 4.711657480037779067e+00
-3.645872800000002201e+01 2.916910591091033123e-01 0.000000000000000000e+00 3.998711404361371624e+00
-3.651961400000001134e+01 2.921781825716913139e-01 0.000000000000000000e+00 3.389496618417942475e+00
-3.560036399999999190e+01 2.848236471615133159e-01 0.000000000000000000e+00 3.569965719992733266e+00
-3.706087400000002674e+01 2.965085778244658243e-01 0.000000000000000000e+00 3.087544365775218846e+00
-3.614608200000000693e+01 2.891897090108160318e-01 0.000000000000000000e+00 4.060096899086985012e+00
-3.495146400000002274e+01 2.796320692146390119e-01 0.000000000000000000e+00 3.563483403068328670e+00
-3.508013000000001114e+01 2.806614721551730085e-01 0.000000000000000000e+00 3.015440789913598429e+00
-3.601316200000000833e+01 2.881262715925720364e-01 0.000000000000000000e+00 4.560562054471227533e+00
-3.654398200000002106e+01 2.923731407646478209e-01 0.000000000000000000e+00 3.154942874008748621e+00
-3.672227200000002512e+01 2.937995646083036982e-01 0.000000000000000000e+00 2.367951945495891053e+00
-3.638775600000001731e+01 2.911232417720011623e-01 0.000000000000000000e+00 3.482981899984581187e+00
-3.668784400000000545e+01 2.935241205559765421e-01 0.000000000000000000e+00 2.909172380637947697e+00
-3.765489399999999875e+01 3.012610838069011421e-01 0.000000000000000000e+00 3.533422574682621775e+00
-3.638422400000001034e+01 2.910949837148145147e-01 0.000000000000000000e+00 2.883403040780077475e+00
-3.705348800000002285e+01 2.964494855225462411e-01 0.000000000000000000e+00 3.118403875310494566e+00
-3.706461800000003137e+01 2.965385320051302509e-01 0.000000000000000000e+00 3.416597559578414156e+00
-3.845056600000003044e+01 3.076269232400121179e-01 0.000000000000000000e+00 3.305272653501347246e+00
-3.833374200000000798e+01 3.066922631967607948e-01 0.000000000000000000e+00 3.960652150697438145e+00
-3.649693800000000010e+01 2.919967613642273085e-01 0.000000000000000000e+00 3.230637467031839627e+00
-3.671692600000000084e+01 2.937567934945664039e-01 0.000000000000000000e+00 3.109212267206839186e+00
-3.839082600000001833e+01 3.071489684449029700e-01 0.000000000000000000e+00 2.809857994996267649e+00
-3.781974200000001218e+01 3.025799638213663156e-01 0.000000000000000000e+00 2.972005572855957567e+00
-3.782169600000003129e+01 3.025955969594589234e-01 0.000000000000000000e+00 3.157738116325824240e+00
-3.894811200000001605e+01 3.116075810318992834e-01 0.000000000000000000e+00 3.676503452716227471e+00
-3.956980000000003628e+01 3.165814471293513233e-01 0.000000000000000000e+00 3.603412634285628968e+00
-3.838873000000004510e+01 3.071321992241038967e-01 0.000000000000000000e+00 3.655162476221235579e+00
-3.885481200000003099e+01 3.108611266900233039e-01 0.000000000000000000e+00 3.409215544868012593e+00
-3.934528200000002585e+01 3.147851723605480379e-01 0.000000000000000000e+00 3.761287992067170460e+00
-3.869141000000002606e+01 3.095538155177698925e-01 0.000000000000000000e+00 3.106238321799887458e+00
-3.862720200000003956e+01 3.090401141203082958e-01 0.000000000000000000e+00 3.837679429661164932e+00
-3.812981200000002957e+01 3.050607044192819584e-01 0.000000000000000000e+00 3.442680463592286522e+00
-3.793977200000002625e+01 3.035402737319278788e-01 0.000000000000000000e+00 3.558048467430118489e+00
-3.764308600000001093e+01 3.011666129294213734e-01 0.000000000000000000e+00 2.986287726400878029e+00
-3.747880200000000173e+01 2.998522452434537189e-01 0.000000000000000000e+00 2.866647995780634783e+00
-3.903619200000000689e+01 3.123122723334259554e-01 0.000000000000000000e+00 3.539562944248765053e+00
-3.853399400000002117e+01 3.082943958320167321e-01 0.000000000000000000e+00 2.838587839897176668e+00
-4.037693200000000360e+01 3.230389732372517253e-01 0.000000000000000000e+00 4.128660125328895703e+00
-3.909413000000002114e+01 3.127758100789739260e-01 0.000000000000000000e+00 2.735211213364915128e+00
-3.950884000000003482e+01 3.160937316236624994e-01 0.000000000000000000e+00 3.369437651788934396e+00
-3.932236400000002163e+01 3.146018150121330792e-01 0.000000000000000000e+00 3.536856481797404861e+00
-3.938467600000003443e+01 3.151003473052841342e-01 0.000000000000000000e+00 3.279549716355043110e+00
-3.991414200000001955e+01 3.193363836887326834e-01 0.000000000000000000e+00 4.322546830007990337e+00
-3.856084400000001722e+01 3.085092114705951793e-01 0.000000000000000000e+00 3.406515985765627974e+00
-3.875648800000002581e+01 3.100744774219565403e-01 0.000000000000000000e+00 3.307533855596212824e+00
-4.042838200000001336e+01 3.234506032039133339e-01 0.000000000000000000e+00 3.666463280650659851e+00
-3.984499800000002523e+01 3.187831914163353209e-01 0.000000000000000000e+00 3.669287068341062330e+00
-3.885680200000002316e+01 3.108770478490835987e-01 0.000000000000000000e+00 3.637941359414883724e+00
-3.912165400000000659e+01 3.129960181101184569e-01 0.000000000000000000e+00 3.479637944576615016e+00
-3.933362000000002467e+01 3.146918695681047429e-01 0.000000000000000000e+00 3.735805834722606633e+00
-3.946090000000002362e+01 3.157101837013736589e-01 0.000000000000000000e+00 2.759261358634322203e+00
-3.819470600000002491e+01 3.055798942162991638e-01 0.000000000000000000e+00 3.112837319056864782e+00
-3.908179000000004066e+01 3.126770828916348721e-01 0.000000000000000000e+00 3.359446269713345146e+00
-3.885602200000001716e+01 3.108708073947784589e-01 0.000000000000000000e+00 4.009007243936502540e+00
-3.943831200000001758e+01 3.155294665451646163e-01 0.000000000000000000e+00 3.815059200443008613e+00
-3.912817000000002565e+01 3.130481499053133221e-01 0.000000000000000000e+00 3.284621815338560680e+00
-3.957702000000001163e+01 3.166392113345852799e-01 0.000000000000000000e+00 3.255152893552626825e+00
-3.871864000000002193e+01 3.097716713776764719e-01 0.000000000000000000e+00 3.222962411110986469e+00
-3.866371800000001002e+01 3.093322633887747863e-01 0.000000000000000000e+00 3.201090231716674950e+00
-4.077824400000000082e+01 3.262497029783768543e-01 0.000000000000000000e+00 3.183299282074584013e+00
-4.040594200000002445e+01 3.232710701339059356e-01 0.000000000000000000e+00 3.423211396169486775e+00
-3.893803000000001191e+01 3.115269191597149212e-01 0.000000000000000000e+00 3.604751867712641555e+00
-4.013242400000001453e+01 3.210827668254250256e-01 0.000000000000000000e+00 3.616983287554489834e+00
-3.952844000000000335e+01 3.162505430395333161e-01 0.000000000000000000e+00 3.830051156711918203e+00
-3.997413200000001865e+01 3.198163386294523569e-01 0.000000000000000000e+00 3.370461327860329703e+00
-4.126657200000001069e+01 3.301566114013100850e-01 0.000000000000000000e+00 3.094971171487610473e+00
-4.083880800000002864e+01 3.267342502534186788e-01 0.000000000000000000e+00 3.559814634309267589e+00
-3.990002600000003241e+01 3.192234474669758404e-01 0.000000000000000000e+00 2.753105281135129534e+00
-3.961857800000002783e+01 3.169716995397267034e-01 0.000000000000000000e+00 3.006735113498266720e+00
-4.125542400000004051e+01 3.300674209082424815e-01 0.000000000000000000e+00 3.729582979453641478e+00
-4.140610400000002755e+01 3.312729486706634807e-01 0.000000000000000000e+00 2.942017684883226014e+00
-4.105145800000003220e+01 3.284355741097954584e-01 0.000000000000000000e+00 3.448910210111318264e+00
-4.171990400000001387e+01 3.337835314410890208e-01 0.000000000000000000e+00 3.591390972528554215e+00
-4.054958800000003549e+01 3.244203217994273136e-01 0.000000000000000000e+00 3.508463178746816347e+00
-4.048935000000000883e+01 3.239383827142616745e-01 0.000000000000000000e+00 3.498366801563670858e+00
-3.981318600000003016e+01 3.185286768876776642e-01 0.000000000000000000e+00 3.933671993972763570e+00
-4.001926400000002104e+01 3.201774209162429052e-01 0.000000000000000000e+00 3.267467509302498296e+00
-4.088656600000003039e+01 3.271163420697029145e-01 0.000000000000000000e+00 3.189549400562766479e+00
-4.145216000000004897e+01 3.316414234956308604e-01 0.000000000000000000e+00 3.837820519592606061e+00
-4.057453400000003541e+01 3.246199043290354247e-01 0.000000000000000000e+00 2.724640681424382649e+00
-4.088527000000002687e+01 3.271059733148575233e-01 0.000000000000000000e+00 3.104004051123957719e+00
-4.030731800000003773e+01 3.224820206911065967e-01 0.000000000000000000e+00 3.577921935120181196e+00
-4.171166800000001729e+01 3.337176386440934284e-01 0.000000000000000000e+00 3.755787149305036099e+00
-4.141779600000003825e+01 3.313664914805801165e-01 0.000000000000000000e+00 3.026215240461259892e+00
-4.190648000000000906e+01 3.352762481108625403e-01 0.000000000000000000e+00 3.176372669342413690e+00
-4.022192800000004098e+01 3.217988509563499688e-01 0.000000000000000000e+00 3.714708200840262986e+00
-4.027200400000001679e+01 3.221994881227354668e-01 0.000000000000000000e+00 2.521490631998573484e+00
-4.222739600000001303e+01 3.378437630259484292e-01 0.000000000000000000e+00 3.228540182792067004e+00
-4.187609400000002324e+01 3.350331424127678259e-01 0.000000000000000000e+00 2.768439872425688453e+00
-4.260950000000001836e+01 3.409008175795199547e-01 0.000000000000000000e+00 3.375938267902253820e+00
-4.076361600000002028e+01 3.261326704584095459e-01 0.000000000000000000e+00 2.734545665833593819e+00
-4.188768400000000725e+01 3.351258691632751363e-01 0.000000000000000000e+00 3.114850087179156457e+00
-4.213997600000003274e+01 3.371443521088338113e-01 0.000000000000000000e+00 3.222736176176443479e+00
-4.075426000000001636e+01 3.260578170090783767e-01 0.000000000000000000e+00 2.952635727445886094e+00
-4.048018000000003269e+01 3.238650173732650628e-01 0.000000000000000000e+00 3.416255550964381271e+00
-4.244984000000003022e+01 3.396234445867661877e-01 0.000000000000000000e+00 3.763316949101409570e+00
-4.170358600000002980e+01 3.336529779367940485e-01 0.000000000000000000e+00 3.871905464270332775e+00
-4.159325800000003426e+01 3.327702896770887708e-01 0.000000000000000000e+00 3.280090935459694101e+00
-4.179192600000002500e+01 3.343597493897557671e-01 0.000000000000000000e+00 2.928426874917899436e+00
-4.168553400000004672e+01 3.335085514225439307e-01 0.000000000000000000e+00 3.939746563048763139e+00
-4.116303800000004287e+01 3.293282790987187569e-01 0.000000000000000000e+00 3.357793901628589150e+00
-4.173171200000001591e+01 3.338780023185689561e-01 0.000000000000000000e+00 3.595353600044020048e+00
-4.145940200000002562e+01 3.316993637136785855e-01 0.000000000000000000e+00 3.553853965439875306e+00
-4.103478000000003334e+01 3.283021403958211182e-01 0.000000000000000000e+00 3.285095043749060917e+00
-4.171140400000004433e+01 3.337155264903288732e-01 0.000000000000000000e+00 3.639906788625613565e+00
-4.084797800000000478e+01 3.268076155944153460e-01 0.000000000000000000e+00 2.941683484047730612e+00
-4.114213800000003829e+01 3.291610669256724853e-01 0.000000000000000000e+00 3.304526988165040091e+00
-4.132889000000003676e+01 3.306551916979559302e-01 0.000000000000000000e+00 3.221208049236287341e+00
-4.104760400000002107e+01 3.284047398650623562e-01 0.000000000000000000e+00 3.103386633982919918e+00
-4.161880000000002866e+01 3.329746405538325793e-01 0.000000000000000000e+00 3.379409115466337266e+00
-4.137357000000002216e+01 3.310126577214823063e-01 0.000000000000000000e+00 3.336287217291495022e+00
-4.182534400000002961e+01 3.346271128538160222e-01 0.000000000000000000e+00 3.014818002122720664e+00
-4.117234800000002792e+01 3.294027645212573852e-01 0.000000000000000000e+00 3.239415714509346511e+00
-4.194372200000002948e+01 3.355742058021826679e-01 0.000000000000000000e+00 3.462161176029221021e+00
-4.299346800000000712e+01 3.439727852187640100e-01 0.000000000000000000e+00 3.440892982489494933e+00
-4.219150600000000395e+01 3.375566221220905327e-01 0.000000000000000000e+00 3.778837186274062176e+00
-4.095701200000003439e+01 3.276799511004404031e-01 0.000000000000000000e+00 3.451547701248812050e+00
-4.110446400000001432e+01 3.288596529827372827e-01 0.000000000000000000e+00 3.291527653728062219e+00
-4.077184400000002995e+01 3.261984992507456771e-01 0.000000000000000000e+00 2.949338965702331894e+00
-4.215887200000001656e+01 3.372955311146653146e-01 0.000000000000000000e+00 4.120444603452056320e+00
-4.145852800000002958e+01 3.316923712046239703e-01 0.000000000000000000e+00 4.074533032080009498e+00
-4.136423200000002964e+01 3.309379482826352303e-01 0.000000000000000000e+00 3.206154820514298009e+00
-4.182287800000002420e+01 3.346073834175130046e-01 0.000000000000000000e+00 3.141049394598736999e+00
-4.233697200000002425e+01 3.387204348476571258e-01 0.000000000000000000e+00 3.055005651934133315e+00
-4.328709000000003471e+01 3.463219322366671293e-01 0.000000000000000000e+00 3.459809237384470659e+00
-4.312246400000000790e+01 3.450048283515040892e-01 0.000000000000000000e+00 3.583229838717402860e+00
-4.385568600000000572e+01 3.508710314110867756e-01 0.000000000000000000e+00 3.527934696967142791e+00
-4.266686599999999885e+01 3.413597789919106118e-01 0.000000000000000000e+00 3.570436493820899670e+00
-4.248016000000001924e+01 3.398660222464197078e-01 0.000000000000000000e+00 3.383329922374755050e+00
-4.350257200000001490e+01 3.480459137425205851e-01 0.000000000000000000e+00 2.568679223953765245e+00
-4.280996200000002716e+01 3.425046303370887779e-01 0.000000000000000000e+00 2.895581625381761448e+00
-4.333689600000003850e+01 3.467204092457933928e-01 0.000000000000000000e+00 3.012736018296895857e+00
-4.331152800000003111e+01 3.465174504703945058e-01 0.000000000000000000e+00 2.986148780995077079e+00
-4.284766800000001297e+01 3.428063002986618812e-01 0.000000000000000000e+00 3.642696817471385629e+00
-4.305889400000003775e+01 3.444962313256408337e-01 0.000000000000000000e+00 3.233452460217853819e+00
-4.271777000000002289e+01 3.417670406405588501e-01 0.000000000000000000e+00 3.283317851909355767e+00
-4.261428000000000083e+01 3.409390603635945038e-01 0.000000000000000000e+00 2.910368884182931382e+00
-4.270955400000001134e+01 3.417013078552119665e-01 0.000000000000000000e+00 3.461781317003070679e+00
-4.238129800000001524e+01 3.390750686649989243e-01 0.000000000000000000e+00 3.364203158867991927e+00
-4.177285200000000742e+01 3.342071462802492787e-01 0.000000000000000000e+00 3.579827413380695766e+00
-4.188450200000001900e+01 3.351004113099435022e-01 0.000000000000000000e+00 3.246817140249536937e+00
-4.257175200000002491e+01 3.405988115934842075e-01 0.000000000000000000e+00 3.435864645282615371e+00
-4.300883400000003576e+01 3.440957221685741474e-01 0.000000000000000000e+00 4.171255863312170575e+00
-4.315397400000003358e+01 3.452569267042643331e-01 0.000000000000000000e+00 3.484342897998462085e+00
-4.266341800000002848e+01 3.413321929836494739e-01 0.000000000000000000e+00 3.197043412196761025e+00
-4.367204600000002301e+01 3.494018044513642618e-01 0.000000000000000000e+00 3.986979898493838714e+00
-4.205002600000003099e+01 3.364246997181397636e-01 0.000000000000000000e+00 3.448475506204579766e+00
-4.295604800000000978e+01 3.436734034237693414e-01 0.000000000000000000e+00 3.095914187287248431e+00
-4.350095200000001938e+01 3.480329527989639571e-01 0.000000000000000000e+00 2.958539432256764634e+00
-4.327300000000001745e+01 3.462092040300535634e-01 0.000000000000000000e+00 3.785671624225303677e+00
-4.346892400000002255e+01 3.477767101444987352e-01 0.000000000000000000e+00 3.729559764014725776e+00
-4.254427400000002280e+01 3.403789715891318846e-01 0.000000000000000000e+00 3.209645314198055654e+00
