8.592999999999999527e-01
-7.299999999999999822e-01
4.099999999999999756e-01
-8.699999999999999400e-02
-9.163999999999999924e-01
4.807000000000000162e-01
-1.243999999999999967e-01
5.786999999999999922e-01
-2.881000000000000227e-01
7.540000000000000036e-01
5.937000000000000055e-01
-3.667000000000000259e-01
-3.622000000000000219e-01
3.932999999999999829e-01
8.235999999999999988e-01
9.184999999999999831e-01
7.026999999999999913e-01
-5.816000000000000059e-01
-7.552999999999999714e-01
-6.110000000000000153e-02
5.040000000000000036e-02
-2.299999999999999961e-03
1.459000000000000019e-01
-9.433000000000000274e-01
-5.506999999999999673e-01
5.917000000000000037e-01
4.425999999999999934e-01
-8.780999999999999917e-01
-5.899999999999999689e-01
-3.640999999999999792e-01
6.271999999999999797e-01
9.351000000000000423e-01
4.077000000000000068e-01
-6.669000000000000483e-01
6.000000000000000125e-03
-1.238999999999999962e-01
-9.730999999999999650e-01
6.813000000000000167e-01
-1.890000000000000013e-01
3.967999999999999861e-01
6.987999999999999767e-01
4.195999999999999730e-01
-5.742000000000000437e-01
8.757000000000000339e-01
1.524999999999999967e-01
2.700000000000000143e-03
-8.567000000000000171e-01
1.487999999999999878e-01
4.233999999999999986e-01
-9.814000000000000501e-01
4.797000000000000153e-01
-1.975000000000000089e-01
7.570000000000000062e-01
8.427000000000000046e-01
7.536000000000000476e-01
-5.184999999999999609e-01
5.011999999999999789e-01
1.976999999999999869e-01
-2.900000000000000147e-02
8.289999999999999591e-01
-5.159000000000000252e-01
-2.159000000000000086e-01
-8.909999999999999865e-02
-6.520000000000000240e-01
5.544999999999999929e-01
-9.012999999999999901e-01
-5.667999999999999705e-01
8.366999999999999993e-01
-5.020000000000000157e-02
-8.228999999999999648e-01
-7.961000000000000298e-01
-7.500999999999999890e-01
4.559000000000000274e-01
-7.913999999999999924e-01
-3.481000000000000205e-01
-7.850000000000000311e-01
-2.807999999999999940e-01
9.423000000000000265e-01
9.869999999999999885e-01
6.094000000000000528e-01
8.358999999999999764e-01
-5.199999999999999761e-03
-5.820999999999999508e-01
-5.495999999999999774e-01
7.481999999999999762e-01
6.683000000000000052e-01
-4.492999999999999772e-01
-7.469000000000000083e-01
-5.990000000000000185e-02
-2.403000000000000136e-01
-2.940999999999999726e-01
9.467999999999999750e-01
5.551000000000000378e-01
-2.616999999999999882e-01
-1.809000000000000052e-01
-5.798999999999999710e-01
7.331999999999999629e-01
5.838999999999999746e-01
-1.880999999999999894e-01
5.672000000000000375e-01
5.091999999999999860e-01
6.857999999999999652e-01
3.537000000000000144e-01
-8.626000000000000334e-01
-4.192000000000000171e-01
5.144999999999999574e-01
5.734000000000000208e-01
-9.223999999999999977e-01
2.536999999999999811e-01
-5.615999999999999881e-01
2.081999999999999962e-01
-5.990000000000000185e-02
9.342000000000000304e-01
7.196000000000000174e-01
-2.546999999999999820e-01
-9.687999999999999945e-01
-6.101999999999999647e-01
4.244999999999999885e-01
6.199000000000000066e-01
8.480999999999999650e-01
-9.549999999999999600e-01
-7.019999999999999574e-01
7.880000000000000338e-01
2.526999999999999802e-01
8.859999999999999820e-02
2.869999999999999982e-02
-3.491000000000000214e-01
-4.986999999999999766e-01
-6.898999999999999577e-01
6.254999999999999449e-01
9.497999999999999776e-01
-9.045999999999999597e-01
8.274000000000000243e-01
-5.179999999999999882e-02
2.651999999999999913e-01
5.384999999999999787e-01
-4.354000000000000092e-01
4.859999999999999876e-01
-9.329999999999999405e-02
7.160999999999999588e-01
-3.673000000000000154e-01
-1.570000000000000007e-01
-8.566000000000000281e-01
-8.114000000000000101e-01
-9.737000000000000099e-01
9.889000000000000012e-01
4.440999999999999948e-01
6.049999999999999822e-02
5.334999999999999742e-01
6.791000000000000369e-01
-5.879999999999999671e-01
-1.223999999999999949e-01
8.853999999999999648e-01
8.955999999999999517e-01
6.770000000000000462e-01
-9.362000000000000322e-01
-2.960999999999999743e-01
7.345000000000000417e-01
-5.614999999999999991e-01
6.987999999999999767e-01
-3.522000000000000131e-01
-7.133000000000000451e-01
-3.187999999999999723e-01
-7.720000000000000195e-01
-1.990000000000000102e-01
4.631000000000000116e-01
-4.202000000000000179e-01
-3.826999999999999846e-01
3.731999999999999762e-01
4.203000000000000069e-01
