-6.844999999999999973e-01
-4.632000000000000006e-01
3.299999999999999982e-03
1.050999999999999990e-01
9.698999999999999844e-01
-3.494999999999999774e-01
-4.198999999999999955e-01
-6.959999999999999520e-01
7.170999999999999597e-01
1.514999999999999958e-01
-2.963000000000000078e-01
-3.150000000000000022e-02
-9.723000000000000531e-01
-8.010000000000000453e-02
-1.459999999999999909e-01
8.806000000000000494e-01
-4.904000000000000026e-01
2.680000000000000090e-02
4.845999999999999752e-01
6.773000000000000131e-01
-7.130000000000000226e-02
-8.228999999999999648e-01
9.905000000000000471e-01
1.223999999999999949e-01
5.452000000000000179e-01
7.221999999999999531e-01
-4.959999999999999964e-01
-3.701999999999999735e-01
1.749999999999999889e-01
-3.734999999999999987e-01
-3.919000000000000261e-01
-8.186999999999999833e-01
-6.377000000000000446e-01
-1.736000000000000043e-01
-6.733999999999999986e-01
-9.759999999999999787e-01
3.311000000000000054e-01
-8.522999999999999465e-01
-5.386999999999999567e-01
-9.392000000000000348e-01
-6.155000000000000471e-01
1.970000000000000084e-01
-2.094000000000000028e-01
3.542000000000000148e-01
8.373000000000000442e-01
-2.862999999999999989e-01
8.970000000000000195e-02
-8.713999999999999524e-01
3.230999999999999983e-01
-2.844999999999999751e-01
9.253000000000000114e-01
-6.700000000000000226e-03
-3.341000000000000081e-01
3.670000000000000345e-02
-1.791000000000000092e-01
4.651000000000000134e-01
-9.784000000000000474e-01
2.889999999999999791e-01
4.055000000000000271e-01
-9.625000000000000222e-01
-6.899999999999999467e-01
4.655000000000000249e-01
-4.673999999999999821e-01
7.556000000000000494e-01
-2.947000000000000175e-01
2.676999999999999935e-01
2.331999999999999906e-01
-7.007999999999999785e-01
-8.703999999999999515e-01
-8.535000000000000364e-01
1.638000000000000012e-01
-4.218000000000000083e-01
-7.239999999999999769e-01
2.396000000000000074e-01
8.457000000000000073e-01
-8.696000000000000396e-01
-1.945999999999999952e-01
-6.291999999999999815e-01
5.142999999999999794e-01
9.789999999999999813e-01
-7.176000000000000156e-01
-4.400999999999999912e-01
-9.867000000000000215e-01
-2.994999999999999885e-01
-7.660000000000000142e-02
9.907000000000000250e-01
-3.204000000000000181e-01
-8.587000000000000188e-01
-7.806999999999999496e-01
4.864999999999999880e-01
5.898999999999999799e-01
4.371999999999999775e-01
1.506000000000000116e-01
-2.060000000000000026e-02
2.582999999999999741e-01
4.000000000000000222e-01
6.903000000000000247e-01
6.993000000000000327e-01
-7.820000000000000562e-02
-3.291000000000000036e-01
-6.049999999999999822e-02
5.090000000000000080e-02
5.425999999999999712e-01
1.501000000000000112e-01
9.671999999999999487e-01
3.766999999999999793e-01
-5.580000000000000238e-02
1.593999999999999861e-01
-1.054999999999999966e-01
-8.095999999999999863e-01
-7.774999999999999689e-01
8.119999999999999440e-02
-5.149999999999999717e-02
-2.179000000000000103e-01
1.976999999999999869e-01
-8.175999999999999934e-01
-7.549999999999999767e-02
9.590999999999999526e-01
7.043000000000000371e-01
-3.389999999999999958e-02
-8.549999999999999822e-01
-3.570999999999999730e-01
7.318000000000000060e-01
1.738000000000000100e-01
3.563999999999999946e-01
1.127999999999999975e-01
-6.458000000000000407e-01
-6.576999999999999513e-01
-6.660000000000000642e-02
-4.843000000000000083e-01
-7.814999999999999725e-01
-9.765000000000000346e-01
-3.353999999999999759e-01
3.916000000000000036e-01
6.005000000000000338e-01
1.648999999999999910e-01
2.141000000000000125e-01
3.680999999999999828e-01
-3.012000000000000233e-01
4.274999999999999911e-01
4.849999999999999867e-01
7.967999999999999527e-01
3.528000000000000025e-01
2.899999999999999800e-01
3.004999999999999893e-01
-4.385000000000000009e-01
-1.170000000000000068e-01
-5.444999999999999840e-01
-8.605000000000000426e-01
1.607000000000000095e-01
-5.600000000000000117e-02
-7.184000000000000385e-01
-4.581000000000000072e-01
5.776000000000000023e-01
-4.156000000000000250e-01
-3.235999999999999988e-01
3.080000000000000099e-02
-3.624999999999999889e-01
5.100000000000000089e-01
-9.133000000000000007e-01
1.378999999999999948e-01
-6.730000000000000426e-01
6.366000000000000547e-01
7.589000000000000190e-01
-8.116999999999999771e-01
-3.754000000000000115e-01
-1.127999999999999975e-01
-8.659999999999999643e-02
9.519999999999999574e-01
-6.357000000000000428e-01
