9.536000000000000032e-01
-8.373000000000000442e-01
1.418999999999999984e-01
-5.100000000000000366e-03
-1.373000000000000054e-01
-1.512999999999999901e-01
1.338000000000000023e-01
8.233000000000000318e-01
-5.047000000000000375e-01
9.092999999999999972e-01
-1.477999999999999869e-01
2.237999999999999989e-01
9.874000000000000554e-01
-9.213999999999999968e-01
6.211999999999999744e-01
1.170000000000000068e-01
-8.895999999999999464e-01
-7.439999999999999947e-01
4.879000000000000004e-01
-4.652999999999999914e-01
-1.744999999999999885e-01
5.044999999999999485e-01
3.572000000000000175e-01
1.973999999999999921e-01
7.416000000000000369e-01
-1.026999999999999996e-01
7.046999999999999931e-01
-8.689999999999999947e-01
-7.697000000000000508e-01
-8.305000000000000160e-01
6.012999999999999456e-01
-2.605000000000000093e-01
-9.028000000000000469e-01
2.454999999999999960e-01
-3.897999999999999798e-01
7.598000000000000309e-01
9.206999999999999629e-01
9.828999999999999959e-01
-1.179999999999999938e-01
-8.346999999999999975e-01
-6.388000000000000345e-01
-9.558999999999999719e-01
2.076000000000000068e-01
-1.887000000000000066e-01
-9.637000000000000011e-01
-3.309999999999999748e-02
2.772999999999999909e-01
4.940999999999999837e-01
-1.222000000000000031e-01
-7.470000000000000251e-02
-9.790000000000000091e-02
6.827999999999999625e-01
5.343999999999999861e-01
8.132000000000000339e-01
7.915999999999999703e-01
-2.338000000000000078e-01
7.034000000000000252e-01
1.622000000000000108e-01
-2.730000000000000135e-02
7.178999999999999826e-01
5.804000000000000270e-01
-5.211000000000000076e-01
-8.091000000000000414e-01
4.310999999999999832e-01
1.701999999999999902e-01
-6.450000000000000178e-02
-7.028999999999999693e-01
-2.141000000000000125e-01
5.000000000000000104e-03
1.539000000000000090e-01
3.972999999999999865e-01
6.464999999999999636e-01
-9.866000000000000325e-01
-9.081000000000000183e-01
1.975999999999999979e-01
-4.704999999999999738e-01
-5.818999999999999728e-01
-9.387999999999999678e-01
5.027000000000000357e-01
1.487999999999999878e-01
-6.014000000000000457e-01
7.719000000000000306e-01
-1.728999999999999981e-01
4.529999999999999999e-02
8.357999999999999874e-01
-4.369999999999999996e-01
-9.796000000000000263e-01
9.285999999999999810e-01
-9.293000000000000149e-01
2.822999999999999954e-01
-2.359999999999999945e-02
9.040000000000000258e-01
4.444000000000000172e-01
7.105000000000000204e-01
4.892000000000000237e-01
-3.719999999999999696e-02
-9.404000000000000137e-01
7.725999999999999535e-01
1.119999999999999989e-02
7.982000000000000206e-01
6.209999999999999964e-01
2.893999999999999906e-01
-7.128999999999999782e-01
8.174000000000000155e-01
-4.914999999999999925e-01
7.849000000000000421e-01
9.483000000000000318e-01
-4.036000000000000143e-01
-8.897000000000000464e-01
4.731000000000000205e-01
5.247000000000000552e-01
9.203000000000000069e-01
1.557999999999999940e-01
1.782999999999999863e-01
1.907999999999999974e-01
-9.400000000000000369e-03
3.649999999999999772e-02
5.242999999999999883e-01
9.846000000000000307e-01
-2.436000000000000110e-01
5.197000000000000508e-01
-2.326999999999999902e-01
-1.343999999999999917e-01
9.570999999999999508e-01
7.691000000000000059e-01
2.901000000000000245e-01
-9.437999999999999723e-01
4.052999999999999936e-01
8.989999999999999380e-02
9.714000000000000412e-01
6.350999999999999979e-01
-4.993000000000000216e-01
5.291000000000000147e-01
-1.399999999999999986e-03
4.103999999999999870e-01
4.415000000000000036e-01
-9.493000000000000327e-01
-7.820000000000000284e-01
-4.310999999999999832e-01
9.121000000000000218e-01
-2.886000000000000232e-01
-9.708999999999999853e-01
-5.149000000000000243e-01
4.505000000000000115e-01
9.306999999999999718e-01
-2.842000000000000082e-01
-7.339999999999999858e-01
1.413999999999999979e-01
-5.248000000000000442e-01
-8.015999999999999792e-01
-8.723999999999999533e-01
-5.039000000000000146e-01
7.427000000000000268e-01
1.582000000000000073e-01
-7.166000000000000147e-01
-2.318999999999999950e-01
-4.505000000000000115e-01
4.418000000000000260e-01
-1.980000000000000163e-02
-6.130000000000000032e-02
-7.916999999999999593e-01
-4.640000000000000235e-01
-7.064000000000000279e-01
4.139999999999999930e-02
9.499999999999999764e-03
-9.464000000000000190e-01
6.680000000000000382e-01
-4.868999999999999995e-01
6.590000000000000024e-02
8.292000000000000481e-01
