-1.016999999999999987e-01
4.850999999999999757e-01
7.090999999999999526e-01
-3.361000000000000099e-01
-8.679000000000000048e-01
-8.436000000000000165e-01
7.318999999999999950e-01
-3.032000000000000250e-01
-8.176999999999999824e-01
5.499999999999999681e-03
9.219000000000000528e-01
-8.504000000000000448e-01
3.689999999999999947e-01
8.877000000000000446e-01
2.641999999999999904e-01
-9.463000000000000300e-01
-5.405999999999999694e-01
1.900000000000000022e-01
-3.556000000000000272e-01
-6.381999999999999895e-01
-5.328000000000000513e-01
-2.429000000000000048e-01
3.335000000000000187e-01
1.648999999999999910e-01
-9.065999999999999615e-01
4.192000000000000171e-01
-1.053999999999999937e-01
7.804999999999999716e-01
-9.795000000000000373e-01
6.166000000000000369e-01
4.087999999999999967e-01
1.990000000000000102e-02
-3.960000000000000325e-02
-4.717000000000000082e-01
-6.801000000000000378e-01
-6.633999999999999897e-01
1.436000000000000054e-01
-6.938999999999999613e-01
-3.744999999999999996e-01
5.594000000000000083e-01
1.607000000000000095e-01
8.591999999999999638e-01
-2.742999999999999883e-01
-4.611000000000000099e-01
4.732999999999999985e-01
-2.671999999999999931e-01
3.568999999999999950e-01
6.621000000000000218e-01
-9.367999999999999661e-01
-3.642000000000000237e-01
7.943999999999999950e-01
-3.769999999999999740e-02
7.661999999999999922e-01
9.524000000000000243e-01
-2.220999999999999919e-01
-3.931999999999999940e-01
2.479000000000000092e-01
3.502000000000000113e-01
-7.638000000000000345e-01
-2.205000000000000016e-01
3.089000000000000079e-01
-8.280999999999999472e-01
-2.773999999999999799e-01
-6.350000000000000089e-02
8.312000000000000499e-01
4.470999999999999974e-01
4.248999999999999999e-01
-9.828999999999999959e-01
-8.899999999999999925e-03
-8.560999999999999721e-01
3.436000000000000165e-01
5.460000000000000409e-01
9.886000000000000343e-01
4.290999999999999814e-01
-2.424000000000000044e-01
-6.754000000000000004e-01
7.049999999999999323e-02
3.996000000000000107e-01
-4.279000000000000026e-01
-3.256000000000000005e-01
9.443000000000000282e-01
5.484999999999999876e-01
3.553999999999999937e-01
-1.298999999999999877e-01
2.716999999999999971e-01
4.420999999999999930e-01
-7.117999999999999883e-01
9.563000000000000389e-01
-2.927000000000000157e-01
4.587999999999999856e-01
-3.729000000000000092e-01
8.042000000000000259e-01
-1.689999999999999836e-02
-4.949000000000000066e-01
-2.783999999999999808e-01
-2.043000000000000094e-01
-3.623000000000000109e-01
6.940000000000000335e-02
-2.396999999999999964e-01
7.235000000000000320e-01
9.256999999999999673e-01
9.882999999999999563e-01
-9.723000000000000531e-01
-2.319999999999999840e-02
-9.320000000000000506e-01
8.199999999999999512e-01
-7.009999999999999565e-02
6.952000000000000401e-01
-3.926000000000000045e-01
1.451999999999999957e-01
-8.680999999999999828e-01
4.993000000000000216e-01
-2.159000000000000086e-01
7.556000000000000494e-01
5.643000000000000238e-01
9.147999999999999465e-01
9.554000000000000270e-01
7.499999999999999722e-02
9.375000000000000000e-01
-9.766000000000000236e-01
4.168999999999999928e-01
6.701000000000000290e-01
-2.889999999999999791e-01
3.362999999999999878e-01
-4.087999999999999967e-01
2.401999999999999968e-01
1.953999999999999904e-01
-8.738000000000000211e-01
7.530999999999999917e-01
7.768000000000000460e-01
9.543000000000000371e-01
-2.829999999999999877e-02
3.435000000000000275e-01
-2.513000000000000234e-01
-1.580999999999999905e-01
1.940999999999999948e-01
5.444999999999999840e-01
2.295000000000000095e-01
7.241999999999999549e-01
5.188000000000000389e-01
3.548000000000000043e-01
2.974999999999999867e-01
-3.387000000000000011e-01
-9.091000000000000192e-01
5.914000000000000368e-01
-5.027000000000000357e-01
1.459999999999999909e-01
-5.062999999999999723e-01
-2.384000000000000008e-01
-8.043000000000000149e-01
-6.344999999999999529e-01
-3.400000000000000244e-01
-3.250000000000000111e-02
-2.625000000000000111e-01
-1.882999999999999952e-01
-3.108000000000000207e-01
8.002000000000000224e-01
-4.626000000000000112e-01
-6.417000000000000481e-01
-2.338999999999999968e-01
-6.379000000000000226e-01
5.410000000000000364e-01
-8.343000000000000416e-01
-4.575000000000000178e-01
8.380999999999999561e-01
