7.166000000000000147e-01
2.584000000000000186e-01
-6.297000000000000375e-01
4.838000000000000078e-01
4.768999999999999906e-01
-3.579999999999999849e-02
-9.122999999999999998e-01
-4.585000000000000187e-01
1.716000000000000025e-01
8.842999999999999750e-01
-1.004000000000000031e-01
9.507999999999999785e-01
-9.225999999999999757e-01
-7.560000000000000053e-01
-4.430000000000000049e-01
-4.305999999999999828e-01
2.151000000000000134e-01
6.875999999999999890e-01
-3.154000000000000137e-01
8.129999999999999727e-02
2.786000000000000143e-01
-6.790000000000000480e-01
-8.437000000000000055e-01
1.855999999999999872e-01
6.116000000000000325e-01
6.820000000000000506e-01
5.377999999999999448e-01
-9.124999999999999778e-01
6.832000000000000295e-01
-1.550999999999999879e-01
3.444999999999999729e-01
5.776000000000000023e-01
3.453999999999999848e-01
-9.088000000000000522e-01
7.500999999999999890e-01
8.406000000000000139e-01
3.574999999999999845e-01
-2.811000000000000165e-01
6.188000000000000167e-01
-1.260999999999999899e-01
-8.168999999999999595e-01
-9.367999999999999661e-01
-6.732000000000000206e-01
-7.425000000000000488e-01
7.972000000000000197e-01
3.700000000000000164e-03
2.844999999999999751e-01
-6.370000000000000107e-01
1.299999999999999940e-02
-1.161999999999999977e-01
-4.423000000000000265e-01
4.555000000000000160e-01
-5.286999999999999478e-01
-5.666999999999999815e-01
1.962000000000000133e-01
3.345000000000000195e-01
-3.311000000000000054e-01
7.594999999999999529e-01
4.850999999999999757e-01
4.601999999999999980e-01
-5.362999999999999989e-01
7.392999999999999572e-01
1.950000000000000067e-01
-1.000000000000000021e-03
2.373999999999999999e-01
-2.134999999999999953e-01
9.019000000000000350e-01
3.639000000000000012e-01
3.936999999999999944e-01
-4.903000000000000136e-01
-5.603000000000000203e-01
3.542000000000000148e-01
6.393999999999999684e-01
5.010000000000000009e-01
-3.799000000000000155e-01
-1.675000000000000100e-01
-7.138999999999999790e-01
-4.887000000000000233e-01
-6.598000000000000531e-01
8.260999999999999455e-01
1.608999999999999875e-01
1.385000000000000120e-01
-4.872000000000000219e-01
9.701999999999999513e-01
-1.145999999999999935e-01
5.101999999999999869e-01
-8.561999999999999611e-01
5.184999999999999609e-01
-9.212000000000000188e-01
6.307000000000000384e-01
-4.956999999999999740e-01
6.528000000000000469e-01
-4.037000000000000033e-01
-7.370000000000000162e-02
-2.545000000000000040e-01
2.636999999999999900e-01
3.675999999999999823e-01
4.400999999999999912e-01
-9.950999999999999845e-01
2.411999999999999977e-01
-9.116999999999999549e-01
1.904000000000000137e-01
-9.909999999999999920e-01
-4.220999999999999752e-01
-2.884999999999999787e-01
-6.764000000000000012e-01
-8.538000000000000034e-01
2.553000000000000269e-01
-5.376999999999999558e-01
-3.563999999999999946e-01
-7.389000000000000012e-01
7.387000000000000233e-01
-9.378999999999999559e-01
5.318000000000000504e-01
8.929000000000000270e-01
-4.158000000000000029e-01
4.200999999999999734e-01
1.781999999999999973e-01
2.189999999999999933e-02
1.192000000000000004e-01
-7.004000000000000226e-01
8.913999999999999702e-01
-7.602999999999999758e-01
-9.986000000000000432e-01
4.651000000000000134e-01
4.235999999999999766e-01
-2.640000000000000124e-01
3.500000000000000073e-03
-6.297000000000000375e-01
-4.117999999999999994e-01
-8.082000000000000295e-01
-1.423999999999999988e-01
-4.078999999999999848e-01
-3.089999999999999969e-01
-3.165000000000000036e-01
-9.558999999999999719e-01
4.915999999999999814e-01
7.920000000000000651e-02
6.827999999999999625e-01
1.668000000000000038e-01
2.802000000000000046e-01
-2.797999999999999932e-01
-6.308000000000000274e-01
-8.050000000000000211e-02
-2.167999999999999927e-01
7.488000000000000211e-01
-7.120999999999999552e-01
-1.184999999999999942e-01
7.127000000000000002e-01
-2.313999999999999946e-01
-1.827000000000000013e-01
-5.335999999999999632e-01
6.603999999999999870e-01
2.033999999999999975e-01
2.058999999999999997e-01
-2.666000000000000036e-01
8.527000000000000135e-01
-3.608999999999999986e-01
-1.451000000000000068e-01
6.219999999999999835e-02
-4.590000000000000330e-02
8.979000000000000314e-01
1.600000000000000033e-02
-9.861999999999999655e-01
8.469999999999999751e-01
