7.539986885230107738e-01
5.626784728573454020e-01
3.272091460333131918e-01
1.103053696689325847e+00
4.341705945024185859e-02
9.013757522534073807e-01
-4.774243943636111709e-01
1.104260632255039232e+00
7.043209797282748985e-01
8.219614064362377182e-01
1.834981803883266316e-01
-2.564878620239358642e-01
9.980618218257797380e-01
4.689928597876705796e-01
-1.088458723680534312e-01
-7.187139834626533608e-01
-1.000172721577328838e+00
-2.710268852842727672e-01
-2.267827177712654907e-01
-6.105496897348376972e-01
7.355839788195049911e-01
-2.195220040368517922e-01
-1.207972718370822485e-01
1.297583989592626663e+00
1.023280342368712459e+00
1.429732510144734015e+00
-9.616215906966769922e-02
1.040255320152682073e+00
1.208996404734697716e+00
7.553067221289674338e-01
-6.018672418108492739e-01
1.211666102498391240e+00
-7.128233465201577745e-01
1.603026296420975383e+00
1.248096413951730987e+00
1.407085728277902570e+00
1.133049948218201930e+00
1.705555699359825095e+00
8.269957589694503231e-01
1.159967491132169792e+00
2.694788899246023939e-01
1.090591079745008019e+00
-3.796329563239804750e-01
5.150887435726729802e-01
3.930742084009427040e-01
5.182887399827116465e-02
6.679992918286850601e-02
1.610064380620946700e+00
1.573539384575000921e-01
-9.027042407836010085e-01
-4.141293586640188429e-01
1.526335192090426007e+00
8.935080532455874636e-01
1.513519520733183299e+00
2.355901467364042157e-01
1.342947782239704901e+00
2.035456707666124743e+00
-1.752451229421452816e-01
8.724115120550749447e-01
1.827951592381929502e-03
-4.878794398611603356e-01
1.385139717585207819e+00
-4.019514450572320707e-01
-2.841654799418630306e-01
3.079778974608566311e-01
5.920465211293367974e-02
3.973074494803143231e-01
2.329158928841454923e-01
1.419528312014595395e+00
-6.931131275864146901e-02
1.248658071375485124e+00
1.069411924683977722e+00
8.888361238159749877e-01
6.195983431281860687e-01
1.799433582018888478e+00
1.344422723452084245e+00
1.546965436870490374e+00
-1.625991487402843050e-01
2.079513221064251294e+00
-5.963704295849350800e-02
-5.837384421126623479e-01
4.850299133469896384e-01
7.514353275470864180e-01
-5.160451497705532686e-01
-3.302940985229561033e-01
4.863619437304775306e-01
1.686007017512923534e-01
1.077978459430104924e-01
1.270900927604695863e+00
-5.318491107727066902e-01
-4.167828344080639486e-02
-1.356349710878353709e-01
1.054681807769195734e+00
2.423208138913510445e-01
1.359236282498907267e+00
7.384943447144043382e-01
-1.768993682250507571e-01
1.034608015265804815e+00
3.008135790066691628e-01
-4.238945861450335584e-01
-5.132830161531574120e-01
1.005546498238009345e+00
-4.712876370018776462e-01
3.215617297594290935e-01
-1.260986754526561615e+00
3.362635909409106838e-01
1.124194645880173482e+00
-3.333165495038546977e-01
1.858463487979891693e-02
-7.090250603293790643e-01
-5.460704816393781025e-01
1.480091788395586860e+00
-1.122218747943572320e-01
9.295125748532843124e-01
8.665219798493514203e-01
9.286934809948470260e-02
3.586655633907809282e-02
-4.705318402125668320e-01
-8.165918773091892513e-01
-4.473449740790972906e-01
-9.217512972615841127e-01
-1.129823805273734022e-01
-9.076333912854783748e-01
-2.621332730560964053e-01
-7.572835146659057104e-02
2.555201505785521521e-01
-5.209326011808619594e-02
-5.314815427987722857e-02
1.729877571587760260e-02
-4.895602095068020687e-01
-6.739754634738398531e-02
1.373674076536680611e+00
2.645362532985744974e-01
-6.034921839677289679e-01
7.781356456330571492e-01
1.292957669570035106e+00
-2.191218389557781920e-01
-2.746534561888451242e-01
4.458914223166129953e-02
-4.970319932704913568e-01
6.303178241653967229e-02
8.235194360596893581e-01
4.490260675349962427e-01
-2.774528002573694030e-01
1.502073854334516900e-01
1.380607958109246303e+00
7.840737905130504837e-01
8.480797431976089262e-01
1.704801501475875503e+00
-2.513970835131526527e-01
-3.182610738963627117e-01
2.887667060120546192e-01
6.173676032218670118e-01
9.834210702959769179e-01
7.787462234718826037e-01
-2.916823899367343431e-01
8.701990485797922448e-01
3.073528339022493228e-01
-2.308800646698785097e-01
-4.401946768268882315e-01
-3.749358692018311956e-02
-5.537283622164298480e-01
5.686057733963190142e-01
-1.398462140561411715e-01
-4.000331716101779844e-01
1.772083792442479336e-02
-5.238372291559412891e-02
-4.964147468798892904e-01
1.029356016117180195e+00
-5.811176563039683884e-01
-3.769240640477842241e-01
1.586372190666214266e-01
7.299390013604984961e-01
6.230766368671030175e-01
6.213323468723306320e-01
-5.224785243817116065e-01
4.165825387824565462e-01
5.100503657499413368e-01
-3.938326902760935777e-01
1.632482713531472562e+00
-1.693590236049866138e-02
4.872718715870686945e-01
1.477020408287820774e-01
4.038463333125145160e-01
9.298438661749648670e-02
9.561377144879124046e-02
7.881952719799321105e-01
8.811132341130244461e-01
-1.483578274241942052e-01
-2.794760894709810706e-01
1.231617302782301415e+00
-4.627549919047063698e-02
-2.695301390080483972e-01
-4.956374454952373609e-01
-3.112553729598678820e-01
-1.903446103499537023e-01
-1.598500894291123853e-01
1.248750846926558467e+00
-3.794011280346049064e-01
-3.035850656914795831e-01
-2.992783927973791114e-01
-1.057735811735738274e-01
-2.877740388324619980e-01
-7.131871760093089208e-02
-5.347659809426441591e-01
-3.194747777695083335e-01
-2.260563284623985092e-01
-4.027798801449160582e-01
-2.641303441252214057e-01
-3.042541979234626992e-01
-5.651094545735586561e-01
5.237323817813760440e-02
3.669084253067261270e-01
-2.294761858590532722e-01
-1.953843281584630720e-01
-3.311719536993044666e-01
-3.212861591503023972e-01
-1.852250443796331358e-01
3.258960652638764333e-01
-2.310733429410514461e-01
-4.863253475203035969e-01
7.812204619246013726e-01
-7.467981500298507269e-01
-3.604086930873254269e-02
-4.646332686624479180e-01
-3.080349152020004921e-01
3.225644147023212227e-01
-3.639927902691630357e-01
3.838699494065817563e-01
5.270759802859649179e-01
-9.812956315971309573e-01
-4.681244033432310769e-01
4.784389911465772305e-01
-4.096945325313751662e-01
-3.286362924772456839e-01
-7.166135997392350521e-02
-2.661332694111323005e-01
-7.217096551556813344e-03
-2.381859737232192575e-01
-5.156229272244659823e-02
