-6.895620400000001382e+01 6.648848391933392943e-01 0.000000000000000000e+00 2.577462761408685132e+00
-6.725225800000004028e+01 6.484551664955191530e-01 0.000000000000000000e+00 2.378307323260546724e+00
-6.932273200000004465e+01 6.684189506467465014e-01 0.000000000000000000e+00 2.845805049892905281e+00
-6.899493600000003823e+01 6.652582982600776518e-01 0.000000000000000000e+00 1.898992784679990997e+00
-6.880688000000007776e+01 6.634450374355792546e-01 0.000000000000000000e+00 2.606297151907357446e+00
-6.823586200000002577e+01 6.579392063560938197e-01 0.000000000000000000e+00 2.504161295785295227e+00
-6.975118200000001423e+01 6.725501222140265467e-01 0.000000000000000000e+00 2.319864964390397244e+00
-6.879353800000002650e+01 6.633163921069508140e-01 0.000000000000000000e+00 2.442517927636200792e+00
-6.884885800000002121e+01 6.638497948636363777e-01 0.000000000000000000e+00 2.317594826808275332e+00
-6.907782600000005857e+01 6.660575346032027166e-01 0.000000000000000000e+00 2.307875877420577204e+00
-6.994974400000000969e+01 6.744646832800605951e-01 0.000000000000000000e+00 2.147813860900134930e+00
-7.020601599999997688e+01 6.769356917988841316e-01 0.000000000000000000e+00 2.920845763107430493e+00
-6.886330000000003793e+01 6.639890465377517037e-01 0.000000000000000000e+00 2.263092231367685336e+00
-7.015419800000009332e+01 6.764360557893781545e-01 0.000000000000000000e+00 2.372186003318330183e+00
-7.021110200000008206e+01 6.769847316835653217e-01 0.000000000000000000e+00 2.749132536460594078e+00
-7.072826400000003844e+01 6.819712760879944602e-01 0.000000000000000000e+00 2.845697910439334510e+00
-6.904068600000003642e+01 6.656994258110241480e-01 0.000000000000000000e+00 2.499844066774137730e+00
-6.929361200000003862e+01 6.681381717553023236e-01 0.000000000000000000e+00 2.519276793181454366e+00
-6.949217000000002997e+01 6.700526942528073349e-01 0.000000000000000000e+00 2.285935479947946547e+00
-7.157117400000004181e+01 6.900987257922220897e-01 0.000000000000000000e+00 3.055787287358168403e+00
-7.019419400000002440e+01 6.768217025112935881e-01 0.000000000000000000e+00 2.666100622720132485e+00
-7.127972000000005437e+01 6.872884877761873401e-01 0.000000000000000000e+00 2.967425548766934984e+00
-6.923627400000006560e+01 6.675853111757140690e-01 0.000000000000000000e+00 2.104569504606871089e+00
-7.073004600000002995e+01 6.819884583676837364e-01 0.000000000000000000e+00 2.511457984350038419e+00
-7.094815800000003492e+01 6.840915231194230062e-01 0.000000000000000000e+00 2.487172019540232704e+00
-6.884797400000003620e+01 6.638412712187176101e-01 0.000000000000000000e+00 2.909776877232473691e+00
-6.935030000000003270e+01 6.686847649489211509e-01 0.000000000000000000e+00 2.571837163734841614e+00
-7.114748000000003003e+01 6.860134122059755590e-01 0.000000000000000000e+00 2.894762039032960921e+00
-7.140904400000003704e+01 6.885354468887253665e-01 0.000000000000000000e+00 1.994475247677945262e+00
-7.102988600000003316e+01 6.848795553048604434e-01 0.000000000000000000e+00 2.555969868660228794e+00
-6.987294000000004246e+01 6.737241289538772326e-01 0.000000000000000000e+00 2.166635804162477363e+00
-7.065599000000000274e+01 6.812744006209533465e-01 0.000000000000000000e+00 2.372454808182589137e+00
-7.166194400000001963e+01 6.909739421375644675e-01 0.000000000000000000e+00 2.583930161920172441e+00
-7.135131600000003971e+01 6.879788258775549892e-01 0.000000000000000000e+00 2.541327681586134091e+00
-7.086729200000003459e+01 6.833118024519945211e-01 0.000000000000000000e+00 2.147305498943720359e+00
-7.152925800000004131e+01 6.896945661763645985e-01 0.000000000000000000e+00 2.673550762909608025e+00
-6.956436400000004028e+01 6.707487983492673722e-01 0.000000000000000000e+00 2.008878822914800910e+00
-7.099957600000004732e+01 6.845873022760258220e-01 0.000000000000000000e+00 2.667255152305266108e+00
-6.981482000000001165e+01 6.731637282268602140e-01 0.000000000000000000e+00 2.525084880101493123e+00
-7.043222400000004768e+01 6.791168192534101644e-01 0.000000000000000000e+00 2.281034061411002067e+00
-7.138089400000004048e+01 6.882640208655745884e-01 0.000000000000000000e+00 2.099826774664995455e+00
-7.128510800000005077e+01 6.873404395848102810e-01 0.000000000000000000e+00 2.926556511755925349e+00
-7.077372400000004404e+01 6.824096074205854290e-01 0.000000000000000000e+00 2.381765019286106622e+00
-7.124552200000003666e+01 6.869587461371211567e-01 0.000000000000000000e+00 1.909022003755913133e+00
-7.155356600000003198e+01 6.899289471273680752e-01 0.000000000000000000e+00 2.262913659320521020e+00
-7.228694200000005310e+01 6.970002555165054625e-01 0.000000000000000000e+00 2.556754007325647393e+00
-7.079867000000005817e+01 6.826501400519716656e-01 0.000000000000000000e+00 2.319309651446509246e+00
-7.045314400000006572e+01 6.793185326603131680e-01 0.000000000000000000e+00 2.288009063975123603e+00
-7.091973799999999528e+01 6.838174937205613313e-01 0.000000000000000000e+00 2.790711067809772405e+00
-6.979054000000002134e+01 6.729296172555601085e-01 0.000000000000000000e+00 1.894984727317789774e+00
-7.119348800000001631e+01 6.864570274270453965e-01 0.000000000000000000e+00 2.724071835303714995e+00
-7.188534800000003600e+01 6.931280330532297862e-01 0.000000000000000000e+00 2.524497623890001652e+00
-7.213406800000001340e+01 6.955262241892172792e-01 0.000000000000000000e+00 3.010492150606715711e+00
-7.224417600000006701e+01 6.965879000882261307e-01 0.000000000000000000e+00 2.438801935340839222e+00
-7.098017600000000016e+01 6.844002449101593832e-01 0.000000000000000000e+00 2.297990221037469638e+00
-7.201920000000006894e+01 6.944186517406465420e-01 0.000000000000000000e+00 2.209490988047388527e+00
-7.054489000000003784e+01 6.802031597267422791e-01 0.000000000000000000e+00 2.382035367245432855e+00
-7.282489000000006740e+01 7.021872212821149706e-01 0.000000000000000000e+00 2.677151081925438270e+00
-7.190611000000001241e+01 6.933282230032350446e-01 0.000000000000000000e+00 1.875564811657350228e+00
-7.118368800000003205e+01 6.863625345308864700e-01 0.000000000000000000e+00 2.338255717637970577e+00
-7.178271800000003111e+01 6.921384610192701237e-01 0.000000000000000000e+00 2.828012059765264929e+00
-7.198370800000004976e+01 6.940764331824343936e-01 0.000000000000000000e+00 1.959473923197991629e+00
-7.259104400000003920e+01 6.999324472213789283e-01 0.000000000000000000e+00 2.187051632609758656e+00
-7.038981800000004796e+01 6.787079349927447325e-01 0.000000000000000000e+00 2.589078803938972495e+00
-7.158727000000003216e+01 6.902539255530971696e-01 0.000000000000000000e+00 2.323909850191736570e+00
-7.240392000000001360e+01 6.981281728641473006e-01 0.000000000000000000e+00 2.312870096576191248e+00
-7.281297200000003045e+01 7.020723063498265359e-01 0.000000000000000000e+00 2.028663008893424102e+00
-7.246204600000004348e+01 6.986886314439578749e-01 0.000000000000000000e+00 2.230848701271252565e+00
-7.240003800000000922e+01 6.980907421067095164e-01 0.000000000000000000e+00 2.634735247036361638e+00
-7.168299799999999777e+01 6.911769475901901050e-01 0.000000000000000000e+00 2.002138043958674007e+00
-7.206512600000003488e+01 6.948614763068707845e-01 0.000000000000000000e+00 2.060338415990945915e+00
-7.292883200000001409e+01 7.031894437936005993e-01 0.000000000000000000e+00 2.340075956847157190e+00
-7.318398600000000442e+01 7.056496724085564720e-01 0.000000000000000000e+00 2.234560058615474798e+00
-7.346157000000002313e+01 7.083261740501296533e-01 0.000000000000000000e+00 2.634242135220241643e+00
-7.210563800000002743e+01 6.952520983690335665e-01 0.000000000000000000e+00 2.067664179539196567e+00
-7.365131400000004191e+01 7.101557107938853974e-01 0.000000000000000000e+00 2.382169177897583090e+00
-7.243936000000002196e+01 6.984698900314817438e-01 0.000000000000000000e+00 2.356009969538681581e+00
-7.342829600000004575e+01 7.080053417412730532e-01 0.000000000000000000e+00 2.339170321700246635e+00
-7.424926600000003418e+01 7.159212430636914259e-01 0.000000000000000000e+00 2.341981305734116781e+00
-7.369780800000002330e+01 7.106040120912340274e-01 0.000000000000000000e+00 2.094698613343559668e+00
-7.429120799999999747e+01 7.163256533749873256e-01 0.000000000000000000e+00 2.643340502175306472e+00
-7.489389600000004066e+01 7.221368507831825712e-01 0.000000000000000000e+00 2.190952579689593449e+00
-7.495652800000002003e+01 7.227407568109613933e-01 0.000000000000000000e+00 2.105734615262605303e+00
-7.496918800000007366e+01 7.228628262053877762e-01 0.000000000000000000e+00 1.996843794909528791e+00
-7.389603400000004285e+01 7.125153334008286210e-01 0.000000000000000000e+00 2.480146542111468122e+00
-7.463077600000003997e+01 7.195998129426345313e-01 0.000000000000000000e+00 2.794802750818710990e+00
-7.544002199999999903e+01 7.274026699064231050e-01 0.000000000000000000e+00 2.325059428178475329e+00
-7.489328400000003683e+01 7.221309497982387748e-01 0.000000000000000000e+00 2.016794691589661515e+00
-7.544388600000003464e+01 7.274399271054804439e-01 0.000000000000000000e+00 2.949524602852521493e+00
-7.428345600000002946e+01 7.162509075656993129e-01 0.000000000000000000e+00 2.129636232337543511e+00
-7.538425400000008381e+01 7.268649474744852679e-01 0.000000000000000000e+00 2.271191226772791616e+00
-7.421541200000005745e+01 7.155948183181234379e-01 0.000000000000000000e+00 2.192277096936774861e+00
-7.513211000000002571e+01 7.244337416776348570e-01 0.000000000000000000e+00 2.239690050593446724e+00
-7.617243600000003312e+01 7.344647025643253890e-01 0.000000000000000000e+00 2.228660696858364432e+00
-7.481678200000004608e+01 7.213933073959979403e-01 0.000000000000000000e+00 2.436191444616831348e+00
-7.570838400000003787e+01 7.299902518042843402e-01 0.000000000000000000e+00 2.043741715713973228e+00
-7.600521200000005706e+01 7.328523066390907337e-01 0.000000000000000000e+00 2.007354030935029510e+00
-7.497948200000004704e+01 7.229620823148835695e-01 0.000000000000000000e+00 2.431576294346587286e+00
-7.529008800000005408e+01 7.259569864479836765e-01 0.000000000000000000e+00 2.222828512189372052e+00
-7.626032200000007322e+01 7.353121110002273086e-01 0.000000000000000000e+00 2.239923063414491544e+00
