1.812796906935204566e-01
9.527686181776918728e-01
-1.489695151254628591e-01
-2.635898353622023182e-01
-3.953144444443219829e-02
1.186298784950152313e-01
1.026907417218893670e+00
-1.817373485324596805e-01
-1.512490732181537012e-01
1.737852917444208251e-02
-9.616351761710989487e-02
7.942018853748084029e-02
-2.206508378840439655e-01
-5.639471025895229084e-02
-1.566285270009605823e-01
-2.381518360501704359e-02
-1.135597390317749089e-01
-4.868083121697744375e-02
-1.241815533046959075e-01
1.090043285223088798e+00
5.488400345158372939e-01
9.638381651610089529e-01
8.838921217204545600e-02
3.000725138022640737e-01
4.803534644725060421e-01
8.129586606563982132e-01
-5.367165175759930351e-01
2.808105435265696448e-01
2.969163725256884212e-01
3.071817354795947086e-01
4.694347870679495549e-01
8.643213209224255289e-01
-9.779799220369542190e-02
-3.226927154181480351e-02
6.376337519367193674e-02
5.509639598232587282e-02
-6.739840679616830241e-03
7.145767554356970835e-03
1.454644856015139820e-01
1.155432725765649302e-02
-3.675250882768635319e-02
1.093613454686840764e-01
-1.087926321063015095e-01
4.640955393326187672e-02
-1.402776817802712239e-01
3.471318576127981892e-01
1.346375803922779391e-01
6.419543460270765722e-03
1.627232955826029420e-02
-4.500335303829002265e-01
1.447530971228163377e-01
4.242630320851825676e-02
1.122110314783202750e-01
1.255156162646691442e-01
2.319193339254978226e-01
-9.475248986339605828e-02
1.709172059259999321e-01
1.855968064573847720e-01
-6.084617129362995813e-01
2.310100143484015642e-02
-8.424314368523817820e-02
-6.200405139673067362e-02
7.038118909355435548e-02
1.177933099701483077e-01
3.517235142711931939e-01
-3.706988654864953325e-01
-4.317259374111811349e-02
2.053018754214984698e-01
7.390729920289139665e-01
2.718535465003485418e-01
4.882738599044634253e-01
1.999977941434220308e-01
3.114062637834864589e-01
1.373868455017631107e-01
1.370365625481465566e-01
4.221327785259485627e-02
1.380389706129439009e+00
-8.812461869218828070e-02
1.220768015612991655e-02
-2.102100496185927425e-01
-8.106781567938846356e-02
5.547221395998548354e-01
-3.659100157281307275e-02
-9.783603069040200384e-02
-1.087144468610831555e-01
-3.858674213029151395e-02
-3.141592840684758747e-01
5.404278325966080931e-01
-7.966409466164239839e-03
6.683699679509363945e-01
4.565725147266305739e-02
5.518602279431651381e-01
-9.029897334732056580e-02
6.214840737813421834e-01
4.589061596936329646e-01
2.976343173628454575e-01
5.549401477647253333e-01
9.686985823651080851e-01
-1.491949746922229814e-01
-1.971006147293005717e-01
-1.598283149330103625e-01
-1.828987909019944291e-01
1.187808565245721502e-02
-9.280901885449056865e-02
-1.667809791639067174e-01
-1.161478223014985878e-01
-1.072467913015818092e-01
-1.222609449654593478e-01
9.736866807221539188e-01
9.726603228374999244e-01
-8.037864940999166208e-02
2.067544307095350517e-02
-2.206535160643383342e-01
-3.078881783398803029e-01
-3.404885776372476025e-01
-7.432690348097720223e-02
-1.584297933773440581e-01
-1.765673226845581104e-02
4.460441297551715617e-02
-8.996187986549340765e-02
1.008421815920986786e+00
-5.615196828121037792e-02
1.202315782540273492e+00
1.101757198845537022e+00
1.826885392237900460e-02
1.218259218899117924e+00
-6.200675185569928111e-02
-3.267497972171929943e-01
1.018927063439603486e+00
8.901954672690929327e-01
-5.253034480465489375e-01
-3.348073153090319609e-02
1.638656752141690320e-01
1.516684824019558953e+00
8.903654688870774603e-01
-5.081422263250107152e-01
2.039675159447168484e-01
-3.950732879850612361e-02
-1.736921880123107054e-01
-1.047884339924145397e-01
-5.701563009297395956e-02
-1.092197514541167480e-01
-8.362865784627035448e-02
-9.517240947190089284e-02
-1.664443407504160866e-01
-1.488296955657009979e-01
3.330014041363526522e-01
-9.702445872338370803e-02
1.020020852418882740e+00
-9.296697627643572825e-02
-1.424180807360860557e-01
-6.866871585313082116e-02
-1.971141207036558041e-01
-2.411336923094613283e-01
-2.312280768811065812e-01
-4.688160207503565269e-02
-1.162112705063740176e-01
-9.321964806502383571e-02
-1.083474400508778468e-01
-1.038835737779554985e-01
-7.239935445917081158e-02
-7.367454802681450143e-02
-3.166903374822496176e-01
-1.659282736334004582e-01
-9.718674014240158421e-02
-1.214956371368572513e-01
-3.971828699253859840e-02
-2.473270919119945899e-01
-1.755199388547773465e-01
-1.616402276113681202e-01
-1.133329510189559491e-01
-1.178056261806598309e-01
-1.548585986068886367e-01
-2.375861918681756169e-01
-1.999461045618113608e-01
-1.964552593188439167e-01
-2.563251085305671140e-01
-1.997461309173678423e-01
-1.859533926187950381e-01
-1.017307821712469529e-01
-1.830858511920172016e-01
-2.749042689508006121e-01
-1.993908799411454047e-01
-1.976916304216709275e-01
-4.730275450859837416e-02
-2.317746577797318019e-01
-2.208485398663390942e-01
-1.005777885218237244e-01
-1.317926172644598160e-01
1.030016283130514992e-01
-3.106807496318377826e-01
-5.541928108732233765e-02
-2.527265377366766375e-02
-1.740812272620443080e-01
-6.163993434370416968e-02
-2.050836751600332852e-01
-6.289331194196173813e-01
-6.539526932906625234e-02
-5.126602383829070853e-02
-1.671702243306100455e-01
-1.838105369712504655e-01
-9.294708013354599507e-02
-2.438345647060521648e-01
-1.464421216694125893e-01
-1.133267667979798443e-01
-2.142220413546249980e-01
-3.170745185352050743e-01
1.042015204549601615e+00
-2.201333306249356747e-01
-2.242513897357005237e-01
-1.748140921771651479e-01
5.984011428214329742e-01
-1.633530337275475863e-01
-9.240110107461520228e-02
-3.825276177150190304e-01
-2.711139487424576999e-01
-9.449017463920744708e-02
-3.139302925761271457e-01
-1.610841912111800611e-01
-3.344851969408837444e-01
7.360021469519668624e-01
-4.255556814179553005e-01
-6.897637637024581769e-01
-2.544946836646445054e-01
-4.892884764802390291e-02
1.042938717715075070e+00
-8.707884504134849601e-02
1.070869683551852969e+00
-8.769163753211689505e-02
-9.654297993957142165e-02
7.777822605079112162e-01
1.052578873202179466e+00
1.295366550726926524e+00
1.284240224589674462e+00
1.053737565010793853e+00
1.309043629355781446e+00
1.067354690174330711e+00
-2.315355901178398068e-01
-6.952679210724677095e-01
-6.024680694441439943e-01
