-7.417000000000000259e-01
-1.396000000000000019e-01
-4.707999999999999963e-01
-8.223000000000000309e-01
-5.944000000000000394e-01
-9.867000000000000215e-01
5.800999999999999490e-01
-4.541000000000000036e-01
-8.377999999999999892e-01
-7.647000000000000464e-01
2.487000000000000044e-01
-3.899000000000000243e-01
1.288999999999999868e-01
5.926000000000000156e-01
9.552000000000000490e-01
9.500000000000000111e-02
3.446000000000000174e-01
-8.406000000000000139e-01
2.692999999999999838e-01
-4.689999999999999725e-01
4.381999999999999784e-01
1.282999999999999974e-01
7.872000000000000108e-01
8.975999999999999535e-01
8.309999999999999609e-01
-2.939999999999999836e-01
8.719999999999999973e-02
6.005000000000000338e-01
6.119999999999999746e-02
5.898999999999999799e-01
4.583999999999999742e-01
6.074000000000000510e-01
-6.032999999999999474e-01
-1.988000000000000045e-01
8.924999999999999600e-01
-4.035000000000000253e-01
-3.735999999999999877e-01
-4.692999999999999949e-01
3.200999999999999956e-01
9.344000000000000083e-01
-7.770000000000000517e-02
-1.990000000000000102e-02
7.949000000000000510e-01
9.256999999999999673e-01
7.099999999999999645e-01
-7.179999999999999716e-01
-6.768999999999999462e-01
-1.668000000000000038e-01
9.143999999999999906e-01
5.669999999999999485e-01
9.830999999999999739e-01
-6.596999999999999531e-01
4.320000000000000229e-02
-6.193999999999999506e-01
2.429000000000000048e-01
5.009999999999999870e-02
4.304999999999999938e-01
1.257000000000000062e-01
6.705999999999999739e-01
-4.482999999999999763e-01
7.675999999999999490e-01
-1.062000000000000027e-01
5.199999999999999761e-03
-3.275000000000000133e-01
8.045999999999999819e-01
9.416999999999999815e-01
9.794000000000000483e-01
-2.436000000000000110e-01
3.694000000000000061e-01
-1.272999999999999965e-01
7.860000000000000320e-02
5.743000000000000327e-01
1.260000000000000009e-02
9.580999999999999517e-01
-3.629999999999999893e-02
-3.552000000000000157e-01
4.465999999999999970e-01
5.338000000000000522e-01
8.961999999999999966e-01
4.021000000000000130e-01
-1.945000000000000062e-01
-3.830000000000000071e-02
-2.684000000000000274e-01
-6.889999999999999458e-01
-4.872000000000000219e-01
3.740999999999999881e-01
-6.370000000000000107e-01
-7.977999999999999536e-01
-6.670000000000000373e-01
-8.706000000000000405e-01
-4.850999999999999757e-01
-2.475999999999999868e-01
-7.216000000000000192e-01
9.865000000000000435e-01
2.555000000000000049e-01
-4.274000000000000021e-01
-8.012000000000000233e-01
-8.196999999999999842e-01
-6.612999999999999989e-01
-3.770000000000000018e-01
-8.989999999999999380e-02
-1.160999999999999949e-01
-2.096000000000000085e-01
4.159999999999999809e-01
-3.921000000000000041e-01
3.104999999999999982e-01
4.282000000000000250e-01
7.942000000000000171e-01
-1.817999999999999894e-01
1.252000000000000057e-01
9.961999999999999744e-01
-7.818000000000000504e-01
2.676000000000000045e-01
-1.464999999999999913e-01
6.364999999999999547e-01
-8.044999999999999929e-01
-9.599999999999999159e-03
-4.263000000000000123e-01
-4.396999999999999797e-01
-2.474999999999999978e-01
3.950000000000000178e-01
1.073000000000000065e-01
-4.080000000000000293e-02
-5.818999999999999728e-01
3.111999999999999766e-01
-8.558000000000000052e-01
6.903000000000000247e-01
-7.582999999999999741e-01
5.639999999999999458e-01
6.712000000000000188e-01
-7.913000000000000034e-01
-3.202999999999999736e-01
1.223000000000000059e-01
-9.439999999999999503e-01
4.907000000000000250e-01
-9.081000000000000183e-01
-1.459000000000000019e-01
6.278000000000000247e-01
2.457999999999999907e-01
-6.046000000000000263e-01
9.114999999999999769e-01
1.600000000000000033e-02
-1.098999999999999977e-01
6.233999999999999542e-01
-2.043000000000000094e-01
-9.607999999999999874e-01
-8.373000000000000442e-01
3.070999999999999841e-01
-2.172999999999999932e-01
1.826000000000000123e-01
-7.739000000000000323e-01
-9.536000000000000032e-01
-9.425000000000000044e-01
-4.042999999999999927e-01
-6.871000000000000441e-01
9.915000000000000480e-01
-3.859000000000000208e-01
-6.578000000000000513e-01
-4.734999999999999765e-01
9.243999999999999995e-01
-9.268999999999999462e-01
2.914999999999999813e-01
6.189999999999999947e-01
7.946999999999999620e-01
-9.494000000000000217e-01
-6.097000000000000197e-01
-8.777000000000000357e-01
-2.599000000000000199e-01
4.927000000000000268e-01
-2.043000000000000094e-01
5.610000000000000542e-01
4.088999999999999857e-01
-1.499999999999999944e-02
6.848999999999999533e-01
-9.465000000000000080e-01
-1.297000000000000097e-01
-2.283999999999999919e-01
-3.078000000000000180e-01
3.912999999999999812e-01
9.169000000000000483e-01
3.069000000000000061e-01
-8.176999999999999824e-01
3.593999999999999972e-01
-6.968999999999999639e-01
5.581000000000000405e-01
7.030000000000000138e-02
-4.220000000000000140e-02
-4.359999999999999987e-02
-4.374000000000000110e-01
-4.995999999999999885e-01
-8.426000000000000156e-01
-5.047000000000000375e-01
3.528999999999999915e-01
8.590999999999999748e-01
-4.751000000000000223e-01
9.400000000000000369e-03
8.853999999999999648e-01
2.280000000000000082e-02
-8.404000000000000359e-01
-9.114999999999999769e-01
7.349999999999999589e-02
-7.782999999999999918e-01
6.763000000000000123e-01
-9.458999999999999631e-01
-5.559999999999999665e-02
1.912000000000000088e-01
1.335999999999999965e-01
-9.969999999999999696e-02
2.319999999999999840e-02
-9.149000000000000465e-01
8.302000000000000490e-01
-2.876000000000000223e-01
5.420000000000000373e-01
6.271999999999999797e-01
-1.741999999999999937e-01
9.342000000000000304e-01
2.199000000000000121e-01
6.703000000000000069e-01
5.207000000000000517e-01
1.855999999999999872e-01
2.877000000000000113e-01
-7.631999999999999895e-01
-8.669000000000000039e-01
-1.242000000000000048e-01
2.487000000000000044e-01
-9.400000000000000022e-02
-3.803000000000000269e-01
-4.576999999999999957e-01
5.080999999999999961e-01
-5.077000000000000401e-01
1.819999999999999951e-01
5.674000000000000155e-01
3.906999999999999917e-01
-3.540000000000000091e-02
7.204000000000000403e-01
-8.304000000000000270e-01
4.436999999999999833e-01
-7.906999999999999584e-01
6.177000000000000268e-01
3.150000000000000022e-01
-3.599999999999999901e-03
4.607999999999999874e-01
5.900999999999999579e-01
-8.780000000000000027e-01
7.766999999999999460e-01
-4.415000000000000036e-01
-5.704000000000000181e-01
1.981999999999999873e-01
-6.495999999999999552e-01
-6.268000000000000238e-01
1.491000000000000103e-01
3.386000000000000121e-01
-2.255999999999999950e-01
7.564999999999999503e-01
-5.646999999999999797e-01
-8.953999999999999737e-01
9.697999999999999954e-01
-8.602999999999999536e-01
4.953000000000000180e-01
-8.965999999999999526e-01
-2.356999999999999929e-01
9.957000000000000295e-01
-1.959999999999999937e-02
6.413999999999999702e-01
8.991999999999999993e-01
-3.912999999999999812e-01
3.461000000000000187e-01
-4.254999999999999893e-01
-3.930000000000000160e-02
-9.227999999999999536e-01
-1.250999999999999890e-01
4.811000000000000276e-01
2.753999999999999782e-01
-7.952000000000000179e-01
-4.380000000000000004e-01
-7.862999999999999989e-01
-4.475000000000000089e-01
5.360000000000000320e-01
1.054999999999999966e-01
-8.479999999999999760e-01
-9.733000000000000540e-01
-5.554999999999999938e-01
-3.146999999999999797e-01
8.840999999999999970e-01
-9.607999999999999874e-01
3.079000000000000070e-01
-6.592000000000000082e-01
-2.020000000000000129e-01
9.392000000000000348e-01
-7.832999999999999963e-01
-7.200999999999999623e-01
-6.827999999999999625e-01
3.575999999999999734e-01
-6.232999999999999652e-01
-9.260000000000000453e-01
-2.421999999999999986e-01
6.030999999999999694e-01
8.426000000000000156e-01
-5.573000000000000176e-01
7.703999999999999737e-01
3.549999999999999684e-02
6.490000000000000213e-01
-2.149999999999999967e-01
4.100000000000000172e-02
-5.519999999999999907e-02
3.305000000000000160e-01
-2.776000000000000134e-01
9.296999999999999709e-01
9.597999999999999865e-01
7.319999999999999840e-01
4.173000000000000043e-01
-9.948000000000000176e-01
-8.787000000000000366e-01
-7.524999999999999467e-01
9.588999999999999746e-01
8.203000000000000291e-01
-9.414000000000000146e-01
1.676999999999999880e-01
-4.055000000000000271e-01
8.652999999999999581e-01
-3.565999999999999726e-01
-2.619000000000000217e-01
9.796000000000000263e-01
-5.012999999999999678e-01
-6.653999999999999915e-01
7.390999999999999792e-01
3.889999999999999708e-02
-7.828000000000000513e-01
2.805000000000000271e-01
-5.523000000000000131e-01
6.472999999999999865e-01
-6.392999999999999794e-01
7.732999999999999874e-01
4.749999999999999778e-01
5.866000000000000103e-01
-2.912000000000000144e-01
-2.169999999999999984e-01
3.936000000000000054e-01
-4.112999999999999989e-01
-4.787000000000000144e-01
1.151999999999999968e-01
-1.922000000000000097e-01
-2.426999999999999991e-01
9.463000000000000300e-01
2.776000000000000134e-01
7.694999999999999618e-01
7.403999999999999471e-01
7.117999999999999883e-01
-2.018000000000000071e-01
9.988000000000000211e-01
