9.112999999999999989e-01
-7.991000000000000325e-01
9.203999999999999959e-01
-8.195000000000000062e-01
-5.550000000000000488e-01
-3.326999999999999957e-01
-1.030999999999999972e-01
6.068999999999999950e-01
-9.022999999999999909e-01
-6.385999999999999455e-01
-3.361999999999999988e-01
3.953999999999999737e-01
7.055000000000000160e-01
-7.936999999999999611e-01
2.311999999999999889e-01
2.009999999999999981e-02
2.069999999999999965e-02
2.796000000000000152e-01
-4.608999999999999764e-01
-1.773000000000000131e-01
4.341999999999999749e-01
3.733000000000000207e-01
-6.550000000000000266e-01
8.833999999999999631e-01
8.760999999999999899e-01
-9.789999999999999813e-01
9.540999999999999481e-01
-5.725000000000000089e-01
-8.273000000000000353e-01
3.617000000000000215e-01
4.351999999999999758e-01
-5.594000000000000083e-01
-5.263999999999999790e-01
-2.769999999999999893e-02
-9.935000000000000497e-01
-3.648000000000000131e-01
-4.949000000000000066e-01
2.987000000000000210e-01
-4.091000000000000192e-01
-3.689999999999999947e-01
-4.887000000000000233e-01
-3.150000000000000022e-01
7.699999999999999900e-02
9.212000000000000188e-01
-4.663999999999999813e-01
3.597000000000000197e-01
-2.667999999999999816e-01
9.874000000000000554e-01
4.020000000000000240e-01
-1.343000000000000027e-01
4.299999999999999933e-01
7.946999999999999620e-01
-4.418000000000000260e-01
8.709000000000000075e-01
5.256999999999999451e-01
5.658999999999999586e-01
4.415000000000000036e-01
-3.352999999999999869e-01
4.070000000000000007e-02
-3.250000000000000111e-01
8.963999999999999746e-01
-6.930000000000000049e-02
8.232000000000000428e-01
-3.280000000000000276e-02
9.981999999999999762e-01
2.450000000000000094e-02
-8.800000000000000530e-03
-5.282999999999999918e-01
-4.782000000000000139e-01
3.556000000000000272e-01
3.165000000000000036e-01
6.510000000000000508e-02
-4.707999999999999963e-01
4.197000000000000175e-01
-6.381000000000000005e-01
-8.108999999999999542e-01
6.370000000000000107e-01
6.946999999999999842e-01
-1.635999999999999954e-01
-3.508999999999999897e-01
6.159000000000000030e-01
7.099999999999999645e-01
-3.526000000000000245e-01
-4.828999999999999959e-01
1.416000000000000036e-01
-2.451000000000000123e-01
3.592000000000000193e-01
1.915999999999999925e-01
-8.923999999999999710e-01
-1.965000000000000080e-01
-6.362999999999999767e-01
-4.455999999999999961e-01
2.218999999999999861e-01
-3.390000000000000235e-01
3.876999999999999891e-01
9.233000000000000096e-01
-8.395000000000000240e-01
-6.807999999999999607e-01
7.430000000000000493e-02
7.300999999999999712e-01
8.823999999999999622e-01
7.725999999999999535e-01
-5.721000000000000529e-01
2.069999999999999965e-02
-6.629000000000000448e-01
-5.814000000000000279e-01
1.590999999999999914e-01
7.630000000000000115e-01
5.406999999999999584e-01
3.624999999999999889e-01
6.699000000000000510e-01
-9.494000000000000217e-01
-3.103000000000000203e-01
-5.803000000000000380e-01
2.316000000000000003e-01
-6.903000000000000247e-01
-1.527999999999999914e-01
-7.914999999999999813e-01
-3.906999999999999917e-01
1.764999999999999902e-01
3.872999999999999776e-01
-8.168999999999999595e-01
5.419000000000000483e-01
-4.163999999999999924e-01
4.569999999999999757e-02
1.917000000000000093e-01
-7.579000000000000181e-01
-6.605999999999999650e-01
-6.854999999999999982e-01
3.578999999999999959e-01
2.394000000000000017e-01
-1.549000000000000099e-01
-6.478000000000000425e-01
3.971000000000000085e-01
9.938000000000000167e-01
8.354000000000000314e-01
1.459000000000000019e-01
7.095000000000000195e-01
-6.992000000000000437e-01
5.459000000000000519e-01
3.417000000000000037e-01
-5.705999999999999961e-01
9.372000000000000330e-01
5.303999999999999826e-01
-4.481999999999999873e-01
4.350999999999999868e-01
-2.489999999999999852e-02
7.963999999999999968e-01
-6.019999999999999657e-02
-4.239999999999999880e-01
-7.126000000000000112e-01
6.249000000000000110e-01
-8.538999999999999924e-01
-1.867000000000000048e-01
-3.715999999999999859e-01
5.400000000000000355e-01
-5.026000000000000467e-01
-8.580000000000000127e-02
1.890999999999999903e-01
3.482000000000000095e-01
-1.238999999999999962e-01
-5.828999999999999737e-01
-7.287000000000000144e-01
1.613999999999999879e-01
-7.820000000000000562e-02
-6.523999999999999799e-01
-2.834999999999999742e-01
3.753000000000000225e-01
4.711000000000000187e-01
-6.985000000000000098e-01
-6.814000000000000057e-01
-7.362999999999999545e-01
9.818999999999999950e-01
-1.378000000000000058e-01
-3.155000000000000027e-01
-1.001999999999999974e-01
9.996000000000000441e-01
6.105000000000000426e-01
-9.025999999999999579e-01
9.690999999999999615e-01
9.126999999999999558e-01
5.855000000000000204e-01
1.329999999999999932e-02
1.690000000000000113e-01
-5.486999999999999655e-01
8.101000000000000423e-01
3.477999999999999980e-01
-1.661999999999999866e-01
2.945999999999999730e-01
8.807000000000000384e-01
2.983999999999999986e-01
-4.259999999999999898e-02
-1.753000000000000114e-01
5.554999999999999938e-01
-2.280000000000000082e-02
-7.822000000000000064e-01
-5.349000000000000421e-01
-2.636000000000000010e-01
1.980999999999999983e-01
4.454000000000000181e-01
7.513999999999999568e-01
-8.269999999999999574e-01
3.170999999999999930e-01
-4.923000000000000154e-01
-6.020999999999999686e-01
-1.741999999999999937e-01
2.917000000000000148e-01
-1.169000000000000039e-01
-9.322000000000000286e-01
-3.180000000000000188e-02
7.956999999999999629e-01
-7.219999999999999751e-01
-2.469000000000000083e-01
6.876999999999999780e-01
-5.527999999999999581e-01
-4.108999999999999875e-01
-3.462999999999999967e-01
-5.467999999999999527e-01
9.566000000000000059e-01
1.705000000000000127e-01
9.653000000000000469e-01
5.121999999999999886e-01
-4.032000000000000028e-01
-4.334000000000000075e-01
-9.355999999999999872e-01
-7.549999999999999767e-02
-8.756000000000000449e-01
-8.929000000000000270e-01
8.534000000000000474e-01
2.649999999999999925e-02
-3.905000000000000138e-01
-1.905999999999999917e-01
-6.541000000000000147e-01
2.028999999999999970e-01
-6.983000000000000318e-01
-5.239000000000000323e-01
3.599999999999999867e-01
5.767999999999999794e-01
-7.217000000000000082e-01
4.022999999999999909e-01
8.635000000000000453e-01
-3.121999999999999775e-01
1.598999999999999866e-01
-6.048000000000000043e-01
-7.003000000000000336e-01
-3.311999999999999944e-01
-2.391000000000000070e-01
-5.253999999999999782e-01
-6.899999999999999883e-03
5.453999999999999959e-01
-2.210000000000000020e-01
-2.599000000000000199e-01
9.183000000000000052e-01
6.016000000000000236e-01
-7.969000000000000528e-01
6.822000000000000286e-01
-1.272999999999999965e-01
-1.622000000000000108e-01
4.469000000000000195e-01
7.500999999999999890e-01
1.905000000000000027e-01
-5.219000000000000306e-01
-5.383999999999999897e-01
-9.362000000000000322e-01
-6.533999999999999808e-01
-6.958999999999999631e-01
-8.588999999999999968e-01
-5.846999999999999975e-01
2.424000000000000044e-01
7.589000000000000190e-01
9.928000000000000158e-01
-4.351999999999999758e-01
7.469000000000000083e-01
-4.606000000000000094e-01
1.947000000000000119e-01
2.447000000000000008e-01
2.338999999999999968e-01
-9.890999999999999792e-01
2.594000000000000195e-01
1.024999999999999939e-01
-5.786000000000000032e-01
-7.455000000000000515e-01
-5.208000000000000407e-01
-3.526000000000000245e-01
-3.564999999999999836e-01
-1.653000000000000025e-01
-4.250000000000000305e-02
-5.061999999999999833e-01
-4.556999999999999940e-01
4.779999999999999805e-01
7.195000000000000284e-01
-3.331999999999999962e-01
5.553000000000000158e-01
-3.603999999999999981e-01
-2.539999999999999897e-02
-3.477999999999999980e-01
-8.834999999999999520e-01
2.569000000000000172e-01
2.230999999999999928e-01
3.509999999999999787e-01
-7.364000000000000545e-01
-7.399999999999999911e-01
8.624000000000000554e-01
-8.588000000000000078e-01
2.026999999999999913e-01
-1.770000000000000046e-02
-9.206999999999999629e-01
-5.775000000000000133e-01
7.903000000000000025e-01
-2.225999999999999923e-01
-6.002999999999999448e-01
8.599999999999999867e-01
7.883999999999999897e-01
-1.806999999999999995e-01
-1.471000000000000085e-01
-3.312999999999999834e-01
-5.298000000000000487e-01
2.544000000000000150e-01
-3.059999999999999873e-02
-8.568000000000000060e-01
-4.128999999999999893e-01
6.079999999999999988e-02
-3.472000000000000086e-01
-8.928000000000000380e-01
6.104000000000000536e-01
7.620000000000000384e-02
-2.218999999999999861e-01
2.989999999999999880e-01
-4.960999999999999854e-01
-6.626999999999999558e-01
1.603999999999999870e-01
-7.950000000000000122e-02
-3.801999999999999824e-01
2.910000000000000087e-02
-7.289999999999999813e-01
-1.479999999999999927e-01
-3.256000000000000005e-01
-6.260999999999999899e-01
-5.056000000000000494e-01
1.869000000000000106e-01
4.373000000000000220e-01
-2.303000000000000047e-01
7.663999999999999702e-01
-2.838999999999999857e-01
-6.106000000000000316e-01
1.766000000000000070e-01
-8.236999999999999877e-01
-1.125000000000000028e-01
-4.852000000000000202e-01
-5.906000000000000139e-01
