-1.441000000000000059e-01
-3.598000000000000087e-01
8.496000000000000218e-01
9.364000000000000101e-01
-4.993000000000000216e-01
1.020000000000000073e-02
9.339999999999999691e-02
-5.726999999999999869e-01
-4.183999999999999941e-01
7.117999999999999883e-01
7.469999999999999973e-01
-5.562000000000000277e-01
-3.947999999999999843e-01
-3.044000000000000039e-01
2.993999999999999995e-01
8.465000000000000302e-01
8.766000000000000458e-01
5.452000000000000179e-01
7.889999999999999791e-02
-1.072000000000000036e-01
-1.844000000000000083e-01
7.186000000000000165e-01
2.953999999999999959e-01
-5.786000000000000032e-01
-2.982000000000000206e-01
4.771000000000000241e-01
-1.169000000000000039e-01
4.415000000000000036e-01
-1.859999999999999848e-02
-9.608999999999999764e-01
-6.868999999999999551e-01
6.836999999999999744e-01
7.633999999999999675e-01
-7.244000000000000439e-01
3.846999999999999864e-01
2.869999999999999982e-02
-3.708000000000000185e-01
-6.210000000000000242e-02
-1.471000000000000085e-01
5.931999999999999496e-01
-1.517000000000000015e-01
6.280999999999999917e-01
-7.241999999999999549e-01
6.975999999999999979e-01
-5.308000000000000496e-01
1.496000000000000107e-01
-7.822999999999999954e-01
-9.358999999999999542e-01
-6.464999999999999636e-01
-4.340999999999999859e-01
4.958000000000000185e-01
3.710000000000000103e-02
-4.697999999999999954e-01
3.313999999999999724e-01
-9.752999999999999448e-01
7.842999999999999972e-01
-6.264999999999999458e-01
8.781999999999999806e-01
8.071000000000000396e-01
-5.965000000000000302e-01
-4.919999999999999929e-01
8.365000000000000213e-01
8.140000000000000013e-02
-8.336000000000000076e-01
2.160000000000000114e-02
6.482999999999999874e-01
9.466999999999999860e-01
-7.233000000000000540e-01
7.278000000000000025e-01
-8.056999999999999718e-01
-6.479999999999999649e-02
-6.542000000000000037e-01
1.557000000000000051e-01
1.233000000000000068e-01
9.417999999999999705e-01
3.731999999999999762e-01
-8.782999999999999696e-01
7.792000000000000037e-01
4.399000000000000132e-01
-6.092999999999999527e-01
4.482999999999999763e-01
-2.937000000000000166e-01
6.959999999999999520e-02
-2.777999999999999914e-01
-5.191000000000000059e-01
-1.875000000000000000e-01
-1.131000000000000061e-01
-4.839999999999999858e-01
9.559999999999999609e-01
-7.639999999999999569e-02
2.079000000000000015e-01
6.351999999999999869e-01
9.810999999999999721e-01
9.734000000000000430e-01
-6.550000000000000266e-01
1.607000000000000095e-01
-1.147999999999999993e-01
-1.449999999999999900e-01
-2.121000000000000107e-01
-4.736000000000000210e-01
-2.137999999999999901e-01
9.139999999999999514e-02
4.354999999999999982e-01
3.501000000000000223e-01
8.649999999999999356e-02
-4.858999999999999986e-01
-7.865999999999999659e-01
4.250000000000000305e-02
8.002000000000000224e-01
-5.685000000000000053e-01
4.832000000000000184e-01
3.170000000000000040e-01
4.000000000000000083e-02
5.029000000000000137e-01
7.684999999999999609e-01
-1.418999999999999984e-01
-9.519999999999999574e-01
4.787000000000000144e-01
-6.585999999999999632e-01
-9.069000000000000394e-01
-9.694000000000000394e-01
9.304000000000000048e-01
-9.835000000000000409e-01
1.208999999999999936e-01
8.643999999999999462e-01
-1.378000000000000058e-01
7.320999999999999730e-01
-1.489000000000000046e-01
7.732999999999999874e-01
7.799999999999999989e-02
-5.577999999999999625e-01
-1.202000000000000013e-01
2.657999999999999807e-01
-8.948000000000000398e-01
-1.715000000000000135e-01
-2.989999999999999880e-01
-2.380000000000000171e-02
7.035000000000000142e-01
-9.338999999999999524e-01
3.759000000000000119e-01
-8.029999999999999638e-02
-4.840999999999999748e-01
1.826000000000000123e-01
7.786999999999999478e-01
-6.539000000000000368e-01
6.400000000000000307e-03
8.719000000000000083e-01
2.373000000000000109e-01
-2.464999999999999969e-01
-9.748999999999999888e-01
-3.965000000000000191e-01
-9.243999999999999995e-01
2.021999999999999909e-01
-8.544000000000000483e-01
-4.867000000000000215e-01
4.057000000000000051e-01
2.466000000000000136e-01
-1.149999999999999981e-02
2.660000000000000142e-01
8.365000000000000213e-01
2.591999999999999860e-01
8.950000000000000178e-01
-2.700000000000000143e-03
-6.686999999999999611e-01
8.093000000000000194e-01
6.848999999999999533e-01
-9.445999999999999952e-01
8.568000000000000060e-01
5.440000000000000391e-01
-5.830999999999999517e-01
-6.700000000000000400e-01
-3.832999999999999741e-01
-4.932000000000000273e-01
4.324999999999999956e-01
9.384000000000000119e-01
4.547999999999999821e-01
1.940000000000000058e-02
3.151999999999999802e-01
-5.231000000000000094e-01
-4.712999999999999967e-01
9.616000000000000103e-01
4.546999999999999931e-01
6.478000000000000425e-01
4.717999999999999972e-01
3.428999999999999826e-01
7.708000000000000407e-01
-7.466000000000000414e-01
7.169999999999999984e-02
-6.452999999999999847e-01
6.593999999999999861e-01
-4.969000000000000083e-01
-9.265999999999999792e-01
3.612000000000000210e-01
7.709000000000000297e-01
7.320000000000000118e-02
-2.696000000000000063e-01
7.288999999999999924e-01
-9.707000000000000073e-01
-5.079999999999999793e-02
9.864000000000000545e-01
3.980000000000000204e-02
-7.492999999999999661e-01
6.751000000000000334e-01
-3.496000000000000218e-01
-2.328000000000000069e-01
2.866000000000000214e-01
2.839999999999999747e-01
2.649000000000000243e-01
4.677999999999999936e-01
7.836999999999999522e-01
7.742999999999999883e-01
5.929999999999999855e-02
-2.359999999999999876e-01
-9.247999999999999554e-01
-6.972000000000000419e-01
-9.754000000000000448e-01
3.392999999999999905e-01
-6.279999999999999472e-02
1.484999999999999931e-01
-5.135999999999999455e-01
-3.603000000000000091e-01
-4.956999999999999740e-01
2.738999999999999768e-01
7.377000000000000224e-01
-8.980000000000000204e-01
5.033999999999999586e-01
6.895000000000000018e-01
-7.850000000000000311e-01
9.082999999999999963e-01
-1.940999999999999948e-01
-2.597999999999999754e-01
9.372000000000000330e-01
-5.421000000000000263e-01
1.229999999999999982e-01
-2.510999999999999899e-01
-1.010000000000000064e-01
-6.964000000000000190e-01
-4.109999999999999765e-01
6.835999999999999854e-01
-6.829999999999999960e-02
-7.942000000000000171e-01
5.484999999999999876e-01
5.899999999999999689e-02
-4.223000000000000087e-01
-6.152999999999999581e-01
-5.907000000000000028e-01
8.152000000000000357e-01
-4.793000000000000038e-01
-9.637999999999999901e-01
9.754000000000000448e-01
3.639999999999999902e-01
-8.931999999999999940e-01
-1.844000000000000083e-01
-2.585000000000000075e-01
7.500000000000000000e-01
6.111999999999999655e-01
5.262999999999999901e-01
-6.600000000000000311e-01
6.973000000000000309e-01
-5.894000000000000350e-01
-4.098999999999999866e-01
1.584000000000000130e-01
6.928999999999999604e-01
-1.491999999999999993e-01
1.016999999999999987e-01
4.900999999999999801e-01
-8.490000000000000324e-02
-3.644000000000000017e-01
9.576000000000000068e-01
8.396000000000000130e-01
-5.633000000000000229e-01
-7.537000000000000366e-01
-3.119999999999999996e-01
-5.797999999999999821e-01
-3.296000000000000041e-01
-2.523000000000000242e-01
7.702999999999999847e-01
6.509000000000000341e-01
-9.210000000000000409e-01
8.081000000000000405e-01
-6.313999999999999613e-01
-9.696000000000000174e-01
-8.057999999999999607e-01
-6.814000000000000057e-01
5.050000000000000044e-01
-3.610999999999999766e-01
9.281000000000000361e-01
-6.538000000000000478e-01
-2.762000000000000011e-01
-6.412999999999999812e-01
-7.036999999999999922e-01
-7.637000000000000455e-01
8.822999999999999732e-01
4.101000000000000201e-01
-8.065999999999999837e-01
2.535999999999999921e-01
-4.328000000000000180e-01
-8.646000000000000352e-01
-1.943999999999999895e-01
3.451000000000000179e-01
-3.911000000000000032e-01
8.556000000000000272e-01
3.259999999999999704e-02
4.512999999999999790e-01
1.116999999999999937e-01
-6.569999999999999452e-02
9.118000000000000549e-01
-4.376999999999999780e-01
-3.365000000000000213e-01
6.510000000000000508e-02
-9.081000000000000183e-01
-9.116999999999999549e-01
-2.600000000000000089e-01
3.870999999999999996e-01
-9.610000000000000486e-02
-5.385999999999999677e-01
-5.332000000000000073e-01
-7.396000000000000352e-01
5.463000000000000078e-01
-2.755000000000000226e-01
-5.838999999999999746e-01
-1.774000000000000021e-01
6.519000000000000350e-01
4.501000000000000001e-01
-2.840000000000000163e-02
-9.629999999999999671e-02
4.325999999999999845e-01
-1.280000000000000061e-02
7.228999999999999870e-01
8.034999999999999920e-01
6.403999999999999693e-01
-9.048000000000000487e-01
5.130000000000000115e-01
1.033000000000000029e-01
-7.066000000000000059e-01
3.363999999999999768e-01
4.892000000000000237e-01
2.791000000000000147e-01
5.984000000000000430e-01
-4.613999999999999768e-01
-5.809999999999999887e-02
-9.421000000000000485e-01
6.783000000000000140e-01
5.960999999999999632e-01
-1.885000000000000009e-01
-3.491000000000000214e-01
-2.381999999999999951e-01
3.664000000000000035e-01
7.241999999999999549e-01
9.979999999999999982e-02
