-4.542999999999999816e-01
5.805000000000000160e-01
-4.349000000000000088e-01
5.877000000000000002e-01
4.687999999999999945e-01
4.793999999999999928e-01
3.346999999999999975e-01
1.277999999999999969e-01
-1.610999999999999932e-01
-5.989999999999999769e-01
-9.973999999999999533e-01
6.389999999999999847e-02
4.150000000000000216e-02
3.662000000000000255e-01
1.228999999999999954e-01
-2.932000000000000162e-01
-8.675000000000000488e-01
8.010000000000000453e-02
-8.994999999999999662e-01
8.224000000000000199e-01
-4.195999999999999730e-01
2.449000000000000066e-01
9.372000000000000330e-01
9.471000000000000529e-01
-6.277000000000000357e-01
4.734999999999999765e-01
-1.900000000000000022e-01
7.580999999999999961e-01
-1.391999999999999904e-01
-5.547999999999999599e-01
-6.249000000000000110e-01
9.850000000000000422e-02
4.069999999999999729e-01
-7.841000000000000192e-01
-8.562999999999999501e-01
-6.938999999999999613e-01
3.309999999999999748e-02
2.897000000000000131e-01
-8.889000000000000234e-01
7.568000000000000282e-01
-6.203999999999999515e-01
-8.832999999999999741e-01
4.924000000000000044e-01
-2.833999999999999853e-01
-3.070999999999999841e-01
5.878999999999999782e-01
2.466000000000000136e-01
2.523000000000000242e-01
2.049999999999999878e-01
-2.228999999999999870e-01
4.037000000000000033e-01
9.413000000000000256e-01
-4.173999999999999932e-01
-2.853999999999999870e-01
-5.268000000000000460e-01
-6.829999999999999960e-02
9.472000000000000419e-01
7.840000000000000302e-01
-2.101000000000000090e-01
5.351000000000000201e-01
-3.307999999999999829e-01
-7.435000000000000497e-01
1.582000000000000073e-01
9.772999999999999465e-01
-2.366999999999999937e-01
-7.871000000000000218e-01
6.387000000000000455e-01
-4.134999999999999787e-01
8.302000000000000490e-01
-5.795000000000000151e-01
-8.589999999999999858e-01
-8.162000000000000366e-01
-6.410000000000000420e-02
-8.435000000000000275e-01
-5.132999999999999785e-01
-7.179999999999999716e-01
-3.427999999999999936e-01
-4.843000000000000083e-01
-5.588999999999999524e-01
7.351999999999999647e-01
4.309000000000000052e-01
2.850000000000000103e-02
6.006000000000000227e-01
-2.315000000000000113e-01
-7.843999999999999861e-01
6.816999999999999726e-01
-4.662000000000000033e-01
9.139000000000000457e-01
5.725000000000000089e-01
9.747000000000000108e-01
-2.136000000000000121e-01
-5.877000000000000002e-01
-5.064999999999999503e-01
-1.910999999999999921e-01
9.734000000000000430e-01
-9.983999999999999542e-01
4.253000000000000114e-01
8.174000000000000155e-01
2.484999999999999987e-01
-1.923999999999999877e-01
-2.627999999999999781e-01
-8.898000000000000353e-01
7.085000000000000187e-01
8.821999999999999842e-01
-2.681000000000000050e-01
2.566999999999999837e-01
9.542000000000000481e-01
-3.579999999999999849e-01
-9.425999999999999934e-01
-9.298999999999999488e-01
5.456999999999999629e-01
8.489999999999999769e-01
5.070000000000000062e-01
-1.436999999999999944e-01
-2.245999999999999941e-01
5.291000000000000147e-01
-3.679000000000000048e-01
6.301999999999999824e-01
5.534999999999999920e-01
9.374000000000000110e-01
-8.000000000000000444e-01
8.580999999999999739e-01
-9.160000000000000087e-02
1.160999999999999949e-01
-7.692999999999999838e-01
-2.967000000000000193e-01
-3.197999999999999732e-01
5.013999999999999568e-01
4.703999999999999848e-01
5.460000000000000270e-02
-1.107999999999999957e-01
9.111000000000000210e-01
-7.477000000000000313e-01
-2.321999999999999897e-01
-7.848000000000000531e-01
9.940000000000000224e-02
-7.842999999999999972e-01
-3.383999999999999786e-01
-5.661000000000000476e-01
6.992000000000000437e-01
-7.648000000000000353e-01
-1.844999999999999973e-01
8.350999999999999535e-01
-6.700000000000000400e-01
3.583000000000000074e-01
-7.710000000000000187e-02
5.262000000000000011e-01
-1.770000000000000046e-02
-1.025999999999999968e-01
9.310000000000000497e-01
-9.313000000000000167e-01
-9.567999999999999838e-01
9.195999999999999730e-01
7.118999999999999773e-01
4.748999999999999888e-01
-2.540999999999999925e-01
-7.923000000000000043e-01
4.059999999999999720e-02
5.999999999999999778e-01
6.645999999999999686e-01
-6.434999999999999609e-01
1.466999999999999971e-01
-9.860999999999999766e-01
-4.667999999999999927e-01
5.385999999999999677e-01
-5.594000000000000083e-01
5.269000000000000350e-01
-1.859999999999999987e-01
-3.400000000000000244e-02
8.185000000000000053e-01
-8.697000000000000286e-01
1.665000000000000091e-01
7.903999999999999915e-01
1.875999999999999890e-01
1.829000000000000070e-01
2.705000000000000182e-01
8.787000000000000366e-01
1.134000000000000008e-01
-2.462999999999999912e-01
-9.892999999999999572e-01
-4.813999999999999946e-01
3.367999999999999883e-01
1.136999999999999955e-01
-6.647999999999999465e-01
4.284000000000000030e-01
6.720000000000000417e-01
-1.549999999999999989e-01
8.697000000000000286e-01
4.979999999999999982e-01
7.036999999999999922e-01
5.520000000000000462e-01
6.414999999999999591e-01
-3.981000000000000094e-01
-6.997999999999999776e-01
5.406999999999999584e-01
-9.136999999999999567e-01
5.386999999999999567e-01
-1.930000000000000118e-02
-2.104000000000000037e-01
-9.958000000000000185e-01
-8.977000000000000535e-01
5.083999999999999631e-01
1.507000000000000006e-01
-8.910000000000000142e-01
-2.788999999999999813e-01
3.847999999999999754e-01
1.922000000000000097e-01
4.975999999999999868e-01
8.564000000000000501e-01
9.223999999999999977e-01
-6.681000000000000272e-01
-9.254999999999999893e-01
2.737999999999999878e-01
-3.967999999999999861e-01
-1.912999999999999978e-01
9.777000000000000135e-01
-5.530000000000000193e-02
-1.955000000000000071e-01
-2.341000000000000025e-01
1.937000000000000111e-01
-5.500000000000000444e-01
4.089999999999999747e-01
4.227000000000000202e-01
-1.140000000000000041e-01
-3.668000000000000149e-01
9.234999999999999876e-01
-3.428999999999999826e-01
9.808999999999999941e-01
-7.937999999999999501e-01
9.876000000000000334e-01
6.239999999999999991e-01
9.564000000000000279e-01
2.883999999999999897e-01
-6.404999999999999583e-01
3.527000000000000135e-01
2.695000000000000173e-01
-1.005999999999999950e-01
-6.014000000000000457e-01
-5.402000000000000135e-01
-8.899999999999999925e-03
7.713999999999999746e-01
6.732000000000000206e-01
-6.914000000000000146e-01
-2.487999999999999934e-01
1.399999999999999986e-03
8.456000000000000183e-01
2.479000000000000092e-01
9.254999999999999893e-01
-5.746999999999999886e-01
5.179000000000000270e-01
-1.766999999999999960e-01
-2.656999999999999917e-01
-1.317000000000000115e-01
-1.917999999999999983e-01
-2.021999999999999909e-01
4.282000000000000250e-01
4.100000000000000346e-03
4.369999999999999996e-01
-7.602999999999999758e-01
3.328999999999999737e-01
5.960000000000000020e-02
-8.726000000000000423e-01
1.257000000000000062e-01
5.754000000000000226e-01
7.950000000000000400e-01
7.994999999999999885e-01
-3.795999999999999930e-01
-6.580000000000000293e-01
-3.517000000000000126e-01
6.869999999999999718e-02
-3.708000000000000185e-01
-9.594000000000000306e-01
-8.612999999999999545e-01
5.234999999999999654e-01
-3.446000000000000174e-01
3.809000000000000163e-01
4.460000000000000075e-01
3.716999999999999749e-01
-5.477999999999999536e-01
-1.955000000000000071e-01
-9.948000000000000176e-01
9.019000000000000350e-01
4.058999999999999830e-01
-1.643999999999999906e-01
-1.140000000000000041e-02
-2.564000000000000168e-01
6.899999999999999883e-03
4.536999999999999922e-01
2.893999999999999906e-01
5.168000000000000371e-01
-5.584999999999999964e-01
-3.296999999999999931e-01
-6.156000000000000361e-01
-8.389999999999999680e-01
7.985999999999999766e-01
-6.216000000000000414e-01
-8.326000000000000068e-01
-4.680000000000000271e-01
7.428000000000000158e-01
1.471000000000000085e-01
-4.107000000000000095e-01
6.922000000000000375e-01
-5.331000000000000183e-01
1.968999999999999917e-01
-8.377000000000000002e-01
-6.059999999999999831e-01
8.369999999999999662e-01
-1.231000000000000011e-01
5.089000000000000190e-01
5.433999999999999941e-01
-3.262999999999999790e-01
-8.668000000000000149e-01
1.130000000000000032e-01
-7.359999999999999876e-02
-1.238999999999999962e-01
9.959999999999999409e-02
8.659000000000000030e-01
7.910000000000000364e-01
8.873999999999999666e-01
9.638999999999999790e-01
7.571999999999999842e-01
5.756999999999999895e-01
-8.000000000000000167e-02
-8.439999999999999725e-01
-4.358000000000000207e-01
4.665000000000000258e-01
-5.692000000000000393e-01
9.769999999999999518e-02
9.446999999999999842e-01
-4.751000000000000223e-01
9.465999999999999970e-01
-6.171999999999999709e-01
-9.315999999999999837e-01
-6.467000000000000526e-01
-1.579000000000000126e-01
-3.897999999999999798e-01
4.541999999999999926e-01
9.435000000000000053e-01
-6.925999999999999934e-01
3.588000000000000078e-01
-3.202999999999999736e-01
3.930000000000000160e-01
4.580000000000000043e-02
-1.804999999999999938e-01
1.723999999999999977e-01
4.591999999999999971e-01
-5.957999999999999963e-01
2.982000000000000206e-01
-2.675000000000000155e-01
9.357999999999999652e-01
