4.235999999999999766e-01
5.965000000000000302e-01
-8.892999999999999794e-01
-4.428000000000000269e-01
5.466999999999999638e-01
-7.080000000000000182e-02
2.127999999999999892e-01
9.461000000000000520e-01
4.104999999999999760e-01
-4.780000000000000221e-02
3.120999999999999885e-01
-5.846000000000000085e-01
-1.764999999999999902e-01
-5.933000000000000496e-01
5.275999999999999579e-01
-5.330000000000000016e-02
-8.052000000000000268e-01
-6.229000000000000092e-01
-4.598999999999999755e-01
8.005999999999999783e-01
3.663000000000000145e-01
-6.467000000000000526e-01
-8.555000000000000382e-01
-1.693999999999999950e-01
6.657999999999999474e-01
3.840000000000000080e-01
6.701000000000000290e-01
4.430000000000000049e-01
-2.111999999999999988e-01
-7.370000000000000162e-02
-5.245999999999999552e-01
6.057000000000000162e-01
3.361000000000000099e-01
3.387000000000000011e-01
-8.041000000000000369e-01
9.817000000000000171e-01
-2.962000000000000188e-01
-3.085999999999999854e-01
-8.290000000000000147e-02
-6.395999999999999464e-01
2.535999999999999921e-01
-2.386000000000000065e-01
2.078000000000000125e-01
-9.426999999999999824e-01
-7.530000000000000582e-02
3.086999999999999744e-01
6.731000000000000316e-01
4.290999999999999814e-01
-4.199999999999999740e-03
-7.089999999999999636e-01
6.324999999999999512e-01
-7.482999999999999652e-01
1.471000000000000085e-01
4.152000000000000135e-01
7.801000000000000156e-01
-2.051000000000000045e-01
-8.640999999999999792e-01
3.442999999999999949e-01
2.785000000000000253e-01
-5.270000000000000240e-01
4.813000000000000056e-01
6.125000000000000444e-01
2.752000000000000002e-01
-2.174999999999999989e-01
2.210999999999999910e-01
4.877000000000000224e-01
-4.999000000000000110e-01
4.461999999999999855e-01
4.248999999999999999e-01
-7.153000000000000469e-01
2.393000000000000127e-01
4.232000000000000206e-01
-8.530999999999999694e-01
-4.763000000000000012e-01
3.482999999999999985e-01
4.913000000000000145e-01
-8.927000000000000490e-01
-1.653999999999999915e-01
-8.104000000000000092e-01
6.954000000000000181e-01
-7.812000000000000055e-01
-4.823000000000000065e-01
8.399999999999999689e-01
-9.414000000000000146e-01
-7.000999999999999446e-01
-8.182000000000000384e-01
-2.897000000000000131e-01
6.400000000000000307e-03
4.625000000000000222e-01
6.850000000000000533e-01
-8.394000000000000350e-01
-9.180000000000000659e-02
-1.192000000000000004e-01
-3.450000000000000289e-02
1.035999999999999976e-01
-9.616999999999999993e-01
-8.693999999999999506e-01
8.047999999999999599e-01
-4.909000000000000030e-01
1.237999999999999934e-01
7.792000000000000037e-01
4.248999999999999999e-01
4.519999999999999712e-02
6.169999999999999790e-02
7.239999999999999769e-01
-5.325999999999999623e-01
-2.156000000000000139e-01
9.708999999999999853e-01
3.254000000000000226e-01
9.040000000000000258e-01
-6.991000000000000547e-01
-5.427999999999999492e-01
7.841000000000000192e-01
5.981999999999999540e-01
-2.897000000000000131e-01
8.774999999999999467e-01
5.341000000000000192e-01
-7.378000000000000114e-01
-1.787999999999999867e-01
-1.640000000000000069e-01
9.270000000000000462e-01
3.113000000000000211e-01
2.421000000000000096e-01
4.500000000000000111e-01
-6.069999999999999840e-01
2.479999999999999913e-02
-3.993999999999999773e-01
-4.031000000000000139e-01
3.810000000000000053e-01
-8.703999999999999515e-01
-8.250999999999999446e-01
8.649000000000000021e-01
7.951000000000000290e-01
-8.526000000000000245e-01
6.348000000000000309e-01
6.290000000000000036e-01
2.772000000000000020e-01
2.200000000000000133e-03
-3.638000000000000123e-01
-6.959999999999999520e-02
-9.042000000000000037e-01
-3.019000000000000017e-01
-2.351999999999999924e-01
9.024999999999999689e-01
-1.761000000000000065e-01
4.441999999999999837e-01
-6.980000000000000093e-02
-3.086999999999999744e-01
5.064999999999999503e-01
7.910000000000000364e-01
-5.230000000000000204e-01
8.769000000000000128e-01
5.474999999999999867e-01
-3.180000000000000049e-01
-5.847999999999999865e-01
-2.051000000000000045e-01
9.252000000000000224e-01
-6.979999999999999538e-01
-2.908999999999999919e-01
3.785999999999999921e-01
-9.351000000000000423e-01
-8.582999999999999519e-01
6.592000000000000082e-01
-9.040000000000000258e-01
3.140999999999999903e-01
8.655000000000000471e-01
2.149999999999999828e-02
4.656000000000000139e-01
1.325000000000000067e-01
-4.959999999999999826e-02
-5.110000000000000098e-01
-2.565999999999999948e-01
5.483999999999999986e-01
1.623999999999999888e-01
-4.097000000000000086e-01
-9.760000000000000620e-02
-7.493999999999999551e-01
9.446999999999999842e-01
-2.661999999999999922e-01
-6.170999999999999819e-01
9.731999999999999540e-01
5.432000000000000162e-01
-9.193999999999999950e-01
3.318999999999999728e-01
6.371999999999999886e-01
7.276000000000000245e-01
5.591000000000000414e-01
-1.229999999999999982e-01
-3.492000000000000104e-01
2.615000000000000102e-01
5.647999999999999687e-01
-7.691999999999999948e-01
8.137999999999999678e-01
-5.539999999999999786e-02
-6.802000000000000268e-01
-6.770000000000000462e-01
-8.578000000000000069e-01
-1.305000000000000049e-01
-1.633999999999999897e-01
2.748999999999999777e-01
4.506999999999999895e-01
-8.084999999999999964e-01
9.072999999999999954e-01
2.184000000000000108e-01
-2.667999999999999816e-01
3.024999999999999911e-01
-6.479000000000000314e-01
4.988000000000000211e-01
-1.349999999999999985e-02
-4.274999999999999911e-01
-9.627999999999999892e-01
9.913999999999999480e-01
3.257999999999999785e-01
3.231999999999999873e-01
-9.762999999999999456e-01
9.817000000000000171e-01
4.190999999999999726e-01
1.773000000000000131e-01
-8.487999999999999989e-01
3.758000000000000229e-01
-6.548000000000000487e-01
8.194000000000000172e-01
-9.042999999999999927e-01
1.900000000000000022e-01
-3.449999999999999734e-01
-9.435000000000000053e-01
2.366000000000000048e-01
4.123999999999999888e-01
-8.480000000000000038e-02
8.024000000000000021e-01
2.631000000000000005e-01
8.296000000000000041e-01
9.139999999999999514e-02
-3.473999999999999866e-01
-9.850999999999999757e-01
-5.182999999999999829e-01
-1.292999999999999983e-01
-9.326999999999999735e-01
-3.629999999999999893e-02
-3.753000000000000225e-01
-7.830000000000000293e-01
6.342999999999999750e-01
9.983999999999999542e-01
-8.633999999999999453e-01
-9.579999999999999627e-01
9.979999999999999982e-02
8.518000000000000016e-01
1.945999999999999952e-01
-2.651000000000000023e-01
-6.834999999999999964e-01
8.849000000000000199e-01
-1.623999999999999888e-01
-7.280999999999999694e-01
4.464000000000000190e-01
-7.067999999999999838e-01
1.360999999999999988e-01
9.616000000000000103e-01
-3.296000000000000041e-01
-7.430000000000000493e-02
3.623999999999999999e-01
-2.101000000000000090e-01
-8.912999999999999812e-01
9.002999999999999892e-01
-5.319999999999999729e-02
9.023999999999999799e-01
-7.496000000000000441e-01
3.799999999999999906e-02
6.238000000000000211e-01
-5.062999999999999723e-01
-1.333999999999999908e-01
-9.848000000000000087e-01
-5.536999999999999700e-01
5.191000000000000059e-01
8.773999999999999577e-01
-6.219999999999999973e-01
-9.775000000000000355e-01
-4.850000000000000144e-02
5.792000000000000481e-01
6.101999999999999647e-01
6.261999999999999789e-01
8.871999999999999886e-01
5.552000000000000268e-01
9.161000000000000254e-01
3.261999999999999900e-01
8.738000000000000211e-01
2.595000000000000084e-01
3.281000000000000028e-01
-6.979999999999999538e-01
2.497999999999999943e-01
2.338000000000000078e-01
4.660000000000000253e-01
-1.849000000000000088e-01
3.307999999999999829e-01
-7.005000000000000115e-01
-2.829999999999999877e-02
5.504999999999999893e-01
6.438000000000000389e-01
6.157000000000000250e-01
9.760000000000000620e-02
4.400999999999999912e-01
5.714000000000000190e-01
6.917999999999999705e-01
2.033000000000000085e-01
-1.205999999999999989e-01
-3.276000000000000023e-01
-2.152000000000000024e-01
6.754999999999999893e-01
2.780000000000000249e-01
7.560000000000000053e-02
-9.045999999999999597e-01
2.595999999999999974e-01
2.466000000000000136e-01
5.486999999999999655e-01
8.709999999999999964e-01
-7.411999999999999700e-01
2.318999999999999950e-01
3.573999999999999955e-01
1.998000000000000054e-01
5.348000000000000531e-01
-8.138999999999999568e-01
-7.119999999999999940e-02
-5.564000000000000057e-01
4.605000000000000204e-01
-2.755000000000000226e-01
-9.299999999999999933e-02
-8.149999999999999467e-01
6.819999999999999674e-02
-9.082000000000000073e-01
7.781000000000000139e-01
-6.493999999999999773e-01
-9.509999999999999565e-01
7.566000000000000503e-01
-7.502999999999999670e-01
3.375000000000000222e-01
5.700000000000000205e-02
2.366000000000000048e-01
2.222999999999999976e-01
-3.351000000000000090e-01
-9.246999999999999664e-01
-8.405000000000000249e-01
-8.250000000000000389e-02
-7.708000000000000407e-01
3.427000000000000046e-01
-6.770000000000000462e-01
9.001000000000000112e-01
7.694999999999999618e-01
9.509999999999999565e-01
-8.943999999999999728e-01
-5.030999999999999917e-01
9.999000000000000110e-01
