-3.733000000000000207e-01
9.076999999999999513e-01
-7.796999999999999487e-01
3.250000000000000111e-02
8.434000000000000385e-01
-8.393000000000000460e-01
-6.539999999999999980e-02
-3.514999999999999791e-01
4.189999999999999974e-02
9.741999999999999549e-01
3.299999999999999982e-03
-3.280000000000000138e-01
7.270000000000000073e-02
-5.056000000000000494e-01
-1.100000000000000066e-03
6.081999999999999629e-01
8.525000000000000355e-01
-2.696999999999999953e-01
6.848999999999999533e-01
1.013000000000000012e-01
3.191999999999999837e-01
-1.322000000000000119e-01
6.491000000000000103e-01
4.398000000000000242e-01
-9.354999999999999982e-01
-6.566999999999999504e-01
-8.319999999999999618e-02
-1.619999999999999912e-02
-9.980999999999999872e-01
5.140000000000000124e-01
-5.957000000000000073e-01
-4.721000000000000196e-01
4.839999999999999858e-02
2.132000000000000006e-01
-7.042000000000000481e-01
5.305999999999999606e-01
7.527000000000000357e-01
7.599000000000000199e-01
-2.506999999999999784e-01
-6.608000000000000540e-01
4.712999999999999967e-01
-9.639999999999999680e-01
-7.705999999999999517e-01
-5.461000000000000298e-01
-6.126000000000000334e-01
4.134999999999999787e-01
-5.941999999999999504e-01
-4.445999999999999952e-01
-8.290000000000000147e-02
-7.587000000000000410e-01
-4.273000000000000131e-01
6.729000000000000536e-01
4.882000000000000228e-01
8.508000000000000007e-01
-2.939999999999999836e-01
7.496000000000000441e-01
6.964000000000000190e-01
4.532999999999999807e-01
-9.243000000000000105e-01
-8.582999999999999519e-01
-9.207999999999999519e-01
-8.732999999999999652e-01
-8.830999999999999961e-01
-9.831999999999999629e-01
-4.171000000000000263e-01
-4.956999999999999740e-01
-6.750000000000000444e-02
-2.041000000000000036e-01
-1.349999999999999985e-02
-3.427000000000000046e-01
-9.991999999999999771e-01
4.974999999999999978e-01
-1.228000000000000064e-01
-1.209999999999999964e-01
3.835000000000000075e-01
1.055999999999999994e-01
1.653000000000000025e-01
9.398999999999999577e-01
-1.116999999999999937e-01
1.539999999999999980e-01
-3.854000000000000203e-01
9.022000000000000020e-01
-8.580000000000000127e-02
-9.444000000000000172e-01
-7.488000000000000211e-01
2.685000000000000164e-01
-5.120000000000000245e-02
-2.587999999999999745e-01
8.239999999999999547e-01
8.018999999999999462e-01
1.451000000000000068e-01
-8.032000000000000250e-01
-9.546999999999999931e-01
-5.042999999999999705e-01
-1.401999999999999913e-01
2.200999999999999901e-01
-5.322999999999999954e-01
3.638000000000000123e-01
8.928000000000000380e-01
-4.339999999999999969e-01
3.627000000000000224e-01
6.955999999999999961e-01
-4.366999999999999771e-01
-9.408999999999999586e-01
-8.320999999999999508e-01
-2.030000000000000138e-01
-1.640999999999999959e-01
-7.016999999999999904e-01
-7.929999999999999549e-02
3.397000000000000020e-01
-3.599999999999999901e-03
-3.181999999999999829e-01
-7.066000000000000059e-01
-9.457999999999999741e-01
-5.875000000000000222e-01
3.175000000000000044e-01
6.397000000000000464e-01
6.646999999999999575e-01
-2.877000000000000113e-01
1.608999999999999875e-01
8.189999999999999503e-01
8.927000000000000490e-01
-5.614999999999999991e-01
4.437999999999999723e-01
5.369999999999999774e-02
-8.747000000000000330e-01
-3.930000000000000160e-01
-2.308000000000000052e-01
6.539999999999999980e-02
7.456000000000000405e-01
-8.633999999999999453e-01
-1.580000000000000016e-01
4.150000000000000216e-02
1.532000000000000028e-01
4.396999999999999797e-01
2.220000000000000029e-01
-7.955999999999999739e-01
4.255999999999999783e-01
2.126000000000000112e-01
7.960000000000000409e-01
7.098999999999999755e-01
4.365999999999999881e-01
1.448000000000000120e-01
1.179000000000000048e-01
-4.484000000000000208e-01
8.728000000000000203e-01
-7.193000000000000504e-01
-8.222000000000000419e-01
-3.330000000000000182e-01
-7.993000000000000105e-01
-4.440999999999999948e-01
-3.210999999999999965e-01
1.847999999999999921e-01
-1.512000000000000011e-01
-1.764999999999999902e-01
-3.874000000000000221e-01
3.017000000000000237e-01
8.326999999999999957e-01
-9.969999999999999973e-01
-5.255999999999999561e-01
-7.876999999999999558e-01
-7.331999999999999629e-01
-1.648000000000000020e-01
9.023999999999999799e-01
-8.820000000000000062e-01
5.280000000000000249e-01
9.789999999999999813e-01
8.917000000000000481e-01
1.890000000000000013e-01
-6.105000000000000426e-01
8.610999999999999766e-01
6.885999999999999899e-01
-9.889999999999999902e-01
-2.842000000000000082e-01
1.721000000000000030e-01
8.915999999999999481e-01
-8.706000000000000405e-01
-7.879999999999999505e-02
-5.945000000000000284e-01
-4.878000000000000114e-01
-7.028999999999999693e-01
-7.831000000000000183e-01
-6.714999999999999858e-01
6.606999999999999540e-01
9.506999999999999895e-01
-2.906000000000000250e-01
-5.653000000000000247e-01
2.787000000000000033e-01
-4.055000000000000271e-01
7.342999999999999527e-01
6.792000000000000259e-01
6.237000000000000322e-01
3.758000000000000229e-01
-1.431000000000000050e-01
-4.939999999999999947e-01
-1.489000000000000046e-01
5.352000000000000091e-01
-5.602000000000000313e-01
-1.965999999999999970e-01
-7.670000000000000429e-02
7.337000000000000188e-01
-7.106999999999999984e-01
-6.929999999999999494e-01
-7.458000000000000185e-01
-8.070000000000000506e-01
1.955999999999999961e-01
-1.572999999999999954e-01
1.300999999999999934e-01
6.591000000000000192e-01
-5.526999999999999691e-01
9.919999999999999651e-02
-8.964999999999999636e-01
-4.566000000000000059e-01
4.232000000000000206e-01
-7.925999999999999712e-01
2.076000000000000068e-01
4.549999999999999878e-02
4.554000000000000270e-01
-3.615999999999999770e-01
-8.760999999999999899e-01
9.769999999999999796e-01
-6.981000000000000538e-01
-7.489999999999999436e-02
3.526000000000000245e-01
-2.705000000000000182e-01
3.413999999999999813e-01
2.379999999999999893e-01
9.673000000000000487e-01
-6.519999999999999407e-02
-1.088999999999999968e-01
-4.158000000000000029e-01
9.539999999999999591e-01
-6.997999999999999776e-01
1.454000000000000015e-01
7.894999999999999796e-01
3.520000000000000212e-02
-1.930999999999999939e-01
-4.953000000000000180e-01
-1.089999999999999997e-01
6.304999999999999494e-01
8.111000000000000432e-01
-3.844000000000000195e-01
5.678999999999999604e-01
7.614999999999999547e-01
-3.617000000000000215e-01
-2.690000000000000030e-02
-1.627000000000000113e-01
-5.456999999999999629e-01
8.390999999999999570e-01
-8.316999999999999948e-01
7.148999999999999799e-01
9.530999999999999472e-01
-1.072000000000000036e-01
3.669999999999999929e-01
4.980999999999999872e-01
3.175999999999999934e-01
-7.551999999999999824e-01
5.220000000000000334e-02
9.558999999999999719e-01
7.951000000000000290e-01
1.532000000000000028e-01
2.386000000000000065e-01
9.540999999999999481e-01
-4.444000000000000172e-01
-2.656000000000000028e-01
8.746000000000000441e-01
6.812000000000000277e-01
-7.370999999999999774e-01
3.385000000000000231e-01
8.649000000000000021e-01
-5.744000000000000217e-01
-2.252000000000000113e-01
-2.184000000000000108e-01
-3.528999999999999915e-01
7.815999999999999615e-01
-2.218999999999999861e-01
-1.743999999999999995e-01
-3.010999999999999788e-01
-6.639000000000000457e-01
-7.755999999999999561e-01
7.301999999999999602e-01
-8.315000000000000169e-01
-2.260000000000000064e-01
-5.269000000000000350e-01
5.850000000000000339e-02
3.549999999999999684e-02
5.247000000000000552e-01
3.099999999999999978e-02
-4.833000000000000074e-01
4.706000000000000183e-01
-1.872999999999999943e-01
5.056000000000000494e-01
-4.681000000000000161e-01
8.709000000000000075e-01
-8.042000000000000259e-01
-9.959999999999999409e-02
-6.349000000000000199e-01
9.046999999999999487e-01
9.667000000000000037e-01
-3.563999999999999946e-01
-4.485999999999999988e-01
-8.800000000000000044e-01
-8.609999999999999876e-01
6.805999999999999828e-01
-1.275999999999999912e-01
-9.383000000000000229e-01
-4.697000000000000064e-01
9.335999999999999854e-01
-5.181000000000000050e-01
-8.706000000000000405e-01
-1.145999999999999935e-01
-4.804999999999999827e-01
3.452000000000000068e-01
-4.535000000000000142e-01
-2.099999999999999870e-03
5.089000000000000190e-01
1.343000000000000027e-01
3.148000000000000242e-01
5.574000000000000066e-01
-2.187000000000000055e-01
5.032999999999999696e-01
6.651000000000000245e-01
-8.587000000000000188e-01
-1.769000000000000017e-01
-3.554999999999999827e-01
8.419999999999999707e-02
4.953000000000000180e-01
4.285999999999999810e-01
-8.719999999999999973e-02
4.430000000000000049e-01
4.920000000000000068e-02
-4.711000000000000187e-01
4.757000000000000117e-01
-6.837999999999999634e-01
-6.371999999999999886e-01
6.461000000000000076e-01
-2.023000000000000076e-01
7.539999999999999480e-02
-7.107999999999999874e-01
8.499999999999999778e-01
-3.099999999999999891e-03
-8.089999999999999969e-02
-3.360000000000000209e-01
8.409999999999999420e-02
9.427999999999999714e-01
-6.754000000000000004e-01
-1.270000000000000018e-01
5.684000000000000163e-01
9.306999999999999718e-01
8.560999999999999721e-01
