4.667000000000000037e-01
-1.796000000000000096e-01
4.746000000000000218e-01
-6.423999999999999710e-01
-9.560000000000000442e-02
5.951999999999999513e-01
-9.776000000000000245e-01
8.660999999999999810e-01
-3.431000000000000161e-01
9.916000000000000369e-01
5.462000000000000188e-01
5.244999999999999662e-01
2.661000000000000032e-01
7.963000000000000078e-01
1.718999999999999972e-01
-9.275999999999999801e-01
6.934000000000000163e-01
5.195999999999999508e-01
3.911999999999999922e-01
7.864999999999999769e-01
-4.270000000000000184e-02
-5.919999999999999707e-01
-3.829000000000000181e-01
-6.330999999999999961e-01
3.599999999999999867e-01
-2.174000000000000099e-01
-2.479000000000000092e-01
9.774000000000000465e-01
6.810000000000000497e-01
2.069999999999999896e-01
-9.670999999999999597e-01
6.606999999999999540e-01
8.460999999999999632e-01
-3.195000000000000062e-01
-5.850000000000000339e-02
3.461000000000000187e-01
-8.322000000000000508e-01
-2.621999999999999886e-01
4.366999999999999771e-01
5.949999999999999734e-01
6.643000000000000016e-01
6.931000000000000494e-01
-5.311000000000000165e-01
-3.830999999999999961e-01
-1.264000000000000123e-01
6.370000000000000107e-01
7.670000000000000429e-02
2.416000000000000092e-01
-4.927000000000000268e-01
-6.098000000000000087e-01
4.989000000000000101e-01
-3.978999999999999759e-01
2.503000000000000225e-01
3.457999999999999963e-01
-1.100000000000000066e-03
5.752000000000000446e-01
2.545000000000000040e-01
2.167999999999999927e-01
-4.094999999999999751e-01
6.317000000000000393e-01
-7.489999999999999991e-01
5.947000000000000064e-01
3.366999999999999993e-01
-3.024000000000000021e-01
7.657000000000000473e-01
-2.693999999999999728e-01
6.454999999999999627e-01
-2.832000000000000073e-01
-3.297999999999999821e-01
-6.159999999999999920e-01
6.562000000000000055e-01
-2.442999999999999894e-01
7.923999999999999932e-01
6.951000000000000512e-01
-9.109000000000000430e-01
4.173000000000000043e-01
2.204000000000000126e-01
-6.472999999999999865e-01
-6.062999999999999501e-01
-8.652999999999999581e-01
-4.761000000000000232e-01
-4.038999999999999813e-01
-2.051000000000000045e-01
1.376999999999999891e-01
9.777000000000000135e-01
2.747999999999999887e-01
-5.963000000000000522e-01
-3.443999999999999839e-01
2.270000000000000073e-01
3.145999999999999908e-01
7.186000000000000165e-01
9.032000000000000028e-01
3.810000000000000053e-01
8.867000000000000437e-01
1.207000000000000017e-01
7.159999999999999698e-02
-4.290000000000000063e-02
-9.817000000000000171e-01
-2.701999999999999957e-01
-9.098000000000000531e-01
-4.148999999999999910e-01
5.530000000000000471e-01
2.576999999999999846e-01
9.393000000000000238e-01
6.410000000000000420e-02
-8.127999999999999670e-01
9.895000000000000462e-01
9.227999999999999536e-01
3.840000000000000080e-01
3.830000000000000071e-01
-4.546999999999999931e-01
9.398999999999999577e-01
2.283000000000000029e-01
5.537999999999999590e-01
-8.592999999999999527e-01
-4.980999999999999872e-01
8.640999999999999792e-01
1.980000000000000163e-02
-8.675000000000000488e-01
6.610000000000000597e-02
1.510000000000000057e-02
2.831000000000000183e-01
-3.266000000000000014e-01
5.927000000000000046e-01
-2.242999999999999994e-01
-5.471000000000000307e-01
2.686000000000000054e-01
7.098999999999999755e-01
-2.750000000000000222e-01
8.824999999999999512e-01
6.869999999999999718e-02
6.660000000000000642e-02
9.917000000000000259e-01
3.564999999999999836e-01
-9.743000000000000549e-01
3.286000000000000032e-01
9.976000000000000423e-01
-9.427999999999999714e-01
-8.545000000000000373e-01
-2.842999999999999972e-01
-7.409999999999999920e-02
-5.409000000000000474e-01
-6.278000000000000247e-01
5.561000000000000387e-01
1.479999999999999927e-01
-1.308999999999999886e-01
5.567999999999999616e-01
-1.549999999999999989e-02
-8.511999999999999567e-01
5.483000000000000096e-01
3.840999999999999970e-01
4.752000000000000113e-01
-6.297000000000000375e-01
5.614999999999999991e-01
-3.327999999999999847e-01
-3.149000000000000132e-01
2.983999999999999986e-01
-9.985000000000000542e-01
-9.273000000000000131e-01
-9.213000000000000078e-01
-3.094999999999999973e-01
-4.593999999999999750e-01
-7.178999999999999826e-01
-9.070000000000000284e-02
-3.392000000000000015e-01
3.613999999999999990e-01
-6.385999999999999455e-01
1.958000000000000018e-01
7.812000000000000055e-01
7.550999999999999934e-01
9.445999999999999952e-01
-2.619000000000000217e-01
-1.340999999999999970e-01
7.567000000000000393e-01
-7.800000000000000266e-01
5.853000000000000425e-01
1.562000000000000055e-01
-4.390000000000000013e-01
-7.345000000000000417e-01
2.548000000000000265e-01
7.257000000000000117e-01
4.007000000000000006e-01
-8.588999999999999968e-01
-2.396999999999999964e-01
3.200000000000000067e-02
7.236000000000000210e-01
-1.004000000000000031e-01
1.146999999999999964e-01
9.931999999999999718e-01
-2.396000000000000074e-01
4.500000000000000111e-01
-4.900000000000000189e-02
7.950000000000000400e-01
8.680999999999999828e-01
8.630000000000000171e-02
-3.694000000000000061e-01
3.885000000000000120e-01
4.687000000000000055e-01
-2.997000000000000219e-01
7.240000000000000602e-02
7.610000000000000098e-02
2.296999999999999875e-01
7.047999999999999821e-01
8.579999999999999849e-01
-2.852999999999999980e-01
3.387999999999999901e-01
2.497000000000000053e-01
-6.973000000000000309e-01
2.713999999999999746e-01
-9.015999999999999570e-01
7.318999999999999950e-01
-3.870000000000000107e-01
4.813000000000000056e-01
-4.423000000000000265e-01
-3.407999999999999918e-01
3.160000000000000031e-01
-4.961999999999999744e-01
-8.459999999999999465e-02
9.143999999999999906e-01
6.250999999999999890e-01
2.021999999999999909e-01
8.484000000000000430e-01
6.579999999999999738e-02
3.156999999999999806e-01
1.807999999999999885e-01
-8.019999999999999352e-02
6.119999999999999746e-02
3.563000000000000056e-01
-7.438000000000000167e-01
3.806999999999999829e-01
5.600000000000000117e-02
-9.289999999999999647e-02
-7.520000000000000295e-02
-3.015999999999999792e-01
-1.080000000000000057e-02
-5.759999999999999565e-01
6.442999999999999838e-01
1.288999999999999868e-01
6.047000000000000153e-01
4.524000000000000243e-01
-3.738000000000000211e-01
-8.555000000000000382e-01
4.101000000000000201e-01
-3.991000000000000103e-01
2.217000000000000082e-01
-4.198000000000000065e-01
-7.100000000000000408e-03
9.514000000000000234e-01
-7.701000000000000068e-01
-6.522999999999999909e-01
-2.470999999999999863e-01
1.353999999999999926e-01
4.240999999999999770e-01
9.688999999999999835e-01
-3.391000000000000125e-01
-9.059999999999999998e-02
-7.922000000000000153e-01
-3.620000000000000301e-02
-9.556999999999999940e-01
-8.269999999999999574e-01
2.131000000000000116e-01
-5.881999999999999451e-01
5.256999999999999451e-01
8.834999999999999520e-01
9.952999999999999625e-01
7.707000000000000517e-01
-7.697000000000000508e-01
5.723000000000000309e-01
5.705000000000000071e-01
1.472999999999999865e-01
5.393000000000000016e-01
6.904000000000000137e-01
-2.470999999999999863e-01
-1.152999999999999997e-01
2.096999999999999975e-01
3.649999999999999911e-01
-4.466999999999999860e-01
6.499999999999999702e-03
-8.151000000000000467e-01
7.289999999999999813e-01
5.396999999999999575e-01
9.432000000000000384e-01
-1.297000000000000097e-01
-2.898000000000000020e-01
3.869000000000000217e-01
-3.533000000000000029e-01
6.733999999999999986e-01
4.954000000000000070e-01
-4.657999999999999918e-01
2.288999999999999924e-01
-9.633000000000000451e-01
-2.690000000000000030e-02
5.694000000000000172e-01
-1.055999999999999994e-01
-4.237000000000000210e-01
-8.437999999999999945e-01
6.975999999999999979e-01
8.562999999999999501e-01
8.457000000000000073e-01
1.640999999999999959e-01
2.001000000000000001e-01
7.013000000000000345e-01
6.169999999999999790e-02
3.487999999999999989e-01
8.440999999999999615e-01
-8.263000000000000345e-01
-3.088000000000000189e-01
5.936000000000000165e-01
5.743000000000000327e-01
-1.768000000000000127e-01
-3.416000000000000147e-01
3.860000000000000098e-01
-3.516000000000000236e-01
-8.353000000000000425e-01
-3.235999999999999988e-01
7.804999999999999716e-01
-6.642000000000000126e-01
6.709000000000000519e-01
3.698000000000000176e-01
-2.016000000000000014e-01
9.737000000000000099e-01
-5.802000000000000490e-01
2.005000000000000115e-01
7.389999999999999347e-02
-3.861999999999999877e-01
-8.899999999999999578e-02
4.278000000000000136e-01
5.211000000000000076e-01
8.997000000000000552e-01
6.370000000000000107e-01
-6.801000000000000378e-01
-1.650999999999999968e-01
4.121000000000000218e-01
7.773999999999999799e-01
-5.480000000000000426e-01
-1.718999999999999972e-01
2.489000000000000101e-01
8.276000000000000023e-01
-4.963000000000000189e-01
-3.477000000000000091e-01
-6.401999999999999913e-01
-2.132999999999999896e-01
-4.781000000000000250e-01
-2.333000000000000074e-01
1.043000000000000038e-01
-7.053000000000000380e-01
9.698999999999999844e-01
-6.160999999999999810e-01
8.525000000000000355e-01
-2.903999999999999915e-01
