-1.889000000000000123e-01
-4.837000000000000188e-01
-3.512000000000000122e-01
-1.502000000000000002e-01
1.600000000000000033e-02
6.582999999999999963e-01
-8.933999999999999719e-01
-8.640999999999999792e-01
2.259999999999999856e-02
1.318000000000000005e-01
1.106000000000000039e-01
5.033999999999999586e-01
2.313000000000000056e-01
6.290999999999999925e-01
-9.085999999999999632e-01
-5.228000000000000425e-01
4.017999999999999905e-01
-7.670000000000000429e-02
7.122000000000000552e-01
-7.834999999999999742e-01
-7.364000000000000545e-01
-5.664000000000000146e-01
3.784000000000000141e-01
-9.504000000000000226e-01
1.945000000000000062e-01
3.615999999999999770e-01
3.301000000000000045e-01
4.440000000000000197e-02
1.456999999999999962e-01
-3.313999999999999724e-01
5.914000000000000368e-01
-2.772999999999999909e-01
6.621000000000000218e-01
6.409000000000000252e-01
-1.000000000000000048e-04
6.734999999999999876e-01
-2.536999999999999811e-01
7.499000000000000110e-01
6.902000000000000357e-01
6.611000000000000210e-01
3.668000000000000149e-01
7.859000000000000430e-01
4.254999999999999893e-01
1.557000000000000051e-01
2.575000000000000067e-01
-3.851999999999999869e-01
-2.099999999999999870e-03
6.005000000000000338e-01
6.784999999999999920e-01
9.523000000000000353e-01
2.459999999999999964e-01
7.844999999999999751e-01
-1.376999999999999891e-01
-7.909000000000000474e-01
-8.428999999999999826e-01
6.454999999999999627e-01
4.030000000000000249e-02
-1.894000000000000128e-01
6.572999999999999954e-01
-5.598999999999999533e-01
2.205999999999999905e-01
7.993000000000000105e-01
-2.520999999999999908e-01
9.361000000000000432e-01
-2.529999999999999957e-02
3.269999999999999990e-02
-6.407000000000000473e-01
8.296999999999999931e-01
5.808999999999999719e-01
-3.459999999999999881e-02
7.639000000000000234e-01
-7.495000000000000551e-01
5.566999999999999726e-01
1.771999999999999964e-01
2.948999999999999955e-01
-9.616999999999999993e-01
-7.102000000000000535e-01
-7.368999999999999995e-01
2.073000000000000120e-01
-7.670000000000000429e-02
-7.539999999999999480e-02
3.939999999999999752e-02
7.654999999999999583e-01
2.756000000000000116e-01
4.813999999999999946e-01
-6.703000000000000069e-01
7.722999999999999865e-01
-8.242000000000000437e-01
6.515999999999999570e-01
-6.682000000000000162e-01
9.433000000000000274e-01
3.391000000000000125e-01
3.855000000000000093e-01
-2.793999999999999817e-01
-5.947999999999999954e-01
-5.835000000000000187e-01
5.894000000000000350e-01
-9.070000000000000284e-01
-4.323000000000000176e-01
3.664000000000000035e-01
-9.650000000000000244e-02
-5.539999999999999786e-02
-7.802000000000000046e-01
-8.245000000000000107e-01
2.326999999999999902e-01
-2.872999999999999998e-01
2.255000000000000060e-01
-1.799999999999999933e-01
-6.497000000000000552e-01
-3.670000000000000345e-02
-3.997999999999999887e-01
6.524999999999999689e-01
5.273999999999999799e-01
-3.355000000000000204e-01
-4.677999999999999936e-01
2.651999999999999913e-01
-3.942999999999999838e-01
-4.485999999999999988e-01
-1.110000000000000014e-01
2.467000000000000026e-01
4.520000000000000129e-01
2.728999999999999759e-01
8.182000000000000384e-01
-3.291999999999999926e-01
5.179000000000000270e-01
-7.458000000000000185e-01
1.170000000000000033e-02
6.197000000000000286e-01
-8.690000000000000502e-02
-4.837000000000000188e-01
-6.528000000000000469e-01
-9.417999999999999705e-01
1.850999999999999868e-01
-2.101999999999999980e-01
-8.355000000000000204e-01
6.506999999999999451e-01
3.951999999999999957e-01
1.405000000000000138e-01
-8.044999999999999929e-01
-2.649999999999999925e-02
-7.906999999999999584e-01
4.581000000000000072e-01
6.091999999999999638e-01
-1.710000000000000131e-01
-8.349999999999999645e-01
-5.496999999999999664e-01
3.781999999999999806e-01
7.684999999999999609e-01
1.756999999999999951e-01
3.030000000000000054e-02
7.042000000000000481e-01
-6.425999999999999490e-01
-2.980000000000000010e-02
5.150000000000000133e-01
-8.637000000000000233e-01
3.872999999999999776e-01
8.369999999999999662e-01
-6.774999999999999911e-01
6.615999999999999659e-01
7.013000000000000345e-01
3.163000000000000256e-01
-5.011999999999999789e-01
-9.644000000000000350e-01
-4.157000000000000139e-01
-7.225000000000000311e-01
-4.563999999999999724e-01
5.197000000000000508e-01
4.005000000000000226e-01
-1.811000000000000110e-01
8.266999999999999904e-01
-8.145999999999999908e-01
5.604000000000000092e-01
9.435999999999999943e-01
-9.517999999999999794e-01
-8.224000000000000199e-01
5.929999999999999716e-01
5.009999999999999870e-02
9.743000000000000549e-01
9.881999999999999673e-01
8.769000000000000128e-01
-4.900999999999999801e-01
1.077000000000000041e-01
-7.651000000000000023e-01
7.197000000000000064e-01
4.676000000000000156e-01
-1.255999999999999894e-01
-1.098999999999999977e-01
8.954999999999999627e-01
-4.290000000000000063e-02
8.369999999999999662e-02
7.781000000000000139e-01
9.688999999999999835e-01
-3.090000000000000038e-02
3.417000000000000037e-01
9.103999999999999870e-01
3.114000000000000101e-01
-8.883999999999999675e-01
-3.242999999999999772e-01
7.839000000000000412e-01
-2.954999999999999849e-01
5.028000000000000247e-01
-3.622000000000000219e-01
-7.802000000000000046e-01
-8.748000000000000220e-01
-5.180000000000000160e-01
6.270000000000000573e-02
6.715999999999999748e-01
9.385000000000000009e-01
6.805999999999999828e-01
-5.254999999999999671e-01
3.289000000000000257e-01
-2.069999999999999896e-01
-3.215999999999999970e-01
-7.252999999999999448e-01
2.262000000000000122e-01
4.774999999999999800e-01
8.751999999999999780e-01
2.460000000000000034e-02
-6.743999999999999995e-01
6.417000000000000481e-01
-1.958999999999999908e-01
2.860000000000000042e-02
-2.944999999999999840e-01
6.915999999999999925e-01
-3.015999999999999792e-01
3.780999999999999917e-01
-4.280999999999999805e-01
-6.366000000000000547e-01
1.648000000000000020e-01
2.592999999999999750e-01
4.789999999999999813e-02
4.625000000000000222e-01
6.190999999999999837e-01
5.738999999999999657e-01
5.815000000000000169e-01
-5.229999999999999927e-02
-1.376999999999999891e-01
-2.139999999999999888e-02
-8.383000000000000451e-01
-8.572999999999999510e-01
-1.105000000000000010e-01
1.237000000000000044e-01
-4.860999999999999766e-01
-2.978999999999999981e-01
-4.133999999999999897e-01
-1.580000000000000016e-01
-9.905000000000000471e-01
-5.119000000000000217e-01
4.839999999999999858e-01
-1.796999999999999986e-01
-6.397000000000000464e-01
9.294999999999999929e-01
9.442000000000000393e-01
7.608000000000000318e-01
5.336999999999999522e-01
-5.185999999999999499e-01
-3.230999999999999983e-01
-2.036000000000000032e-01
-2.318999999999999950e-01
9.958000000000000185e-01
-3.546000000000000263e-01
8.569999999999999840e-02
7.318000000000000060e-01
7.173000000000000487e-01
9.173999999999999932e-01
7.728000000000000425e-01
3.771999999999999797e-01
-5.806999999999999940e-01
6.178000000000000158e-01
-5.345999999999999641e-01
-2.119000000000000050e-01
8.401999999999999469e-01
-1.605999999999999928e-01
4.529000000000000248e-01
-8.280999999999999472e-01
-1.609999999999999973e-02
-7.388000000000000123e-01
-6.100000000000000387e-03
-5.241000000000000103e-01
5.413999999999999924e-01
-4.961999999999999744e-01
-1.317000000000000115e-01
-6.408000000000000362e-01
-5.960999999999999632e-01
-6.843000000000000194e-01
-1.791999999999999982e-01
3.145999999999999908e-01
4.636000000000000121e-01
2.484000000000000097e-01
2.899999999999999800e-03
6.897999999999999687e-01
-8.796000000000000485e-01
9.537999999999999812e-01
6.193999999999999506e-01
-7.620000000000000384e-02
2.879999999999999921e-02
-3.498999999999999888e-01
6.475999999999999535e-01
-6.076000000000000290e-01
-3.957999999999999852e-01
3.750000000000000000e-01
1.909999999999999892e-02
2.999999999999999889e-01
5.169000000000000261e-01
9.535000000000000142e-01
6.755999999999999783e-01
3.985000000000000209e-01
-2.637999999999999790e-01
-8.598000000000000087e-01
-7.264000000000000457e-01
1.663999999999999924e-01
3.504999999999999782e-01
-2.460000000000000034e-02
2.074999999999999900e-01
-7.503999999999999559e-01
-5.220000000000000195e-01
-9.574000000000000288e-01
5.897999999999999909e-01
7.138999999999999790e-01
8.474000000000000421e-01
-3.491000000000000214e-01
5.522000000000000242e-01
-9.175999999999999712e-01
-7.649000000000000243e-01
8.349999999999999645e-01
-2.565999999999999948e-01
1.887999999999999956e-01
1.908999999999999864e-01
1.847000000000000031e-01
-1.292000000000000093e-01
1.877999999999999947e-01
-3.039999999999999925e-01
-9.235999999999999766e-01
-5.645000000000000018e-01
4.187000000000000166e-01
-3.476000000000000201e-01
6.882000000000000339e-01
7.504999999999999449e-01
1.403000000000000080e-01
4.126000000000000223e-01
-9.284000000000000030e-01
-9.355999999999999872e-01
3.829000000000000181e-01
-1.695000000000000118e-01
3.870000000000000107e-01
-7.874999999999999778e-01
9.108000000000000540e-01
9.153000000000000025e-01
2.031000000000000028e-01
2.036999999999999922e-01
