9.271000000000000352e-01
-7.955999999999999739e-01
-1.034000000000000058e-01
-3.452999999999999958e-01
7.499000000000000110e-01
-2.489999999999999852e-02
9.287999999999999590e-01
2.281999999999999862e-01
1.512999999999999901e-01
-3.039000000000000035e-01
-2.681000000000000050e-01
-3.412000000000000033e-01
-8.516000000000000236e-01
2.331000000000000016e-01
4.089999999999999747e-01
-3.548999999999999932e-01
6.324999999999999512e-01
-1.479999999999999927e-01
3.559999999999999970e-02
-6.935999999999999943e-01
-4.183999999999999941e-01
-3.749999999999999861e-02
-3.882999999999999785e-01
1.996999999999999886e-01
3.239000000000000212e-01
-6.311999999999999833e-01
-3.081999999999999740e-01
-7.969999999999999307e-02
-2.982000000000000206e-01
2.164000000000000090e-01
-8.994999999999999662e-01
9.995000000000000551e-01
5.190000000000000169e-01
-9.257999999999999563e-01
1.781999999999999973e-01
9.367999999999999661e-01
-1.559999999999999998e-01
-5.971999999999999531e-01
5.437999999999999501e-01
-7.322999999999999510e-01
1.779000000000000026e-01
9.801999999999999602e-01
-5.010999999999999899e-01
-7.560999999999999943e-01
3.824000000000000177e-01
2.757000000000000006e-01
-4.398000000000000242e-01
8.933999999999999719e-01
1.158000000000000002e-01
4.104999999999999760e-01
5.010000000000000009e-01
7.606000000000000538e-01
1.323999999999999899e-01
5.817999999999999838e-01
-3.960000000000000325e-02
-9.562000000000000499e-01
2.207000000000000073e-01
8.295000000000000151e-01
8.336000000000000076e-01
4.002999999999999892e-01
4.254000000000000004e-01
-5.419000000000000483e-01
7.674999999999999600e-01
3.387999999999999901e-01
2.775000000000000244e-01
-7.691999999999999948e-01
6.088000000000000078e-01
2.565000000000000058e-01
-1.456999999999999962e-01
-2.529999999999999957e-02
1.200999999999999984e-01
3.383999999999999786e-01
1.365000000000000102e-01
1.353999999999999926e-01
-3.306000000000000050e-01
-3.442000000000000060e-01
-9.739999999999999769e-01
9.684000000000000385e-01
-3.425000000000000266e-01
-8.100000000000000255e-02
7.517000000000000348e-01
7.196000000000000174e-01
6.735999999999999766e-01
9.455999999999999961e-01
5.572000000000000286e-01
-7.962000000000000188e-01
-4.531999999999999917e-01
-5.719999999999999529e-01
-2.401000000000000079e-01
8.695000000000000506e-01
-1.107999999999999957e-01
3.382000000000000006e-01
8.565000000000000391e-01
-3.397000000000000020e-01
9.952999999999999625e-01
-7.423999999999999488e-01
5.068000000000000282e-01
-2.235000000000000042e-01
9.284999999999999920e-01
-2.923999999999999932e-01
-3.331999999999999962e-01
3.582000000000000184e-01
5.800000000000000294e-02
7.230000000000000315e-02
-5.709999999999999520e-01
-9.072000000000000064e-01
-5.322000000000000064e-01
-5.600000000000000117e-02
7.840000000000000302e-01
-3.866999999999999882e-01
8.050000000000000488e-01
4.354999999999999982e-01
9.575000000000000178e-01
5.645000000000000018e-01
7.499999999999999722e-02
-4.651000000000000134e-01
-4.680000000000000132e-02
-4.708999999999999853e-01
-3.553000000000000047e-01
-3.396000000000000130e-01
-9.429999999999999494e-01
9.469999999999999529e-01
9.100000000000000450e-03
9.243999999999999995e-01
3.899999999999999821e-03
1.118999999999999995e-01
-6.300000000000000044e-03
3.100999999999999868e-01
-2.189000000000000112e-01
-9.687999999999999945e-01
6.726999999999999647e-01
7.446000000000000396e-01
-4.576999999999999957e-01
3.119999999999999857e-02
5.010000000000000009e-01
6.802000000000000268e-01
-5.712000000000000410e-01
6.572000000000000064e-01
-7.922000000000000153e-01
-8.119999999999999440e-02
5.717999999999999750e-01
-8.640999999999999792e-01
-4.009999999999999676e-02
-1.850999999999999868e-01
-7.982000000000000206e-01
3.351999999999999980e-01
-2.069999999999999965e-02
-1.517999999999999905e-01
-7.532999999999999696e-01
-6.856999999999999762e-01
-6.400000000000000307e-03
-2.444000000000000061e-01
-3.025999999999999801e-01
-3.986000000000000099e-01
-6.887999999999999678e-01
-5.496999999999999664e-01
-6.846999999999999753e-01
1.832000000000000017e-01
6.601000000000000201e-01
-3.478999999999999870e-01
-6.245000000000000551e-01
-6.790000000000000202e-02
-1.082000000000000045e-01
-7.266000000000000236e-01
2.243999999999999884e-01
-3.534999999999999809e-01
3.141999999999999793e-01
-8.972999999999999865e-01
-2.424000000000000044e-01
4.264000000000000012e-01
1.313999999999999890e-01
-9.852999999999999536e-01
-1.401999999999999913e-01
3.145999999999999908e-01
-2.351999999999999924e-01
-4.840999999999999748e-01
4.263000000000000123e-01
-5.026000000000000467e-01
-7.652999999999999803e-01
-3.875000000000000111e-01
1.711000000000000021e-01
6.249000000000000110e-01
2.538000000000000256e-01
5.544000000000000039e-01
-7.642999999999999794e-01
-8.112000000000000322e-01
8.286999999999999922e-01
9.439999999999999503e-01
9.614000000000000323e-01
-1.587999999999999967e-01
9.713000000000000522e-01
8.157999999999999696e-01
6.946999999999999842e-01
2.043999999999999984e-01
-7.727000000000000535e-01
6.684999999999999831e-01
-8.156999999999999806e-01
-9.130000000000000338e-01
5.289000000000000368e-01
5.756999999999999895e-01
-6.122999999999999554e-01
-1.949999999999999997e-02
-3.468999999999999861e-01
4.839999999999999858e-01
6.130000000000000032e-02
-4.057000000000000051e-01
-8.313000000000000389e-01
1.345000000000000084e-01
7.677000000000000490e-01
-8.869000000000000217e-01
5.030999999999999917e-01
5.854000000000000314e-01
5.324999999999999734e-01
-5.864000000000000323e-01
-7.492999999999999661e-01
-6.261999999999999789e-01
7.480999999999999872e-01
3.653000000000000136e-01
6.405999999999999472e-01
-8.586000000000000298e-01
6.156000000000000361e-01
5.735000000000000098e-01
5.373999999999999888e-01
-2.399999999999999790e-03
6.599999999999999964e-03
3.670999999999999819e-01
6.034000000000000474e-01
-4.878000000000000114e-01
-9.439999999999999780e-02
2.711000000000000076e-01
-5.768999999999999684e-01
-1.540000000000000049e-02
-3.274000000000000243e-01
-3.660000000000000059e-02
-6.566999999999999504e-01
-7.472999999999999643e-01
-2.792999999999999927e-01
-5.152999999999999803e-01
-2.242999999999999994e-01
-6.776999999999999691e-01
9.410000000000000309e-02
-5.013999999999999568e-01
3.743000000000000216e-01
-5.249000000000000332e-01
-5.319999999999999729e-02
-4.002999999999999892e-01
-1.439999999999999961e-02
9.543000000000000371e-01
8.405000000000000249e-01
-7.527000000000000357e-01
-3.479999999999999760e-02
-5.877000000000000002e-01
8.348999999999999755e-01
-1.600000000000000077e-03
6.706999999999999629e-01
-7.362999999999999545e-01
3.094000000000000083e-01
4.428000000000000269e-01
-8.449999999999999734e-01
3.393999999999999795e-01
7.251999999999999558e-01
6.634999999999999787e-01
-4.294000000000000039e-01
6.147000000000000242e-01
6.907999999999999696e-01
-7.002000000000000446e-01
-7.863999999999999879e-01
5.139000000000000234e-01
7.449000000000000066e-01
1.338000000000000023e-01
6.132999999999999563e-01
-1.257999999999999952e-01
5.978999999999999870e-01
-5.474999999999999867e-01
-9.304000000000000048e-01
-6.618000000000000549e-01
5.794000000000000261e-01
-2.215000000000000024e-01
-3.094999999999999973e-01
-5.748999999999999666e-01
-5.110000000000000098e-01
-5.384999999999999787e-01
-1.088999999999999968e-01
-7.371999999999999664e-01
3.891999999999999904e-01
5.914000000000000368e-01
1.126999999999999946e-01
6.159000000000000030e-01
7.500999999999999890e-01
-7.499000000000000110e-01
3.517000000000000126e-01
1.637000000000000122e-01
7.741000000000000103e-01
-8.739000000000000101e-01
6.697999999999999510e-01
6.308000000000000274e-01
-8.436000000000000165e-01
-6.973000000000000309e-01
9.987000000000000322e-01
-8.617000000000000215e-01
-8.687000000000000277e-01
-8.719999999999999973e-02
-1.679999999999999896e-02
6.822000000000000286e-01
-8.267999999999999794e-01
4.537999999999999812e-01
2.359999999999999945e-02
-3.029000000000000026e-01
-2.773999999999999799e-01
-4.863000000000000100e-01
2.814999999999999725e-01
2.978999999999999981e-01
6.715999999999999748e-01
-2.066000000000000059e-01
-4.744999999999999774e-01
2.366000000000000048e-01
5.673000000000000265e-01
-4.200000000000000261e-02
-2.220000000000000098e-02
-7.026000000000000023e-01
5.735999999999999988e-01
-8.961000000000000076e-01
6.115000000000000435e-01
-2.762999999999999901e-01
5.252999999999999892e-01
-2.285000000000000087e-01
-1.231000000000000011e-01
-5.409000000000000474e-01
-7.752999999999999892e-01
5.609999999999999709e-02
-3.355000000000000204e-01
9.050000000000000266e-01
1.469999999999999953e-02
-6.814999999999999947e-01
-2.156000000000000139e-01
-9.183000000000000052e-01
-5.441000000000000281e-01
1.650000000000000078e-02
-1.859000000000000097e-01
3.099000000000000088e-01
-2.530000000000000027e-01
8.490999999999999659e-01
2.000000000000000042e-03
7.489999999999999436e-02
2.083000000000000129e-01
3.827999999999999736e-01
3.628000000000000114e-01
-5.747999999999999776e-01
4.521000000000000019e-01
8.274000000000000243e-01
