9.588999999999999746e-01
7.461999999999999744e-01
-4.731000000000000205e-01
-7.137999999999999901e-01
-5.715000000000000080e-01
6.160000000000000198e-02
7.350999999999999757e-01
1.302000000000000102e-01
-5.634000000000000119e-01
-5.101999999999999869e-01
-9.821999999999999620e-01
-9.912999999999999590e-01
-5.643000000000000238e-01
-3.827999999999999736e-01
-1.401999999999999913e-01
-7.979000000000000536e-01
-2.059999999999999887e-01
-7.169999999999999707e-01
-7.527000000000000357e-01
8.741999999999999771e-01
6.068000000000000060e-01
-4.295999999999999819e-01
-5.934000000000000385e-01
-2.141000000000000125e-01
8.313000000000000389e-01
4.860999999999999766e-01
-6.866999999999999771e-01
-3.048000000000000154e-01
-3.151999999999999802e-01
5.215999999999999526e-01
-4.701000000000000179e-01
-4.526999999999999913e-01
-9.008000000000000451e-01
-5.957999999999999963e-01
-7.764999999999999680e-01
-5.368000000000000549e-01
6.879999999999999449e-01
-1.519000000000000072e-01
-3.121999999999999775e-01
-1.959999999999999937e-02
-4.356999999999999762e-01
6.926999999999999824e-01
-2.239999999999999977e-02
7.235000000000000320e-01
5.536999999999999700e-01
1.887000000000000066e-01
2.162000000000000033e-01
8.105999999999999872e-01
-8.560999999999999721e-01
1.519999999999999962e-01
-5.000999999999999890e-01
5.545999999999999819e-01
-2.773999999999999799e-01
-6.828999999999999515e-01
-6.606999999999999540e-01
-8.280999999999999472e-01
5.700000000000000205e-02
-9.852999999999999536e-01
4.136000000000000232e-01
8.122000000000000330e-01
6.644999999999999796e-01
3.986999999999999988e-01
-2.530999999999999917e-01
4.586000000000000076e-01
9.987000000000000322e-01
8.446000000000000174e-01
7.161999999999999478e-01
-6.095000000000000417e-01
4.486999999999999877e-01
1.537999999999999923e-01
7.955999999999999739e-01
7.402999999999999581e-01
3.547000000000000153e-01
-5.250000000000000222e-01
-7.260999999999999677e-01
7.561999999999999833e-01
-5.572000000000000286e-01
-6.520000000000000240e-01
-9.146999999999999575e-01
9.550999999999999490e-01
3.613999999999999990e-01
4.989999999999999991e-02
3.459999999999999742e-01
3.568000000000000060e-01
-2.146000000000000130e-01
6.368000000000000327e-01
-2.676000000000000045e-01
-8.909999999999999865e-02
2.053999999999999992e-01
-6.157000000000000250e-01
5.149999999999999717e-02
-4.017000000000000015e-01
-2.642999999999999794e-01
1.079999999999999988e-01
2.656999999999999917e-01
7.125000000000000222e-01
-1.489000000000000046e-01
6.461999999999999966e-01
1.228999999999999954e-01
-2.730000000000000204e-01
4.147000000000000131e-01
-4.660000000000000253e-01
-9.865000000000000435e-01
-4.480999999999999983e-01
5.168000000000000371e-01
-1.391000000000000014e-01
7.530999999999999917e-01
-1.653000000000000025e-01
-9.883999999999999453e-01
-9.343000000000000194e-01
9.324999999999999956e-01
4.440000000000000058e-01
-8.150000000000000300e-02
8.809000000000000163e-01
9.439999999999999503e-01
-3.069999999999999951e-01
3.437999999999999945e-01
-8.216999999999999860e-01
2.530999999999999917e-01
9.090000000000000302e-01
-4.994000000000000106e-01
9.360000000000000542e-01
-3.209000000000000186e-01
-9.081000000000000183e-01
8.660999999999999810e-01
3.926000000000000045e-01
8.604000000000000536e-01
7.905999999999999694e-01
-1.360000000000000098e-01
7.629000000000000226e-01
7.169999999999999984e-02
-3.735999999999999877e-01
-9.456999999999999851e-01
-5.846000000000000085e-01
8.250000000000000389e-02
-9.041000000000000147e-01
4.870999999999999774e-01
2.451000000000000123e-01
4.581000000000000072e-01
6.598000000000000531e-01
9.273000000000000131e-01
5.041999999999999815e-01
-7.270000000000000073e-02
-4.187000000000000166e-01
-2.610000000000000167e-02
8.037999999999999590e-01
9.539999999999999869e-02
4.767000000000000126e-01
-3.179000000000000159e-01
7.174000000000000377e-01
-8.569999999999999840e-02
9.477999999999999758e-01
-9.267999999999999572e-01
6.558000000000000496e-01
5.171000000000000041e-01
4.107999999999999985e-01
-8.479999999999999760e-01
-5.313999999999999835e-01
7.989999999999999880e-02
8.619999999999999885e-02
-8.891999999999999904e-01
1.721000000000000030e-01
5.951999999999999513e-01
-3.587000000000000188e-01
-5.838999999999999746e-01
-3.068000000000000171e-01
-1.395000000000000129e-01
9.110000000000000320e-01
-5.133999999999999675e-01
-7.043000000000000371e-01
-1.400000000000000133e-01
1.927999999999999992e-01
-8.970000000000000195e-01
5.060999999999999943e-01
8.941999999999999948e-01
7.932000000000000162e-01
-5.475999999999999757e-01
1.043000000000000038e-01
-2.646999999999999909e-01
-3.454999999999999738e-01
6.767999999999999572e-01
-9.411000000000000476e-01
7.084000000000000297e-01
-8.730000000000000260e-02
6.000000000000000125e-03
-9.736000000000000210e-01
4.813999999999999946e-01
6.350000000000000089e-01
-8.322000000000000508e-01
5.080999999999999961e-01
7.412999999999999590e-01
-8.821999999999999842e-01
-8.295000000000000151e-01
6.852000000000000313e-01
9.397999999999999687e-01
9.000000000000000222e-01
-8.901000000000000023e-01
-2.968000000000000083e-01
-2.296999999999999875e-01
3.179000000000000159e-01
-3.639000000000000012e-01
-9.624000000000000332e-01
6.508000000000000451e-01
-1.864000000000000101e-01
-7.116000000000000103e-01
-2.746999999999999997e-01
5.940000000000000141e-02
-5.605999999999999872e-01
3.099999999999999978e-02
3.678000000000000158e-01
-3.372999999999999887e-01
-9.575000000000000178e-01
3.294000000000000261e-01
7.699999999999999900e-02
-9.759999999999999787e-01
-3.624999999999999889e-01
-1.080000000000000057e-02
8.018999999999999462e-01
-7.435000000000000497e-01
4.913000000000000145e-01
5.565999999999999837e-01
1.355999999999999983e-01
-7.318000000000000060e-01
6.159000000000000030e-01
-5.066000000000000503e-01
-4.280999999999999805e-01
4.117000000000000104e-01
4.879000000000000004e-01
-4.682999999999999940e-01
-2.093000000000000138e-01
1.864999999999999991e-01
6.387000000000000455e-01
5.239000000000000323e-01
-3.225000000000000089e-01
-7.125000000000000222e-01
-8.609999999999999876e-01
-7.155000000000000249e-01
6.830000000000000515e-01
-9.959999999999999409e-02
-8.084999999999999964e-01
8.354000000000000314e-01
-7.188999999999999835e-01
6.262999999999999678e-01
-4.183999999999999941e-01
3.989999999999999797e-02
8.929000000000000270e-01
-6.034000000000000474e-01
-1.509000000000000064e-01
8.040000000000000480e-01
-1.899000000000000132e-01
-3.584999999999999853e-01
-5.538999999999999480e-01
4.950000000000000233e-02
-6.576999999999999513e-01
-9.135999999999999677e-01
3.499999999999999778e-01
-3.698000000000000176e-01
-2.431000000000000105e-01
9.739999999999999769e-01
8.483000000000000540e-01
8.557000000000000162e-01
-1.111000000000000043e-01
3.062000000000000277e-01
3.894000000000000239e-01
-6.330000000000000071e-01
-8.770000000000000018e-01
9.079000000000000403e-01
4.083999999999999853e-01
4.310999999999999832e-01
-6.852000000000000313e-01
-5.678999999999999604e-01
-6.683999999999999941e-01
3.345000000000000195e-01
2.577999999999999736e-01
-2.787999999999999923e-01
-9.605000000000000204e-01
-1.701999999999999902e-01
-8.431999999999999496e-01
-5.249000000000000332e-01
2.064999999999999891e-01
-9.451000000000000512e-01
8.353000000000000425e-01
-7.839000000000000412e-01
6.977999999999999758e-01
-9.009999999999999953e-02
7.600000000000000089e-01
-9.360000000000000264e-02
-4.940999999999999837e-01
-2.539000000000000146e-01
3.195000000000000062e-01
-5.079999999999999793e-02
-7.499999999999999722e-03
-5.463999999999999968e-01
2.278000000000000025e-01
1.938000000000000000e-01
-8.001000000000000334e-01
8.590000000000000413e-02
6.294999999999999485e-01
-7.215000000000000302e-01
-1.320999999999999952e-01
4.672000000000000042e-01
-3.546000000000000263e-01
-3.189000000000000168e-01
-9.362000000000000322e-01
-6.473999999999999755e-01
8.239999999999999547e-01
-3.926000000000000045e-01
-8.476000000000000201e-01
3.163000000000000256e-01
-4.675000000000000266e-01
5.379000000000000448e-01
7.068999999999999728e-01
9.289999999999999647e-02
1.121000000000000052e-01
-7.193000000000000504e-01
-8.950000000000000178e-01
-6.343999999999999639e-01
1.580999999999999905e-01
1.771999999999999964e-01
-9.638999999999999790e-01
1.078000000000000069e-01
-6.247000000000000330e-01
-2.520999999999999908e-01
-2.574000000000000177e-01
-2.897000000000000131e-01
-4.652000000000000024e-01
-8.653999999999999471e-01
-6.550000000000000266e-02
3.405000000000000249e-01
3.130000000000000143e-02
4.707999999999999963e-01
8.177999999999999714e-01
-5.729999999999999538e-01
-9.619999999999999385e-02
8.951000000000000068e-01
-6.649000000000000465e-01
-2.733999999999999764e-01
-1.040999999999999981e-01
-2.291999999999999871e-01
-9.286999999999999700e-01
-4.233999999999999986e-01
-3.745999999999999885e-01
9.456999999999999851e-01
4.027999999999999914e-01
8.898000000000000353e-01
9.171000000000000263e-01
3.285000000000000142e-01
-3.160000000000000031e-01
-4.854999999999999871e-01
-9.879999999999999893e-02
