2.736000000000000099e-01
-8.773999999999999577e-01
-5.300000000000000024e-03
-5.485999999999999766e-01
2.134000000000000064e-01
2.720000000000000195e-01
8.669999999999999929e-01
6.640000000000000069e-02
-4.106000000000000205e-01
6.111999999999999655e-01
-2.255999999999999950e-01
7.409999999999999920e-01
-6.945999999999999952e-01
-7.471999999999999753e-01
-7.796999999999999487e-01
3.624999999999999889e-01
-2.016000000000000014e-01
-8.309999999999999609e-01
-5.799999999999999600e-01
-8.780999999999999917e-01
-7.420000000000000207e-02
-5.604000000000000092e-01
7.479999999999999982e-01
6.818999999999999506e-01
9.305999999999999828e-01
-3.331000000000000072e-01
3.058000000000000163e-01
-6.461999999999999966e-01
4.077999999999999958e-01
-5.917999999999999927e-01
-7.261999999999999567e-01
2.296999999999999875e-01
9.251000000000000334e-01
-5.777999999999999803e-01
-8.692999999999999616e-01
8.810000000000000053e-01
2.988999999999999990e-01
7.366000000000000325e-01
5.887999999999999901e-01
1.242999999999999938e-01
-1.040999999999999981e-01
5.453999999999999959e-01
9.439999999999999780e-02
-1.975000000000000089e-01
5.047000000000000375e-01
1.817000000000000004e-01
-6.800000000000000488e-02
-5.539999999999999786e-02
-4.190999999999999726e-01
-3.632000000000000228e-01
-3.290000000000000147e-01
7.078999999999999737e-01
-2.038999999999999979e-01
-8.449999999999999734e-01
-1.512000000000000011e-01
-8.611999999999999655e-01
3.796999999999999820e-01
-8.205999999999999961e-01
5.618999999999999551e-01
5.588999999999999524e-01
-7.552999999999999714e-01
-9.110000000000000042e-02
5.530000000000000193e-02
-9.356999999999999762e-01
-1.403000000000000080e-01
4.552999999999999825e-01
-5.694000000000000172e-01
-2.308999999999999941e-01
-9.529999999999999583e-02
3.716999999999999749e-01
-7.460999999999999854e-01
-3.302999999999999825e-01
-3.210000000000000075e-01
8.770999999999999908e-01
3.771999999999999797e-01
-8.322000000000000508e-01
8.217999999999999750e-01
2.323000000000000065e-01
4.411999999999999811e-01
-2.864999999999999769e-01
-1.101000000000000034e-01
7.201999999999999513e-01
5.020000000000000018e-01
2.136000000000000121e-01
-2.805000000000000271e-01
9.532000000000000473e-01
9.580999999999999517e-01
-6.320000000000000617e-02
-4.199999999999999845e-01
-7.588000000000000300e-01
-3.345000000000000195e-01
8.965999999999999526e-01
-5.856999999999999984e-01
-1.799999999999999864e-02
-7.612999999999999767e-01
8.381999999999999451e-01
-2.454000000000000070e-01
-1.241000000000000020e-01
-5.928999999999999826e-01
2.671000000000000041e-01
7.048999999999999710e-01
5.787999999999999812e-01
-4.647999999999999909e-01
-3.048000000000000154e-01
-3.633000000000000118e-01
-7.381999999999999673e-01
-9.892999999999999572e-01
5.102999999999999758e-01
-1.170000000000000068e-01
2.838999999999999857e-01
5.223999999999999755e-01
-1.350999999999999979e-01
4.649999999999999967e-02
3.361000000000000099e-01
-1.899999999999999996e-03
4.732000000000000095e-01
3.655999999999999805e-01
4.349999999999999978e-01
9.180000000000000659e-02
-9.076999999999999513e-01
-6.366000000000000547e-01
-2.497999999999999943e-01
5.916000000000000147e-01
2.841000000000000192e-01
-3.607000000000000206e-01
-9.434000000000000163e-01
-3.595999999999999752e-01
5.768999999999999684e-01
-8.000000000000000167e-02
-9.815000000000000391e-01
-7.979999999999999594e-02
3.855000000000000093e-01
8.029999999999999638e-02
-8.069999999999999396e-02
2.545999999999999930e-01
-5.083999999999999631e-01
-5.508999999999999453e-01
-3.689999999999999947e-01
1.658999999999999919e-01
1.736999999999999933e-01
3.134000000000000119e-01
-7.204000000000000403e-01
2.399999999999999911e-01
-9.102000000000000091e-01
-4.128999999999999893e-01
-7.700000000000000178e-01
2.541999999999999815e-01
-1.421000000000000041e-01
-4.709999999999999742e-01
-2.200999999999999901e-01
-2.676000000000000045e-01
-4.324999999999999956e-01
8.238999999999999657e-01
7.420000000000000207e-02
-3.255000000000000115e-01
3.483999999999999875e-01
-6.110000000000000153e-02
1.019999999999999934e-01
-5.881999999999999451e-01
4.672000000000000042e-01
-1.058999999999999941e-01
6.911000000000000476e-01
-9.818000000000000060e-01
8.590000000000000413e-02
-7.140999999999999570e-01
-9.299999999999999239e-03
-3.043000000000000149e-01
-6.965000000000000080e-01
-3.951000000000000068e-01
6.254999999999999449e-01
2.016999999999999904e-01
-4.429000000000000159e-01
-3.141999999999999793e-01
6.515999999999999570e-01
5.370000000000000329e-01
-5.803000000000000380e-01
-3.731999999999999762e-01
6.440000000000000169e-01
1.981999999999999873e-01
9.492000000000000437e-01
-6.160000000000000198e-02
6.119999999999999746e-02
-2.610999999999999988e-01
7.428000000000000158e-01
6.975000000000000089e-01
-3.241999999999999882e-01
-8.772999999999999687e-01
-8.357999999999999874e-01
8.329999999999999905e-02
1.746999999999999942e-01
