4.153999999999999915e-01
-9.677999999999999936e-01
7.000000000000000146e-03
4.988000000000000211e-01
-7.911000000000000254e-01
6.907999999999999696e-01
-3.190000000000000058e-01
5.118000000000000327e-01
-4.899999999999999911e-01
-4.094999999999999751e-01
4.299999999999999656e-02
-6.519000000000000350e-01
-9.514000000000000234e-01
4.676000000000000156e-01
-8.438999999999999835e-01
-7.610999999999999988e-01
-9.720999999999999641e-01
-8.485000000000000320e-01
8.233000000000000318e-01
-5.521000000000000352e-01
-2.520000000000000018e-01
3.401000000000000134e-01
-8.747000000000000330e-01
-8.753999999999999559e-01
-8.232000000000000428e-01
7.623999999999999666e-01
4.848000000000000087e-01
-8.797000000000000375e-01
-6.105000000000000426e-01
5.850999999999999535e-01
-1.131000000000000061e-01
-4.487999999999999767e-01
-2.497000000000000053e-01
-3.472999999999999976e-01
6.739000000000000545e-01
-9.510999999999999455e-01
6.709000000000000519e-01
-8.379999999999999949e-02
3.972999999999999865e-01
4.660000000000000253e-01
3.771999999999999797e-01
-4.178999999999999937e-01
-4.082999999999999963e-01
4.405999999999999917e-01
-4.304999999999999938e-01
1.092999999999999944e-01
9.669999999999999707e-01
5.099999999999999672e-02
8.796000000000000485e-01
-9.464000000000000190e-01
3.345000000000000195e-01
7.574999999999999512e-01
-3.136999999999999789e-01
-1.078000000000000069e-01
6.489999999999999936e-02
6.781000000000000361e-01
7.430000000000000493e-02
-9.066999999999999504e-01
2.662999999999999812e-01
-1.349999999999999985e-02
1.519999999999999997e-02
-5.929999999999999716e-01
-1.209999999999999964e-01
-5.630000000000000282e-02
8.811999999999999833e-01
3.346999999999999975e-01
4.300000000000000003e-03
-6.301999999999999824e-01
-4.511000000000000010e-01
-4.542999999999999816e-01
-2.868999999999999884e-01
-4.872000000000000219e-01
-9.135999999999999677e-01
9.163000000000000034e-01
-5.704000000000000181e-01
-4.043999999999999817e-01
4.150000000000000216e-02
4.497999999999999776e-01
-1.282999999999999974e-01
-5.350000000000000311e-01
5.524999999999999911e-01
-8.421999999999999487e-01
3.516000000000000236e-01
9.042000000000000037e-01
-3.245000000000000107e-01
-3.769999999999999740e-02
-2.807999999999999940e-01
7.308000000000000052e-01
1.024999999999999939e-01
-9.254000000000000004e-01
8.954999999999999627e-01
5.572000000000000286e-01
8.651999999999999691e-01
4.349000000000000088e-01
9.688999999999999835e-01
2.933000000000000052e-01
2.635000000000000120e-01
-7.802999999999999936e-01
9.444000000000000172e-01
-8.780999999999999917e-01
-3.704000000000000070e-01
-5.447999999999999510e-01
4.100000000000000172e-02
3.421000000000000152e-01
-3.784000000000000141e-01
7.801000000000000156e-01
-6.439999999999999891e-02
7.299999999999999822e-01
-2.979999999999999871e-01
1.817000000000000004e-01
-9.236999999999999655e-01
-7.715999999999999526e-01
1.919999999999999832e-02
3.695999999999999841e-01
-1.313999999999999890e-01
7.544999999999999485e-01
-6.389999999999999847e-02
4.697000000000000064e-01
-3.328999999999999737e-01
8.418999999999999817e-01
4.912000000000000255e-01
3.002000000000000224e-01
-5.446999999999999620e-01
-9.489999999999999825e-02
-5.569999999999999951e-02
3.593000000000000083e-01
9.721999999999999531e-01
7.814999999999999725e-01
4.100000000000000172e-02
-3.880000000000000115e-01
-1.015999999999999959e-01
8.258999999999999675e-01
7.969000000000000528e-01
-1.484999999999999931e-01
-1.395000000000000129e-01
-6.975999999999999979e-01
-8.272000000000000464e-01
9.824000000000000510e-01
1.428000000000000103e-01
-8.447000000000000064e-01
8.532999999999999474e-01
-3.292999999999999816e-01
-2.139000000000000068e-01
8.551999999999999602e-01
-2.162999999999999923e-01
-2.160999999999999865e-01
4.419000000000000150e-01
-6.785999999999999810e-01
-9.740000000000000047e-02
7.272999999999999465e-01
5.001999999999999780e-01
3.010999999999999788e-01
-9.187999999999999501e-01
6.339999999999999802e-02
5.314999999999999725e-01
5.420000000000000373e-01
-8.598999999999999977e-01
2.978000000000000091e-01
6.893000000000000238e-01
-4.270000000000000184e-02
-1.385000000000000120e-01
7.933000000000000052e-01
7.761000000000000121e-01
-5.030000000000000027e-01
-3.155999999999999917e-01
-9.180000000000000382e-01
-6.477000000000000535e-01
-9.715000000000000302e-01
-5.278000000000000469e-01
-9.569999999999999341e-02
6.374999999999999556e-01
9.265999999999999792e-01
-2.341999999999999915e-01
7.950000000000000400e-01
3.332999999999999852e-01
3.370000000000000079e-02
7.951000000000000290e-01
7.550000000000000044e-01
-4.325999999999999845e-01
6.435999999999999499e-01
9.918000000000000149e-01
5.473999999999999977e-01
-8.047999999999999599e-01
9.456999999999999851e-01
-2.391000000000000070e-01
8.875999999999999446e-01
-9.109000000000000430e-01
4.799999999999999822e-01
3.891000000000000014e-01
8.889000000000000234e-01
