-2.997000000000000219e-01
4.019999999999999962e-02
8.024999999999999911e-01
1.923999999999999877e-01
2.555999999999999939e-01
5.204999999999999627e-01
-8.546000000000000263e-01
-6.293999999999999595e-01
3.130000000000000004e-01
9.707999999999999963e-01
-6.543999999999999817e-01
6.586999999999999522e-01
-2.091999999999999971e-01
2.751000000000000112e-01
2.164000000000000090e-01
-4.895999999999999797e-01
-3.919000000000000261e-01
-2.636000000000000010e-01
8.022000000000000242e-01
-1.093999999999999972e-01
1.406999999999999917e-01
6.031999999999999584e-01
1.940999999999999948e-01
-5.103999999999999648e-01
3.053000000000000158e-01
-6.562999999999999945e-01
-2.809999999999999998e-02
6.171999999999999709e-01
7.520000000000000295e-02
-1.837000000000000022e-01
1.360000000000000098e-01
-3.321999999999999953e-01
-3.433999999999999830e-01
7.855999999999999650e-01
4.857000000000000206e-01
3.835000000000000075e-01
-3.130000000000000143e-02
3.190000000000000058e-01
-4.329999999999999960e-01
-6.785999999999999810e-01
6.387000000000000455e-01
-6.629000000000000448e-01
-8.187999999999999723e-01
-9.638999999999999790e-01
-5.124999999999999556e-01
1.165999999999999953e-01
-5.970999999999999641e-01
-2.508000000000000229e-01
4.111000000000000210e-01
-6.579999999999999738e-02
-2.770000000000000240e-01
6.316000000000000503e-01
-4.511999999999999900e-01
-4.642999999999999905e-01
6.611000000000000210e-01
-2.829999999999999877e-02
8.477000000000000091e-01
7.291999999999999593e-01
-2.715000000000000191e-01
9.240000000000000435e-01
-9.199999999999999845e-02
6.334999999999999520e-01
-6.175000000000000488e-01
2.691999999999999948e-01
6.400000000000000133e-02
-8.530000000000000082e-02
4.501999999999999891e-01
-1.711000000000000021e-01
-2.059999999999999887e-01
8.763999999999999568e-01
3.557000000000000162e-01
8.088999999999999524e-01
6.207000000000000295e-01
5.181999999999999940e-01
6.521000000000000130e-01
-4.319999999999999951e-01
9.320000000000000506e-01
8.707000000000000295e-01
6.270000000000000018e-01
-9.337999999999999634e-01
4.104999999999999760e-01
-4.662999999999999923e-01
1.625999999999999945e-01
3.269000000000000239e-01
-3.483999999999999875e-01
8.431999999999999496e-01
-3.180000000000000049e-01
4.939999999999999947e-02
-8.793999999999999595e-01
7.873999999999999888e-01
3.401000000000000134e-01
5.594000000000000083e-01
9.210000000000000131e-02
4.633999999999999786e-01
-1.787999999999999867e-01
-7.479000000000000092e-01
5.375999999999999668e-01
-3.284000000000000252e-01
-3.988999999999999768e-01
-5.646999999999999797e-01
-7.926999999999999602e-01
8.419999999999999707e-01
1.859999999999999848e-02
3.553999999999999937e-01
-8.004000000000000004e-01
8.640000000000000457e-02
-1.140000000000000041e-02
-2.636000000000000010e-01
-5.701000000000000512e-01
9.483000000000000318e-01
1.540999999999999870e-01
-1.230000000000000017e-02
-1.544000000000000095e-01
2.510000000000000078e-02
-5.866999999999999993e-01
2.074999999999999900e-01
1.522999999999999909e-01
4.056000000000000161e-01
-4.880000000000000310e-02
-6.437000000000000499e-01
-2.283000000000000029e-01
-2.958999999999999964e-01
-7.642999999999999794e-01
-7.010999999999999455e-01
-8.373000000000000442e-01
-2.490999999999999881e-01
4.178000000000000047e-01
5.558999999999999497e-01
4.051000000000000156e-01
-8.011000000000000343e-01
6.102999999999999536e-01
-2.785000000000000253e-01
2.194000000000000117e-01
-9.947000000000000286e-01
4.934999999999999942e-01
-7.072000000000000508e-01
-3.648000000000000131e-01
-2.477999999999999925e-01
-6.645999999999999686e-01
3.038000000000000145e-01
-5.948999999999999844e-01
4.086000000000000187e-01
-5.401000000000000245e-01
-1.723999999999999977e-01
6.411000000000000032e-01
-4.656000000000000139e-01
7.871000000000000218e-01
-6.608000000000000540e-01
5.319999999999999729e-02
-7.589999999999999525e-02
-2.570999999999999952e-01
5.218000000000000416e-01
-8.838000000000000300e-01
7.143000000000000460e-01
7.400000000000000328e-03
3.811999999999999833e-01
5.916000000000000147e-01
-9.550000000000000155e-02
-7.812999999999999945e-01
8.290999999999999481e-01
6.442999999999999838e-01
-1.343999999999999917e-01
3.543999999999999928e-01
3.997999999999999887e-01
-7.892000000000000126e-01
8.749999999999999445e-02
6.360000000000000098e-01
-5.442000000000000171e-01
-9.604000000000000314e-01
-9.109000000000000430e-01
1.671999999999999875e-01
-1.670000000000000095e-01
4.267000000000000237e-01
8.266999999999999904e-01
3.104000000000000092e-01
-4.026000000000000134e-01
-8.387999999999999901e-01
-4.593999999999999750e-01
-3.342999999999999861e-01
9.270000000000000462e-01
6.619000000000000439e-01
-1.370999999999999996e-01
2.720000000000000195e-01
-2.741000000000000103e-01
-2.356000000000000039e-01
5.084999999999999520e-01
-5.033999999999999586e-01
-2.442999999999999894e-01
-6.768999999999999462e-01
9.846000000000000307e-01
