-1.174725200000000669e+01 4.878305357839923806e-01 0.000000000000000000e+00 1.101793537505502352e+00
-1.252149200000000739e+01 5.199825585741222334e-01 0.000000000000000000e+00 1.363548856468207893e+00
-1.266921400000000730e+01 5.261170402730831475e-01 0.000000000000000000e+00 1.123398171766036180e+00
-1.315484200000000925e+01 5.462838135262414463e-01 0.000000000000000000e+00 1.378242597077887321e+00
-1.189196600000000714e+01 4.938401036519026732e-01 0.000000000000000000e+00 1.189498316133675182e+00
-1.267115600000001230e+01 5.261976861041673947e-01 0.000000000000000000e+00 1.448424814791934523e+00
-1.330304200000000492e+01 5.524381452289396366e-01 0.000000000000000000e+00 1.478836468184472341e+00
-1.372627400000000897e+01 5.700137870318849886e-01 0.000000000000000000e+00 1.059261768338037646e+00
-1.370827400000000473e+01 5.692662973513951119e-01 0.000000000000000000e+00 1.222474326980019566e+00
-1.360830200000001255e+01 5.651147396659557121e-01 0.000000000000000000e+00 1.236050794450052503e+00
-1.388352400000000664e+01 5.765439399350517080e-01 0.000000000000000000e+00 1.271071316782608651e+00
-1.429107200000000155e+01 5.934682690630632695e-01 0.000000000000000000e+00 1.219847704526423326e+00
-1.374720600000000559e+01 5.708830344758853981e-01 0.000000000000000000e+00 1.031287026229209980e+00
-1.401449600000001006e+01 5.819828409591126794e-01 0.000000000000000000e+00 1.219905667980814679e+00
-1.339011400000000407e+01 5.560540019766950781e-01 0.000000000000000000e+00 1.320585937065724469e+00
-1.457575000000001175e+01 6.052901505776439040e-01 0.000000000000000000e+00 1.260592993817039265e+00
-1.284326600000000695e+01 5.333449332657826947e-01 0.000000000000000000e+00 1.305946997564787937e+00
-1.483088600000001200e+01 6.158852354177226651e-01 0.000000000000000000e+00 1.079935330370211943e+00
-1.494569400000001380e+01 6.206528907087038860e-01 0.000000000000000000e+00 1.204906064809261990e+00
-1.481433000000000177e+01 6.151977110204895904e-01 0.000000000000000000e+00 9.937171629286623009e-01
-1.434200200000000791e+01 5.955832495868046417e-01 0.000000000000000000e+00 9.907128573166521512e-01
-1.525860200000001221e+01 6.336470852055186009e-01 0.000000000000000000e+00 1.082699868685927935e+00
-1.493265200000000981e+01 6.201112929079843905e-01 0.000000000000000000e+00 1.186853384908467257e+00
-1.557575000000000998e+01 6.468173550492931634e-01 0.000000000000000000e+00 1.105769310288433394e+00
-1.576554400000001976e+01 6.546989692947857709e-01 0.000000000000000000e+00 1.190272653283925397e+00
-1.587152400000000618e+01 6.591000224246906791e-01 0.000000000000000000e+00 1.429752963554165701e+00
-1.404961800000000594e+01 5.834413594345657650e-01 0.000000000000000000e+00 1.061571421480933974e+00
-1.364216200000001322e+01 5.665208508093657613e-01 0.000000000000000000e+00 1.146860750556787156e+00
-1.637245000000001482e+01 6.799020788518564951e-01 0.000000000000000000e+00 1.048109792758739722e+00
-1.623303600000001268e+01 6.741126051676458175e-01 0.000000000000000000e+00 1.171170269389993690e+00
-1.657226800000001532e+01 6.881999617949725589e-01 0.000000000000000000e+00 1.277289211998155372e+00
-1.657858200000000082e+01 6.884621645640058851e-01 0.000000000000000000e+00 1.592479306582961218e+00
-1.572069200000000855e+01 6.528363911198229452e-01 0.000000000000000000e+00 9.697682107398734042e-01
-1.676124800000000548e+01 6.960477728960243748e-01 0.000000000000000000e+00 1.139893345753421494e+00
-1.622649200000001102e+01 6.738408511415833191e-01 0.000000000000000000e+00 1.034292881725422442e+00
-1.742409800000001141e+01 7.235740803800574383e-01 0.000000000000000000e+00 9.926321786120785307e-01
-1.794203800000002147e+01 7.450826806641038802e-01 0.000000000000000000e+00 1.215001397744550626e+00
-1.676612200000000996e+01 6.962501764906193769e-01 0.000000000000000000e+00 1.101394510699040818e+00
-1.710909000000000546e+01 7.104926787538519140e-01 0.000000000000000000e+00 1.355486000546212599e+00
-1.709859200000001422e+01 7.100567261613088821e-01 0.000000000000000000e+00 1.293610556018473856e+00
-1.756560000000001054e+01 7.294502628672047129e-01 0.000000000000000000e+00 1.138598252504394281e+00
-1.762250000000002004e+01 7.318131608016419376e-01 0.000000000000000000e+00 1.225344743080060805e+00
-1.789344200000000029e+01 7.430646246355987472e-01 0.000000000000000000e+00 1.361520040410864940e+00
-1.772108400000000827e+01 7.359070787272745662e-01 0.000000000000000000e+00 1.167400063918262454e+00
-1.859919600000001694e+01 7.723726153002838934e-01 0.000000000000000000e+00 1.076095124397241642e+00
-1.817138400000001042e+01 7.546067789008583659e-01 0.000000000000000000e+00 8.955954798790569660e-01
-1.812267400000001771e+01 7.525839887710445986e-01 0.000000000000000000e+00 1.100725652166503199e+00
-1.857044600000001111e+01 7.711787081717237369e-01 0.000000000000000000e+00 9.692581004754996510e-01
-1.884350600000000497e+01 7.825181266247520639e-01 0.000000000000000000e+00 1.010053779728304457e+00
-1.929836200000000446e+01 8.014070247419086135e-01 0.000000000000000000e+00 1.035345205768139154e+00
-1.945151000000000607e+01 8.077668330523327667e-01 0.000000000000000000e+00 1.123371632968171330e+00
-2.002257200000000026e+01 8.314814414923216157e-01 0.000000000000000000e+00 1.094593037430770188e+00
-2.002277400000000895e+01 8.314898299876252175e-01 0.000000000000000000e+00 9.938984821663253699e-01
-1.967203200000001218e+01 8.169244952368300838e-01 0.000000000000000000e+00 9.966566217067539535e-01
-1.951162800000001241e+01 8.102633655307597271e-01 0.000000000000000000e+00 9.967670605238992954e-01
-1.950392400000000848e+01 8.099434399475099466e-01 0.000000000000000000e+00 9.093198571737587388e-01
-1.974931600000000742e+01 8.201338837072168486e-01 0.000000000000000000e+00 9.774697582157018116e-01
-2.002339800000000736e+01 8.315157429632155095e-01 0.000000000000000000e+00 9.974780605146564838e-01
-1.977488400000000723e+01 8.211956512711480194e-01 0.000000000000000000e+00 1.061590539178230763e+00
-2.020243400000000733e+01 8.389506075430016585e-01 0.000000000000000000e+00 9.179601303175016769e-01
-2.041348400000000751e+01 8.477149240467433122e-01 0.000000000000000000e+00 8.407165184459494123e-01
-2.025734600000000185e+01 8.412309493949486905e-01 0.000000000000000000e+00 8.954748049763734397e-01
-2.106050799999999867e+01 8.745840219928073811e-01 0.000000000000000000e+00 7.160789276626035038e-01
-2.038173200000000307e+01 8.463963522503593628e-01 0.000000000000000000e+00 9.779221250191754145e-01
-2.039788400000000479e+01 8.470670996569854561e-01 0.000000000000000000e+00 9.917905661046293453e-01
-1.930466400000000249e+01 8.016687291844888374e-01 0.000000000000000000e+00 7.131808015227317776e-01
-1.948055800000000559e+01 8.089731152878252285e-01 0.000000000000000000e+00 8.748856730135911031e-01
-2.065995799999999605e+01 8.579503002416881685e-01 1.000000000000000048e-04 9.165156200821376054e-01
-2.057990399999999909e+01 8.546258814149149119e-01 1.000000000000000048e-04 1.003953445932628696e+00
-2.038821000000000794e+01 8.466653654809268570e-01 0.000000000000000000e+00 8.443220398459920784e-01
-2.068602800000000030e+01 8.590329144622642632e-01 0.000000000000000000e+00 8.684832802633388749e-01
-2.058146400000000398e+01 8.546906638538908085e-01 0.000000000000000000e+00 8.854198606311018960e-01
-2.054274200000000050e+01 8.530826474423395256e-01 0.000000000000000000e+00 8.767452617355608879e-01
-1.881283800000000639e+01 7.812445703180155299e-01 0.000000000000000000e+00 9.373630749602791523e-01
-2.000236600000000919e+01 8.306423427987678076e-01 0.000000000000000000e+00 1.039383342064714721e+00
-2.064456400000000613e+01 8.573110304560519479e-01 1.000000000000000048e-04 9.296120791388243765e-01
-2.005207800000000518e+01 8.327067431874622949e-01 0.000000000000000000e+00 9.469443275668910642e-01
-2.142015800000001846e+01 8.895192810810369499e-01 0.000000000000000000e+00 4.594260277627497668e-01
-2.109538199999999719e+01 8.760322417215516966e-01 0.000000000000000000e+00 6.192040717736037037e-01
-2.158927999999999514e+01 8.965424449556902431e-01 0.000000000000000000e+00 3.588229782176305394e-01
-2.128691799999999645e+01 8.839861963572334114e-01 0.000000000000000000e+00 5.777076644214726997e-01
-2.127865399999999596e+01 8.836430155394797703e-01 0.000000000000000000e+00 5.397636990312697503e-01
-2.128765800000000752e+01 8.840169264885429090e-01 0.000000000000000000e+00 5.725451815226889618e-01
-2.161868400000000179e+01 8.977635108759749460e-01 0.000000000000000000e+00 1.891195595971567056e-01
-2.181027800000000028e+01 9.057198740895160416e-01 1.000000000000000048e-04 3.977305670369772339e-01
-2.193089800000000267e+01 9.107288854928864419e-01 1.000000000000000048e-04 6.426156640738935888e-01
-2.164596600000000493e+01 8.988964560683705418e-01 2.000000000000000096e-04 4.903783079347308616e-01
-2.182329799999999764e+01 9.062605582917367952e-01 1.000000000000000048e-04 5.294447318052790674e-01
-2.192417999999999978e+01 9.104499057332458012e-01 2.000000000000000096e-04 4.334393674466187618e-01
-2.169691399999999604e+01 9.010121840817918448e-01 0.000000000000000000e+00 4.536563432619657998e-01
-2.175987999999999900e+01 9.036269860385538477e-01 0.000000000000000000e+00 5.353965455716922506e-01
-2.139476800000000623e+01 8.884649053595012891e-01 1.000000000000000048e-04 7.320166138866390781e-01
-2.044296799999999337e+01 8.489393121433848055e-01 0.000000000000000000e+00 7.900373880527503667e-01
-2.181378199999999623e+01 9.058653854139845363e-01 1.000000000000000048e-04 4.476949720016472067e-01
-2.186316800000000526e+01 9.079162479340218139e-01 5.000000000000000104e-04 6.265548254292573338e-01
-2.022848199999999252e+01 8.400323081650785673e-01 0.000000000000000000e+00 1.074254800802148857e+00
-2.206269400000000402e+01 9.162020049334320682e-01 4.000000000000000192e-04 6.054901835602941595e-01
-2.128482799999999386e+01 8.838994044998875754e-01 1.000000000000000048e-04 8.760121142190822052e-01
-2.213535999999999859e+01 9.192196207735686686e-01 2.000000000000000096e-04 5.571297533072541164e-01
-2.198133600000000598e+01 9.128234346320276416e-01 0.000000000000000000e+00 5.028024861762819819e-01
-2.173180800000000090e+01 9.024612343546257742e-01 0.000000000000000000e+00 5.385951519584367686e-01
-2.195211199999999607e+01 9.116098436085477985e-01 1.000000000000000048e-04 4.721942164368000405e-01
-2.192761999999999389e+01 9.105927593166280865e-01 0.000000000000000000e+00 6.820379103181227753e-01
-2.210587199999999797e+01 9.179950665681086974e-01 2.999999999999999737e-04 5.657111691356714323e-01
-2.192402999999999835e+01 9.104436766525749736e-01 1.000000000000000048e-04 4.800847798655833443e-01
-2.137236399999999037e+01 8.875345298705177299e-01 0.000000000000000000e+00 7.871741759848156494e-01
-2.198662000000000560e+01 9.130428643804558986e-01 2.000000000000000096e-04 5.682388404517765279e-01
-2.179984600000000228e+01 9.052866622924679030e-01 2.999999999999999737e-04 5.526441892237975440e-01
-2.194062200000000118e+01 9.111326960291686872e-01 2.000000000000000096e-04 6.701120882540793078e-01
-2.235353599999999474e+01 9.282798601363750901e-01 2.999999999999999737e-04 5.315364023034899743e-01
-2.240862399999999255e+01 9.305675107763092813e-01 8.000000000000000383e-04 7.601185560267303964e-01
-2.207522799999999918e+01 9.167225069142794780e-01 1.000000000000000048e-04 5.667422388252761900e-01
-2.221497399999999800e+01 9.225257676303745269e-01 2.999999999999999737e-04 5.919130694125733783e-01
-2.228974199999999684e+01 9.256306736543108427e-01 4.000000000000000192e-04 6.549510548726430459e-01
-2.196405400000000441e+01 9.121057614843485206e-01 1.000000000000000048e-04 4.382167526545170388e-01
-2.226551399999999958e+01 9.246245525443718138e-01 1.000000000000000048e-04 5.966625131089557943e-01
-2.167467800000000011e+01 9.000887851631603764e-01 0.000000000000000000e+00 2.182735433192293240e-01
-2.222969599999999701e+01 9.231371311346061592e-01 5.999999999999999474e-04 6.572484317166068513e-01
-2.225622999999999863e+01 9.242390139780569669e-01 5.999999999999999474e-04 6.112448634805147663e-01
-2.234575599999999795e+01 9.279567784855857759e-01 4.000000000000000192e-04 5.849286732516361109e-01
-2.234905799999999942e+01 9.280939013147512240e-01 1.000000000000000021e-03 6.933239814608224139e-01
-2.324114000000000146e+01 9.651395729342292507e-01 2.899999999999999800e-03 6.988073490677615407e-01
-2.322046800000000033e+01 9.642811225633912686e-01 2.099999999999999870e-03 6.621666592499380055e-01
-2.328984999999999772e+01 9.671623630640431291e-01 2.700000000000000143e-03 6.498523010902740316e-01
-2.312960800000000106e+01 9.605079607650972573e-01 1.600000000000000077e-03 6.092244620727893523e-01
-2.324049399999999821e+01 9.651127463601404388e-01 2.099999999999999870e-03 6.476137796869404495e-01
-2.320449999999999946e+01 9.636180161623879581e-01 2.000000000000000042e-03 6.633990608520599075e-01
-2.339131399999999772e+01 9.713758793385546264e-01 2.700000000000000143e-03 6.219158066081709180e-01
-2.295759400000000028e+01 9.533647002151108829e-01 1.699999999999999905e-03 6.445149227288713423e-01
-2.346897199999999728e+01 9.746007989834138963e-01 3.299999999999999982e-03 6.276019223564053284e-01
-2.311898199999999548e+01 9.600666926903812515e-01 1.500000000000000031e-03 6.320609650271974411e-01
-2.357365400000000122e+01 9.789479498019152404e-01 2.200000000000000133e-03 4.618071947635226104e-01
-2.313989600000000024e+01 9.609351926447015080e-01 8.000000000000000383e-04 6.162128259396475460e-01
-2.361042000000000485e+01 9.804747390015200459e-01 1.799999999999999951e-03 4.285031183366614926e-01
-2.288415200000000027e+01 9.503148592643040349e-01 5.999999999999999474e-04 6.139684183106073334e-01
-2.326407799999999781e+01 9.660921239503997837e-01 1.600000000000000077e-03 6.295725405015187848e-01
-2.278877599999999859e+01 9.463541606106159465e-01 8.000000000000000383e-04 6.327626547102480625e-01
-2.352698800000000290e+01 9.770100412780413635e-01 2.099999999999999870e-03 4.881935878813706275e-01
-2.380077400000000409e+01 9.883796084815164029e-01 2.899999999999999800e-03 2.273602395079027949e-01
-2.384643200000000007e+01 9.902756575832828423e-01 2.599999999999999881e-03 1.440942136242810423e-01
-2.386973000000000056e+01 9.912431583930633172e-01 3.399999999999999811e-03 1.542637027949216866e-01
-2.373503600000000091e+01 9.856496931139590023e-01 1.600000000000000077e-03 2.367394789914249176e-01
-2.391692000000000107e+01 9.932028271720804158e-01 4.700000000000000185e-03 1.609106584412602625e-01
-2.397711199999999820e+01 9.957024326636378930e-01 6.799999999999999621e-03 1.516183841095792850e-01
-2.388524000000000314e+01 9.918872453344187434e-01 3.799999999999999992e-03 1.578713400209167672e-01
-2.393051600000000079e+01 9.937674310440769432e-01 5.199999999999999761e-03 1.610326227818447975e-01
-2.386583600000000160e+01 9.910814514588507373e-01 3.200000000000000153e-03 1.523928134788511968e-01
-2.395249400000000151e+01 9.946801159439548901e-01 5.799999999999999600e-03 1.573411694376266046e-01
-2.385290000000000177e+01 9.905442555418054740e-01 2.799999999999999972e-03 1.471998641303718658e-01
-2.391949400000000026e+01 9.933097181963904676e-01 4.700000000000000185e-03 1.603877913059467419e-01
-2.393955799999999812e+01 9.941429200269095157e-01 5.400000000000000286e-03 1.595779947235831386e-01
-2.393764399999999881e+01 9.940634369575508389e-01 5.499999999999999681e-03 1.608866482962458822e-01
-2.390075000000000216e+01 9.925313322757739476e-01 4.199999999999999740e-03 1.598857404523615633e-01
-2.391883400000000037e+01 9.932823102414392036e-01 4.599999999999999922e-03 1.598530437620751810e-01
-2.389104800000000139e+01 9.921284353379900001e-01 3.899999999999999821e-03 1.584696513531847206e-01
-2.389560200000000023e+01 9.923175502271538440e-01 4.199999999999999740e-03 1.602844983147151403e-01
-2.323971600000000137e+01 9.650804381950616184e-01 5.000000000000000104e-04 6.348757461698696369e-01
-2.391434600000000188e+01 9.930959361477704750e-01 4.700000000000000185e-03 1.613903702207784285e-01
-2.395764199999999633e+01 9.948938979925747716e-01 5.799999999999999600e-03 1.550383707344731021e-01
-2.403723799999999500e+01 9.981992973597001440e-01 8.500000000000000611e-03 1.091900380071366694e-01
-2.389170800000000128e+01 9.921558432929412641e-01 4.000000000000000083e-03 1.591255051838011414e-01
-2.400813199999999981e+01 9.969906065463485234e-01 7.599999999999999985e-03 1.342572992429087175e-01
-2.393183600000000055e+01 9.938222469539795823e-01 5.400000000000000286e-03 1.619937332121212381e-01
-2.408060000000000045e+01 1.000000000000000000e+00 1.000000000000000021e-02 0.000000000000000000e+00
-2.404562000000000310e+01 9.985473783875817855e-01 8.600000000000000006e-03 9.749071750684766557e-02
-2.402753599999999778e+01 9.977964004219163074e-01 8.200000000000000691e-03 1.189403615262705771e-01
-2.398476799999999898e+01 9.960203649410728222e-01 6.400000000000000307e-03 1.437211967665171508e-01
-2.402496199999999860e+01 9.976895093976062556e-01 8.200000000000000691e-03 1.219697683854484987e-01
-2.395308800000000105e+01 9.947047831034110388e-01 5.499999999999999681e-03 1.550134652215733599e-01
-2.396543000000000490e+01 9.952173118610003755e-01 6.199999999999999782e-03 1.539782127445306070e-01
-2.396417600000000192e+01 9.951652367465927407e-01 6.400000000000000307e-03 1.560140301383177441e-01
-2.404687400000000252e+01 9.985994535019891982e-01 8.399999999999999481e-03 9.309687212790761224e-02
-2.395506800000000069e+01 9.947870069682649419e-01 5.799999999999999600e-03 1.562154358570238266e-01
-2.408060000000000045e+01 1.000000000000000000e+00 1.170000000000000033e-02 0.000000000000000000e+00
-2.396417600000000192e+01 9.951652367465927407e-01 6.400000000000000307e-03 1.560140301383177441e-01
-2.406179000000000201e+01 9.992188732838883647e-01 9.100000000000000450e-03 7.141995519460919706e-02
-2.404047199999999762e+01 9.983335963389615708e-01 8.600000000000000006e-03 1.055403164672153171e-01
-2.395638800000000046e+01 9.948418228781674699e-01 6.000000000000000125e-03 1.569976254597499621e-01
-2.406673999999999936e+01 9.994244329460229004e-01 7.900000000000000772e-03 2.701777192886150106e-02
-2.404826000000000263e+01 9.986570102073869526e-01 8.999999999999999320e-03 9.750876883644864213e-02
-2.408060000000000045e+01 1.000000000000000000e+00 1.159999999999999920e-02 0.000000000000000000e+00
-2.404562000000000310e+01 9.985473783875817855e-01 8.600000000000000006e-03 9.749071750684766557e-02
-2.393500399999999928e+01 9.939538051377456718e-01 5.100000000000000366e-03 1.590315742234853225e-01
-2.401585400000000092e+01 9.973112796192785678e-01 7.599999999999999985e-03 1.267200520833224320e-01
-2.404885400000000217e+01 9.986816773668431013e-01 8.699999999999999400e-03 9.309120044343600908e-02
-2.399196200000000090e+01 9.963191116500419442e-01 7.100000000000000408e-03 1.437909051365904023e-01
-2.408060000000000045e+01 1.000000000000000000e+00 1.149999999999999981e-02 0.000000000000000000e+00
-2.407017199999999946e+01 9.995669543117695621e-01 9.199999999999999845e-03 4.761342667777642562e-02
-2.389038800000000151e+01 9.921010273830386250e-01 3.799999999999999992e-03 1.578082836862499116e-01
-2.403789800000000199e+01 9.982267053146517410e-01 8.600000000000000006e-03 1.092512718461435828e-01
-2.403334399999999960e+01 9.980375904254876751e-01 8.300000000000000086e-03 1.125454290497839849e-01
-2.398938799999999816e+01 9.962122206257317814e-01 7.100000000000000408e-03 1.456731080192906758e-01
-2.408060000000000045e+01 1.000000000000000000e+00 1.000000000000000021e-02 0.000000000000000000e+00
-2.408060000000000045e+01 1.000000000000000000e+00 1.159999999999999920e-02 0.000000000000000000e+00
-2.395638800000000046e+01 9.948418228781674699e-01 6.000000000000000125e-03 1.569976254597499621e-01
-2.403268399999999971e+01 9.980101824705364111e-01 8.200000000000000691e-03 1.124589951938036736e-01
-2.401512800000000070e+01 9.972811308688321885e-01 7.100000000000000408e-03 1.231667097879940442e-01
-2.405598200000000020e+01 9.989776832803168860e-01 8.999999999999999320e-03 8.315595228244328230e-02
-2.400225800000000120e+01 9.967466757472820404e-01 7.100000000000000408e-03 1.355088794138596120e-01
-2.398615399999999909e+01 9.960779216464705765e-01 7.000000000000000146e-03 1.472094141011366375e-01
-2.394926000000000599e+01 9.945458169646937963e-01 5.700000000000000205e-03 1.580036708434330306e-01
-2.406957799999999636e+01 9.995422871523133024e-01 9.499999999999999764e-03 5.598757362129552773e-02
-2.403143000000000029e+01 9.979581073561289983e-01 8.399999999999999481e-03 1.159676247924392306e-01
-2.408060000000000045e+01 1.000000000000000000e+00 1.050000000000000065e-02 0.000000000000000000e+00
-2.399777000000000271e+01 9.965603016536134229e-01 7.199999999999999803e-03 1.400460281478912161e-01
-2.390009000000000228e+01 9.925039243208226836e-01 4.100000000000000346e-03 1.592708699040723264e-01
-2.408060000000000045e+01 1.000000000000000000e+00 1.000000000000000021e-02 0.000000000000000000e+00
-2.402945000000000064e+01 9.978758834912750952e-01 8.099999999999999561e-03 1.156713015401830968e-01
-2.408060000000000045e+01 1.000000000000000000e+00 1.239999999999999956e-02 0.000000000000000000e+00
-2.400291800000000109e+01 9.967740837022333045e-01 7.199999999999999803e-03 1.357301455093891107e-01
-2.408060000000000045e+01 1.000000000000000000e+00 1.110000000000000049e-02 0.000000000000000000e+00
-2.396800400000000053e+01 9.953242028853102052e-01 6.199999999999999782e-03 1.526074755704973085e-01
-2.399064200000000113e+01 9.962642957401394161e-01 6.899999999999999883e-03 1.432679182510862848e-01
-2.407994000000000057e+01 9.999725920450487360e-01 9.900000000000000813e-03 6.599999999999875064e-03
-2.401004600000000266e+01 9.970700896157073112e-01 7.499999999999999722e-03 1.316551996694393656e-01
-2.402364199999999883e+01 9.976346934877037276e-01 8.000000000000000167e-03 1.217148158606829317e-01
-2.398160000000000380e+01 9.958888067573068437e-01 6.700000000000000226e-03 1.480716043000815385e-01
-2.386319599999999852e+01 9.909718196390454592e-01 2.799999999999999972e-03 1.491546901709763229e-01
-2.392081400000000002e+01 9.933645341062929957e-01 4.899999999999999842e-03 1.614437970316602855e-01
-2.404951399999999850e+01 9.987090853217942543e-01 8.800000000000000530e-03 9.307985603770542460e-02
-2.407083199999999934e+01 9.995943622667209372e-01 9.299999999999999239e-03 4.729167368575564606e-02
-2.399651599999999974e+01 9.965082265392057881e-01 7.400000000000000328e-03 1.425689503363194999e-01
-2.405057000000000400e+01 9.987529380497165432e-01 7.400000000000000328e-03 7.276874328995912300e-02
-2.407729999999999748e+01 9.998629602252434578e-01 9.499999999999999764e-03 1.445683229480073002e-02
-2.378623999999999938e+01 9.877760520917252540e-01 5.000000000000000104e-04 8.818480594751000601e-02
-2.399130200000000102e+01 9.962917036950906802e-01 7.000000000000000146e-03 1.435311826747063813e-01
-2.402938400000000030e+01 9.978731426957799799e-01 7.700000000000000247e-03 1.119668951074377083e-01
-2.407796000000000092e+01 9.998903681801948329e-01 9.599999999999999159e-03 1.299846144741734558e-02
-2.390140999999999849e+01 9.925587402307251006e-01 4.300000000000000003e-03 1.604955139559978983e-01
-2.396609000000000123e+01 9.952447198159514175e-01 6.300000000000000044e-03 1.543321418240540255e-01
-2.407531999999999783e+01 9.997807363603895547e-01 9.199999999999999845e-03 1.799555500672290684e-02
-2.405340799999999746e+01 9.988707922560068342e-01 8.999999999999999320e-03 8.827596728441991503e-02
-2.395315400000000139e+01 9.947075238989062651e-01 5.899999999999999863e-03 1.577422315044386680e-01
-2.391368599999999844e+01 9.930685281928189889e-01 4.599999999999999922e-03 1.608376187339265462e-01
-2.402687600000000145e+01 9.977689924669651544e-01 8.099999999999999561e-03 1.188259971555044731e-01
-2.397513200000000211e+01 9.956202087987841010e-01 6.499999999999999702e-03 1.506725668461247336e-01
-2.408060000000000045e+01 1.000000000000000000e+00 1.179999999999999973e-02 0.000000000000000000e+00
-2.402238799999999941e+01 9.975826183732963148e-01 8.200000000000000691e-03 1.248721522197801526e-01
-2.401783399999999702e+01 9.973935034841323599e-01 7.900000000000000772e-03 1.272045423717248491e-01
-2.405017399999999483e+01 9.987364932767454073e-01 8.899999999999999925e-03 9.306378242904146669e-02
-2.405017399999999483e+01 9.987364932767454073e-01 8.899999999999999925e-03 9.306378242904146669e-02
-2.408060000000000045e+01 1.000000000000000000e+00 1.050000000000000065e-02 0.000000000000000000e+00
-2.389494200000000035e+01 9.922901422722024689e-01 4.100000000000000346e-03 1.596496677102709205e-01
-2.399196200000000090e+01 9.963191116500419442e-01 7.100000000000000408e-03 1.437909051365904023e-01
-2.400357800000000097e+01 9.968014916571846795e-01 7.300000000000000065e-03 1.359478149879575770e-01
-2.404364000000000345e+01 9.984651545227279934e-01 8.300000000000000086e-03 9.742976957788605785e-02
-2.401592000000000127e+01 9.973140204147737942e-01 8.000000000000000167e-03 1.300116917819314766e-01
-2.401004600000000266e+01 9.970700896157073112e-01 7.499999999999999722e-03 1.316551996694393656e-01
-2.398932200000000137e+01 9.962094798302367771e-01 6.700000000000000226e-03 1.427306848578816789e-01
-2.398740799999999851e+01 9.961299967608779893e-01 6.799999999999999621e-03 1.448580215245256486e-01
-2.408060000000000045e+01 1.000000000000000000e+00 1.220000000000000077e-02 0.000000000000000000e+00
-2.403657800000000222e+01 9.981718894047491020e-01 8.399999999999999481e-03 1.091247378003721430e-01
-2.391368599999999844e+01 9.930685281928189889e-01 4.599999999999999922e-03 1.608376187339265462e-01
-2.404495999999999967e+01 9.985199704326304104e-01 8.500000000000000611e-03 9.747491985121074787e-02
-2.406377000000000166e+01 9.993010971487421568e-01 9.400000000000000369e-03 7.099359126005660992e-02
-2.408060000000000045e+01 1.000000000000000000e+00 1.460000000000000013e-02 0.000000000000000000e+00
-2.408060000000000045e+01 1.000000000000000000e+00 2.270000000000000143e-02 0.000000000000000000e+00
-2.408060000000000045e+01 1.000000000000000000e+00 1.859999999999999848e-02 0.000000000000000000e+00
-2.408060000000000045e+01 1.000000000000000000e+00 1.039999999999999952e-02 0.000000000000000000e+00
-2.401459999999999795e+01 9.972592045048710441e-01 7.799999999999999642e-03 1.296796051813852158e-01
-2.404562000000000310e+01 9.985473783875817855e-01 8.600000000000000006e-03 9.749071750684766557e-02
-2.399519599999999997e+01 9.964534106293032600e-01 7.199999999999999803e-03 1.420842060188251266e-01
-2.405664199999999653e+01 9.990050912352680390e-01 9.100000000000000450e-03 8.308607825622754683e-02
-2.400747199999999992e+01 9.969631985913971484e-01 7.499999999999999722e-03 1.340595330440917943e-01
-2.408060000000000045e+01 1.000000000000000000e+00 1.020000000000000073e-02 0.000000000000000000e+00
-2.404562000000000310e+01 9.985473783875817855e-01 8.600000000000000006e-03 9.749071750684766557e-02
-2.405083400000000182e+01 9.987639012316968934e-01 8.999999999999999320e-03 9.304297716646851846e-02
-2.408060000000000045e+01 1.000000000000000000e+00 1.080000000000000057e-02 0.000000000000000000e+00
-2.404693999999999576e+01 9.986021942974840915e-01 8.800000000000000530e-03 9.750876883644855886e-02
-2.401268599999999864e+01 9.971797214355123673e-01 7.900000000000000772e-03 1.323870824514232492e-01
-2.400357800000000097e+01 9.968014916571846795e-01 7.300000000000000065e-03 1.359478149879575770e-01
-2.402172800000000308e+01 9.975552104183451618e-01 8.099999999999999561e-03 1.247357142120890661e-01
-2.404304600000000036e+01 9.984404873632716226e-01 8.600000000000000006e-03 1.016282027785593012e-01
-2.402621600000000157e+01 9.977415845120138904e-01 8.000000000000000167e-03 1.187078160863890008e-01
-2.398357999999999990e+01 9.959710306221605247e-01 7.000000000000000146e-03 1.489471047049922559e-01
-2.407215200000000266e+01 9.996491781766235762e-01 9.499999999999999764e-03 4.661319984725351140e-02
-2.408060000000000045e+01 1.000000000000000000e+00 1.009999999999999960e-02 0.000000000000000000e+00
-2.407862000000000435e+01 9.999177761351463189e-01 9.700000000000000289e-03 1.131547612785232734e-02
-2.408060000000000045e+01 1.000000000000000000e+00 1.039999999999999952e-02 0.000000000000000000e+00
-2.401908799999999999e+01 9.974455785985398837e-01 7.700000000000000247e-03 1.241530281547733594e-01
-2.407274599999999865e+01 9.996738453360796139e-01 9.199999999999999845e-03 3.608506062070562098e-02
-2.403657800000000222e+01 9.981718894047491020e-01 8.399999999999999481e-03 1.091247378003721430e-01
-2.407994000000000057e+01 9.999725920450487360e-01 9.900000000000000813e-03 6.599999999999875064e-03
-2.408060000000000045e+01 1.000000000000000000e+00 1.030000000000000013e-02 0.000000000000000000e+00
-2.401268599999999864e+01 9.971797214355123673e-01 7.900000000000000772e-03 1.323870824514232492e-01
-2.404628000000000299e+01 9.985747863425330495e-01 8.699999999999999400e-03 9.750199997948746922e-02
-2.406245000000000189e+01 9.992462812388396287e-01 9.199999999999999845e-03 7.128428999435980351e-02
-2.402813000000000088e+01 9.978210675813725672e-01 7.900000000000000772e-03 1.154542766639675005e-01
-2.403657800000000222e+01 9.981718894047491020e-01 8.399999999999999481e-03 1.091247378003721430e-01
-2.402753599999999778e+01 9.977964004219163074e-01 8.200000000000000691e-03 1.189403615262705771e-01
-2.408060000000000045e+01 1.000000000000000000e+00 1.099999999999999936e-02 0.000000000000000000e+00
-2.405921599999999927e+01 9.991119822595782018e-01 9.100000000000000450e-03 7.751609897305189456e-02
-2.402430199999999516e+01 9.976621014426548806e-01 8.099999999999999561e-03 1.218441644068354868e-01
-2.405532200000000032e+01 9.989502753253656220e-01 8.899999999999999925e-03 8.322048065230085168e-02
-2.405532200000000032e+01 9.989502753253656220e-01 8.899999999999999925e-03 8.322048065230085168e-02
-2.407796000000000092e+01 9.998903681801948329e-01 9.599999999999999159e-03 1.299846144741734558e-02
-2.407928000000000068e+01 9.999451840900974720e-01 9.799999999999999684e-03 9.286549412994983543e-03
-2.394727999999999923e+01 9.944635930998396711e-01 5.400000000000000286e-03 1.567413155489002785e-01
-2.408060000000000045e+01 1.000000000000000000e+00 1.020000000000000073e-02 0.000000000000000000e+00
-2.401526000000000138e+01 9.972866124598224191e-01 7.900000000000000772e-03 1.298474489545325961e-01
-2.405076799999999793e+01 9.987611604362016671e-01 8.600000000000000006e-03 8.841143817402798144e-02
-2.408060000000000045e+01 1.000000000000000000e+00 1.140000000000000041e-02 0.000000000000000000e+00
-2.405340799999999746e+01 9.988707922560068342e-01 8.999999999999999320e-03 8.827596728441991503e-02
-2.408060000000000045e+01 1.000000000000000000e+00 1.020000000000000073e-02 0.000000000000000000e+00
-2.401974799999999988e+01 9.974729865534911477e-01 7.799999999999999642e-03 1.243042654135406433e-01
-2.404370599999999669e+01 9.984678953182227756e-01 8.699999999999999400e-03 1.016559078460271687e-01
-2.401585400000000092e+01 9.973112796192785678e-01 7.599999999999999985e-03 1.267200520833224320e-01
-2.408060000000000045e+01 1.000000000000000000e+00 1.159999999999999920e-02 0.000000000000000000e+00
-2.407994000000000057e+01 9.999725920450487360e-01 9.900000000000000813e-03 6.599999999999875064e-03
-2.408060000000000045e+01 1.000000000000000000e+00 1.000000000000000021e-02 0.000000000000000000e+00
-2.404304600000000036e+01 9.984404873632716226e-01 8.600000000000000006e-03 1.016282027785593012e-01
-2.402040799999999976e+01 9.975003945084424117e-01 7.900000000000000772e-03 1.244517834343885354e-01
-2.398938799999999816e+01 9.962122206257317814e-01 7.100000000000000408e-03 1.456731080192906758e-01
-2.403657800000000222e+01 9.981718894047491020e-01 8.399999999999999481e-03 1.091247378003721430e-01
-2.402364199999999883e+01 9.976346934877037276e-01 8.000000000000000167e-03 1.217148158606829317e-01
-2.408060000000000045e+01 1.000000000000000000e+00 1.060000000000000005e-02 0.000000000000000000e+00
-2.400747199999999992e+01 9.969631985913971484e-01 7.499999999999999722e-03 1.340595330440917943e-01
-2.403136399999999995e+01 9.979553665606338830e-01 8.000000000000000167e-03 1.122741715622963682e-01
-2.403004400000000018e+01 9.979005506507312440e-01 7.799999999999999642e-03 1.120733402732334016e-01
-2.408060000000000045e+01 1.000000000000000000e+00 1.060000000000000005e-02 0.000000000000000000e+00
-2.403400399999999593e+01 9.980649983804388281e-01 8.399999999999999481e-03 1.126278899740200123e-01
-2.406627800000000406e+01 9.994052473775572043e-01 8.999999999999999320e-03 5.718503650431639579e-02
-2.399519599999999997e+01 9.964534106293032600e-01 7.199999999999999803e-03 1.420842060188251266e-01
-2.405208800000000124e+01 9.988159763461044172e-01 8.800000000000000530e-03 8.835368922687933391e-02
-2.401849400000000045e+01 9.974209114390837350e-01 8.000000000000000167e-03 1.273587201568858185e-01
-2.404304600000000036e+01 9.984404873632716226e-01 8.600000000000000006e-03 1.016282027785593012e-01
-2.402621600000000157e+01 9.977415845120138904e-01 8.000000000000000167e-03 1.187078160863890008e-01
-2.406825800000000370e+01 9.994874712424109964e-01 9.299999999999999239e-03 5.649297655461253675e-02
-2.403327799999999925e+01 9.980348496299925598e-01 7.900000000000000772e-03 1.087369688744354856e-01
-2.406436399999999765e+01 9.993257643081981945e-01 9.100000000000000450e-03 6.464897214960169114e-02
-2.405334200000000067e+01 9.988680514605118299e-01 8.600000000000000006e-03 8.338211079122416491e-02
-2.404562000000000310e+01 9.985473783875817855e-01 8.600000000000000006e-03 9.749071750684766557e-02
-2.402879000000000076e+01 9.978484755363238312e-01 8.000000000000000167e-03 1.155647437586392601e-01
-2.407466000000000150e+01 9.997533284054384017e-01 9.100000000000000450e-03 1.898315042346734524e-02
-2.403400399999999593e+01 9.980649983804388281e-01 8.399999999999999481e-03 1.126278899740200123e-01
-2.406046999999999869e+01 9.991640573739856146e-01 8.899999999999999925e-03 7.167210056918928152e-02
-2.401459999999999795e+01 9.972592045048710441e-01 7.799999999999999642e-03 1.296796051813852158e-01
-2.402430199999999516e+01 9.976621014426548806e-01 8.099999999999999561e-03 1.218441644068354868e-01
-2.399777000000000271e+01 9.965603016536134229e-01 7.199999999999999803e-03 1.400460281478912161e-01
-2.401262000000000185e+01 9.971769806400173630e-01 7.499999999999999722e-03 1.291543262922305035e-01
-2.406502400000000108e+01 9.993531722631495695e-01 9.199999999999999845e-03 6.447245613438341849e-02
-2.406825800000000370e+01 9.994874712424109964e-01 9.299999999999999239e-03 5.649297655461253675e-02
-2.405274800000000113e+01 9.988433843010556812e-01 8.899999999999999925e-03 8.831732785812744513e-02
-2.407796000000000092e+01 9.998903681801948329e-01 9.599999999999999159e-03 1.299846144741734558e-02
-2.397513200000000211e+01 9.956202087987841010e-01 6.499999999999999702e-03 1.506725668461247336e-01
-2.400615200000000016e+01 9.969083826814946203e-01 7.300000000000000065e-03 1.336532468741405133e-01
-2.404951399999999850e+01 9.987090853217942543e-01 8.800000000000000530e-03 9.307985603770542460e-02
-2.407149200000000633e+01 9.996217702216724232e-01 9.400000000000000369e-03 4.695834750073721309e-02
-2.408060000000000045e+01 1.000000000000000000e+00 1.030000000000000013e-02 0.000000000000000000e+00
-2.401717400000000069e+01 9.973660955291812069e-01 7.799999999999999642e-03 1.270467142432260832e-01
-2.406119600000000247e+01 9.991942061244322160e-01 9.400000000000000369e-03 7.719016517665952537e-02
-2.403143000000000029e+01 9.979581073561289983e-01 8.399999999999999481e-03 1.159676247924392306e-01
-2.404429999999999978e+01 9.984925624776791464e-01 8.399999999999999481e-03 9.745460481680674747e-02
-2.403334399999999960e+01 9.980375904254876751e-01 8.300000000000000086e-03 1.125454290497839849e-01
-2.406377000000000166e+01 9.993010971487421568e-01 9.400000000000000369e-03 7.099359126005660992e-02
-2.405532200000000032e+01 9.989502753253656220e-01 8.899999999999999925e-03 8.322048065230085168e-02
-2.402687600000000145e+01 9.977689924669651544e-01 8.099999999999999561e-03 1.188259971555044731e-01
-2.404304600000000036e+01 9.984404873632716226e-01 8.600000000000000006e-03 1.016282027785593012e-01
-2.402106799999999609e+01 9.975278024633935647e-01 8.000000000000000167e-03 1.245955954277676025e-01
-2.403723799999999500e+01 9.981992973597001440e-01 8.500000000000000611e-03 1.091900380071366694e-01
-2.406245000000000189e+01 9.992462812388396287e-01 9.199999999999999845e-03 7.128428999435980351e-02
-2.407017199999999946e+01 9.995669543117695621e-01 9.199999999999999845e-03 4.761342667777642562e-02
-2.405400200000000055e+01 9.988954594154630939e-01 8.699999999999999400e-03 8.333354906638731907e-02
-2.408060000000000045e+01 1.000000000000000000e+00 1.060000000000000005e-02 0.000000000000000000e+00
-2.405664199999999653e+01 9.990050912352680390e-01 9.100000000000000450e-03 8.308607825622754683e-02
-2.406046999999999869e+01 9.991640573739856146e-01 8.899999999999999925e-03 7.167210056918928152e-02
-2.405083400000000182e+01 9.987639012316968934e-01 8.999999999999999320e-03 9.304297716646851846e-02
-2.403202399999999983e+01 9.979827745155851471e-01 8.099999999999999561e-03 1.123685792381480669e-01
-2.400034400000000190e+01 9.966671926779233637e-01 7.199999999999999803e-03 1.379292340296281727e-01
-2.405076799999999793e+01 9.987611604362016671e-01 8.600000000000000006e-03 8.841143817402798144e-02
-2.405142799999999781e+01 9.987885683911529311e-01 8.699999999999999400e-03 8.838505756065316576e-02
-2.407994000000000057e+01 9.999725920450487360e-01 9.900000000000000813e-03 6.599999999999875064e-03
-2.408060000000000045e+01 1.000000000000000000e+00 1.020000000000000073e-02 0.000000000000000000e+00
-2.407796000000000092e+01 9.998903681801948329e-01 9.599999999999999159e-03 1.299846144741734558e-02
-2.405076799999999793e+01 9.987611604362016671e-01 8.600000000000000006e-03 8.841143817402798144e-02
-2.404687400000000252e+01 9.985994535019891982e-01 8.399999999999999481e-03 9.309687212790761224e-02
-2.394734599999999602e+01 9.944663338953346754e-01 5.799999999999999600e-03 1.594429415182745391e-01
-2.401130000000000209e+01 9.971221647301147240e-01 7.300000000000000065e-03 1.287858687900188259e-01
-2.403268399999999971e+01 9.980101824705364111e-01 8.200000000000000691e-03 1.124589951938036736e-01
-2.401459999999999795e+01 9.972592045048710441e-01 7.799999999999999642e-03 1.296796051813852158e-01
-2.403393800000000269e+01 9.980622575849439349e-01 8.000000000000000167e-03 1.088227200542238177e-01
-2.402945000000000064e+01 9.978758834912750952e-01 8.099999999999999561e-03 1.156713015401830968e-01
-2.406568400000000096e+01 9.993805802181009446e-01 9.299999999999999239e-03 6.428861174422724478e-02
-2.408060000000000045e+01 1.000000000000000000e+00 1.089999999999999997e-02 0.000000000000000000e+00
-2.405987599999999560e+01 9.991393902145293549e-01 9.199999999999999845e-03 7.741329084853568188e-02
-2.405921599999999927e+01 9.991119822595782018e-01 9.100000000000000450e-03 7.751609897305189456e-02
-2.406891800000000359e+01 9.995148791973623714e-01 9.400000000000000369e-03 5.624475442207909487e-02
-2.407083199999999934e+01 9.995943622667209372e-01 9.299999999999999239e-03 4.729167368575564606e-02
-2.406891800000000359e+01 9.995148791973623714e-01 9.400000000000000369e-03 5.624475442207909487e-02
-2.405274800000000113e+01 9.988433843010556812e-01 8.899999999999999925e-03 8.831732785812744513e-02
-2.405406800000000089e+01 9.988982002109582092e-01 9.100000000000000450e-03 8.822960047512386217e-02
-2.407281199999999899e+01 9.996765861315747292e-01 9.599999999999999159e-03 4.625596610168245665e-02
-2.405921599999999927e+01 9.991119822595782018e-01 9.100000000000000450e-03 7.751609897305189456e-02
-2.404819399999999874e+01 9.986542694118916152e-01 8.600000000000000006e-03 9.309781737505969101e-02
-2.406179000000000201e+01 9.992188732838883647e-01 9.100000000000000450e-03 7.141995519460919706e-02
-2.401262000000000185e+01 9.971769806400173630e-01 7.499999999999999722e-03 1.291543262922305035e-01
-2.399836399999999870e+01 9.965849688130693496e-01 6.899999999999999883e-03 1.372278747193876325e-01
-2.399585599999999985e+01 9.964808185842545241e-01 7.300000000000000065e-03 1.423283302789712934e-01
-2.408060000000000045e+01 1.000000000000000000e+00 1.030000000000000013e-02 0.000000000000000000e+00
-2.406957799999999636e+01 9.995422871523133024e-01 9.499999999999999764e-03 5.598757362129552773e-02
-2.401908799999999999e+01 9.974455785985398837e-01 7.700000000000000247e-03 1.241530281547733594e-01
-2.402562200000000203e+01 9.977169173525577417e-01 8.300000000000000086e-03 1.220916393533969663e-01
-2.407017199999999946e+01 9.995669543117695621e-01 9.199999999999999845e-03 4.761342667777642562e-02
-2.401974799999999988e+01 9.974729865534911477e-01 7.799999999999999642e-03 1.243042654135406433e-01
-2.407862000000000435e+01 9.999177761351463189e-01 9.700000000000000289e-03 1.131547612785232734e-02
-2.407149200000000633e+01 9.996217702216724232e-01 9.400000000000000369e-03 4.695834750073721309e-02
-2.402555599999999814e+01 9.977141765570624043e-01 7.900000000000000772e-03 1.185858069079092914e-01
-2.402945000000000064e+01 9.978758834912750952e-01 8.099999999999999561e-03 1.156713015401830968e-01
-2.403981200000000129e+01 9.983061883840104178e-01 8.500000000000000611e-03 1.054931959891250992e-01
-2.403400399999999593e+01 9.980649983804388281e-01 8.399999999999999481e-03 1.126278899740200123e-01
-2.403915200000000141e+01 9.982787804290591538e-01 8.399999999999999481e-03 1.054418816220574207e-01
-2.406502400000000108e+01 9.993531722631495695e-01 9.199999999999999845e-03 6.447245613438341849e-02
-2.405789599999999595e+01 9.990571663496754518e-01 8.899999999999999925e-03 7.770432163013826776e-02
-2.406634400000000085e+01 9.994079881730522086e-01 9.400000000000000369e-03 6.409737592132752626e-02
-2.402040799999999976e+01 9.975003945084424117e-01 7.900000000000000772e-03 1.244517834343885354e-01
-2.405274800000000113e+01 9.988433843010556812e-01 8.899999999999999925e-03 8.831732785812744513e-02
-2.399975000000000236e+01 9.966425255184672150e-01 7.499999999999999722e-03 1.407417848401814886e-01
-2.402879000000000076e+01 9.978484755363238312e-01 8.000000000000000167e-03 1.155647437586392601e-01
-2.406377000000000166e+01 9.993010971487421568e-01 9.400000000000000369e-03 7.099359126005660992e-02
-2.407927999999999713e+01 9.999451840900972499e-01 9.799999999999999684e-03 9.286549412994971400e-03
-2.407862000000000435e+01 9.999177761351463189e-01 9.700000000000000289e-03 1.131547612785232734e-02
-2.405987599999999560e+01 9.991393902145293549e-01 9.199999999999999845e-03 7.741329084853568188e-02
-2.404495999999999967e+01 9.985199704326304104e-01 8.500000000000000611e-03 9.747491985121074787e-02
-2.407017199999999946e+01 9.995669543117695621e-01 9.199999999999999845e-03 4.761342667777642562e-02
-2.407796000000000092e+01 9.998903681801948329e-01 9.599999999999999159e-03 1.299846144741734558e-02
-2.402753599999999778e+01 9.977964004219163074e-01 8.200000000000000691e-03 1.189403615262705771e-01
-2.408060000000000045e+01 1.000000000000000000e+00 1.009999999999999960e-02 0.000000000000000000e+00
-2.404113200000000106e+01 9.983610042939129459e-01 8.699999999999999400e-03 1.055832486713682017e-01
-2.403268399999999971e+01 9.980101824705364111e-01 8.200000000000000691e-03 1.124589951938036736e-01
-2.401268599999999864e+01 9.971797214355123673e-01 7.900000000000000772e-03 1.323870824514232492e-01
-2.404238600000000048e+01 9.984130794083203586e-01 8.500000000000000611e-03 1.015961593762282067e-01
-2.399453600000000364e+01 9.964260026743521070e-01 7.100000000000000408e-03 1.418365594619382108e-01
-2.407472600000000185e+01 9.997560692009336281e-01 9.499999999999999764e-03 3.460617863908124064e-02
-2.402753599999999778e+01 9.977964004219163074e-01 8.200000000000000691e-03 1.189403615262705771e-01
-2.396991799999999984e+01 9.954036859546688820e-01 6.100000000000000387e-03 1.508385640345330792e-01
-2.399968399999999846e+01 9.966397847229719886e-01 7.100000000000000408e-03 1.376990399385556174e-01
-2.408060000000000045e+01 1.000000000000000000e+00 1.030000000000000013e-02 0.000000000000000000e+00
-2.404113200000000106e+01 9.983610042939129459e-01 8.699999999999999400e-03 1.055832486713682017e-01
-2.407928000000000068e+01 9.999451840900974720e-01 9.799999999999999684e-03 9.286549412994983543e-03
-2.403136399999999995e+01 9.979553665606338830e-01 8.000000000000000167e-03 1.122741715622963682e-01
-2.402232200000000262e+01 9.975798775778013106e-01 7.799999999999999642e-03 1.214448368601973721e-01
-2.406627800000000406e+01 9.994052473775572043e-01 8.999999999999999320e-03 5.718503650431639579e-02
-2.403466399999999936e+01 9.980924063353903142e-01 8.500000000000000611e-03 1.127063866868242697e-01
-2.403011000000000053e+01 9.979032914462264703e-01 8.200000000000000691e-03 1.157739608029368233e-01
-2.404693999999999576e+01 9.986021942974840915e-01 8.800000000000000530e-03 9.750876883644855886e-02
-2.403915200000000141e+01 9.982787804290591538e-01 8.399999999999999481e-03 1.054418816220574207e-01
-2.401196000000000197e+01 9.971495726850660990e-01 7.400000000000000328e-03 1.289719349315964492e-01
-2.407862000000000435e+01 9.999177761351463189e-01 9.700000000000000289e-03 1.131547612785232734e-02
-2.405723599999999962e+01 9.990297583947242988e-01 8.800000000000000530e-03 7.778977824881605496e-02
-2.408060000000000045e+01 1.000000000000000000e+00 1.020000000000000073e-02 0.000000000000000000e+00
-2.406766400000000061e+01 9.994628040829547366e-01 9.599999999999999159e-03 6.369246109234591446e-02
-2.407531999999999783e+01 9.997807363603895547e-01 9.199999999999999845e-03 1.799555500672290337e-02
-2.408060000000000045e+01 1.000000000000000000e+00 1.069999999999999944e-02 0.000000000000000000e+00
-2.402562200000000203e+01 9.977169173525577417e-01 8.300000000000000086e-03 1.220916393533969663e-01
-2.398417399999999944e+01 9.959956977816166734e-01 6.700000000000000226e-03 1.463586949928152858e-01
-2.403591800000000234e+01 9.981444814497978379e-01 8.300000000000000086e-03 1.090553639212669262e-01
-2.407994000000000057e+01 9.999725920450487360e-01 9.900000000000000813e-03 6.599999999999875064e-03
-2.400813199999999981e+01 9.969906065463485234e-01 7.599999999999999985e-03 1.342572992429087175e-01
-2.404113200000000106e+01 9.983610042939129459e-01 8.699999999999999400e-03 1.055832486713682017e-01
-2.402687600000000145e+01 9.977689924669651544e-01 8.099999999999999561e-03 1.188259971555044731e-01
-2.403459800000000257e+01 9.980896655398953099e-01 8.099999999999999561e-03 1.089043635489412715e-01
-2.405400200000000055e+01 9.988954594154630939e-01 8.699999999999999400e-03 8.333354906638731907e-02
-2.408060000000000045e+01 1.000000000000000000e+00 1.009999999999999960e-02 0.000000000000000000e+00
-2.406693799999999683e+01 9.994326553325081353e-01 9.100000000000000450e-03 5.696300904973317092e-02
-2.407994000000000057e+01 9.999725920450487360e-01 9.900000000000000813e-03 6.599999999999875064e-03
-2.402364199999999883e+01 9.976346934877037276e-01 8.000000000000000167e-03 1.217148158606829317e-01
-2.400872599999999579e+01 9.970152737058044501e-01 7.300000000000000065e-03 1.312676182460851271e-01
-2.401644799999999691e+01 9.973359467787346055e-01 7.300000000000000065e-03 1.235106084512579416e-01
-2.405855600000000294e+01 9.990845743046270488e-01 8.999999999999999320e-03 7.761310198671350635e-02
-2.408060000000000045e+01 1.000000000000000000e+00 1.099999999999999936e-02 0.000000000000000000e+00
-2.402753599999999778e+01 9.977964004219163074e-01 8.200000000000000691e-03 1.189403615262705771e-01
-2.404753399999999885e+01 9.986268614569403512e-01 8.500000000000000611e-03 9.309970784057255977e-02
-2.398417399999999944e+01 9.959956977816166734e-01 6.700000000000000226e-03 1.463586949928152858e-01
-2.408060000000000045e+01 1.000000000000000000e+00 1.009999999999999960e-02 0.000000000000000000e+00
-2.398740799999999851e+01 9.961299967608779893e-01 6.799999999999999621e-03 1.448580215245256486e-01
-2.405406800000000089e+01 9.988982002109582092e-01 9.100000000000000450e-03 8.822960047512386217e-02
-2.403334399999999960e+01 9.980375904254876751e-01 8.300000000000000086e-03 1.125454290497839849e-01
-2.400100400000000178e+01 9.966946006328746277e-01 7.300000000000000065e-03 1.381558598105774860e-01
-2.406568400000000096e+01 9.993805802181009446e-01 9.299999999999999239e-03 6.428861174422724478e-02
-2.402687600000000145e+01 9.977689924669651544e-01 8.099999999999999561e-03 1.188259971555044731e-01
-2.399777000000000271e+01 9.965603016536134229e-01 7.199999999999999803e-03 1.400460281478912161e-01
-2.402496199999999860e+01 9.976895093976062556e-01 8.200000000000000691e-03 1.219697683854484987e-01
-2.401974799999999988e+01 9.974729865534911477e-01 7.799999999999999642e-03 1.243042654135406433e-01
-2.398998200000000125e+01 9.962368877851881521e-01 6.799999999999999621e-03 1.430010923035203163e-01
-2.405532200000000032e+01 9.989502753253656220e-01 8.899999999999999925e-03 8.322048065230085168e-02
-2.403268399999999971e+01 9.980101824705364111e-01 8.200000000000000691e-03 1.124589951938036736e-01
-2.406693799999999683e+01 9.994326553325081353e-01 9.100000000000000450e-03 5.696300904973317092e-02
-2.403981200000000129e+01 9.983061883840104178e-01 8.500000000000000611e-03 1.054931959891250992e-01
-2.405466199999999688e+01 9.989228673704142469e-01 8.800000000000000530e-03 8.327967579187593727e-02
-2.407664000000000115e+01 9.998355522702923048e-01 9.400000000000000369e-03 1.575309493401191863e-02
-2.404364000000000345e+01 9.984651545227279934e-01 8.300000000000000086e-03 9.742976957788605785e-02
-2.404555400000000276e+01 9.985446375920866702e-01 8.200000000000000691e-03 9.307701972022935921e-02
-2.401783399999999702e+01 9.973935034841323599e-01 7.900000000000000772e-03 1.272045423717248491e-01
-2.407340599999999853e+01 9.997012532910308780e-01 9.299999999999999239e-03 3.561128472829926811e-02
-2.402364199999999883e+01 9.976346934877037276e-01 8.000000000000000167e-03 1.217148158606829317e-01
-2.402430199999999516e+01 9.976621014426548806e-01 8.099999999999999561e-03 1.218441644068354868e-01
-2.405274800000000113e+01 9.988433843010556812e-01 8.899999999999999925e-03 8.831732785812744513e-02
-2.402106799999999609e+01 9.975278024633935647e-01 8.000000000000000167e-03 1.245955954277676025e-01
-2.401070599999999899e+01 9.970974975706584642e-01 7.599999999999999985e-03 1.318435572942415202e-01
-2.405532200000000032e+01 9.989502753253656220e-01 8.899999999999999925e-03 8.322048065230085168e-02
-2.401974799999999988e+01 9.974729865534911477e-01 7.799999999999999642e-03 1.243042654135406433e-01
-2.402430199999999516e+01 9.976621014426548806e-01 8.099999999999999561e-03 1.218441644068354868e-01
-2.405400200000000055e+01 9.988954594154630939e-01 8.699999999999999400e-03 8.333354906638731907e-02
-2.405017399999999483e+01 9.987364932767454073e-01 8.899999999999999925e-03 9.306378242904146669e-02
-2.407664000000000115e+01 9.998355522702923048e-01 9.400000000000000369e-03 1.575309493401191863e-02
-2.404238600000000048e+01 9.984130794083203586e-01 8.500000000000000611e-03 1.015961593762282067e-01
-2.405208800000000124e+01 9.988159763461044172e-01 8.800000000000000530e-03 8.835368922687933391e-02
-2.403011000000000053e+01 9.979032914462264703e-01 8.200000000000000691e-03 1.157739608029368233e-01
-2.398872799999999827e+01 9.961848126707805173e-01 7.000000000000000146e-03 1.454049462707508178e-01
-2.398674800000000218e+01 9.961025888059268363e-01 6.700000000000000226e-03 1.445792184236722733e-01
-2.405208800000000124e+01 9.988159763461044172e-01 8.800000000000000530e-03 8.835368922687933391e-02
-2.406046999999999869e+01 9.991640573739856146e-01 8.899999999999999925e-03 7.167210056918928152e-02
-2.399968399999999846e+01 9.966397847229719886e-01 7.100000000000000408e-03 1.376990399385556174e-01
-2.406112999999999857e+01 9.991914653289368786e-01 8.999999999999999320e-03 7.154921383215878672e-02
-2.402621600000000157e+01 9.977415845120138904e-01 8.000000000000000167e-03 1.187078160863890008e-01
-2.400740599999999958e+01 9.969604577959020331e-01 7.100000000000000408e-03 1.308654408161296911e-01
-2.402555599999999814e+01 9.977141765570624043e-01 7.900000000000000772e-03 1.185858069079092914e-01
-2.405400200000000055e+01 9.988954594154630939e-01 8.699999999999999400e-03 8.333354906638731907e-02
-2.402040799999999976e+01 9.975003945084424117e-01 7.900000000000000772e-03 1.244517834343885354e-01
-2.405723599999999962e+01 9.990297583947242988e-01 8.800000000000000530e-03 7.778977824881605496e-02
-2.401262000000000185e+01 9.971769806400173630e-01 7.499999999999999722e-03 1.291543262922305035e-01
-2.403268399999999971e+01 9.980101824705364111e-01 8.200000000000000691e-03 1.124589951938036736e-01
-2.403591800000000234e+01 9.981444814497978379e-01 8.300000000000000086e-03 1.090553639212669262e-01
-2.404436600000000013e+01 9.984953032731742617e-01 8.800000000000000530e-03 1.016792781248960775e-01
-2.403466399999999936e+01 9.980924063353903142e-01 8.500000000000000611e-03 1.127063866868242697e-01
-2.400813199999999981e+01 9.969906065463485234e-01 7.599999999999999985e-03 1.342572992429087175e-01
-2.407538600000000173e+01 9.997834771558848921e-01 9.599999999999999159e-03 3.407315072017855218e-02
-2.402555599999999814e+01 9.977141765570624043e-01 7.900000000000000772e-03 1.185858069079092914e-01
-2.406759799999999672e+01 9.994600632874595103e-01 9.199999999999999845e-03 5.673235761009746275e-02
-2.396991799999999984e+01 9.954036859546688820e-01 6.100000000000000387e-03 1.508385640345330792e-01
-2.405921599999999927e+01 9.991119822595782018e-01 9.100000000000000450e-03 7.751609897305189456e-02
-2.408060000000000045e+01 1.000000000000000000e+00 1.000000000000000021e-02 0.000000000000000000e+00
-2.403657800000000222e+01 9.981718894047491020e-01 8.399999999999999481e-03 1.091247378003721430e-01
-2.406436399999999765e+01 9.993257643081981945e-01 9.100000000000000450e-03 6.464897214960169114e-02
-2.402945000000000064e+01 9.978758834912750952e-01 8.099999999999999561e-03 1.156713015401830968e-01
-2.402172800000000308e+01 9.975552104183451618e-01 8.099999999999999561e-03 1.247357142120890661e-01
-2.405789599999999595e+01 9.990571663496754518e-01 8.899999999999999925e-03 7.770432163013826776e-02
-2.403400399999999593e+01 9.980649983804388281e-01 8.399999999999999481e-03 1.126278899740200123e-01
-2.401394000000000162e+01 9.972317965499198911e-01 7.700000000000000247e-03 1.295081464619115830e-01
-2.405855600000000294e+01 9.990845743046270488e-01 8.999999999999999320e-03 7.761310198671350635e-02
-2.406370399999999776e+01 9.992983563532469304e-01 8.999999999999999320e-03 6.481821966083294029e-02
-2.403915200000000141e+01 9.982787804290591538e-01 8.399999999999999481e-03 1.054418816220574207e-01
-2.404238600000000048e+01 9.984130794083203586e-01 8.500000000000000611e-03 1.015961593762282067e-01
-2.402938400000000030e+01 9.978731426957799799e-01 7.700000000000000247e-03 1.119668951074377083e-01
-2.403202399999999983e+01 9.979827745155851471e-01 8.099999999999999561e-03 1.123685792381480669e-01
-2.407796000000000092e+01 9.998903681801948329e-01 9.599999999999999159e-03 1.299846144741734558e-02
-2.401262000000000185e+01 9.971769806400173630e-01 7.499999999999999722e-03 1.291543262922305035e-01
-2.399519599999999997e+01 9.964534106293032600e-01 7.199999999999999803e-03 1.420842060188251266e-01
-2.399902399999999858e+01 9.966123767680206136e-01 7.000000000000000146e-03 1.374652596112921343e-01
-2.407994000000000057e+01 9.999725920450487360e-01 9.900000000000000813e-03 6.599999999999875064e-03
-2.402106799999999609e+01 9.975278024633935647e-01 8.000000000000000167e-03 1.245955954277676025e-01
-2.406885199999999969e+01 9.995121384018670341e-01 8.999999999999999320e-03 4.822313137903831703e-02
-2.400615200000000016e+01 9.969083826814946203e-01 7.300000000000000065e-03 1.336532468741405133e-01
-2.403334399999999960e+01 9.980375904254876751e-01 8.300000000000000086e-03 1.125454290497839849e-01
-2.405855600000000294e+01 9.990845743046270488e-01 8.999999999999999320e-03 7.761310198671350635e-02
-2.404113200000000106e+01 9.983610042939129459e-01 8.699999999999999400e-03 1.055832486713682017e-01
-2.402621600000000157e+01 9.977415845120138904e-01 8.000000000000000167e-03 1.187078160863890008e-01
-2.402364199999999883e+01 9.976346934877037276e-01 8.000000000000000167e-03 1.217148158606829317e-01
-2.407017199999999946e+01 9.995669543117695621e-01 9.199999999999999845e-03 4.761342667777642562e-02
-2.402945000000000064e+01 9.978758834912750952e-01 8.099999999999999561e-03 1.156713015401830968e-01
-2.403136399999999995e+01 9.979553665606338830e-01 8.000000000000000167e-03 1.122741715622963682e-01
-2.405657599999999974e+01 9.990023504397730347e-01 8.699999999999999400e-03 7.786949081636522496e-02
-2.404304600000000036e+01 9.984404873632716226e-01 8.600000000000000006e-03 1.016282027785593012e-01
-2.402232200000000262e+01 9.975798775778013106e-01 7.799999999999999642e-03 1.214448368601973721e-01
-2.403525799999999890e+01 9.981170734948464629e-01 8.200000000000000691e-03 1.089819085903708656e-01
-2.402555599999999814e+01 9.977141765570624043e-01 7.900000000000000772e-03 1.185858069079092914e-01
-2.398549400000000276e+01 9.960505136915194235e-01 6.899999999999999883e-03 1.469293830382470967e-01
-2.407340599999999853e+01 9.997012532910308780e-01 9.299999999999999239e-03 3.561128472829926811e-02
-2.400423800000000085e+01 9.968288996121359435e-01 7.400000000000000328e-03 1.361619050983054469e-01
-2.405010800000000160e+01 9.987337524812505141e-01 8.500000000000000611e-03 8.843283553070077629e-02
-2.406766400000000061e+01 9.994628040829547366e-01 9.599999999999999159e-03 6.369246109234591446e-02
-2.406825800000000370e+01 9.994874712424109964e-01 9.299999999999999239e-03 5.649297655461253675e-02
-2.402364199999999883e+01 9.976346934877037276e-01 8.000000000000000167e-03 1.217148158606829317e-01
-2.407928000000000068e+01 9.999451840900974720e-01 9.799999999999999684e-03 9.286549412994983543e-03
-2.405466199999999688e+01 9.989228673704142469e-01 8.800000000000000530e-03 8.327967579187593727e-02
-2.403136399999999995e+01 9.979553665606338830e-01 8.000000000000000167e-03 1.122741715622963682e-01
-2.405657599999999974e+01 9.990023504397730347e-01 8.699999999999999400e-03 7.786949081636522496e-02
-2.406891800000000359e+01 9.995148791973623714e-01 9.400000000000000369e-03 5.624475442207909487e-02
-2.404436600000000013e+01 9.984953032731742617e-01 8.800000000000000530e-03 1.016792781248960775e-01
-2.407604600000000161e+01 9.998108851108361561e-01 9.700000000000000289e-03 3.351852622058416192e-02
-2.403011000000000053e+01 9.979032914462264703e-01 8.200000000000000691e-03 1.157739608029368233e-01
-2.401842799999999656e+01 9.974181706435885086e-01 7.599999999999999985e-03 1.239980580493095785e-01
-2.404304600000000036e+01 9.984404873632716226e-01 8.600000000000000006e-03 1.016282027785593012e-01
-2.400357800000000097e+01 9.968014916571846795e-01 7.300000000000000065e-03 1.359478149879575770e-01
-2.399777000000000271e+01 9.965603016536134229e-01 7.199999999999999803e-03 1.400460281478912161e-01
-2.404238600000000048e+01 9.984130794083203586e-01 8.500000000000000611e-03 1.015961593762282067e-01
-2.404238600000000048e+01 9.984130794083203586e-01 8.500000000000000611e-03 1.015961593762282067e-01
-2.403723799999999500e+01 9.981992973597001440e-01 8.500000000000000611e-03 1.091900380071366694e-01
-2.401908799999999999e+01 9.974455785985398837e-01 7.700000000000000247e-03 1.241530281547733594e-01
-2.403195800000000304e+01 9.979800337200901428e-01 7.700000000000000247e-03 1.085531040551119819e-01
-2.403717200000000176e+01 9.981965565642052507e-01 8.099999999999999561e-03 1.052627113464211089e-01
-2.407472600000000185e+01 9.997560692009336281e-01 9.499999999999999764e-03 3.460617863908124064e-02
-2.407862000000000435e+01 9.999177761351463189e-01 9.700000000000000289e-03 1.131547612785232734e-02
-2.405855600000000294e+01 9.990845743046270488e-01 8.999999999999999320e-03 7.761310198671350635e-02
-2.401459999999999795e+01 9.972592045048710441e-01 7.799999999999999642e-03 1.296796051813852158e-01
-2.404238600000000048e+01 9.984130794083203586e-01 8.500000000000000611e-03 1.015961593762282067e-01
-2.403651200000000188e+01 9.981691486092539867e-01 8.000000000000000167e-03 1.051945549921665807e-01
-2.405142799999999781e+01 9.987885683911529311e-01 8.699999999999999400e-03 8.838505756065316576e-02
-2.406377000000000166e+01 9.993010971487421568e-01 9.400000000000000369e-03 7.099359126005660992e-02
-2.408060000000000045e+01 1.000000000000000000e+00 1.110000000000000049e-02 0.000000000000000000e+00
-2.403268399999999971e+01 9.980101824705364111e-01 8.200000000000000691e-03 1.124589951938036736e-01
-2.405466199999999688e+01 9.989228673704142469e-01 8.800000000000000530e-03 8.327967579187593727e-02
-2.405208800000000124e+01 9.988159763461044172e-01 8.800000000000000530e-03 8.835368922687933391e-02
-2.403532399999999924e+01 9.981198142903415782e-01 8.600000000000000006e-03 1.127809274655957039e-01
-2.403849199999999797e+01 9.982513724741076677e-01 8.300000000000000086e-03 1.053863672397903628e-01
-2.400225800000000120e+01 9.967466757472820404e-01 7.100000000000000408e-03 1.355088794138596120e-01
-2.407664000000000115e+01 9.998355522702923048e-01 9.400000000000000369e-03 1.575309493401191863e-02
-2.406693799999999683e+01 9.994326553325081353e-01 9.100000000000000450e-03 5.696300904973317092e-02
-2.403591800000000234e+01 9.981444814497978379e-01 8.300000000000000086e-03 1.090553639212669262e-01
-2.405664199999999653e+01 9.990050912352680390e-01 9.100000000000000450e-03 8.308607825622754683e-02
-2.408060000000000045e+01 1.000000000000000000e+00 1.000000000000000021e-02 0.000000000000000000e+00
-2.408060000000000045e+01 1.000000000000000000e+00 1.039999999999999952e-02 0.000000000000000000e+00
-2.397770600000000130e+01 9.957270998230941528e-01 6.499999999999999702e-03 1.491023930056118718e-01
-2.400747199999999992e+01 9.969631985913971484e-01 7.499999999999999722e-03 1.340595330440917943e-01
-2.408060000000000045e+01 1.000000000000000000e+00 1.009999999999999960e-02 0.000000000000000000e+00
-2.408060000000000045e+01 1.000000000000000000e+00 1.020000000000000073e-02 0.000000000000000000e+00
-2.408060000000000045e+01 1.000000000000000000e+00 1.110000000000000049e-02 0.000000000000000000e+00
-2.406112999999999857e+01 9.991914653289368786e-01 8.999999999999999320e-03 7.154921383215878672e-02
-2.402364199999999883e+01 9.976346934877037276e-01 8.000000000000000167e-03 1.217148158606829317e-01
-2.400615200000000016e+01 9.969083826814946203e-01 7.300000000000000065e-03 1.336532468741405133e-01
-2.403591800000000234e+01 9.981444814497978379e-01 8.300000000000000086e-03 1.090553639212669262e-01
-2.407796000000000092e+01 9.998903681801948329e-01 9.599999999999999159e-03 1.299846144741733170e-02
-2.407862000000000435e+01 9.999177761351463189e-01 9.700000000000000289e-03 1.131547612785232734e-02
-2.408060000000000045e+01 1.000000000000000000e+00 1.030000000000000013e-02 0.000000000000000000e+00
-2.402753599999999778e+01 9.977964004219163074e-01 8.200000000000000691e-03 1.189403615262705771e-01
-2.401394000000000162e+01 9.972317965499198911e-01 7.700000000000000247e-03 1.295081464619115830e-01
-2.400489800000000074e+01 9.968563075670872076e-01 7.499999999999999722e-03 1.363724326981078094e-01
-2.407023800000000335e+01 9.995696951072648995e-01 9.599999999999999159e-03 5.572131010663698703e-02
-2.404885400000000217e+01 9.986816773668431013e-01 8.699999999999999400e-03 9.309120044343600908e-02
-2.403723799999999500e+01 9.981992973597001440e-01 8.500000000000000611e-03 1.091900380071366694e-01
-2.406891800000000359e+01 9.995148791973623714e-01 9.400000000000000369e-03 5.624475442207909487e-02
-2.406825800000000370e+01 9.994874712424109964e-01 9.299999999999999239e-03 5.649297655461253675e-02
-2.406370399999999776e+01 9.992983563532469304e-01 8.999999999999999320e-03 6.481821966083294029e-02
-2.407796000000000092e+01 9.998903681801948329e-01 9.599999999999999159e-03 1.299846144741734558e-02
-2.407927999999999713e+01 9.999451840900972499e-01 9.799999999999999684e-03 9.286549412994971400e-03
-2.406957799999999636e+01 9.995422871523133024e-01 9.499999999999999764e-03 5.598757362129552773e-02
-2.405340799999999746e+01 9.988707922560068342e-01 8.999999999999999320e-03 8.827596728441991503e-02
-2.405598200000000020e+01 9.989776832803168860e-01 8.999999999999999320e-03 8.315595228244328230e-02
-2.401130000000000209e+01 9.971221647301147240e-01 7.300000000000000065e-03 1.287858687900188259e-01
-2.403525799999999890e+01 9.981170734948464629e-01 8.200000000000000691e-03 1.089819085903708656e-01
-2.401196000000000197e+01 9.971495726850660990e-01 7.400000000000000328e-03 1.289719349315964492e-01
-2.402621600000000157e+01 9.977415845120138904e-01 8.000000000000000167e-03 1.187078160863890008e-01
-2.405208800000000124e+01 9.988159763461044172e-01 8.800000000000000530e-03 8.835368922687933391e-02
-2.400291800000000109e+01 9.967740837022333045e-01 7.199999999999999803e-03 1.357301455093891107e-01
-2.402555599999999814e+01 9.977141765570624043e-01 7.900000000000000772e-03 1.185858069079092914e-01
-2.404436600000000013e+01 9.984953032731742617e-01 8.800000000000000530e-03 1.016792781248960775e-01
-2.399321600000000032e+01 9.963711867644493569e-01 6.899999999999999883e-03 1.413306251312854700e-01
-2.403070400000000006e+01 9.979279586056826190e-01 7.900000000000000772e-03 1.121757620878947176e-01
-2.400034400000000190e+01 9.966671926779233637e-01 7.199999999999999803e-03 1.379292340296281727e-01
-2.406568400000000096e+01 9.993805802181009446e-01 9.299999999999999239e-03 6.428861174422724478e-02
-2.404885400000000217e+01 9.986816773668431013e-01 8.699999999999999400e-03 9.309120044343600908e-02
-2.404238600000000048e+01 9.984130794083203586e-01 8.500000000000000611e-03 1.015961593762282067e-01
-2.406245000000000189e+01 9.992462812388396287e-01 9.199999999999999845e-03 7.128428999435980351e-02
-2.408060000000000045e+01 1.000000000000000000e+00 1.030000000000000013e-02 0.000000000000000000e+00
-2.405472800000000078e+01 9.989256081659094733e-01 9.199999999999999845e-03 8.817821953294349702e-02
-2.398932200000000137e+01 9.962094798302367771e-01 6.700000000000000226e-03 1.427306848578816789e-01
-2.401783399999999702e+01 9.973935034841323599e-01 7.900000000000000772e-03 1.272045423717248491e-01
-2.406310999999999822e+01 9.992736891937907817e-01 9.299999999999999239e-03 7.114218158026913708e-02
-2.396866400000000397e+01 9.953516108402615803e-01 6.300000000000000044e-03 1.529533575963598346e-01
-2.401070599999999899e+01 9.970974975706584642e-01 7.599999999999999985e-03 1.318435572942415202e-01
-2.404106600000000071e+01 9.983582634984178306e-01 8.300000000000000086e-03 1.015190405786026290e-01
-2.408060000000000045e+01 1.000000000000000000e+00 1.119999999999999989e-02 0.000000000000000000e+00
-2.407862000000000435e+01 9.999177761351463189e-01 9.700000000000000289e-03 1.131547612785232734e-02
-2.397902600000000106e+01 9.957819157329966808e-01 6.700000000000000226e-03 1.497202310978711093e-01
-2.402298200000000250e+01 9.976072855327525746e-01 7.900000000000000772e-03 1.215817107956618237e-01
-2.407208599999999876e+01 9.996464373811283499e-01 9.100000000000000450e-03 3.654065680854657466e-02
-2.400423800000000085e+01 9.968288996121359435e-01 7.400000000000000328e-03 1.361619050983054469e-01
-2.405789599999999595e+01 9.990571663496754518e-01 8.899999999999999925e-03 7.770432163013826776e-02
-2.400615200000000016e+01 9.969083826814946203e-01 7.300000000000000065e-03 1.336532468741405133e-01
-2.402555599999999814e+01 9.977141765570624043e-01 7.900000000000000772e-03 1.185858069079092914e-01
-2.401394000000000162e+01 9.972317965499198911e-01 7.700000000000000247e-03 1.295081464619115830e-01
-2.405598200000000020e+01 9.989776832803168860e-01 8.999999999999999320e-03 8.315595228244328230e-02
-2.403915200000000141e+01 9.982787804290591538e-01 8.399999999999999481e-03 1.054418816220574207e-01
-2.406179000000000201e+01 9.992188732838883647e-01 9.100000000000000450e-03 7.141995519460919706e-02
-2.399321600000000032e+01 9.963711867644493569e-01 6.899999999999999883e-03 1.413306251312854700e-01
-2.400034400000000190e+01 9.966671926779233637e-01 7.199999999999999803e-03 1.379292340296281727e-01
-2.404753399999999885e+01 9.986268614569403512e-01 8.500000000000000611e-03 9.309970784057255977e-02
-2.400681200000000004e+01 9.969357906364458843e-01 7.400000000000000328e-03 1.338581876464788323e-01
-2.404885400000000217e+01 9.986816773668431013e-01 8.699999999999999400e-03 9.309120044343600908e-02
-2.407862000000000435e+01 9.999177761351463189e-01 9.700000000000000289e-03 1.131547612785232734e-02
-2.405591599999999985e+01 9.989749424848217707e-01 8.600000000000000006e-03 7.794347695606075599e-02
-2.405532200000000032e+01 9.989502753253656220e-01 8.899999999999999925e-03 8.322048065230085168e-02
-2.398938799999999816e+01 9.962122206257317814e-01 7.100000000000000408e-03 1.456731080192906758e-01
-2.404819399999999874e+01 9.986542694118916152e-01 8.600000000000000006e-03 9.309781737505969101e-02
-2.406951199999999957e+01 9.995395463568182981e-01 9.100000000000000450e-03 4.792383957906535402e-02
-2.405142799999999781e+01 9.987885683911529311e-01 8.699999999999999400e-03 8.838505756065316576e-02
-2.402364199999999883e+01 9.976346934877037276e-01 8.000000000000000167e-03 1.217148158606829317e-01
-2.400813199999999981e+01 9.969906065463485234e-01 7.599999999999999985e-03 1.342572992429087175e-01
-2.405664199999999653e+01 9.990050912352680390e-01 9.100000000000000450e-03 8.308607825622754683e-02
-2.402945000000000064e+01 9.978758834912750952e-01 8.099999999999999561e-03 1.156713015401830968e-01
-2.402232200000000262e+01 9.975798775778013106e-01 7.799999999999999642e-03 1.214448368601973721e-01
-2.404819399999999874e+01 9.986542694118916152e-01 8.600000000000000006e-03 9.309781737505969101e-02
-2.406627800000000406e+01 9.994052473775572043e-01 8.999999999999999320e-03 5.718503650431639579e-02
-2.404429999999999978e+01 9.984925624776791464e-01 8.399999999999999481e-03 9.745460481680674747e-02
-2.402879000000000076e+01 9.978484755363238312e-01 8.000000000000000167e-03 1.155647437586392601e-01
-2.400423800000000085e+01 9.968288996121359435e-01 7.400000000000000328e-03 1.361619050983054469e-01
-2.405142799999999781e+01 9.987885683911529311e-01 8.699999999999999400e-03 8.838505756065316576e-02
-2.406502400000000108e+01 9.993531722631495695e-01 9.199999999999999845e-03 6.447245613438341849e-02
-2.400747199999999992e+01 9.969631985913971484e-01 7.499999999999999722e-03 1.340595330440917943e-01
-2.398028000000000048e+01 9.958339908474040936e-01 6.499999999999999702e-03 1.474701325692763243e-01
-2.405657599999999974e+01 9.990023504397730347e-01 8.699999999999999400e-03 7.786949081636522496e-02
-2.407796000000000092e+01 9.998903681801948329e-01 9.599999999999999159e-03 1.299846144741734558e-02
-2.402819600000000122e+01 9.978238083768676825e-01 8.300000000000000086e-03 1.190509201980394505e-01
-2.404304600000000036e+01 9.984404873632716226e-01 8.600000000000000006e-03 1.016282027785593012e-01
-2.400740599999999958e+01 9.969604577959020331e-01 7.100000000000000408e-03 1.308654408161296911e-01
-2.403525799999999890e+01 9.981170734948464629e-01 8.200000000000000691e-03 1.089819085903708656e-01
-2.407994000000000057e+01 9.999725920450487360e-01 9.900000000000000813e-03 6.599999999999875064e-03
-2.407994000000000057e+01 9.999725920450487360e-01 9.900000000000000813e-03 6.599999999999875064e-03
-2.402172800000000308e+01 9.975552104183451618e-01 8.099999999999999561e-03 1.247357142120890661e-01
-2.402232200000000262e+01 9.975798775778013106e-01 7.799999999999999642e-03 1.214448368601973721e-01
-2.404047199999999762e+01 9.983335963389615708e-01 8.600000000000000006e-03 1.055403164672153171e-01
-2.401136599999999888e+01 9.971249055256097282e-01 7.700000000000000247e-03 1.320283136300692828e-01
-2.403268399999999971e+01 9.980101824705364111e-01 8.200000000000000691e-03 1.124589951938036736e-01
-2.397704600000000141e+01 9.956996918681428888e-01 6.400000000000000307e-03 1.487880761351524916e-01
-2.403011000000000053e+01 9.979032914462264703e-01 8.200000000000000691e-03 1.157739608029368233e-01
-2.406693799999999683e+01 9.994326553325081353e-01 9.100000000000000450e-03 5.696300904973317092e-02
-2.403136399999999995e+01 9.979553665606338830e-01 8.000000000000000167e-03 1.122741715622963682e-01
-2.401453400000000116e+01 9.972564637093760398e-01 7.400000000000000328e-03 1.263786200272813132e-01
-2.399387600000000020e+01 9.963985947194006210e-01 7.000000000000000146e-03 1.415853721257953335e-01
-2.406112999999999857e+01 9.991914653289368786e-01 8.999999999999999320e-03 7.154921383215878672e-02
-2.400489800000000074e+01 9.968563075670872076e-01 7.499999999999999722e-03 1.363724326981078094e-01
-2.405208800000000124e+01 9.988159763461044172e-01 8.800000000000000530e-03 8.835368922687933391e-02
-2.401004600000000266e+01 9.970700896157073112e-01 7.499999999999999722e-03 1.316551996694393656e-01
-2.403268399999999971e+01 9.980101824705364111e-01 8.200000000000000691e-03 1.124589951938036736e-01
-2.404628000000000299e+01 9.985747863425330495e-01 8.699999999999999400e-03 9.750199997948746922e-02
-2.403466399999999936e+01 9.980924063353903142e-01 8.500000000000000611e-03 1.127063866868242697e-01
-2.407928000000000068e+01 9.999451840900974720e-01 9.799999999999999684e-03 9.286549412994983543e-03
-2.405208800000000124e+01 9.988159763461044172e-01 8.800000000000000530e-03 8.835368922687933391e-02
-2.407796000000000092e+01 9.998903681801948329e-01 9.599999999999999159e-03 1.299846144741734558e-02
-2.402687600000000145e+01 9.977689924669651544e-01 8.099999999999999561e-03 1.188259971555044731e-01
-2.404165999999999670e+01 9.983829306578738683e-01 8.000000000000000167e-03 9.732810488240259406e-02
-2.404495999999999967e+01 9.985199704326304104e-01 8.500000000000000611e-03 9.747491985121074787e-02
-2.400813199999999981e+01 9.969906065463485234e-01 7.599999999999999985e-03 1.342572992429087175e-01
-2.406957799999999636e+01 9.995422871523133024e-01 9.499999999999999764e-03 5.598757362129552773e-02
-2.407862000000000435e+01 9.999177761351463189e-01 9.700000000000000289e-03 1.131547612785232734e-02
-2.400549200000000027e+01 9.968809747265433563e-01 7.199999999999999803e-03 1.334446941620383298e-01
-2.403393800000000269e+01 9.980622575849439349e-01 8.000000000000000167e-03 1.088227200542238177e-01
-2.404304600000000036e+01 9.984404873632716226e-01 8.600000000000000006e-03 1.016282027785593012e-01
-2.406951199999999957e+01 9.995395463568182981e-01 9.100000000000000450e-03 4.792383957906535402e-02
-2.407215200000000266e+01 9.996491781766235762e-01 9.499999999999999764e-03 4.661319984725351140e-02
-2.407994000000000057e+01 9.999725920450487360e-01 9.900000000000000813e-03 6.599999999999875064e-03
-2.406627800000000406e+01 9.994052473775572043e-01 8.999999999999999320e-03 5.718503650431639579e-02
-2.404628000000000299e+01 9.985747863425330495e-01 8.699999999999999400e-03 9.750199997948746922e-02
-2.405017399999999483e+01 9.987364932767454073e-01 8.899999999999999925e-03 9.306378242904146669e-02
-2.408060000000000045e+01 1.000000000000000000e+00 1.030000000000000013e-02 0.000000000000000000e+00
-2.407862000000000435e+01 9.999177761351463189e-01 9.700000000000000289e-03 1.131547612785232734e-02
-2.407729999999999748e+01 9.998629602252434578e-01 9.499999999999999764e-03 1.445683229480073002e-02
-2.400938599999999923e+01 9.970426816607559362e-01 7.400000000000000328e-03 1.314632252761202547e-01
-2.401070599999999899e+01 9.970974975706584642e-01 7.599999999999999985e-03 1.318435572942415202e-01
-2.403657800000000222e+01 9.981718894047491020e-01 8.399999999999999481e-03 1.091247378003721430e-01
-2.404562000000000310e+01 9.985473783875817855e-01 8.600000000000000006e-03 9.749071750684766557e-02
-2.403076999999999686e+01 9.979306994011775123e-01 8.300000000000000086e-03 1.158727319087625302e-01
-2.400806600000000657e+01 9.969878657508536302e-01 7.199999999999999803e-03 1.310683623152435473e-01
-2.405789599999999595e+01 9.990571663496754518e-01 8.899999999999999925e-03 7.770432163013826776e-02
-2.404687400000000252e+01 9.985994535019891982e-01 8.399999999999999481e-03 9.309687212790761224e-02
-2.401328000000000173e+01 9.972043885949686270e-01 7.599999999999999985e-03 1.293330584189515964e-01
-2.404628000000000299e+01 9.985747863425330495e-01 8.699999999999999400e-03 9.750199997948746922e-02
-2.407994000000000057e+01 9.999725920450487360e-01 9.900000000000000813e-03 6.599999999999875064e-03
-2.404040600000000083e+01 9.983308555434665665e-01 8.200000000000000691e-03 1.014739552791747851e-01
-2.403143000000000029e+01 9.979581073561289983e-01 8.399999999999999481e-03 1.159676247924392306e-01
-2.401915400000000034e+01 9.974483193940349990e-01 8.099999999999999561e-03 1.275092608401442729e-01
-2.400615200000000016e+01 9.969083826814946203e-01 7.300000000000000065e-03 1.336532468741405133e-01
-2.403202399999999983e+01 9.979827745155851471e-01 8.099999999999999561e-03 1.123685792381480669e-01
-2.399777000000000271e+01 9.965603016536134229e-01 7.199999999999999803e-03 1.400460281478912161e-01
-2.400100400000000178e+01 9.966946006328746277e-01 7.300000000000000065e-03 1.381558598105774860e-01
-2.403849199999999797e+01 9.982513724741076677e-01 8.300000000000000086e-03 1.053863672397903628e-01
-2.408060000000000045e+01 1.000000000000000000e+00 1.039999999999999952e-02 0.000000000000000000e+00
-2.407017199999999946e+01 9.995669543117695621e-01 9.199999999999999845e-03 4.761342667777642562e-02
-2.407340599999999853e+01 9.997012532910308780e-01 9.299999999999999239e-03 3.561128472829926811e-02
-2.399585599999999985e+01 9.964808185842545241e-01 7.300000000000000065e-03 1.423283302789712934e-01
-2.403789800000000199e+01 9.982267053146517410e-01 8.600000000000000006e-03 1.092512718461435828e-01
-2.400100400000000178e+01 9.966946006328746277e-01 7.300000000000000065e-03 1.381558598105774860e-01
-2.408060000000000045e+01 1.000000000000000000e+00 1.020000000000000073e-02 0.000000000000000000e+00
-2.400549200000000027e+01 9.968809747265433563e-01 7.199999999999999803e-03 1.334446941620383298e-01
-2.405855600000000294e+01 9.990845743046270488e-01 8.999999999999999320e-03 7.761310198671350635e-02
-2.407670600000000150e+01 9.998382930657874201e-01 9.799999999999999684e-03 3.294121430670107070e-02
-2.403268399999999971e+01 9.980101824705364111e-01 8.200000000000000691e-03 1.124589951938036736e-01
-2.408060000000000045e+01 1.000000000000000000e+00 1.030000000000000013e-02 0.000000000000000000e+00
-2.408060000000000045e+01 1.000000000000000000e+00 1.000000000000000021e-02 0.000000000000000000e+00
-2.405149400000000171e+01 9.987913091866482684e-01 9.100000000000000450e-03 9.301743707499132707e-02
-2.407472600000000185e+01 9.997560692009336281e-01 9.499999999999999764e-03 3.460617863908124064e-02
-2.401908799999999999e+01 9.974455785985398837e-01 7.700000000000000247e-03 1.241530281547733594e-01
-2.404298000000000002e+01 9.984377465677765073e-01 8.200000000000000691e-03 9.740041067675206388e-02
-2.400232399999999799e+01 9.967494165427770447e-01 7.499999999999999722e-03 1.385984761820992783e-01
-2.402364199999999883e+01 9.976346934877037276e-01 8.000000000000000167e-03 1.217148158606829317e-01
-2.402945000000000064e+01 9.978758834912750952e-01 8.099999999999999561e-03 1.156713015401830968e-01
-2.403723799999999500e+01 9.981992973597001440e-01 8.500000000000000611e-03 1.091900380071366694e-01
-2.407796000000000092e+01 9.998903681801948329e-01 9.599999999999999159e-03 1.299846144741734558e-02
-2.402430199999999516e+01 9.976621014426548806e-01 8.099999999999999561e-03 1.218441644068354868e-01
-2.405406800000000089e+01 9.988982002109582092e-01 9.100000000000000450e-03 8.822960047512386217e-02
-2.402298200000000250e+01 9.976072855327525746e-01 7.900000000000000772e-03 1.215817107956618237e-01
-2.402879000000000076e+01 9.978484755363238312e-01 8.000000000000000167e-03 1.155647437586392601e-01
-2.403915200000000141e+01 9.982787804290591538e-01 8.399999999999999481e-03 1.054418816220574207e-01
-2.405789599999999595e+01 9.990571663496754518e-01 8.899999999999999925e-03 7.770432163013826776e-02
-2.406172400000000167e+01 9.992161324883932494e-01 8.699999999999999400e-03 6.528290434715651458e-02
-2.405987599999999560e+01 9.991393902145293549e-01 9.199999999999999845e-03 7.741329084853568188e-02
-2.403525799999999890e+01 9.981170734948464629e-01 8.200000000000000691e-03 1.089819085903708656e-01
-2.402430199999999516e+01 9.976621014426548806e-01 8.099999999999999561e-03 1.218441644068354868e-01
-2.399453600000000364e+01 9.964260026743521070e-01 7.100000000000000408e-03 1.418365594619382108e-01
-2.403849199999999797e+01 9.982513724741076677e-01 8.300000000000000086e-03 1.053863672397903628e-01
-2.402232200000000262e+01 9.975798775778013106e-01 7.799999999999999642e-03 1.214448368601973721e-01
-2.407215200000000266e+01 9.996491781766235762e-01 9.499999999999999764e-03 4.661319984725351140e-02
-2.405208800000000124e+01 9.988159763461044172e-01 8.800000000000000530e-03 8.835368922687933391e-02
-2.407994000000000057e+01 9.999725920450487360e-01 9.900000000000000813e-03 6.599999999999875064e-03
-2.404304600000000036e+01 9.984404873632716226e-01 8.600000000000000006e-03 1.016282027785593012e-01
-2.402298200000000250e+01 9.976072855327525746e-01 7.900000000000000772e-03 1.215817107956618237e-01
-2.407928000000000068e+01 9.999451840900974720e-01 9.799999999999999684e-03 9.286549412994983543e-03
-2.399975000000000236e+01 9.966425255184672150e-01 7.499999999999999722e-03 1.407417848401814886e-01
-2.401004600000000266e+01 9.970700896157073112e-01 7.499999999999999722e-03 1.316551996694393656e-01
-2.400747199999999992e+01 9.969631985913971484e-01 7.499999999999999722e-03 1.340595330440917943e-01
-2.399975000000000236e+01 9.966425255184672150e-01 7.499999999999999722e-03 1.407417848401814886e-01
-2.400489800000000074e+01 9.968563075670872076e-01 7.499999999999999722e-03 1.363724326981078094e-01
-2.407281199999999899e+01 9.996765861315747292e-01 9.599999999999999159e-03 4.625596610168245665e-02
-2.403268399999999971e+01 9.980101824705364111e-01 8.200000000000000691e-03 1.124589951938036736e-01
-2.408060000000000045e+01 1.000000000000000000e+00 1.050000000000000065e-02 0.000000000000000000e+00
-2.403334399999999960e+01 9.980375904254876751e-01 8.300000000000000086e-03 1.125454290497839849e-01
-2.399902399999999858e+01 9.966123767680206136e-01 7.000000000000000146e-03 1.374652596112921343e-01
-2.404429999999999978e+01 9.984925624776791464e-01 8.399999999999999481e-03 9.745460481680674747e-02
-2.405598200000000020e+01 9.989776832803168860e-01 8.999999999999999320e-03 8.315595228244328230e-02
-2.402298200000000250e+01 9.976072855327525746e-01 7.900000000000000772e-03 1.215817107956618237e-01
-2.408060000000000045e+01 1.000000000000000000e+00 1.129999999999999928e-02 0.000000000000000000e+00
-2.401651400000000081e+01 9.973386875742299429e-01 7.700000000000000247e-03 1.268852221497836774e-01
-2.400423800000000085e+01 9.968288996121359435e-01 7.400000000000000328e-03 1.361619050983054469e-01
-2.408060000000000045e+01 1.000000000000000000e+00 1.030000000000000013e-02 0.000000000000000000e+00
-2.404819399999999874e+01 9.986542694118916152e-01 8.600000000000000006e-03 9.309781737505969101e-02
-2.402753599999999778e+01 9.977964004219163074e-01 8.200000000000000691e-03 1.189403615262705771e-01
-2.403076999999999686e+01 9.979306994011775123e-01 8.300000000000000086e-03 1.158727319087625302e-01
-2.403400399999999593e+01 9.980649983804388281e-01 8.399999999999999481e-03 1.126278899740200123e-01
-2.404047199999999762e+01 9.983335963389615708e-01 8.600000000000000006e-03 1.055403164672153171e-01
-2.399196200000000090e+01 9.963191116500419442e-01 7.100000000000000408e-03 1.437909051365904023e-01
-2.408060000000000045e+01 1.000000000000000000e+00 1.030000000000000013e-02 0.000000000000000000e+00
-2.405664199999999653e+01 9.990050912352680390e-01 9.100000000000000450e-03 8.308607825622754683e-02
-2.402621600000000157e+01 9.977415845120138904e-01 8.000000000000000167e-03 1.187078160863890008e-01
-2.408060000000000045e+01 1.000000000000000000e+00 1.039999999999999952e-02 0.000000000000000000e+00
-2.407538600000000173e+01 9.997834771558848921e-01 9.599999999999999159e-03 3.407315072017855218e-02
-2.403202399999999983e+01 9.979827745155851471e-01 8.099999999999999561e-03 1.123685792381480669e-01
-2.402040799999999976e+01 9.975003945084424117e-01 7.900000000000000772e-03 1.244517834343885354e-01
-2.403011000000000053e+01 9.979032914462264703e-01 8.200000000000000691e-03 1.157739608029368233e-01
-2.404819399999999874e+01 9.986542694118916152e-01 8.600000000000000006e-03 9.309781737505969101e-02
-2.397579200000000199e+01 9.956476167537354760e-01 6.599999999999999964e-03 1.509914116762934577e-01
-2.405921599999999927e+01 9.991119822595782018e-01 9.100000000000000450e-03 7.751609897305189456e-02
-2.401459999999999795e+01 9.972592045048710441e-01 7.799999999999999642e-03 1.296796051813852158e-01
-2.405664199999999653e+01 9.990050912352680390e-01 9.100000000000000450e-03 8.308607825622754683e-02
-2.403334399999999960e+01 9.980375904254876751e-01 8.300000000000000086e-03 1.125454290497839849e-01
-2.401519400000000104e+01 9.972838716643273038e-01 7.499999999999999722e-03 1.265511896427684857e-01
-2.403334399999999960e+01 9.980375904254876751e-01 8.300000000000000086e-03 1.125454290497839849e-01
-2.401268599999999864e+01 9.971797214355123673e-01 7.900000000000000772e-03 1.323870824514232492e-01
-2.405921599999999927e+01 9.991119822595782018e-01 9.100000000000000450e-03 7.751609897305189456e-02
-2.406891800000000359e+01 9.995148791973623714e-01 9.400000000000000369e-03 5.624475442207909487e-02
-2.405598200000000020e+01 9.989776832803168860e-01 8.999999999999999320e-03 8.315595228244328230e-02
-2.402364199999999883e+01 9.976346934877037276e-01 8.000000000000000167e-03 1.217148158606829317e-01
-2.402819600000000122e+01 9.978238083768676825e-01 8.300000000000000086e-03 1.190509201980394505e-01
-2.403723799999999500e+01 9.981992973597001440e-01 8.500000000000000611e-03 1.091900380071366694e-01
-2.406957799999999636e+01 9.995422871523133024e-01 9.499999999999999764e-03 5.598757362129552773e-02
-2.401974799999999988e+01 9.974729865534911477e-01 7.799999999999999642e-03 1.243042654135406433e-01
-2.402298200000000250e+01 9.976072855327525746e-01 7.900000000000000772e-03 1.215817107956618237e-01
-2.402364199999999883e+01 9.976346934877037276e-01 8.000000000000000167e-03 1.217148158606829317e-01
-2.403400399999999593e+01 9.980649983804388281e-01 8.399999999999999481e-03 1.126278899740200123e-01
-2.399645000000000294e+01 9.965054857437107838e-01 7.000000000000000146e-03 1.395645012171789212e-01
-2.403783200000000164e+01 9.982239645191565147e-01 8.200000000000000691e-03 1.053266462012341781e-01
-2.407928000000000068e+01 9.999451840900974720e-01 9.799999999999999684e-03 9.286549412994983543e-03
-2.408060000000000045e+01 1.000000000000000000e+00 1.030000000000000013e-02 0.000000000000000000e+00
-2.406245000000000189e+01 9.992462812388396287e-01 9.199999999999999845e-03 7.128428999435980351e-02
-2.404047199999999762e+01 9.983335963389615708e-01 8.600000000000000006e-03 1.055403164672153171e-01
-2.405400200000000055e+01 9.988954594154630939e-01 8.699999999999999400e-03 8.333354906638731907e-02
-2.404687400000000252e+01 9.985994535019891982e-01 8.399999999999999481e-03 9.309687212790761224e-02
-2.408060000000000045e+01 1.000000000000000000e+00 1.060000000000000005e-02 0.000000000000000000e+00
-2.402298200000000250e+01 9.976072855327525746e-01 7.900000000000000772e-03 1.215817107956618237e-01
-2.399842999999999904e+01 9.965877096085644649e-01 7.300000000000000065e-03 1.402814670581967460e-01
-2.402813000000000088e+01 9.978210675813725672e-01 7.900000000000000772e-03 1.154542766639675005e-01
-2.406310999999999822e+01 9.992736891937907817e-01 9.299999999999999239e-03 7.114218158026913708e-02
-2.407083199999999934e+01 9.995943622667209372e-01 9.299999999999999239e-03 4.729167368575564606e-02
-2.404819399999999874e+01 9.986542694118916152e-01 8.600000000000000006e-03 9.309781737505969101e-02
-2.405400200000000055e+01 9.988954594154630939e-01 8.699999999999999400e-03 8.333354906638731907e-02
-2.406891800000000359e+01 9.995148791973623714e-01 9.400000000000000369e-03 5.624475442207909487e-02
-2.401842799999999656e+01 9.974181706435885086e-01 7.599999999999999985e-03 1.239980580493095785e-01
-2.399387600000000020e+01 9.963985947194006210e-01 7.000000000000000146e-03 1.415853721257953335e-01
-2.403591800000000234e+01 9.981444814497978379e-01 8.300000000000000086e-03 1.090553639212669262e-01
-2.403202399999999983e+01 9.979827745155851471e-01 8.099999999999999561e-03 1.123685792381480669e-01
-2.404628000000000299e+01 9.985747863425330495e-01 8.699999999999999400e-03 9.750199997948746922e-02
-2.408060000000000045e+01 1.000000000000000000e+00 1.020000000000000073e-02 0.000000000000000000e+00
-2.408060000000000045e+01 1.000000000000000000e+00 1.069999999999999944e-02 0.000000000000000000e+00
-2.404951399999999850e+01 9.987090853217942543e-01 8.800000000000000530e-03 9.307985603770542460e-02
-2.399262200000000078e+01 9.963465196049932082e-01 7.199999999999999803e-03 1.440471047956186079e-01
-2.404562000000000310e+01 9.985473783875817855e-01 8.600000000000000006e-03 9.749071750684766557e-02
-2.402430199999999516e+01 9.976621014426548806e-01 8.099999999999999561e-03 1.218441644068354868e-01
-2.402813000000000088e+01 9.978210675813725672e-01 7.900000000000000772e-03 1.154542766639675005e-01
-2.400938599999999923e+01 9.970426816607559362e-01 7.400000000000000328e-03 1.314632252761202547e-01
-2.397902600000000106e+01 9.957819157329966808e-01 6.700000000000000226e-03 1.497202310978711093e-01
-2.408060000000000045e+01 1.000000000000000000e+00 1.039999999999999952e-02 0.000000000000000000e+00
-2.402364199999999883e+01 9.976346934877037276e-01 8.000000000000000167e-03 1.217148158606829317e-01
-2.404951399999999850e+01 9.987090853217942543e-01 8.800000000000000530e-03 9.307985603770542460e-02
-2.408060000000000045e+01 1.000000000000000000e+00 1.020000000000000073e-02 0.000000000000000000e+00
-2.403400399999999593e+01 9.980649983804388281e-01 8.399999999999999481e-03 1.126278899740200123e-01
-2.406112999999999857e+01 9.991914653289368786e-01 8.999999999999999320e-03 7.154921383215878672e-02
-2.403202399999999983e+01 9.979827745155851471e-01 8.099999999999999561e-03 1.123685792381480669e-01
-2.400034400000000190e+01 9.966671926779233637e-01 7.199999999999999803e-03 1.379292340296281727e-01
-2.406245000000000189e+01 9.992462812388396287e-01 9.199999999999999845e-03 7.128428999435980351e-02
-2.403657800000000222e+01 9.981718894047491020e-01 8.399999999999999481e-03 1.091247378003721430e-01
-2.407796000000000092e+01 9.998903681801948329e-01 9.599999999999999159e-03 1.299846144741733170e-02
-2.405598200000000020e+01 9.989776832803168860e-01 8.999999999999999320e-03 8.315595228244328230e-02
-2.407729999999999748e+01 9.998629602252434578e-01 9.499999999999999764e-03 1.445683229480073523e-02
-2.407862000000000435e+01 9.999177761351463189e-01 9.700000000000000289e-03 1.131547612785232734e-02
-2.402496199999999860e+01 9.976895093976062556e-01 8.200000000000000691e-03 1.219697683854484987e-01
-2.406502400000000108e+01 9.993531722631495695e-01 9.199999999999999845e-03 6.447245613438341849e-02
-2.401974799999999988e+01 9.974729865534911477e-01 7.799999999999999642e-03 1.243042654135406433e-01
-2.408060000000000045e+01 1.000000000000000000e+00 1.009999999999999960e-02 0.000000000000000000e+00
-2.403393800000000269e+01 9.980622575849439349e-01 8.000000000000000167e-03 1.088227200542238177e-01
-2.404429999999999978e+01 9.984925624776791464e-01 8.399999999999999481e-03 9.745460481680674747e-02
-2.404951399999999850e+01 9.987090853217942543e-01 8.800000000000000530e-03 9.307985603770542460e-02
-2.405208800000000124e+01 9.988159763461044172e-01 8.800000000000000530e-03 8.835368922687933391e-02
-2.406053600000000259e+01 9.991667981694809519e-01 9.299999999999999239e-03 7.730465445236783806e-02
-2.402364199999999883e+01 9.976346934877037276e-01 8.000000000000000167e-03 1.217148158606829317e-01
-2.403915200000000141e+01 9.982787804290591538e-01 8.399999999999999481e-03 1.054418816220574207e-01
-2.402555599999999814e+01 9.977141765570624043e-01 7.900000000000000772e-03 1.185858069079092914e-01
-2.405664199999999653e+01 9.990050912352680390e-01 9.100000000000000450e-03 8.308607825622754683e-02
-2.407994000000000057e+01 9.999725920450487360e-01 9.900000000000000813e-03 6.599999999999875064e-03
-2.402753599999999778e+01 9.977964004219163074e-01 8.200000000000000691e-03 1.189403615262705771e-01
-2.407274599999999865e+01 9.996738453360796139e-01 9.199999999999999845e-03 3.608506062070562098e-02
-2.407928000000000068e+01 9.999451840900974720e-01 9.799999999999999684e-03 9.286549412994983543e-03
-2.403723799999999500e+01 9.981992973597001440e-01 8.500000000000000611e-03 1.091900380071366694e-01
-2.401255400000000151e+01 9.971742398445221367e-01 7.100000000000000408e-03 1.258385139772397188e-01
-2.405591599999999985e+01 9.989749424848217707e-01 8.600000000000000006e-03 7.794347695606075599e-02
-2.406634400000000085e+01 9.994079881730522086e-01 9.400000000000000369e-03 6.409737592132752626e-02
-2.403136399999999995e+01 9.979553665606338830e-01 8.000000000000000167e-03 1.122741715622963682e-01
-2.406046999999999869e+01 9.991640573739856146e-01 8.899999999999999925e-03 7.167210056918928152e-02
-2.407796000000000092e+01 9.998903681801948329e-01 9.599999999999999159e-03 1.299846144741733170e-02
