2.746282193215527148e-02
8.040089779014258919e-01
-3.900231232079789945e-02
3.902125872399578570e-04
2.633728345101050139e-01
3.214639371660973216e-02
4.468463126205397540e-01
3.371160417706945966e-01
-4.190216578960003213e-01
4.537126865158485622e-01
4.955670708225631271e-01
-4.016132754493406676e-02
1.150036954619069463e-01
6.034493499217375989e-01
-1.059956792504612860e-01
5.394510197827975251e-01
6.906072656103133534e-02
6.755650364573480976e-03
7.570368805565967640e-02
-2.039670414073576146e-02
8.309468080532041168e-02
8.801028148967755538e-01
-4.503899365043518427e-03
-4.433548797966815197e-02
5.337171557114194637e-02
3.741539907027800066e-02
7.749541869963372243e-01
-3.883242798437872567e-01
6.697032973030404845e-02
-1.932164967314803014e-02
1.286620112501704605e-02
-4.322487276700872488e-02
9.065440861520746366e-03
8.791345506065705029e-02
2.087351753960627054e-02
1.789757163464124681e-02
1.567970336645435961e-02
4.322514483331608981e-02
6.629200370357254957e-02
2.051720931977647072e-02
-9.128229275901625361e-02
8.117018955953547721e-02
8.419466474959193258e-02
6.459731488641476393e-02
-8.127394173274904432e-02
7.153920575220984457e-02
2.828779976193507850e-01
6.755500136504616338e-02
1.207959495595529953e+00
3.185520596488068401e-01
3.144779420103405165e-02
-6.876451495850428863e-03
8.725284551740523920e-02
2.907268524843016622e-02
7.213107213062371903e-01
1.303498294858115338e-02
1.131508420625960243e+00
-1.079539419550039347e-01
-1.184296380712068081e-01
-1.641254786146143299e-02
-8.727906328010051618e-02
-2.322675930283371343e-03
-3.215657209633483726e-02
-9.640810882706130069e-02
1.047520559547952201e+00
-1.104998318573138932e-01
-1.114638060385701457e-01
-1.105034377170332066e-01
-1.303475034653982234e-01
-1.403874450707696120e-01
-1.160737569260020252e-01
-2.220920140972114723e-02
-1.323495325977156745e-01
-7.663090781258119488e-02
-6.107936398177323672e-02
-1.445298965507758326e-01
-1.538736077740245900e-01
2.983143222903287574e-03
-1.156600485078626006e-01
-6.759436226074698462e-02
-8.869101150542318956e-02
-5.564767284615012438e-02
-5.013090772903763120e-02
-1.395575235602798392e-01
-6.218330013563762998e-02
-1.151126286862322046e-01
-7.980914598425285778e-02
-7.751874959254770325e-02
-2.676930747347671530e-02
-1.056769634769234578e-01
-1.601199883952142411e-01
-4.551375795493446674e-02
-1.327856242352853933e-01
-4.254793696064704256e-02
-3.862303255649812694e-02
-8.267875922422101426e-03
-1.570035376199555369e-02
-6.877625997877420683e-02
-4.727962464204910759e-02
-1.035249173816915891e-01
-1.388103790151948846e-01
-3.510323787239039844e-02
-8.670914849223437804e-02
-6.338920882101077570e-02
-1.030957932316412112e-01
-3.547440936485720536e-02
-2.234032818255653544e-02
-5.901647827968544563e-02
-8.177304759337759160e-03
-5.039242548138966188e-02
-1.168763655134656687e-01
-1.488319610417494498e-01
-3.045266537342563792e-02
-8.198627802685838628e-02
-1.010478756100920833e-01
-4.438398281362876396e-02
-1.900931035283611736e-01
2.740641033875947444e-02
-4.013173074475448465e-02
-9.110970988763820999e-02
-7.375484209191182638e-02
-1.412118163915346003e-01
-1.288686205584962663e-01
-1.177488920155973645e-01
-1.027899675765457516e-01
-9.331939775969738671e-02
-4.719052304325074831e-02
-6.965903795271705112e-02
-1.371261301229872720e-01
-7.448760088894698650e-02
-1.231732327760652612e-01
-1.357664004117987433e-01
-7.848753774210236178e-02
-1.469933489643638347e-01
-1.552515152239328788e-01
-3.278808966196175567e-02
-6.596866779559511403e-03
-5.111705969658161819e-02
-1.332052724440716540e-01
-2.440108605822444848e-02
-1.873786248922842609e-02
-3.373308451262702068e-02
-9.552352828279053742e-02
-1.480463785415990496e-01
-9.801822481539805565e-02
-1.376825116073587540e-01
-6.744548811810124889e-02
-1.239906592239724548e-01
-1.611663016255270864e-01
-1.168168913126398784e-01
-1.080096865773323006e-01
-1.532475341560324555e-01
-1.170595424957282110e-01
-9.307937743758222526e-02
-3.527074862509012310e-02
-2.764277126520093761e-02
-8.966986277413079021e-02
-1.518158976606477917e-01
-2.097458413907218530e-02
-9.665047461004011575e-02
-2.231453263836288836e-02
-7.197883031067255077e-02
-5.917922814706100265e-02
-5.966930646075538358e-02
-7.899495455114953490e-02
-9.755443453053522229e-02
-9.728013970407509148e-02
-9.800465809185589239e-02
-9.363864651613060253e-02
-9.724716170319225306e-02
4.396930429797240442e-02
-9.479344987133370148e-02
-8.124208412050022698e-02
-9.775794691862682573e-02
-3.686643941394519147e-02
-1.572412197555162761e-01
-1.340458990240446790e-01
-2.561783843788654341e-02
-1.408349011557098185e-01
-5.376599842800731249e-02
-2.761007683359248052e-02
-1.639509965215687759e-01
-1.543418692190136332e-01
-9.179647299637641589e-02
-1.263427139693175209e-02
-7.013750580045019500e-02
-1.250296516906783048e-02
-3.945755125945924618e-02
-3.490359747849750005e-02
-1.420735517415643301e-01
1.013608547972198792e+00
-4.021976628042624458e-01
-8.963185692787625780e-02
-1.212193510253806589e-01
-7.239582619436933653e-02
-2.331192884381261266e-02
-1.539728649483855794e-01
-1.593886179550520477e-01
-1.144605320300612766e-01
-1.596080531620180931e-01
5.309207088420463405e-01
-1.006416836418443650e-01
-8.912750139748049083e-02
-7.945404751183371417e-02
6.473665245956354841e-01
-7.286334075583759951e-02
-7.984090451534099631e-02
-8.428051456292459664e-02
-9.193081710847786359e-02
-6.823000308583819506e-02
-5.525407675022143972e-02
-7.522209041899730053e-02
-1.622567901693618142e-01
-7.534059317047951676e-02
-1.794025830343688177e-01
6.284637744840926299e-01
-7.978708814295347451e-02
-8.415933617666368494e-02
-1.807766316079883751e-01
-6.874912404193186943e-02
-6.810101050002785594e-02
-1.097912637362626204e-01
-1.519876580010136591e-01
-8.573461764321868572e-02
-8.587590645044140825e-02
-5.530661381772474655e-02
6.141792587655988678e-01
-9.828870854580634697e-02
-1.091752325961282827e-01
-7.442023610562319147e-02
-1.022185408519121624e-01
-6.475893362929108221e-02
-6.952810214026772240e-02
-6.581678938447189930e-02
-1.233644411222698661e-01
-8.219477255171543650e-02
-1.104381928720655354e-01
1.035929037695926036e+00
-1.758927209234752154e-01
-1.528398481757540506e-01
-1.379890862162284904e-01
-1.004451894033168702e-01
-6.056793530365536804e-02
-1.168211775764683123e-02
-1.130769006696254741e-01
-1.492106948291599122e-01
-9.790165234743208877e-02
-1.485321684737953007e-01
-7.987285424261891809e-02
7.124825428982373143e-01
-1.588995503142409116e-01
-8.089452430154413232e-02
-5.136477866741879367e-02
6.042030102398744384e-01
-8.173910201377269924e-02
-9.371783248112071363e-02
-1.112378290933289104e-01
-9.683452065916096918e-02
6.544545960487309078e-01
-1.038141403819441838e-01
-8.254637200076983539e-02
-8.358736946693616499e-02
-1.654541536328787976e-01
-4.643506609008073854e-02
-2.284842587053311502e-01
-9.925930686472535236e-02
-4.132012077317233079e-01
-6.212522959898236774e-02
-8.078501818027833403e-02
-4.403600596175727411e-02
-1.263488273947070140e-01
2.696586825335445248e-01
-1.609638922213562084e-01
-8.144485382350621916e-02
-6.626020412754581035e-02
-8.324297894960783206e-02
-9.960716077240037991e-02
-8.878908080773789679e-02
6.796488247367253877e-01
-1.112362977344387854e-01
-8.856864057660315814e-02
-1.941059542801465074e-02
-7.327108608611397622e-02
-9.745112999749498683e-02
6.151706664908177524e-01
5.916327053622841836e-01
-6.079750580225291162e-02
-9.289071877942917110e-02
-1.075743518090707396e-01
-9.463727619200985874e-02
-1.337808919152281006e-01
-9.890789286367816791e-02
3.000056648809097948e-01
-9.452000170399695034e-02
-9.005611737276329742e-02
-1.415884484511076569e-01
-8.187716993061412707e-02
5.789803511038976724e-01
-1.008689443874123820e-01
-4.932223376706448836e-02
-1.179158270541499631e-01
-7.938698840849761629e-02
-6.933884174441572179e-02
-2.278520194101701368e-01
-1.057941478237196392e-01
-1.069391228532217269e-01
-1.923757528286217378e-01
-8.879675387584624879e-02
-1.090165063646952731e-01
-7.169994052626051106e-02
-4.841413173453573693e-02
-1.096695017395262622e-01
-8.534922582625902032e-02
-7.453807703485711145e-02
-1.019039276394910765e-01
-2.108848775218161720e-01
-9.992352245530541910e-02
-2.075426853306526209e-01
-5.315988548227473798e-02
-7.554411056332364927e-02
-7.357646721041431748e-02
-9.601348764514706924e-02
-1.586765890027442005e-01
-1.260988942836555604e-01
-8.310227122655609866e-02
-1.072463081322552331e-01
-1.332890456595951789e-01
-1.030473945614369252e-01
-1.106876752656214408e-01
-9.441727624803775143e-02
-7.441044132810642475e-02
-1.188902311408919776e-01
-1.288182405641465911e-01
-1.725696311613205691e-01
-1.039079011069252850e-01
-1.488524685690867655e-01
-1.132490581552331455e-01
5.846689644575963074e-01
-9.283379710724755374e-02
-7.781873882534799669e-02
-7.995405583324238785e-02
-9.568982391370663143e-02
-8.920712481048304054e-02
-2.126183866577299186e-01
-1.163390762965750974e-01
-9.544249612570243624e-02
-8.680723857076398653e-02
-9.520975543862753021e-02
-1.020545115339654696e-01
-9.687348105671329812e-02
-1.661555593582272894e-01
-1.821531615253794145e-01
-9.382272879498353146e-02
-6.820363884355386264e-02
-1.142150164838310056e-01
6.083399454026707787e-01
-3.402412190745545545e-02
-8.164071258151077426e-02
-1.010169163416881205e-01
-1.673946954899903916e-01
-1.045723776314970294e-01
-2.841414844877848678e-02
-2.823798156398015791e-01
-2.510205572384854866e-02
6.140589050146426642e-01
6.128679134524922523e-01
-4.854769410777528410e-02
-2.015396112581688826e-01
-1.459356283319809822e-01
5.642330181262468214e-01
-6.563646121544552958e-02
-2.470889948068359376e-01
-1.206936553255289479e-01
-1.058722487947969249e-01
-4.794197518836233740e-02
-1.123048930496680503e-01
-1.679841519948137574e-01
-1.135656774614836467e-01
-9.423405291161501829e-02
6.688860619921028761e-01
-5.289258031804912330e-02
-1.041918957859464256e-01
-9.759257460474790591e-02
-1.805121338330993030e-01
-1.493808838910941350e-01
-1.679903409874049514e-01
2.954600292839618669e-01
1.034325054942340394e+00
-1.045219544111951199e-01
-4.660596537077806717e-02
2.700048726161495116e-03
-1.078729856795281605e-01
6.615578480640431636e-01
-2.057221161713077562e-01
-7.229031039931700653e-02
-2.321052344464574757e-01
3.088649622126216632e-01
-1.057045869257437487e-01
-1.062040364364112283e-01
-3.328814873011113895e-01
-1.100753016716189692e-01
-4.778149394626123730e-02
-2.145336853043204595e-01
3.015025985627518557e-01
-1.712606492913162914e-01
-2.377933318442380650e-01
-1.182137563616426912e-01
-1.586938592652617219e-01
-1.653173114753287987e-01
-1.557200376341824344e-01
6.393522061624300479e-01
-2.447886084921881422e-01
-1.032835562563510085e-01
-1.118919889743880403e-01
-1.009819048539383202e-01
-7.814481099603196035e-02
-1.230246190506490422e-01
-1.281589627076259452e-01
-1.627671014129554727e-01
7.017350143099738702e-01
-1.059553951174174863e-01
6.486733633043831881e-01
-7.433363641472870431e-02
-9.812540365854691138e-02
1.018241748667466862e+00
-1.975797943678351543e-01
-1.603663614282561378e-01
2.518476902500255046e-03
-8.291087003081473727e-02
3.361329115077105537e-03
-1.031530581168883937e-01
-1.119684869026744967e-01
-1.849691885898615828e-01
-8.947945769257695248e-02
-8.773664370613332153e-02
-1.119998534072154661e-01
-1.523637142068322847e-01
-2.241677588632440266e-01
-1.094963523470196959e-01
-5.140565269227617695e-02
-5.369035285657049877e-02
-8.791421599424380229e-02
6.691455573075126839e-01
1.018636126013141352e+00
-7.362172682594216033e-02
4.516508921741581306e-03
-6.079255754403121298e-02
-5.191489115918148864e-03
1.011112005290861982e+00
-4.700334169772938525e-02
-6.629862398075973481e-03
-1.002514172500840323e-01
-9.979677630827410439e-02
-6.177429321330864254e-02
-8.915570214604638666e-02
1.052187425170351354e+00
-1.251543542522975672e-01
-1.002043297201729993e-01
-1.492303071293255012e-01
1.033969761542479882e+00
-1.234555305247085275e-02
1.027705920452848254e+00
1.063199862952694419e+00
-7.362299418983375698e-02
-1.774217798107673161e-01
9.752383543521481180e-01
-3.649591883099264494e-02
-1.068263275981899407e-01
-9.806999164951121783e-02
-9.848999429489500856e-02
-1.151987777164145549e-01
1.053110053137166074e-01
1.002800220170417367e+00
-3.183494528779299421e-02
-2.076050886147019076e-02
1.028614660714011197e+00
1.042789182342868548e+00
-2.140545236153365560e-02
9.985831654834655957e-01
-5.771448971585876886e-02
