-1.632837999999997791e+01 6.678383286434125266e-01 0.000000000000000000e+00 9.585510734457709514e-01
-1.621390399999997101e+01 6.631562070545109489e-01 0.000000000000000000e+00 9.133023907521178320e-01
-1.625779599999997416e+01 6.649514102480194033e-01 0.000000000000000000e+00 1.150342799318287756e+00
-1.616425599999997331e+01 6.611255807865966672e-01 0.000000000000000000e+00 1.027449167787817252e+00
-1.625302999999997056e+01 6.647564786335961040e-01 0.000000000000000000e+00 1.053408265986405246e+00
-1.674370799999997317e+01 6.848254368169611750e-01 0.000000000000000000e+00 1.307607571694013870e+00
-1.617831999999997450e+01 6.617008049211428045e-01 0.000000000000000000e+00 1.363710751937336374e+00
-1.635212599999997352e+01 6.688095510764990870e-01 0.000000000000000000e+00 1.031031930906843641e+00
-1.636879599999996771e+01 6.694913618218689688e-01 0.000000000000000000e+00 9.748803384658407678e-01
-1.655932399999997173e+01 6.772840455467562526e-01 0.000000000000000000e+00 1.141487049893579186e+00
-1.666133399999996811e+01 6.814563019435887492e-01 0.000000000000000000e+00 1.000686947508125924e+00
-1.647056399999997112e+01 6.736537203062614720e-01 0.000000000000000000e+00 1.257442593144731280e+00
-1.658664199999995859e+01 6.784013644394982778e-01 0.000000000000000000e+00 1.152055703372335538e+00
-1.622020799999997109e+01 6.634140435835339522e-01 0.000000000000000000e+00 9.741988704198298876e-01
-1.674062399999997197e+01 6.846992997840444239e-01 0.000000000000000000e+00 1.144590061953725035e+00
-1.643651599999996549e+01 6.722611412865635572e-01 0.000000000000000000e+00 1.230634143232215427e+00
-1.682544799999997664e+01 6.881686407957584573e-01 0.000000000000000000e+00 1.266139686908057893e+00
-1.680084799999997713e+01 6.871624893658782041e-01 0.000000000000000000e+00 1.144273957491797056e+00
-1.630942399999996795e+01 6.670630194358995180e-01 0.000000000000000000e+00 1.031012273890631548e+00
-1.696542599999996881e+01 6.938938060336352631e-01 0.000000000000000000e+00 1.300191026417178763e+00
-1.768484999999996887e+01 7.233185818990890414e-01 0.000000000000000000e+00 1.399062906398638839e+00
-1.716199999999997061e+01 7.019337739676710930e-01 0.000000000000000000e+00 1.402932474814411190e+00
-1.691903999999997765e+01 6.919965970813418688e-01 0.000000000000000000e+00 1.313343127482323291e+00
-1.743778799999996920e+01 7.132136313068503375e-01 0.000000000000000000e+00 1.267842452316118029e+00
-1.714953399999995654e+01 7.014239087756019009e-01 0.000000000000000000e+00 1.291310635758972092e+00
-1.694925199999998000e+01 6.932322819187217711e-01 0.000000000000000000e+00 1.315732205604410066e+00
-1.707880599999997173e+01 6.985311007133029326e-01 0.000000000000000000e+00 1.213028298138525862e+00
-1.722561599999996318e+01 7.045356979255269492e-01 0.000000000000000000e+00 1.320615900598327119e+00
-1.754153999999996927e+01 7.174571363130672896e-01 0.000000000000000000e+00 1.352070372174884350e+00
-1.693362999999996532e+01 6.925933348602826278e-01 0.000000000000000000e+00 1.186877513231310965e+00
-1.716119599999997192e+01 7.019008899941091562e-01 0.000000000000000000e+00 1.342635925434243038e+00
-1.689065399999997297e+01 6.908355964923750259e-01 0.000000000000000000e+00 1.220800159145506880e+00
-1.546263399999997823e+01 6.324289149924734454e-01 0.000000000000000000e+00 1.235292241889637710e+00
-1.693792799999996745e+01 6.927691250572592940e-01 0.000000000000000000e+00 1.205558726418769044e+00
-1.691347799999996582e+01 6.917691086970734204e-01 0.000000000000000000e+00 1.432525085406601839e+00
-1.739203999999996597e+01 7.113425168509900365e-01 0.000000000000000000e+00 1.293987216148426489e+00
-1.737285599999996677e+01 7.105578823375420239e-01 0.000000000000000000e+00 1.288903038122265921e+00
-1.741119599999996481e+01 7.121260061514284034e-01 0.000000000000000000e+00 1.136317087265751091e+00
-1.679928999999996719e+01 6.870987664419854202e-01 0.000000000000000000e+00 1.148716368320955139e+00
-1.734935999999997591e+01 7.095968850206127998e-01 0.000000000000000000e+00 1.228593352520916504e+00
-1.696446599999997318e+01 6.938545415875913003e-01 0.000000000000000000e+00 1.223847630330943792e+00
-1.718873199999997325e+01 7.030271251881410333e-01 0.000000000000000000e+00 1.278775093269991947e+00
-1.762514599999996889e+01 7.208766605588626808e-01 0.000000000000000000e+00 1.327438517925680017e+00
-1.708879799999997573e+01 6.989397781558788214e-01 0.000000000000000000e+00 1.181292761973469663e+00
-1.698768799999997370e+01 6.948043321772124914e-01 0.000000000000000000e+00 1.219475793099459082e+00
-1.723755599999997301e+01 7.050240494732008534e-01 0.000000000000000000e+00 1.190461106006043046e+00
-1.734508599999997003e+01 7.094220764347870523e-01 0.000000000000000000e+00 1.523137955312364955e+00
-1.728736599999997026e+01 7.070613016163851405e-01 0.000000000000000000e+00 1.362041840101050783e+00
-1.652092599999996736e+01 6.757135495059209962e-01 0.000000000000000000e+00 1.360282584918414361e+00
-1.696862399999997351e+01 6.940246057195198492e-01 0.000000000000000000e+00 1.424999351204530695e+00
-1.644011199999997075e+01 6.724082193573707178e-01 0.000000000000000000e+00 1.060592538529211870e+00
-1.718655999999997519e+01 7.029382893789662967e-01 0.000000000000000000e+00 1.285134006297169451e+00
-1.638537799999997802e+01 6.701695733263520749e-01 0.000000000000000000e+00 1.223273792257580705e+00
-1.714450399999996577e+01 7.012181794385170530e-01 0.000000000000000000e+00 1.261958807850363629e+00
-1.684595199999998272e+01 6.890072639225174322e-01 0.000000000000000000e+00 1.137780565419564294e+00
-1.716388999999996656e+01 7.020110758458202316e-01 0.000000000000000000e+00 1.240164636309032176e+00
-1.671489399999997261e+01 6.836469308291330815e-01 0.000000000000000000e+00 1.351051053459692897e+00
-1.678664599999997264e+01 6.865816209672130910e-01 0.000000000000000000e+00 1.277599380737407087e+00
-1.714160399999996898e+01 7.010995680910921957e-01 0.000000000000000000e+00 1.357253708142536652e+00
-1.718723599999996310e+01 7.029659380930551871e-01 0.000000000000000000e+00 1.376021966696869825e+00
-1.704430799999997248e+01 6.971201164845221010e-01 0.000000000000000000e+00 1.547812330497597699e+00
-1.726368799999998060e+01 7.060928604148934973e-01 0.000000000000000000e+00 1.329087551005720513e+00
-1.677782199999997559e+01 6.862207152673244215e-01 0.000000000000000000e+00 1.236114419827327504e+00
-1.646802199999997640e+01 6.735497513251740287e-01 0.000000000000000000e+00 1.288736384291985670e+00
-1.556502399999997444e+01 6.366167135658650222e-01 0.000000000000000000e+00 1.063882995495768702e+00
-1.762897999999997012e+01 7.210334729402513299e-01 0.000000000000000000e+00 1.180978148772781733e+00
-1.660092799999997482e+01 6.789856684771928830e-01 0.000000000000000000e+00 1.303498970958123948e+00
-1.737562999999996904e+01 7.106713402264237534e-01 0.000000000000000000e+00 1.349796963519799942e+00
-1.764565199999996636e+01 7.217153654865505752e-01 1.000000000000000082e-05 1.565359807380276358e+00
-1.691743999999997428e+01 6.919311563379348939e-01 0.000000000000000000e+00 1.255221924601382710e+00
-1.659789599999997023e+01 6.788616582684366962e-01 0.000000000000000000e+00 1.305303939211558628e+00
-1.725519399999997461e+01 7.057454518683321520e-01 0.000000000000000000e+00 1.186523247531767744e+00
-1.689552799999996324e+01 6.910349453569777367e-01 0.000000000000000000e+00 1.262845594669339100e+00
-1.729136799999997365e+01 7.072249852758316635e-01 0.000000000000000000e+00 1.434606237524232109e+00
-1.737272799999997730e+01 7.105526470780698656e-01 0.000000000000000000e+00 1.332968633007475034e+00
-1.677156999999997211e+01 6.859650055624620935e-01 0.000000000000000000e+00 1.337764711348483848e+00
-1.718722999999997469e+01 7.029656926902678737e-01 0.000000000000000000e+00 1.526174772515463074e+00
-1.736047799999997210e+01 7.100516163863610508e-01 0.000000000000000000e+00 1.202095916405334863e+00
-1.710655599999996923e+01 6.996660886067652685e-01 0.000000000000000000e+00 1.138216809007435826e+00
-1.640778599999997311e+01 6.710860709377647337e-01 0.000000000000000000e+00 1.212445144527738217e+00
-1.663839799999997027e+01 6.805182088868517720e-01 0.000000000000000000e+00 1.391415556948092824e+00
-1.745257999999996912e+01 7.138186309796467066e-01 0.000000000000000000e+00 1.244637080202152912e+00
-1.709505799999997677e+01 6.991958150644581593e-01 0.000000000000000000e+00 1.229464372591050791e+00
-1.655905399999996774e+01 6.772730024213061695e-01 0.000000000000000000e+00 1.484094828807421607e+00
-1.684391399999996963e+01 6.889239087756023894e-01 0.000000000000000000e+00 1.042523458449823970e+00
-1.717948599999996873e+01 7.026489594921785375e-01 0.000000000000000000e+00 1.290245582529296220e+00
-1.705233599999996486e+01 6.974484654145656215e-01 0.000000000000000000e+00 1.160132679935594657e+00
-1.685968399999996947e+01 6.895689091028061046e-01 0.000000000000000000e+00 1.161354660131908023e+00
-1.646750399999998038e+01 6.735285648844963058e-01 0.000000000000000000e+00 9.051450344100505641e-01
-1.697627799999997222e+01 6.943376578757923800e-01 0.000000000000000000e+00 1.220562921925697930e+00
-1.744046999999997993e+01 7.133233263529865642e-01 0.000000000000000000e+00 1.123683098996196783e+00
-1.708714199999996808e+01 6.988720469864524443e-01 0.000000000000000000e+00 1.164117095465724727e+00
-1.645025399999996907e+01 6.728230318696407641e-01 0.000000000000000000e+00 1.221521313062799763e+00
-1.638484799999997321e+01 6.701478960800983931e-01 0.000000000000000000e+00 1.458162422710879147e+00
-1.679265799999996744e+01 6.868275145605641230e-01 0.000000000000000000e+00 1.526975891217538628e+00
-1.743316199999997096e+01 7.130244257574753775e-01 0.000000000000000000e+00 1.381185110713464725e+00
-1.760406799999997318e+01 7.200145605654069136e-01 0.000000000000000000e+00 1.146998515131179674e+00
-1.631502199999996705e+01 6.672919802368941777e-01 0.000000000000000000e+00 1.397429934173893384e+00
-1.775039599999995588e+01 7.259994437536791967e-01 0.000000000000000000e+00 1.369255276161815305e+00
-1.837943999999997047e+01 7.517276356259394721e-01 0.000000000000000000e+00 1.236062488368413925e+00
-1.867552799999996083e+01 7.638377723970928290e-01 0.000000000000000000e+00 1.171772964019942131e+00
-1.851542999999997363e+01 7.572896898108751884e-01 0.000000000000000000e+00 1.129424504700593967e+00
-1.732006599999996865e+01 7.083987468097624474e-01 0.000000000000000000e+00 1.274224212880491702e+00
-1.882026999999996875e+01 7.697577874484641258e-01 0.000000000000000000e+00 1.055082575685500901e+00
-1.835260599999997311e+01 7.506301125580775446e-01 0.000000000000000000e+00 1.313057810033087636e+00
-1.889496599999997173e+01 7.728128885544127691e-01 0.000000000000000000e+00 9.534353935854349427e-01
-1.825264599999996662e+01 7.465417021137346065e-01 0.000000000000000000e+00 1.257656800467287672e+00
-1.859977399999996805e+01 7.607393985995667407e-01 0.000000000000000000e+00 1.114262805862823447e+00
-1.813359599999996874e+01 7.416725017996191882e-01 0.000000000000000000e+00 1.139515748285164554e+00
-1.847620599999996571e+01 7.556854099862559959e-01 0.000000000000000000e+00 9.661999368367980567e-01
-1.827866799999996417e+01 7.476060140043175872e-01 0.000000000000000000e+00 1.174213860451649882e+00
-1.888669399999997722e+01 7.724745599109996697e-01 0.000000000000000000e+00 1.031200388075797836e+00
-1.824174799999996921e+01 7.460959688502049048e-01 0.000000000000000000e+00 1.147110753547821327e+00
-1.840098399999996559e+01 7.526087952359125088e-01 0.000000000000000000e+00 1.317212390988536486e+00
-1.747851999999997474e+01 7.148795890321303359e-01 0.000000000000000000e+00 9.972409408670568354e-01
-1.808135599999996046e+01 7.395358615273853742e-01 0.000000000000000000e+00 1.097346701777988542e+00
-1.798892399999996883e+01 7.357553497807722831e-01 0.000000000000000000e+00 1.074296128608603684e+00
-1.866804399999996633e+01 7.635316733198075356e-01 0.000000000000000000e+00 1.101434150341904283e+00
-1.845256999999996594e+01 7.547186866042784326e-01 0.000000000000000000e+00 1.294156002765875391e+00
-1.817588799999997207e+01 7.434022642497207789e-01 0.000000000000000000e+00 1.299326114481555772e+00
-1.780541199999997204e+01 7.282496237157242147e-01 0.000000000000000000e+00 1.070097536881756906e+00
-2.054479399999997469e+01 8.402916203128056871e-01 0.000000000000000000e+00 9.038562491655156572e-01
-1.996083799999997410e+01 8.164075485897509532e-01 0.000000000000000000e+00 9.599595507871538924e-01
-2.083754199999996715e+01 8.522651495320973103e-01 0.000000000000000000e+00 8.037655778128143247e-01
-2.018744999999996281e+01 8.256760846803203879e-01 0.000000000000000000e+00 8.313020573811062963e-01
-2.103218199999997040e+01 8.602260159675402251e-01 0.000000000000000000e+00 7.174212800064269091e-01
-2.062582399999995530e+01 8.436057849617153437e-01 0.000000000000000000e+00 8.160032027467353233e-01
-2.104341799999997420e+01 8.606855735881149272e-01 0.000000000000000000e+00 7.261597743296892560e-01
-2.119777999999996254e+01 8.669990511092190433e-01 0.000000000000000000e+00 8.581151284864833029e-01
-2.102897799999997019e+01 8.600949708788679926e-01 0.000000000000000000e+00 7.888102371408355351e-01
-2.066734999999995992e+01 8.453042176559109055e-01 0.000000000000000000e+00 7.501200223829501690e-01
-2.095557199999996101e+01 8.570926313722907475e-01 0.000000000000000000e+00 6.971646577503488595e-01
-2.134285999999996264e+01 8.729328905176347853e-01 0.000000000000000000e+00 6.025480531572865450e-01
-2.104275399999996665e+01 8.606584156796007745e-01 0.000000000000000000e+00 6.303470199337772861e-01
-2.115255399999997010e+01 8.651492866958956363e-01 0.000000000000000000e+00 6.592259678217360364e-01
-2.128270799999996754e+01 8.704726457692546493e-01 0.000000000000000000e+00 7.948611158376704955e-01
-2.118197599999997038e+01 8.663526601662182580e-01 0.000000000000000000e+00 5.937483963818852573e-01
-2.126383599999996221e+01 8.697007722007706887e-01 0.000000000000000000e+00 6.513506938414025393e-01
-2.169629999999996528e+01 8.873887507362069327e-01 0.000000000000000000e+00 6.802295634489130549e-01
-2.176960199999995993e+01 8.903868365944620500e-01 0.000000000000000000e+00 6.756085277912365905e-01
-2.156663399999996500e+01 8.820853510895869665e-01 0.000000000000000000e+00 8.997276643203948598e-01
-2.143018199999997009e+01 8.765044008899929295e-01 0.000000000000000000e+00 6.356897115493505002e-01
-2.099005799999997635e+01 8.585031247954967304e-01 0.000000000000000000e+00 8.672574593766515516e-01
-2.169395799999996299e+01 8.872929618480450698e-01 0.000000000000000000e+00 7.343990824882582480e-01
-2.166899199999997805e+01 8.862718408481111698e-01 0.000000000000000000e+00 7.090909188873343316e-01
-2.140336399999997496e+01 8.754075322295651329e-01 0.000000000000000000e+00 8.125083209544392560e-01
-2.135009799999997071e+01 8.732289280806218024e-01 0.000000000000000000e+00 7.605219353426783124e-01
-2.161510199999997184e+01 8.840677148092390691e-01 0.000000000000000000e+00 6.881949650316755429e-01
-2.210976199999998215e+01 9.042995386427582494e-01 1.000000000000000082e-05 6.967259825089278102e-01
-2.196126599999996998e+01 8.982259832471684025e-01 0.000000000000000000e+00 6.086849232583473324e-01
-2.211577399999996985e+01 9.045454322361089483e-01 0.000000000000000000e+00 7.187677455509843272e-01
-2.189826999999997881e+01 8.956494175773828115e-01 0.000000000000000000e+00 6.415441286380065833e-01
-2.197403599999998391e+01 8.987482821804848587e-01 0.000000000000000000e+00 6.151886296121217290e-01
-2.206352799999999093e+01 9.024085465610885981e-01 0.000000000000000000e+00 5.941778406157434134e-01
-2.207483199999998291e+01 9.028708854132575512e-01 0.000000000000000000e+00 6.154940528280239409e-01
-2.197191399999997685e+01 8.986614913945413230e-01 0.000000000000000000e+00 6.824728289289343497e-01
-2.182536199999999127e+01 8.926674465021918747e-01 0.000000000000000000e+00 4.986745524372432348e-01
-2.204038799999996812e+01 9.014621098095660923e-01 0.000000000000000000e+00 7.153638022373755012e-01
-2.134154799999997110e+01 8.728792291080414989e-01 0.000000000000000000e+00 7.017382720938138974e-01
-2.205177999999998661e+01 9.019280479026235975e-01 0.000000000000000000e+00 5.947250742480881813e-01
-2.205625799999997483e+01 9.021112001832330973e-01 0.000000000000000000e+00 5.860613869973799739e-01
-2.200628799999997653e+01 9.000674039657080572e-01 0.000000000000000000e+00 6.351391870489904168e-01
-2.205966799999998429e+01 9.022506707676192228e-01 0.000000000000000000e+00 5.394139859686489791e-01
-2.183270399999996769e+01 8.929677377134991323e-01 0.000000000000000000e+00 5.783418146125114401e-01
-2.211558399999998414e+01 9.045376611478299633e-01 0.000000000000000000e+00 6.094565034851987528e-01
-2.196213399999998117e+01 8.982614848504670846e-01 0.000000000000000000e+00 6.297311955352878909e-01
-2.195173799999998110e+01 8.978362836201811970e-01 0.000000000000000000e+00 7.021780917123573440e-01
-2.203714599999996793e+01 9.013295105032379517e-01 0.000000000000000000e+00 7.258735120104493621e-01
-2.201476399999997469e+01 9.004140763039057971e-01 0.000000000000000000e+00 5.359517823781756451e-01
-2.181307199999997692e+01 8.921647797918974554e-01 0.000000000000000000e+00 6.738778545437178469e-01
-2.229188999999997378e+01 9.117486584647590542e-01 0.000000000000000000e+00 5.228557924485195407e-01
-2.214890199999997122e+01 9.059003828283477278e-01 0.000000000000000000e+00 6.718312273002478019e-01
-2.196079799999997562e+01 8.982068418297222134e-01 0.000000000000000000e+00 6.731811394124215253e-01
-2.229691999999997520e+01 9.119543878018444572e-01 0.000000000000000000e+00 6.175217854906455139e-01
-2.213436999999997568e+01 9.053060172763552904e-01 0.000000000000000000e+00 6.630828394855363683e-01
-2.228277199999998359e+01 9.113757280282697160e-01 0.000000000000000000e+00 6.300052428962533702e-01
-2.249866599999997874e+01 9.202058929389429487e-01 0.000000000000000000e+00 6.036127182058025342e-01
-2.234068199999997617e+01 9.137442739349509457e-01 0.000000000000000000e+00 5.408016721142935301e-01
-2.216766599999998277e+01 9.066678391466519438e-01 0.000000000000000000e+00 6.185718743046825230e-01
-2.227877999999997627e+01 9.112124533734693443e-01 0.000000000000000000e+00 6.162255296840133401e-01
-2.219475599999997328e+01 9.077758327334587429e-01 0.000000000000000000e+00 6.185959289366277369e-01
-2.235708599999997759e+01 9.144152051567296935e-01 1.000000000000000082e-05 5.859123313295598878e-01
-2.237058199999997754e+01 9.149671978273663520e-01 0.000000000000000000e+00 6.146123443392110808e-01
-2.218999599999997230e+01 9.075811465218233121e-01 0.000000000000000000e+00 6.891832396116550630e-01
-2.220603999999998024e+01 9.082373535763358374e-01 0.000000000000000000e+00 6.255320482871706833e-01
-2.238184999999998226e+01 9.154280642628093156e-01 0.000000000000000000e+00 5.414379047937761813e-01
-2.262873199999997098e+01 9.255256527714142978e-01 0.000000000000000000e+00 7.327341812552469191e-01
-2.244055799999997092e+01 9.178292487402645028e-01 2.000000000000000164e-05 7.338511842617848613e-01
-2.256217199999997547e+01 9.228033178456896968e-01 0.000000000000000000e+00 6.897422449441570347e-01
-2.268313399999998481e+01 9.277507198481768080e-01 4.000000000000000327e-05 7.581673987246411173e-01
-2.302107199999998244e+01 9.415725410640657378e-01 1.000000000000000082e-05 6.276011630121003382e-01
-2.287251799999998170e+01 9.354966134415279022e-01 1.000000000000000082e-05 6.487779437363658808e-01
-2.307625799999999217e+01 9.438296741050975491e-01 1.000000000000000082e-05 5.794231881323479438e-01
-2.281547199999997488e+01 9.331634055362858504e-01 0.000000000000000000e+00 6.398219023156581642e-01
-2.320090199999999925e+01 9.489276716183495664e-01 6.000000000000000152e-05 7.317127595034825793e-01
-2.286884999999998058e+01 9.353465905372676525e-01 0.000000000000000000e+00 7.308504415951303512e-01
-2.317025799999998981e+01 9.476743177802495754e-01 3.000000000000000076e-05 6.349498275223852684e-01
-2.309758599999998907e+01 9.447019992147106526e-01 5.000000000000000240e-05 6.740156484440654738e-01
-2.287230199999999058e+01 9.354877789411684130e-01 2.000000000000000164e-05 7.020904252647834909e-01
-2.291926199999998559e+01 9.374084647601590436e-01 3.000000000000000076e-05 7.529615541153196201e-01
-2.324769200000000069e+01 9.508414043583535147e-01 4.000000000000000327e-05 6.534371651691091021e-01
-2.331287999999998917e+01 9.535076238466064780e-01 3.000000000000000076e-05 5.690295037707758796e-01
-2.311590399999998979e+01 9.454512139257897907e-01 6.000000000000000152e-05 7.374522258684851339e-01
-2.296023199999999065e+01 9.390841567960208636e-01 0.000000000000000000e+00 6.972431454049159427e-01
-2.326276799999999056e+01 9.514580197631040681e-01 5.000000000000000240e-05 5.807317951994320770e-01
-2.340230199999999172e+01 9.571650251946858257e-01 2.000000000000000164e-05 5.797398681679859500e-01
-2.321178199999998526e+01 9.493726686735155518e-01 4.000000000000000327e-05 6.704305127304390766e-01
-2.289075199999998844e+01 9.362423925135784364e-01 1.000000000000000082e-05 7.254227457813610114e-01
-2.375136999999999787e+01 9.714420685818989654e-01 5.000000000000000240e-05 3.671315547386911349e-01
-2.363568599999999975e+01 9.667105392317256740e-01 5.000000000000000240e-05 4.084217796653974442e-01
-2.360510399999999365e+01 9.654597212224328429e-01 5.000000000000000240e-05 4.025798536560129537e-01
-2.375669799999999654e+01 9.716599862574437640e-01 6.000000000000000152e-05 3.799309788406681765e-01
-2.333773199999999193e+01 9.545240821935734310e-01 2.000000000000000164e-05 5.724823975733336345e-01
-2.366866800000000026e+01 9.680595183561285788e-01 8.000000000000000654e-05 4.065901291313779864e-01
-2.374020199999998937e+01 9.709852921929188474e-01 5.000000000000000240e-05 3.978189197678415057e-01
-2.372963799999999779e+01 9.705532196845755299e-01 1.100000000000000039e-04 4.037779995057290683e-01
-2.374442999999999770e+01 9.711582193573717880e-01 6.999999999999999387e-05 3.921291432034793578e-01
-2.367446399999999329e+01 9.682965774491195665e-01 4.000000000000000327e-05 3.700644539874782812e-01
-2.373808199999999147e+01 9.708985832079048972e-01 4.000000000000000327e-05 3.781647058137925788e-01
-2.359828199999999399e+01 9.651806982527318945e-01 6.999999999999999387e-05 4.803686775169602741e-01
-2.350528199999999046e+01 9.613769550422088805e-01 8.000000000000000654e-05 5.692247005117808678e-01
-2.376733600000000024e+01 9.720950854001702002e-01 6.999999999999999387e-05 3.375511045543453936e-01
-2.371369999999998512e+01 9.699013480793136077e-01 6.000000000000000152e-05 3.698964294026753086e-01
-2.357182399999998879e+01 9.640985537595702093e-01 1.000000000000000082e-05 4.766004881205713750e-01
-2.383996999999999389e+01 9.750658497480528819e-01 1.000000000000000048e-04 3.684823215747691227e-01
-2.362971200000000138e+01 9.664661998560304390e-01 6.999999999999999387e-05 4.677461275676637609e-01
-2.368005999999999744e+01 9.685254564491851959e-01 9.000000000000000567e-05 4.308047920913702922e-01
-2.380497799999999842e+01 9.736346606897453571e-01 1.100000000000000039e-04 4.121282068786977226e-01
-2.333088399999999396e+01 9.542439958117922005e-01 5.000000000000000240e-05 5.109083890127817940e-01
-2.367101800000000367e+01 9.681556344480074516e-01 3.000000000000000076e-05 3.503334839488762564e-01
-2.366737999999999076e+01 9.680068385576856560e-01 2.000000000000000164e-05 4.041097265732552235e-01
-2.375843999999999667e+01 9.717312348668279975e-01 9.000000000000000567e-05 4.040259127603303968e-01
-2.372706999999999766e+01 9.704481872914074714e-01 1.100000000000000039e-04 3.837806395493776890e-01
-2.370035199999999875e+01 9.693554086774425205e-01 6.000000000000000152e-05 3.475981589378311365e-01
-2.374874600000000058e+01 9.713347457627118375e-01 1.100000000000000039e-04 3.878671175711205232e-01
-2.370499999999999119e+01 9.695455140370391467e-01 6.000000000000000152e-05 3.576164290172227367e-01
-2.396049999999999613e+01 9.799955827498199046e-01 2.000000000000000096e-04 4.207117101178708407e-01
-2.372000999999998783e+01 9.701594300111243685e-01 8.000000000000000654e-05 4.696100805751273199e-01
-2.381175199999999847e+01 9.739117204371441350e-01 5.000000000000000240e-05 3.992167656243356122e-01
-2.372486399999998596e+01 9.703579608664348877e-01 1.000000000000000048e-04 4.730850820439437276e-01
-2.423344599999999716e+01 9.911592009685228355e-01 2.999999999999999737e-04 2.874566393019787891e-01
-2.423213399999999851e+01 9.911055395589293271e-01 4.299999999999999894e-04 3.161817276392318576e-01
-2.416968799999999007e+01 9.885514691446890545e-01 3.200000000000000262e-04 3.683036113827498625e-01
-2.422602399999999889e+01 9.908556377200444798e-01 3.800000000000000209e-04 2.971734374795874656e-01
-2.404929599999999112e+01 9.836273804070410076e-01 2.599999999999999772e-04 4.216138608497187468e-01
-2.431854199999999366e+01 9.946396669066157603e-01 4.800000000000000122e-04 2.035505849719531635e-01
-2.395049799999999252e+01 9.795864963025976424e-01 2.599999999999999772e-04 5.178603309968834445e-01
-2.405795199999998601e+01 9.839814148288719142e-01 2.599999999999999772e-04 4.489908308168166773e-01
-2.362853599999998977e+01 9.664181009096258768e-01 1.600000000000000131e-04 6.867895582176302138e-01
-2.410467199999999721e+01 9.858922845363522480e-01 3.699999999999999947e-04 4.321875028178385758e-01
-2.411331399999999547e+01 9.862457463516783873e-01 3.299999999999999982e-04 4.097470086713891901e-01
-2.427519799999999606e+01 9.928668771677244820e-01 4.400000000000000157e-04 2.739524672993364218e-01
-2.414501799999998966e+01 9.875424546822847427e-01 4.099999999999999912e-04 3.804253484368954608e-01
-2.425024799999999559e+01 9.918464105752239357e-01 4.200000000000000174e-04 2.960953451682464821e-01
-2.388974199999998760e+01 9.771015476735810390e-01 2.000000000000000096e-04 4.861336768354308502e-01
-2.439822999999999809e+01 9.978989431319938985e-01 5.100000000000000366e-04 5.289349218147303133e-02
-2.440424000000000149e+01 9.981447549244160111e-01 5.800000000000000034e-04 5.387640176057318514e-02
-2.430079399999999623e+01 9.939137654603754646e-01 4.299999999999999894e-04 2.176501473243310780e-01
-2.425511199999999334e+01 9.920453504351807172e-01 3.800000000000000209e-04 2.693709999463956284e-01
-2.436289999999999623e+01 9.964539297166413734e-01 4.099999999999999912e-04 1.180539150925832143e-01
-2.411131199999999808e+01 9.861638636214906661e-01 3.200000000000000262e-04 3.925123505179051175e-01
-2.418199999999999505e+01 9.890550356652049180e-01 3.800000000000000209e-04 3.744243074644088010e-01
-2.422095799999998889e+01 9.906484359662320882e-01 3.899999999999999929e-04 3.034440787447540977e-01
-2.438309799999999683e+01 9.972800373012236097e-01 4.400000000000000157e-04 7.280612969532264389e-02
-2.431230999999999298e+01 9.943847752110460680e-01 3.899999999999999929e-04 2.001214103710264869e-01
-2.424434199999999962e+01 9.916048524311236179e-01 3.899999999999999929e-04 2.957659671245003175e-01
-2.396962599999999455e+01 9.803688403900265858e-01 3.400000000000000244e-04 5.362065225943515312e-01
-2.415488799999999614e+01 9.879461422681760085e-01 2.900000000000000017e-04 3.299325199693620703e-01
-2.433977799999999547e+01 9.955082291734832500e-01 4.200000000000000174e-04 1.689872719969456316e-01
-2.434668199999999416e+01 9.957906059812836608e-01 4.499999999999999877e-04 1.564868422390181812e-01
-2.439932599999999852e+01 9.979437700412275847e-01 5.500000000000000331e-04 5.620923864535907338e-02
-2.426222999999999885e+01 9.923364799424121419e-01 3.299999999999999982e-04 2.530974106800172319e-01
-2.438701199999999858e+01 9.974401217197826908e-01 4.400000000000000157e-04 5.619260399229031311e-02
-2.439341399999999993e+01 9.977019664943393984e-01 4.699999999999999859e-04 5.348086605827793993e-02
-2.440378000000000114e+01 9.981259407106864989e-01 5.699999999999999772e-04 5.328920522900884582e-02
-2.438341000000000136e+01 9.972927982461881058e-01 3.899999999999999929e-04 5.365153842861916655e-02
-2.419019599999999315e+01 9.893902558733064234e-01 3.200000000000000262e-04 2.939164025722451057e-01
-2.439824000000000126e+01 9.978993521366402719e-01 6.099999999999999737e-04 8.198365444379523970e-02
-2.399221399999999349e+01 9.812927000850727444e-01 1.299999999999999886e-04 4.185630572964285645e-01
-2.433485399999999643e+01 9.953068352856486722e-01 5.000000000000000104e-04 1.837896642657283197e-01
-2.438263600000000153e+01 9.972611412865650671e-01 5.299999999999999807e-04 9.567298840901306001e-02
-2.434192000000000178e+01 9.955958379687194215e-01 3.699999999999999947e-04 1.504595385054492973e-01
-2.433712800000000342e+01 9.953998429422159511e-01 3.800000000000000209e-04 1.649942062527342268e-01
-2.439126999999999867e+01 9.976142758981740855e-01 4.800000000000000122e-04 5.672049760434817040e-02
-2.433334599999999881e+01 9.952451573849878663e-01 3.899999999999999929e-04 1.637321929064026738e-01
-2.434958400000000012e+01 9.959092991296381037e-01 4.800000000000000122e-04 1.652515699095644941e-01
-2.441091599999999673e+01 9.984178064262808627e-01 6.199999999999999999e-04 4.966127023764292658e-02
-2.440720599999999507e+01 9.982660657025062001e-01 5.999999999999999474e-04 5.241643242227401328e-02
-2.437677600000000311e+01 9.970214645638375561e-01 4.000000000000000192e-04 7.323147350088708707e-02
-2.431286599999999964e+01 9.944075158693802541e-01 3.299999999999999982e-04 1.916377813385546636e-01
-2.444960000000000022e+01 1.000000000000000000e+00 1.330000000000000019e-03 0.000000000000000000e+00
-2.444960000000000022e+01 1.000000000000000000e+00 1.080000000000000014e-03 0.000000000000000000e+00
-2.443432999999999566e+01 9.993754499051107354e-01 8.499999999999999526e-04 3.653299463457270607e-02
-2.444756399999999630e+01 9.999167266540146537e-01 9.799999999999999684e-04 1.432379894307441934e-02
-2.444960000000000022e+01 1.000000000000000000e+00 1.190000000000000085e-03 0.000000000000000000e+00
-2.444960000000000022e+01 1.000000000000000000e+00 1.260000000000000052e-03 0.000000000000000000e+00
-2.444960000000000022e+01 1.000000000000000000e+00 1.069999999999999988e-03 0.000000000000000000e+00
-2.444960000000000022e+01 1.000000000000000000e+00 1.330000000000000019e-03 0.000000000000000000e+00
-2.444960000000000022e+01 1.000000000000000000e+00 1.569999999999999998e-03 0.000000000000000000e+00
-2.444960000000000022e+01 1.000000000000000000e+00 1.319999999999999993e-03 0.000000000000000000e+00
-2.444960000000000022e+01 1.000000000000000000e+00 1.240000000000000000e-03 0.000000000000000000e+00
-2.444858200000000181e+01 9.999583633270074934e-01 9.899999999999999946e-04 1.018000000000009175e-02
-2.444960000000000022e+01 1.000000000000000000e+00 1.469999999999999953e-03 0.000000000000000000e+00
-2.444960000000000022e+01 1.000000000000000000e+00 1.039999999999999909e-03 0.000000000000000000e+00
-2.442007800000000017e+01 9.987925364832144215e-01 7.100000000000000191e-04 4.642568859603694864e-02
-2.444960000000000022e+01 1.000000000000000000e+00 1.690000000000000096e-03 0.000000000000000000e+00
-2.444960000000000022e+01 1.000000000000000000e+00 1.190000000000000085e-03 0.000000000000000000e+00
-2.442822199999999810e+01 9.991256298671552516e-01 7.900000000000000121e-04 4.167286639936615411e-02
-2.440711800000000054e+01 9.982624664616189802e-01 5.900000000000000296e-04 5.134085812616836358e-02
-2.444960000000000022e+01 1.000000000000000000e+00 1.549999999999999946e-03 0.000000000000000000e+00
-2.443738400000000155e+01 9.995003599240888104e-01 8.800000000000000313e-04 3.324774077537725331e-02
-2.444960000000000022e+01 1.000000000000000000e+00 1.670000000000000043e-03 0.000000000000000000e+00
-2.443941999999999837e+01 9.995836332700738236e-01 8.999999999999999754e-04 3.069385487801657916e-02
-2.443941999999999837e+01 9.995836332700738236e-01 8.999999999999999754e-04 3.069385487801657916e-02
-2.444451000000000107e+01 9.997918166350370228e-01 9.499999999999999981e-04 2.229856860016286857e-02
-2.444960000000000022e+01 1.000000000000000000e+00 1.209999999999999921e-03 0.000000000000000000e+00
-2.444960000000000022e+01 1.000000000000000000e+00 1.289999999999999914e-03 0.000000000000000000e+00
-2.443636599999999959e+01 9.994587232510960817e-01 8.700000000000000051e-04 3.440816270314471514e-02
-2.444960000000000022e+01 1.000000000000000000e+00 1.149999999999999981e-03 0.000000000000000000e+00
-2.444960000000000022e+01 1.000000000000000000e+00 1.260000000000000052e-03 0.000000000000000000e+00
-2.428074399999999500e+01 9.930937111445583554e-01 5.500000000000000331e-04 2.985162798870034662e-01
-2.444960000000000022e+01 1.000000000000000000e+00 1.010000000000000047e-03 0.000000000000000000e+00
-2.444960000000000022e+01 1.000000000000000000e+00 1.280000000000000105e-03 0.000000000000000000e+00
-2.444960000000000022e+01 1.000000000000000000e+00 1.369999999999999907e-03 0.000000000000000000e+00
-2.444960000000000022e+01 1.000000000000000000e+00 1.639999999999999965e-03 0.000000000000000000e+00
-2.444960000000000022e+01 1.000000000000000000e+00 1.119999999999999902e-03 0.000000000000000000e+00
-2.444960000000000022e+01 1.000000000000000000e+00 1.199999999999999895e-03 0.000000000000000000e+00
-2.444043799999999678e+01 9.996252699430664412e-01 9.100000000000000016e-04 2.928007141074275357e-02
-2.444960000000000022e+01 1.000000000000000000e+00 1.270000000000000078e-03 0.000000000000000000e+00
-2.444960000000000022e+01 1.000000000000000000e+00 1.100000000000000066e-03 0.000000000000000000e+00
-2.444145599999999874e+01 9.996669066160590589e-01 9.200000000000000278e-04 2.775678029824900361e-02
-2.444960000000000022e+01 1.000000000000000000e+00 1.270000000000000078e-03 0.000000000000000000e+00
-2.444960000000000022e+01 1.000000000000000000e+00 1.049999999999999935e-03 0.000000000000000000e+00
-2.443941999999999837e+01 9.995836332700738236e-01 8.999999999999999754e-04 3.069385487801657916e-02
-2.443738400000000155e+01 9.995003599240888104e-01 8.800000000000000313e-04 3.324774077537725331e-02
-2.444960000000000022e+01 1.000000000000000000e+00 1.149999999999999981e-03 0.000000000000000000e+00
-2.443534800000000118e+01 9.994170865781035751e-01 8.599999999999999789e-04 3.550123196041357621e-02
-2.443025800000000203e+01 9.992089032131405979e-01 8.099999999999999561e-04 4.013742348029315787e-02
-2.443534800000000118e+01 9.994170865781035751e-01 8.599999999999999789e-04 3.550123196041357621e-02
-2.444552799999999948e+01 9.998334533080295294e-01 9.600000000000000243e-04 2.004914205071386957e-02
-2.444960000000000022e+01 1.000000000000000000e+00 1.100000000000000066e-03 0.000000000000000000e+00
-2.443229399999999885e+01 9.992921765591256111e-01 8.300000000000000086e-04 3.843206210938752976e-02
-2.418953400000000187e+01 9.893631797657221894e-01 4.299999999999999894e-04 3.226587452759193675e-01
-2.444960000000000022e+01 1.000000000000000000e+00 1.219999999999999947e-03 0.000000000000000000e+00
-2.444858200000000181e+01 9.999583633270074934e-01 9.899999999999999946e-04 1.018000000000009175e-02
-2.444960000000000022e+01 1.000000000000000000e+00 1.030000000000000100e-03 0.000000000000000000e+00
-2.443534800000000118e+01 9.994170865781035751e-01 8.599999999999999789e-04 3.550123196041357621e-02
-2.444960000000000022e+01 1.000000000000000000e+00 1.260000000000000052e-03 0.000000000000000000e+00
-2.444960000000000022e+01 1.000000000000000000e+00 1.449999999999999900e-03 0.000000000000000000e+00
-2.444960000000000022e+01 1.000000000000000000e+00 1.209999999999999921e-03 0.000000000000000000e+00
-2.444960000000000022e+01 1.000000000000000000e+00 1.010000000000000047e-03 0.000000000000000000e+00
-2.444960000000000022e+01 1.000000000000000000e+00 1.110000000000000092e-03 0.000000000000000000e+00
-2.440582599999999758e+01 9.982096230613178856e-01 5.699999999999999772e-04 5.065261092914592755e-02
-2.444960000000000022e+01 1.000000000000000000e+00 1.680000000000000070e-03 0.000000000000000000e+00
-2.441359799999999680e+01 9.985275014724165343e-01 6.499999999999999702e-04 4.937639803416524892e-02
-2.444960000000000022e+01 1.000000000000000000e+00 1.219999999999999947e-03 0.000000000000000000e+00
-2.443941999999999837e+01 9.995836332700738236e-01 8.999999999999999754e-04 3.069385487801657916e-02
-2.444960000000000022e+01 1.000000000000000000e+00 1.199999999999999895e-03 0.000000000000000000e+00
-2.444960000000000022e+01 1.000000000000000000e+00 1.469999999999999953e-03 0.000000000000000000e+00
-2.444960000000000022e+01 1.000000000000000000e+00 1.309999999999999967e-03 0.000000000000000000e+00
-2.444858200000000181e+01 9.999583633270074934e-01 9.899999999999999946e-04 1.018000000000009175e-02
-2.444960000000000022e+01 1.000000000000000000e+00 1.000000000000000021e-03 0.000000000000000000e+00
-2.441016199999999969e+01 9.983869674759504598e-01 6.400000000000000524e-04 5.313741055038363054e-02
-2.444960000000000022e+01 1.000000000000000000e+00 1.039999999999999909e-03 0.000000000000000000e+00
-2.443941999999999837e+01 9.995836332700738236e-01 8.999999999999999754e-04 3.069385487801657916e-02
-2.444960000000000022e+01 1.000000000000000000e+00 1.010000000000000047e-03 0.000000000000000000e+00
-2.444960000000000022e+01 1.000000000000000000e+00 1.940000000000000101e-03 0.000000000000000000e+00
-2.444960000000000022e+01 1.000000000000000000e+00 1.069999999999999988e-03 0.000000000000000000e+00
-2.444960000000000022e+01 1.000000000000000000e+00 1.760000000000000063e-03 0.000000000000000000e+00
-2.444960000000000022e+01 1.000000000000000000e+00 1.090000000000000040e-03 0.000000000000000000e+00
-2.444960000000000022e+01 1.000000000000000000e+00 1.250000000000000026e-03 0.000000000000000000e+00
-2.444960000000000022e+01 1.000000000000000000e+00 1.520000000000000084e-03 0.000000000000000000e+00
-2.444960000000000022e+01 1.000000000000000000e+00 1.049999999999999935e-03 0.000000000000000000e+00
-2.444960000000000022e+01 1.000000000000000000e+00 1.199999999999999895e-03 0.000000000000000000e+00
-2.444960000000000022e+01 1.000000000000000000e+00 1.270000000000000078e-03 0.000000000000000000e+00
-2.444960000000000022e+01 1.000000000000000000e+00 1.170000000000000033e-03 0.000000000000000000e+00
-2.444960000000000022e+01 1.000000000000000000e+00 1.160000000000000007e-03 0.000000000000000000e+00
-2.444960000000000022e+01 1.000000000000000000e+00 1.330000000000000019e-03 0.000000000000000000e+00
-2.444960000000000022e+01 1.000000000000000000e+00 1.090000000000000040e-03 0.000000000000000000e+00
-2.444654599999999789e+01 9.998750899810220361e-01 9.700000000000000505e-04 1.745326469417263215e-02
-2.444960000000000022e+01 1.000000000000000000e+00 1.240000000000000000e-03 0.000000000000000000e+00
-2.444960000000000022e+01 1.000000000000000000e+00 1.199999999999999895e-03 0.000000000000000000e+00
-2.444960000000000022e+01 1.000000000000000000e+00 1.170000000000000033e-03 0.000000000000000000e+00
-2.444960000000000022e+01 1.000000000000000000e+00 1.039999999999999909e-03 0.000000000000000000e+00
-2.444960000000000022e+01 1.000000000000000000e+00 1.069999999999999988e-03 0.000000000000000000e+00
-2.444247399999999715e+01 9.997085432890516765e-01 9.300000000000000541e-04 2.610481831758170931e-02
-2.444960000000000022e+01 1.000000000000000000e+00 1.100000000000000066e-03 0.000000000000000000e+00
-2.444960000000000022e+01 1.000000000000000000e+00 1.430000000000000064e-03 0.000000000000000000e+00
-2.444960000000000022e+01 1.000000000000000000e+00 1.010000000000000047e-03 0.000000000000000000e+00
-2.444960000000000022e+01 1.000000000000000000e+00 1.119999999999999902e-03 0.000000000000000000e+00
-2.444960000000000022e+01 1.000000000000000000e+00 1.139999999999999954e-03 0.000000000000000000e+00
-2.444960000000000022e+01 1.000000000000000000e+00 1.010000000000000047e-03 0.000000000000000000e+00
-2.444960000000000022e+01 1.000000000000000000e+00 1.129999999999999928e-03 0.000000000000000000e+00
-2.444960000000000022e+01 1.000000000000000000e+00 1.110000000000000092e-03 0.000000000000000000e+00
-2.444960000000000022e+01 1.000000000000000000e+00 1.080000000000000014e-03 0.000000000000000000e+00
-2.444960000000000022e+01 1.000000000000000000e+00 1.219999999999999947e-03 0.000000000000000000e+00
-2.444960000000000022e+01 1.000000000000000000e+00 1.219999999999999947e-03 0.000000000000000000e+00
-2.444960000000000022e+01 1.000000000000000000e+00 1.410000000000000012e-03 0.000000000000000000e+00
-2.444960000000000022e+01 1.000000000000000000e+00 1.090000000000000040e-03 0.000000000000000000e+00
-2.444960000000000022e+01 1.000000000000000000e+00 1.350000000000000071e-03 0.000000000000000000e+00
-2.444247399999999715e+01 9.997085432890516765e-01 9.300000000000000541e-04 2.610481831758170931e-02
-2.442720399999999970e+01 9.990839931941626340e-01 7.799999999999999859e-04 4.238271974913079138e-02
-2.444960000000000022e+01 1.000000000000000000e+00 1.280000000000000105e-03 0.000000000000000000e+00
-2.444960000000000022e+01 1.000000000000000000e+00 1.049999999999999935e-03 0.000000000000000000e+00
-2.444960000000000022e+01 1.000000000000000000e+00 1.190000000000000085e-03 0.000000000000000000e+00
-2.444960000000000022e+01 1.000000000000000000e+00 1.049999999999999935e-03 0.000000000000000000e+00
-2.444960000000000022e+01 1.000000000000000000e+00 1.299999999999999940e-03 0.000000000000000000e+00
-2.444960000000000022e+01 1.000000000000000000e+00 1.129999999999999928e-03 0.000000000000000000e+00
-2.444960000000000022e+01 1.000000000000000000e+00 1.340000000000000045e-03 0.000000000000000000e+00
-2.444960000000000022e+01 1.000000000000000000e+00 1.330000000000000019e-03 0.000000000000000000e+00
-2.444960000000000022e+01 1.000000000000000000e+00 1.160000000000000007e-03 0.000000000000000000e+00
-2.444960000000000022e+01 1.000000000000000000e+00 1.639999999999999965e-03 0.000000000000000000e+00
-2.444349199999999911e+01 9.997501799620442942e-01 9.399999999999999719e-04 2.429795551943109144e-02
-2.444960000000000022e+01 1.000000000000000000e+00 1.229999999999999974e-03 0.000000000000000000e+00
-2.444960000000000022e+01 1.000000000000000000e+00 1.160000000000000007e-03 0.000000000000000000e+00
-2.444960000000000022e+01 1.000000000000000000e+00 1.160000000000000007e-03 0.000000000000000000e+00
-2.444960000000000022e+01 1.000000000000000000e+00 1.180000000000000059e-03 0.000000000000000000e+00
-2.444960000000000022e+01 1.000000000000000000e+00 1.020000000000000073e-03 0.000000000000000000e+00
-2.444960000000000022e+01 1.000000000000000000e+00 1.319999999999999993e-03 0.000000000000000000e+00
-2.444960000000000022e+01 1.000000000000000000e+00 1.149999999999999981e-03 0.000000000000000000e+00
-2.444043799999999678e+01 9.996252699430664412e-01 9.100000000000000016e-04 2.928007141074275357e-02
-2.444960000000000022e+01 1.000000000000000000e+00 1.080000000000000014e-03 0.000000000000000000e+00
-2.444960000000000022e+01 1.000000000000000000e+00 1.190000000000000085e-03 0.000000000000000000e+00
-2.444960000000000022e+01 1.000000000000000000e+00 1.260000000000000052e-03 0.000000000000000000e+00
-2.444960000000000022e+01 1.000000000000000000e+00 1.149999999999999981e-03 0.000000000000000000e+00
-2.444960000000000022e+01 1.000000000000000000e+00 1.209999999999999921e-03 0.000000000000000000e+00
-2.444960000000000022e+01 1.000000000000000000e+00 1.199999999999999895e-03 0.000000000000000000e+00
-2.444960000000000022e+01 1.000000000000000000e+00 1.160000000000000007e-03 0.000000000000000000e+00
-2.444960000000000022e+01 1.000000000000000000e+00 1.119999999999999902e-03 0.000000000000000000e+00
-2.444960000000000022e+01 1.000000000000000000e+00 1.090000000000000040e-03 0.000000000000000000e+00
-2.444960000000000022e+01 1.000000000000000000e+00 1.319999999999999993e-03 0.000000000000000000e+00
-2.444960000000000022e+01 1.000000000000000000e+00 1.180000000000000059e-03 0.000000000000000000e+00
-2.444043799999999678e+01 9.996252699430664412e-01 9.100000000000000016e-04 2.928007141074275357e-02
-2.444960000000000022e+01 1.000000000000000000e+00 1.049999999999999935e-03 0.000000000000000000e+00
-2.444960000000000022e+01 1.000000000000000000e+00 1.030000000000000100e-03 0.000000000000000000e+00
-2.444960000000000022e+01 1.000000000000000000e+00 1.270000000000000078e-03 0.000000000000000000e+00
-2.444960000000000022e+01 1.000000000000000000e+00 1.469999999999999953e-03 0.000000000000000000e+00
-2.444858200000000181e+01 9.999583633270074934e-01 9.899999999999999946e-04 1.018000000000009175e-02
-2.444247399999999715e+01 9.997085432890516765e-01 9.300000000000000541e-04 2.610481831758170931e-02
-2.444451000000000107e+01 9.997918166350370228e-01 9.499999999999999981e-04 2.229856860016286857e-02
-2.444960000000000022e+01 1.000000000000000000e+00 1.129999999999999928e-03 0.000000000000000000e+00
-2.444960000000000022e+01 1.000000000000000000e+00 1.059999999999999961e-03 0.000000000000000000e+00
-2.444960000000000022e+01 1.000000000000000000e+00 1.180000000000000059e-03 0.000000000000000000e+00
-2.444960000000000022e+01 1.000000000000000000e+00 1.129999999999999928e-03 0.000000000000000000e+00
-2.444043799999999678e+01 9.996252699430664412e-01 9.100000000000000016e-04 2.928007141074275357e-02
-2.444960000000000022e+01 1.000000000000000000e+00 1.330000000000000019e-03 0.000000000000000000e+00
-2.444960000000000022e+01 1.000000000000000000e+00 1.190000000000000085e-03 0.000000000000000000e+00
-2.444960000000000022e+01 1.000000000000000000e+00 1.149999999999999981e-03 0.000000000000000000e+00
-2.444960000000000022e+01 1.000000000000000000e+00 1.240000000000000000e-03 0.000000000000000000e+00
-2.443738400000000155e+01 9.995003599240888104e-01 8.800000000000000313e-04 3.324774077537725331e-02
-2.444960000000000022e+01 1.000000000000000000e+00 1.280000000000000105e-03 0.000000000000000000e+00
-2.444960000000000022e+01 1.000000000000000000e+00 1.289999999999999914e-03 0.000000000000000000e+00
-2.444960000000000022e+01 1.000000000000000000e+00 1.180000000000000059e-03 0.000000000000000000e+00
-2.444960000000000022e+01 1.000000000000000000e+00 1.299999999999999940e-03 0.000000000000000000e+00
-2.444960000000000022e+01 1.000000000000000000e+00 1.309999999999999967e-03 0.000000000000000000e+00
-2.444960000000000022e+01 1.000000000000000000e+00 1.350000000000000071e-03 0.000000000000000000e+00
-2.444960000000000022e+01 1.000000000000000000e+00 1.110000000000000092e-03 0.000000000000000000e+00
-2.444960000000000022e+01 1.000000000000000000e+00 1.139999999999999954e-03 0.000000000000000000e+00
-2.444960000000000022e+01 1.000000000000000000e+00 1.139999999999999954e-03 0.000000000000000000e+00
-2.444960000000000022e+01 1.000000000000000000e+00 1.440000000000000091e-03 0.000000000000000000e+00
-2.444960000000000022e+01 1.000000000000000000e+00 1.059999999999999961e-03 0.000000000000000000e+00
-2.444960000000000022e+01 1.000000000000000000e+00 1.260000000000000052e-03 0.000000000000000000e+00
-2.444960000000000022e+01 1.000000000000000000e+00 1.510000000000000057e-03 0.000000000000000000e+00
-2.444960000000000022e+01 1.000000000000000000e+00 1.289999999999999914e-03 0.000000000000000000e+00
-2.444960000000000022e+01 1.000000000000000000e+00 1.100000000000000066e-03 0.000000000000000000e+00
-2.444960000000000022e+01 1.000000000000000000e+00 1.180000000000000059e-03 0.000000000000000000e+00
-2.444960000000000022e+01 1.000000000000000000e+00 1.180000000000000059e-03 0.000000000000000000e+00
-2.444960000000000022e+01 1.000000000000000000e+00 1.160000000000000007e-03 0.000000000000000000e+00
-2.444960000000000022e+01 1.000000000000000000e+00 1.229999999999999974e-03 0.000000000000000000e+00
-2.444960000000000022e+01 1.000000000000000000e+00 1.129999999999999928e-03 0.000000000000000000e+00
-2.444960000000000022e+01 1.000000000000000000e+00 1.080000000000000014e-03 0.000000000000000000e+00
-2.444960000000000022e+01 1.000000000000000000e+00 1.160000000000000007e-03 0.000000000000000000e+00
-2.444960000000000022e+01 1.000000000000000000e+00 1.080000000000000014e-03 0.000000000000000000e+00
-2.444960000000000022e+01 1.000000000000000000e+00 1.129999999999999928e-03 0.000000000000000000e+00
-2.444960000000000022e+01 1.000000000000000000e+00 1.199999999999999895e-03 0.000000000000000000e+00
-2.444960000000000022e+01 1.000000000000000000e+00 1.280000000000000105e-03 0.000000000000000000e+00
-2.444960000000000022e+01 1.000000000000000000e+00 1.399999999999999986e-03 0.000000000000000000e+00
-2.444960000000000022e+01 1.000000000000000000e+00 1.280000000000000105e-03 0.000000000000000000e+00
-2.444960000000000022e+01 1.000000000000000000e+00 1.389999999999999960e-03 0.000000000000000000e+00
-2.444960000000000022e+01 1.000000000000000000e+00 1.139999999999999954e-03 0.000000000000000000e+00
-2.444960000000000022e+01 1.000000000000000000e+00 1.170000000000000033e-03 0.000000000000000000e+00
-2.444960000000000022e+01 1.000000000000000000e+00 1.090000000000000040e-03 0.000000000000000000e+00
-2.444960000000000022e+01 1.000000000000000000e+00 1.319999999999999993e-03 0.000000000000000000e+00
-2.444960000000000022e+01 1.000000000000000000e+00 1.260000000000000052e-03 0.000000000000000000e+00
-2.444960000000000022e+01 1.000000000000000000e+00 1.350000000000000071e-03 0.000000000000000000e+00
-2.444960000000000022e+01 1.000000000000000000e+00 1.080000000000000014e-03 0.000000000000000000e+00
-2.444960000000000022e+01 1.000000000000000000e+00 1.170000000000000033e-03 0.000000000000000000e+00
-2.444960000000000022e+01 1.000000000000000000e+00 1.199999999999999895e-03 0.000000000000000000e+00
-2.444960000000000022e+01 1.000000000000000000e+00 1.119999999999999902e-03 0.000000000000000000e+00
-2.444960000000000022e+01 1.000000000000000000e+00 1.119999999999999902e-03 0.000000000000000000e+00
-2.444960000000000022e+01 1.000000000000000000e+00 1.149999999999999981e-03 0.000000000000000000e+00
-2.444960000000000022e+01 1.000000000000000000e+00 1.010000000000000047e-03 0.000000000000000000e+00
-2.444960000000000022e+01 1.000000000000000000e+00 1.379999999999999933e-03 0.000000000000000000e+00
-2.444960000000000022e+01 1.000000000000000000e+00 1.170000000000000033e-03 0.000000000000000000e+00
-2.444858200000000181e+01 9.999583633270074934e-01 9.899999999999999946e-04 1.018000000000009175e-02
-2.444960000000000022e+01 1.000000000000000000e+00 1.410000000000000012e-03 0.000000000000000000e+00
-2.444960000000000022e+01 1.000000000000000000e+00 1.119999999999999902e-03 0.000000000000000000e+00
-2.444960000000000022e+01 1.000000000000000000e+00 1.119999999999999902e-03 0.000000000000000000e+00
-2.444960000000000022e+01 1.000000000000000000e+00 1.330000000000000019e-03 0.000000000000000000e+00
-2.444960000000000022e+01 1.000000000000000000e+00 1.270000000000000078e-03 0.000000000000000000e+00
-2.444960000000000022e+01 1.000000000000000000e+00 1.330000000000000019e-03 0.000000000000000000e+00
-2.444960000000000022e+01 1.000000000000000000e+00 1.149999999999999981e-03 0.000000000000000000e+00
-2.444960000000000022e+01 1.000000000000000000e+00 1.209999999999999921e-03 0.000000000000000000e+00
-2.444960000000000022e+01 1.000000000000000000e+00 1.209999999999999921e-03 0.000000000000000000e+00
-2.444960000000000022e+01 1.000000000000000000e+00 1.049999999999999935e-03 0.000000000000000000e+00
-2.444960000000000022e+01 1.000000000000000000e+00 1.110000000000000092e-03 0.000000000000000000e+00
-2.444960000000000022e+01 1.000000000000000000e+00 1.420000000000000038e-03 0.000000000000000000e+00
-2.444960000000000022e+01 1.000000000000000000e+00 1.229999999999999974e-03 0.000000000000000000e+00
-2.444960000000000022e+01 1.000000000000000000e+00 1.270000000000000078e-03 0.000000000000000000e+00
-2.444960000000000022e+01 1.000000000000000000e+00 1.399999999999999986e-03 0.000000000000000000e+00
-2.444960000000000022e+01 1.000000000000000000e+00 1.459999999999999926e-03 0.000000000000000000e+00
-2.444960000000000022e+01 1.000000000000000000e+00 1.229999999999999974e-03 0.000000000000000000e+00
-2.444960000000000022e+01 1.000000000000000000e+00 1.110000000000000092e-03 0.000000000000000000e+00
-2.444960000000000022e+01 1.000000000000000000e+00 1.229999999999999974e-03 0.000000000000000000e+00
-2.444960000000000022e+01 1.000000000000000000e+00 1.209999999999999921e-03 0.000000000000000000e+00
-2.444960000000000022e+01 1.000000000000000000e+00 1.199999999999999895e-03 0.000000000000000000e+00
-2.444960000000000022e+01 1.000000000000000000e+00 1.309999999999999967e-03 0.000000000000000000e+00
-2.444960000000000022e+01 1.000000000000000000e+00 1.039999999999999909e-03 0.000000000000000000e+00
-2.444960000000000022e+01 1.000000000000000000e+00 1.160000000000000007e-03 0.000000000000000000e+00
-2.444960000000000022e+01 1.000000000000000000e+00 1.149999999999999981e-03 0.000000000000000000e+00
-2.444960000000000022e+01 1.000000000000000000e+00 1.149999999999999981e-03 0.000000000000000000e+00
-2.444960000000000022e+01 1.000000000000000000e+00 1.170000000000000033e-03 0.000000000000000000e+00
-2.444960000000000022e+01 1.000000000000000000e+00 1.209999999999999921e-03 0.000000000000000000e+00
-2.444960000000000022e+01 1.000000000000000000e+00 1.139999999999999954e-03 0.000000000000000000e+00
-2.444960000000000022e+01 1.000000000000000000e+00 1.059999999999999961e-03 0.000000000000000000e+00
-2.444960000000000022e+01 1.000000000000000000e+00 1.289999999999999914e-03 0.000000000000000000e+00
-2.444960000000000022e+01 1.000000000000000000e+00 1.289999999999999914e-03 0.000000000000000000e+00
-2.444960000000000022e+01 1.000000000000000000e+00 1.240000000000000000e-03 0.000000000000000000e+00
-2.444960000000000022e+01 1.000000000000000000e+00 1.020000000000000073e-03 0.000000000000000000e+00
-2.444960000000000022e+01 1.000000000000000000e+00 1.270000000000000078e-03 0.000000000000000000e+00
-2.444960000000000022e+01 1.000000000000000000e+00 1.160000000000000007e-03 0.000000000000000000e+00
-2.444960000000000022e+01 1.000000000000000000e+00 1.410000000000000012e-03 0.000000000000000000e+00
-2.444960000000000022e+01 1.000000000000000000e+00 1.100000000000000066e-03 0.000000000000000000e+00
-2.444960000000000022e+01 1.000000000000000000e+00 1.289999999999999914e-03 0.000000000000000000e+00
-2.444960000000000022e+01 1.000000000000000000e+00 1.149999999999999981e-03 0.000000000000000000e+00
-2.444960000000000022e+01 1.000000000000000000e+00 1.170000000000000033e-03 0.000000000000000000e+00
-2.444960000000000022e+01 1.000000000000000000e+00 1.250000000000000026e-03 0.000000000000000000e+00
-2.444960000000000022e+01 1.000000000000000000e+00 1.170000000000000033e-03 0.000000000000000000e+00
-2.444960000000000022e+01 1.000000000000000000e+00 1.199999999999999895e-03 0.000000000000000000e+00
-2.443534800000000118e+01 9.994170865781035751e-01 8.599999999999999789e-04 3.550123196041357621e-02
-2.444960000000000022e+01 1.000000000000000000e+00 1.069999999999999988e-03 0.000000000000000000e+00
-2.444960000000000022e+01 1.000000000000000000e+00 1.389999999999999960e-03 0.000000000000000000e+00
-2.444960000000000022e+01 1.000000000000000000e+00 1.199999999999999895e-03 0.000000000000000000e+00
-2.444960000000000022e+01 1.000000000000000000e+00 1.219999999999999947e-03 0.000000000000000000e+00
-2.444960000000000022e+01 1.000000000000000000e+00 1.299999999999999940e-03 0.000000000000000000e+00
-2.444960000000000022e+01 1.000000000000000000e+00 1.319999999999999993e-03 0.000000000000000000e+00
-2.444960000000000022e+01 1.000000000000000000e+00 1.160000000000000007e-03 0.000000000000000000e+00
-2.444960000000000022e+01 1.000000000000000000e+00 1.250000000000000026e-03 0.000000000000000000e+00
-2.444960000000000022e+01 1.000000000000000000e+00 1.119999999999999902e-03 0.000000000000000000e+00
-2.444960000000000022e+01 1.000000000000000000e+00 1.250000000000000026e-03 0.000000000000000000e+00
-2.444960000000000022e+01 1.000000000000000000e+00 1.299999999999999940e-03 0.000000000000000000e+00
-2.444960000000000022e+01 1.000000000000000000e+00 1.110000000000000092e-03 0.000000000000000000e+00
-2.444960000000000022e+01 1.000000000000000000e+00 1.209999999999999921e-03 0.000000000000000000e+00
-2.444960000000000022e+01 1.000000000000000000e+00 1.129999999999999928e-03 0.000000000000000000e+00
-2.444960000000000022e+01 1.000000000000000000e+00 1.000000000000000021e-03 0.000000000000000000e+00
-2.444960000000000022e+01 1.000000000000000000e+00 1.170000000000000033e-03 0.000000000000000000e+00
-2.444960000000000022e+01 1.000000000000000000e+00 1.199999999999999895e-03 0.000000000000000000e+00
-2.444960000000000022e+01 1.000000000000000000e+00 1.119999999999999902e-03 0.000000000000000000e+00
-2.444960000000000022e+01 1.000000000000000000e+00 1.149999999999999981e-03 0.000000000000000000e+00
-2.444960000000000022e+01 1.000000000000000000e+00 1.219999999999999947e-03 0.000000000000000000e+00
-2.444960000000000022e+01 1.000000000000000000e+00 1.100000000000000066e-03 0.000000000000000000e+00
-2.444960000000000022e+01 1.000000000000000000e+00 1.369999999999999907e-03 0.000000000000000000e+00
-2.444960000000000022e+01 1.000000000000000000e+00 1.080000000000000014e-03 0.000000000000000000e+00
-2.444960000000000022e+01 1.000000000000000000e+00 1.270000000000000078e-03 0.000000000000000000e+00
-2.444960000000000022e+01 1.000000000000000000e+00 1.330000000000000019e-03 0.000000000000000000e+00
-2.444960000000000022e+01 1.000000000000000000e+00 1.110000000000000092e-03 0.000000000000000000e+00
-2.444960000000000022e+01 1.000000000000000000e+00 1.389999999999999960e-03 0.000000000000000000e+00
-2.444960000000000022e+01 1.000000000000000000e+00 1.160000000000000007e-03 0.000000000000000000e+00
-2.444960000000000022e+01 1.000000000000000000e+00 1.090000000000000040e-03 0.000000000000000000e+00
-2.444960000000000022e+01 1.000000000000000000e+00 1.100000000000000066e-03 0.000000000000000000e+00
-2.444960000000000022e+01 1.000000000000000000e+00 1.190000000000000085e-03 0.000000000000000000e+00
-2.444960000000000022e+01 1.000000000000000000e+00 1.180000000000000059e-03 0.000000000000000000e+00
-2.444960000000000022e+01 1.000000000000000000e+00 1.149999999999999981e-03 0.000000000000000000e+00
-2.444960000000000022e+01 1.000000000000000000e+00 1.360000000000000098e-03 0.000000000000000000e+00
-2.444960000000000022e+01 1.000000000000000000e+00 1.199999999999999895e-03 0.000000000000000000e+00
-2.444960000000000022e+01 1.000000000000000000e+00 1.260000000000000052e-03 0.000000000000000000e+00
-2.444960000000000022e+01 1.000000000000000000e+00 1.170000000000000033e-03 0.000000000000000000e+00
-2.444960000000000022e+01 1.000000000000000000e+00 1.250000000000000026e-03 0.000000000000000000e+00
-2.444960000000000022e+01 1.000000000000000000e+00 1.240000000000000000e-03 0.000000000000000000e+00
-2.444960000000000022e+01 1.000000000000000000e+00 1.229999999999999974e-03 0.000000000000000000e+00
-2.444960000000000022e+01 1.000000000000000000e+00 1.389999999999999960e-03 0.000000000000000000e+00
-2.444960000000000022e+01 1.000000000000000000e+00 1.209999999999999921e-03 0.000000000000000000e+00
-2.444960000000000022e+01 1.000000000000000000e+00 1.289999999999999914e-03 0.000000000000000000e+00
-2.444960000000000022e+01 1.000000000000000000e+00 1.090000000000000040e-03 0.000000000000000000e+00
-2.444960000000000022e+01 1.000000000000000000e+00 1.110000000000000092e-03 0.000000000000000000e+00
-2.444960000000000022e+01 1.000000000000000000e+00 1.299999999999999940e-03 0.000000000000000000e+00
-2.444960000000000022e+01 1.000000000000000000e+00 1.100000000000000066e-03 0.000000000000000000e+00
-2.444960000000000022e+01 1.000000000000000000e+00 1.190000000000000085e-03 0.000000000000000000e+00
-2.444960000000000022e+01 1.000000000000000000e+00 1.199999999999999895e-03 0.000000000000000000e+00
-2.444960000000000022e+01 1.000000000000000000e+00 1.330000000000000019e-03 0.000000000000000000e+00
-2.444960000000000022e+01 1.000000000000000000e+00 1.420000000000000038e-03 0.000000000000000000e+00
-2.444960000000000022e+01 1.000000000000000000e+00 1.270000000000000078e-03 0.000000000000000000e+00
-2.444960000000000022e+01 1.000000000000000000e+00 1.330000000000000019e-03 0.000000000000000000e+00
-2.444960000000000022e+01 1.000000000000000000e+00 1.360000000000000098e-03 0.000000000000000000e+00
-2.444960000000000022e+01 1.000000000000000000e+00 1.180000000000000059e-03 0.000000000000000000e+00
-2.444960000000000022e+01 1.000000000000000000e+00 1.299999999999999940e-03 0.000000000000000000e+00
-2.444960000000000022e+01 1.000000000000000000e+00 1.190000000000000085e-03 0.000000000000000000e+00
-2.444960000000000022e+01 1.000000000000000000e+00 1.069999999999999988e-03 0.000000000000000000e+00
-2.444960000000000022e+01 1.000000000000000000e+00 1.030000000000000100e-03 0.000000000000000000e+00
-2.444960000000000022e+01 1.000000000000000000e+00 1.090000000000000040e-03 0.000000000000000000e+00
-2.444960000000000022e+01 1.000000000000000000e+00 1.100000000000000066e-03 0.000000000000000000e+00
-2.444145599999999874e+01 9.996669066160590589e-01 9.200000000000000278e-04 2.775678029824900361e-02
-2.444960000000000022e+01 1.000000000000000000e+00 1.000000000000000021e-03 0.000000000000000000e+00
-2.444960000000000022e+01 1.000000000000000000e+00 1.180000000000000059e-03 0.000000000000000000e+00
-2.444960000000000022e+01 1.000000000000000000e+00 1.199999999999999895e-03 0.000000000000000000e+00
-2.444960000000000022e+01 1.000000000000000000e+00 1.010000000000000047e-03 0.000000000000000000e+00
-2.444960000000000022e+01 1.000000000000000000e+00 1.170000000000000033e-03 0.000000000000000000e+00
-2.444960000000000022e+01 1.000000000000000000e+00 1.229999999999999974e-03 0.000000000000000000e+00
-2.444349199999999911e+01 9.997501799620442942e-01 9.399999999999999719e-04 2.429795551943109144e-02
-2.444960000000000022e+01 1.000000000000000000e+00 1.139999999999999954e-03 0.000000000000000000e+00
-2.444451000000000107e+01 9.997918166350370228e-01 9.499999999999999981e-04 2.229856860016286857e-02
-2.444960000000000022e+01 1.000000000000000000e+00 1.369999999999999907e-03 0.000000000000000000e+00
-2.444960000000000022e+01 1.000000000000000000e+00 1.030000000000000100e-03 0.000000000000000000e+00
-2.444960000000000022e+01 1.000000000000000000e+00 1.299999999999999940e-03 0.000000000000000000e+00
-2.444960000000000022e+01 1.000000000000000000e+00 1.319999999999999993e-03 0.000000000000000000e+00
-2.444960000000000022e+01 1.000000000000000000e+00 1.280000000000000105e-03 0.000000000000000000e+00
-2.444960000000000022e+01 1.000000000000000000e+00 1.139999999999999954e-03 0.000000000000000000e+00
-2.444960000000000022e+01 1.000000000000000000e+00 1.119999999999999902e-03 0.000000000000000000e+00
-2.444960000000000022e+01 1.000000000000000000e+00 1.219999999999999947e-03 0.000000000000000000e+00
-2.444960000000000022e+01 1.000000000000000000e+00 1.059999999999999961e-03 0.000000000000000000e+00
-2.444960000000000022e+01 1.000000000000000000e+00 1.119999999999999902e-03 0.000000000000000000e+00
-2.444960000000000022e+01 1.000000000000000000e+00 1.289999999999999914e-03 0.000000000000000000e+00
-2.444960000000000022e+01 1.000000000000000000e+00 1.160000000000000007e-03 0.000000000000000000e+00
-2.444960000000000022e+01 1.000000000000000000e+00 1.160000000000000007e-03 0.000000000000000000e+00
-2.444960000000000022e+01 1.000000000000000000e+00 1.299999999999999940e-03 0.000000000000000000e+00
-2.444960000000000022e+01 1.000000000000000000e+00 1.340000000000000045e-03 0.000000000000000000e+00
-2.444960000000000022e+01 1.000000000000000000e+00 1.330000000000000019e-03 0.000000000000000000e+00
-2.444960000000000022e+01 1.000000000000000000e+00 1.180000000000000059e-03 0.000000000000000000e+00
-2.444960000000000022e+01 1.000000000000000000e+00 1.000000000000000021e-03 0.000000000000000000e+00
-2.444960000000000022e+01 1.000000000000000000e+00 1.289999999999999914e-03 0.000000000000000000e+00
-2.444960000000000022e+01 1.000000000000000000e+00 1.280000000000000105e-03 0.000000000000000000e+00
-2.444960000000000022e+01 1.000000000000000000e+00 1.090000000000000040e-03 0.000000000000000000e+00
-2.444960000000000022e+01 1.000000000000000000e+00 1.039999999999999909e-03 0.000000000000000000e+00
-2.444960000000000022e+01 1.000000000000000000e+00 1.360000000000000098e-03 0.000000000000000000e+00
-2.444960000000000022e+01 1.000000000000000000e+00 1.049999999999999935e-03 0.000000000000000000e+00
-2.444960000000000022e+01 1.000000000000000000e+00 1.520000000000000084e-03 0.000000000000000000e+00
-2.444960000000000022e+01 1.000000000000000000e+00 1.350000000000000071e-03 0.000000000000000000e+00
-2.444960000000000022e+01 1.000000000000000000e+00 1.119999999999999902e-03 0.000000000000000000e+00
-2.444960000000000022e+01 1.000000000000000000e+00 1.209999999999999921e-03 0.000000000000000000e+00
-2.444960000000000022e+01 1.000000000000000000e+00 1.170000000000000033e-03 0.000000000000000000e+00
-2.444960000000000022e+01 1.000000000000000000e+00 1.240000000000000000e-03 0.000000000000000000e+00
-2.444960000000000022e+01 1.000000000000000000e+00 1.299999999999999940e-03 0.000000000000000000e+00
-2.444960000000000022e+01 1.000000000000000000e+00 1.090000000000000040e-03 0.000000000000000000e+00
-2.444960000000000022e+01 1.000000000000000000e+00 1.110000000000000092e-03 0.000000000000000000e+00
-2.444960000000000022e+01 1.000000000000000000e+00 1.299999999999999940e-03 0.000000000000000000e+00
-2.444960000000000022e+01 1.000000000000000000e+00 1.199999999999999895e-03 0.000000000000000000e+00
-2.444960000000000022e+01 1.000000000000000000e+00 1.389999999999999960e-03 0.000000000000000000e+00
-2.444960000000000022e+01 1.000000000000000000e+00 1.090000000000000040e-03 0.000000000000000000e+00
-2.444960000000000022e+01 1.000000000000000000e+00 1.449999999999999900e-03 0.000000000000000000e+00
-2.444960000000000022e+01 1.000000000000000000e+00 1.059999999999999961e-03 0.000000000000000000e+00
-2.444960000000000022e+01 1.000000000000000000e+00 1.389999999999999960e-03 0.000000000000000000e+00
-2.444960000000000022e+01 1.000000000000000000e+00 1.360000000000000098e-03 0.000000000000000000e+00
-2.444960000000000022e+01 1.000000000000000000e+00 1.330000000000000019e-03 0.000000000000000000e+00
-2.444960000000000022e+01 1.000000000000000000e+00 1.299999999999999940e-03 0.000000000000000000e+00
-2.444960000000000022e+01 1.000000000000000000e+00 1.139999999999999954e-03 0.000000000000000000e+00
-2.444960000000000022e+01 1.000000000000000000e+00 1.250000000000000026e-03 0.000000000000000000e+00
-2.444960000000000022e+01 1.000000000000000000e+00 1.289999999999999914e-03 0.000000000000000000e+00
-2.444960000000000022e+01 1.000000000000000000e+00 1.119999999999999902e-03 0.000000000000000000e+00
-2.444960000000000022e+01 1.000000000000000000e+00 1.190000000000000085e-03 0.000000000000000000e+00
-2.444960000000000022e+01 1.000000000000000000e+00 1.180000000000000059e-03 0.000000000000000000e+00
-2.444960000000000022e+01 1.000000000000000000e+00 1.299999999999999940e-03 0.000000000000000000e+00
-2.444960000000000022e+01 1.000000000000000000e+00 1.149999999999999981e-03 0.000000000000000000e+00
-2.444960000000000022e+01 1.000000000000000000e+00 1.209999999999999921e-03 0.000000000000000000e+00
-2.444960000000000022e+01 1.000000000000000000e+00 1.270000000000000078e-03 0.000000000000000000e+00
-2.444960000000000022e+01 1.000000000000000000e+00 1.250000000000000026e-03 0.000000000000000000e+00
-2.444960000000000022e+01 1.000000000000000000e+00 1.280000000000000105e-03 0.000000000000000000e+00
-2.444960000000000022e+01 1.000000000000000000e+00 1.240000000000000000e-03 0.000000000000000000e+00
-2.444960000000000022e+01 1.000000000000000000e+00 1.289999999999999914e-03 0.000000000000000000e+00
-2.444960000000000022e+01 1.000000000000000000e+00 1.180000000000000059e-03 0.000000000000000000e+00
-2.444960000000000022e+01 1.000000000000000000e+00 1.119999999999999902e-03 0.000000000000000000e+00
-2.444960000000000022e+01 1.000000000000000000e+00 1.039999999999999909e-03 0.000000000000000000e+00
-2.444960000000000022e+01 1.000000000000000000e+00 1.100000000000000066e-03 0.000000000000000000e+00
-2.444960000000000022e+01 1.000000000000000000e+00 1.100000000000000066e-03 0.000000000000000000e+00
-2.444960000000000022e+01 1.000000000000000000e+00 1.330000000000000019e-03 0.000000000000000000e+00
-2.444960000000000022e+01 1.000000000000000000e+00 1.119999999999999902e-03 0.000000000000000000e+00
-2.444960000000000022e+01 1.000000000000000000e+00 1.110000000000000092e-03 0.000000000000000000e+00
-2.444960000000000022e+01 1.000000000000000000e+00 1.299999999999999940e-03 0.000000000000000000e+00
-2.444960000000000022e+01 1.000000000000000000e+00 1.129999999999999928e-03 0.000000000000000000e+00
-2.444960000000000022e+01 1.000000000000000000e+00 1.420000000000000038e-03 0.000000000000000000e+00
-2.444960000000000022e+01 1.000000000000000000e+00 1.110000000000000092e-03 0.000000000000000000e+00
-2.444960000000000022e+01 1.000000000000000000e+00 1.440000000000000091e-03 0.000000000000000000e+00
-2.444960000000000022e+01 1.000000000000000000e+00 1.170000000000000033e-03 0.000000000000000000e+00
-2.444960000000000022e+01 1.000000000000000000e+00 1.350000000000000071e-03 0.000000000000000000e+00
-2.444960000000000022e+01 1.000000000000000000e+00 1.170000000000000033e-03 0.000000000000000000e+00
-2.444960000000000022e+01 1.000000000000000000e+00 1.180000000000000059e-03 0.000000000000000000e+00
-2.444960000000000022e+01 1.000000000000000000e+00 1.149999999999999981e-03 0.000000000000000000e+00
-2.444960000000000022e+01 1.000000000000000000e+00 1.340000000000000045e-03 0.000000000000000000e+00
-2.444960000000000022e+01 1.000000000000000000e+00 1.209999999999999921e-03 0.000000000000000000e+00
-2.444960000000000022e+01 1.000000000000000000e+00 1.250000000000000026e-03 0.000000000000000000e+00
-2.444960000000000022e+01 1.000000000000000000e+00 1.100000000000000066e-03 0.000000000000000000e+00
-2.444960000000000022e+01 1.000000000000000000e+00 1.149999999999999981e-03 0.000000000000000000e+00
-2.444552799999999948e+01 9.998334533080295294e-01 9.600000000000000243e-04 2.004914205071386957e-02
-2.444960000000000022e+01 1.000000000000000000e+00 1.430000000000000064e-03 0.000000000000000000e+00
-2.444960000000000022e+01 1.000000000000000000e+00 1.299999999999999940e-03 0.000000000000000000e+00
-2.444960000000000022e+01 1.000000000000000000e+00 1.299999999999999940e-03 0.000000000000000000e+00
-2.444960000000000022e+01 1.000000000000000000e+00 1.299999999999999940e-03 0.000000000000000000e+00
-2.444960000000000022e+01 1.000000000000000000e+00 1.219999999999999947e-03 0.000000000000000000e+00
-2.444960000000000022e+01 1.000000000000000000e+00 1.510000000000000057e-03 0.000000000000000000e+00
-2.444960000000000022e+01 1.000000000000000000e+00 1.170000000000000033e-03 0.000000000000000000e+00
-2.444960000000000022e+01 1.000000000000000000e+00 1.319999999999999993e-03 0.000000000000000000e+00
-2.444960000000000022e+01 1.000000000000000000e+00 1.129999999999999928e-03 0.000000000000000000e+00
-2.444960000000000022e+01 1.000000000000000000e+00 1.190000000000000085e-03 0.000000000000000000e+00
-2.444960000000000022e+01 1.000000000000000000e+00 1.129999999999999928e-03 0.000000000000000000e+00
-2.444960000000000022e+01 1.000000000000000000e+00 1.020000000000000073e-03 0.000000000000000000e+00
-2.444960000000000022e+01 1.000000000000000000e+00 1.149999999999999981e-03 0.000000000000000000e+00
-2.444960000000000022e+01 1.000000000000000000e+00 1.219999999999999947e-03 0.000000000000000000e+00
-2.444960000000000022e+01 1.000000000000000000e+00 1.360000000000000098e-03 0.000000000000000000e+00
-2.444960000000000022e+01 1.000000000000000000e+00 1.209999999999999921e-03 0.000000000000000000e+00
-2.444960000000000022e+01 1.000000000000000000e+00 1.209999999999999921e-03 0.000000000000000000e+00
-2.444960000000000022e+01 1.000000000000000000e+00 1.160000000000000007e-03 0.000000000000000000e+00
-2.444960000000000022e+01 1.000000000000000000e+00 1.129999999999999928e-03 0.000000000000000000e+00
-2.444960000000000022e+01 1.000000000000000000e+00 1.059999999999999961e-03 0.000000000000000000e+00
-2.444960000000000022e+01 1.000000000000000000e+00 1.090000000000000040e-03 0.000000000000000000e+00
-2.444960000000000022e+01 1.000000000000000000e+00 1.240000000000000000e-03 0.000000000000000000e+00
-2.444960000000000022e+01 1.000000000000000000e+00 1.260000000000000052e-03 0.000000000000000000e+00
-2.444960000000000022e+01 1.000000000000000000e+00 1.030000000000000100e-03 0.000000000000000000e+00
-2.444960000000000022e+01 1.000000000000000000e+00 1.219999999999999947e-03 0.000000000000000000e+00
-2.444960000000000022e+01 1.000000000000000000e+00 1.190000000000000085e-03 0.000000000000000000e+00
-2.444960000000000022e+01 1.000000000000000000e+00 1.110000000000000092e-03 0.000000000000000000e+00
-2.444960000000000022e+01 1.000000000000000000e+00 1.180000000000000059e-03 0.000000000000000000e+00
-2.444960000000000022e+01 1.000000000000000000e+00 1.319999999999999993e-03 0.000000000000000000e+00
-2.444960000000000022e+01 1.000000000000000000e+00 1.030000000000000100e-03 0.000000000000000000e+00
-2.444960000000000022e+01 1.000000000000000000e+00 1.229999999999999974e-03 0.000000000000000000e+00
-2.444960000000000022e+01 1.000000000000000000e+00 1.110000000000000092e-03 0.000000000000000000e+00
-2.444960000000000022e+01 1.000000000000000000e+00 1.330000000000000019e-03 0.000000000000000000e+00
-2.444960000000000022e+01 1.000000000000000000e+00 1.160000000000000007e-03 0.000000000000000000e+00
-2.444960000000000022e+01 1.000000000000000000e+00 1.459999999999999926e-03 0.000000000000000000e+00
-2.444960000000000022e+01 1.000000000000000000e+00 1.199999999999999895e-03 0.000000000000000000e+00
-2.444960000000000022e+01 1.000000000000000000e+00 1.219999999999999947e-03 0.000000000000000000e+00
-2.444960000000000022e+01 1.000000000000000000e+00 1.100000000000000066e-03 0.000000000000000000e+00
-2.444960000000000022e+01 1.000000000000000000e+00 1.260000000000000052e-03 0.000000000000000000e+00
-2.444960000000000022e+01 1.000000000000000000e+00 1.240000000000000000e-03 0.000000000000000000e+00
-2.444960000000000022e+01 1.000000000000000000e+00 1.260000000000000052e-03 0.000000000000000000e+00
-2.444960000000000022e+01 1.000000000000000000e+00 1.270000000000000078e-03 0.000000000000000000e+00
-2.444960000000000022e+01 1.000000000000000000e+00 1.180000000000000059e-03 0.000000000000000000e+00
-2.444960000000000022e+01 1.000000000000000000e+00 1.030000000000000100e-03 0.000000000000000000e+00
-2.444960000000000022e+01 1.000000000000000000e+00 1.240000000000000000e-03 0.000000000000000000e+00
-2.444960000000000022e+01 1.000000000000000000e+00 1.229999999999999974e-03 0.000000000000000000e+00
-2.444960000000000022e+01 1.000000000000000000e+00 1.299999999999999940e-03 0.000000000000000000e+00
-2.444960000000000022e+01 1.000000000000000000e+00 1.240000000000000000e-03 0.000000000000000000e+00
-2.444654599999999789e+01 9.998750899810220361e-01 9.700000000000000505e-04 1.745326469417263215e-02
-2.444960000000000022e+01 1.000000000000000000e+00 1.240000000000000000e-03 0.000000000000000000e+00
-2.444960000000000022e+01 1.000000000000000000e+00 1.190000000000000085e-03 0.000000000000000000e+00
-2.444960000000000022e+01 1.000000000000000000e+00 1.309999999999999967e-03 0.000000000000000000e+00
-2.444960000000000022e+01 1.000000000000000000e+00 1.160000000000000007e-03 0.000000000000000000e+00
-2.444960000000000022e+01 1.000000000000000000e+00 1.160000000000000007e-03 0.000000000000000000e+00
-2.444960000000000022e+01 1.000000000000000000e+00 1.309999999999999967e-03 0.000000000000000000e+00
-2.444960000000000022e+01 1.000000000000000000e+00 1.139999999999999954e-03 0.000000000000000000e+00
-2.444960000000000022e+01 1.000000000000000000e+00 1.090000000000000040e-03 0.000000000000000000e+00
-2.444960000000000022e+01 1.000000000000000000e+00 1.129999999999999928e-03 0.000000000000000000e+00
-2.444960000000000022e+01 1.000000000000000000e+00 1.069999999999999988e-03 0.000000000000000000e+00
-2.444960000000000022e+01 1.000000000000000000e+00 1.100000000000000066e-03 0.000000000000000000e+00
-2.444960000000000022e+01 1.000000000000000000e+00 1.110000000000000092e-03 0.000000000000000000e+00
-2.444960000000000022e+01 1.000000000000000000e+00 1.149999999999999981e-03 0.000000000000000000e+00
-2.444960000000000022e+01 1.000000000000000000e+00 1.309999999999999967e-03 0.000000000000000000e+00
-2.444960000000000022e+01 1.000000000000000000e+00 1.250000000000000026e-03 0.000000000000000000e+00
-2.444960000000000022e+01 1.000000000000000000e+00 1.240000000000000000e-03 0.000000000000000000e+00
-2.444960000000000022e+01 1.000000000000000000e+00 1.299999999999999940e-03 0.000000000000000000e+00
-2.444960000000000022e+01 1.000000000000000000e+00 1.289999999999999914e-03 0.000000000000000000e+00
-2.444654599999999789e+01 9.998750899810220361e-01 9.700000000000000505e-04 1.745326469417263215e-02
-2.444960000000000022e+01 1.000000000000000000e+00 1.160000000000000007e-03 0.000000000000000000e+00
-2.444960000000000022e+01 1.000000000000000000e+00 1.190000000000000085e-03 0.000000000000000000e+00
-2.444960000000000022e+01 1.000000000000000000e+00 1.090000000000000040e-03 0.000000000000000000e+00
-2.444960000000000022e+01 1.000000000000000000e+00 1.289999999999999914e-03 0.000000000000000000e+00
-2.444960000000000022e+01 1.000000000000000000e+00 1.199999999999999895e-03 0.000000000000000000e+00
-2.444960000000000022e+01 1.000000000000000000e+00 1.139999999999999954e-03 0.000000000000000000e+00
-2.444960000000000022e+01 1.000000000000000000e+00 1.219999999999999947e-03 0.000000000000000000e+00
-2.444960000000000022e+01 1.000000000000000000e+00 1.299999999999999940e-03 0.000000000000000000e+00
-2.444960000000000022e+01 1.000000000000000000e+00 1.049999999999999935e-03 0.000000000000000000e+00
-2.444960000000000022e+01 1.000000000000000000e+00 1.299999999999999940e-03 0.000000000000000000e+00
-2.444960000000000022e+01 1.000000000000000000e+00 1.199999999999999895e-03 0.000000000000000000e+00
-2.444960000000000022e+01 1.000000000000000000e+00 1.209999999999999921e-03 0.000000000000000000e+00
-2.444960000000000022e+01 1.000000000000000000e+00 1.149999999999999981e-03 0.000000000000000000e+00
-2.444960000000000022e+01 1.000000000000000000e+00 1.299999999999999940e-03 0.000000000000000000e+00
-2.444960000000000022e+01 1.000000000000000000e+00 1.299999999999999940e-03 0.000000000000000000e+00
-2.444960000000000022e+01 1.000000000000000000e+00 1.090000000000000040e-03 0.000000000000000000e+00
-2.444960000000000022e+01 1.000000000000000000e+00 1.110000000000000092e-03 0.000000000000000000e+00
-2.444960000000000022e+01 1.000000000000000000e+00 1.100000000000000066e-03 0.000000000000000000e+00
-2.444960000000000022e+01 1.000000000000000000e+00 1.080000000000000014e-03 0.000000000000000000e+00
-2.444960000000000022e+01 1.000000000000000000e+00 1.010000000000000047e-03 0.000000000000000000e+00
-2.444960000000000022e+01 1.000000000000000000e+00 1.299999999999999940e-03 0.000000000000000000e+00
-2.444960000000000022e+01 1.000000000000000000e+00 1.139999999999999954e-03 0.000000000000000000e+00
-2.444960000000000022e+01 1.000000000000000000e+00 1.209999999999999921e-03 0.000000000000000000e+00
-2.444960000000000022e+01 1.000000000000000000e+00 1.309999999999999967e-03 0.000000000000000000e+00
-2.444960000000000022e+01 1.000000000000000000e+00 1.059999999999999961e-03 0.000000000000000000e+00
-2.444960000000000022e+01 1.000000000000000000e+00 1.129999999999999928e-03 0.000000000000000000e+00
-2.444960000000000022e+01 1.000000000000000000e+00 1.149999999999999981e-03 0.000000000000000000e+00
-2.444451000000000107e+01 9.997918166350370228e-01 9.499999999999999981e-04 2.229856860016286857e-02
-2.444960000000000022e+01 1.000000000000000000e+00 1.090000000000000040e-03 0.000000000000000000e+00
-2.444960000000000022e+01 1.000000000000000000e+00 1.170000000000000033e-03 0.000000000000000000e+00
-2.444960000000000022e+01 1.000000000000000000e+00 1.170000000000000033e-03 0.000000000000000000e+00
-2.444960000000000022e+01 1.000000000000000000e+00 1.240000000000000000e-03 0.000000000000000000e+00
-2.444960000000000022e+01 1.000000000000000000e+00 1.280000000000000105e-03 0.000000000000000000e+00
-2.444960000000000022e+01 1.000000000000000000e+00 1.000000000000000021e-03 0.000000000000000000e+00
-2.444960000000000022e+01 1.000000000000000000e+00 1.319999999999999993e-03 0.000000000000000000e+00
-2.444960000000000022e+01 1.000000000000000000e+00 1.319999999999999993e-03 0.000000000000000000e+00
-2.444960000000000022e+01 1.000000000000000000e+00 1.149999999999999981e-03 0.000000000000000000e+00
-2.444960000000000022e+01 1.000000000000000000e+00 1.110000000000000092e-03 0.000000000000000000e+00
-2.444960000000000022e+01 1.000000000000000000e+00 1.090000000000000040e-03 0.000000000000000000e+00
-2.444960000000000022e+01 1.000000000000000000e+00 1.110000000000000092e-03 0.000000000000000000e+00
-2.444960000000000022e+01 1.000000000000000000e+00 1.199999999999999895e-03 0.000000000000000000e+00
-2.444960000000000022e+01 1.000000000000000000e+00 1.219999999999999947e-03 0.000000000000000000e+00
-2.444960000000000022e+01 1.000000000000000000e+00 1.280000000000000105e-03 0.000000000000000000e+00
-2.444654599999999789e+01 9.998750899810220361e-01 9.700000000000000505e-04 1.745326469417263215e-02
-2.444960000000000022e+01 1.000000000000000000e+00 1.000000000000000021e-03 0.000000000000000000e+00
-2.444858200000000181e+01 9.999583633270074934e-01 9.899999999999999946e-04 1.018000000000009175e-02
-2.444960000000000022e+01 1.000000000000000000e+00 1.229999999999999974e-03 0.000000000000000000e+00
-2.444960000000000022e+01 1.000000000000000000e+00 1.379999999999999933e-03 0.000000000000000000e+00
-2.444960000000000022e+01 1.000000000000000000e+00 1.110000000000000092e-03 0.000000000000000000e+00
-2.444960000000000022e+01 1.000000000000000000e+00 1.199999999999999895e-03 0.000000000000000000e+00
-2.444960000000000022e+01 1.000000000000000000e+00 1.190000000000000085e-03 0.000000000000000000e+00
-2.444960000000000022e+01 1.000000000000000000e+00 1.250000000000000026e-03 0.000000000000000000e+00
-2.444960000000000022e+01 1.000000000000000000e+00 1.190000000000000085e-03 0.000000000000000000e+00
-2.444960000000000022e+01 1.000000000000000000e+00 1.020000000000000073e-03 0.000000000000000000e+00
-2.444960000000000022e+01 1.000000000000000000e+00 1.069999999999999988e-03 0.000000000000000000e+00
-2.444960000000000022e+01 1.000000000000000000e+00 1.090000000000000040e-03 0.000000000000000000e+00
-2.444960000000000022e+01 1.000000000000000000e+00 1.289999999999999914e-03 0.000000000000000000e+00
-2.444960000000000022e+01 1.000000000000000000e+00 1.030000000000000100e-03 0.000000000000000000e+00
-2.444960000000000022e+01 1.000000000000000000e+00 1.250000000000000026e-03 0.000000000000000000e+00
-2.444960000000000022e+01 1.000000000000000000e+00 1.209999999999999921e-03 0.000000000000000000e+00
-2.444960000000000022e+01 1.000000000000000000e+00 1.180000000000000059e-03 0.000000000000000000e+00
-2.444960000000000022e+01 1.000000000000000000e+00 1.110000000000000092e-03 0.000000000000000000e+00
-2.444960000000000022e+01 1.000000000000000000e+00 1.160000000000000007e-03 0.000000000000000000e+00
-2.444960000000000022e+01 1.000000000000000000e+00 1.170000000000000033e-03 0.000000000000000000e+00
-2.444960000000000022e+01 1.000000000000000000e+00 1.270000000000000078e-03 0.000000000000000000e+00
-2.444960000000000022e+01 1.000000000000000000e+00 1.250000000000000026e-03 0.000000000000000000e+00
-2.444960000000000022e+01 1.000000000000000000e+00 1.100000000000000066e-03 0.000000000000000000e+00
-2.444960000000000022e+01 1.000000000000000000e+00 1.180000000000000059e-03 0.000000000000000000e+00
-2.444960000000000022e+01 1.000000000000000000e+00 1.260000000000000052e-03 0.000000000000000000e+00
-2.444960000000000022e+01 1.000000000000000000e+00 1.289999999999999914e-03 0.000000000000000000e+00
-2.444960000000000022e+01 1.000000000000000000e+00 1.240000000000000000e-03 0.000000000000000000e+00
-2.444960000000000022e+01 1.000000000000000000e+00 1.170000000000000033e-03 0.000000000000000000e+00
-2.444960000000000022e+01 1.000000000000000000e+00 1.170000000000000033e-03 0.000000000000000000e+00
-2.444960000000000022e+01 1.000000000000000000e+00 1.319999999999999993e-03 0.000000000000000000e+00
-2.444960000000000022e+01 1.000000000000000000e+00 1.010000000000000047e-03 0.000000000000000000e+00
-2.444960000000000022e+01 1.000000000000000000e+00 1.170000000000000033e-03 0.000000000000000000e+00
-2.444960000000000022e+01 1.000000000000000000e+00 1.369999999999999907e-03 0.000000000000000000e+00
-2.444960000000000022e+01 1.000000000000000000e+00 1.049999999999999935e-03 0.000000000000000000e+00
-2.444960000000000022e+01 1.000000000000000000e+00 1.280000000000000105e-03 0.000000000000000000e+00
-2.444960000000000022e+01 1.000000000000000000e+00 1.199999999999999895e-03 0.000000000000000000e+00
-2.444960000000000022e+01 1.000000000000000000e+00 1.270000000000000078e-03 0.000000000000000000e+00
-2.444960000000000022e+01 1.000000000000000000e+00 1.260000000000000052e-03 0.000000000000000000e+00
-2.444960000000000022e+01 1.000000000000000000e+00 1.319999999999999993e-03 0.000000000000000000e+00
-2.444960000000000022e+01 1.000000000000000000e+00 1.000000000000000021e-03 0.000000000000000000e+00
-2.444960000000000022e+01 1.000000000000000000e+00 1.170000000000000033e-03 0.000000000000000000e+00
-2.444960000000000022e+01 1.000000000000000000e+00 1.219999999999999947e-03 0.000000000000000000e+00
-2.444960000000000022e+01 1.000000000000000000e+00 1.490000000000000005e-03 0.000000000000000000e+00
-2.444960000000000022e+01 1.000000000000000000e+00 1.160000000000000007e-03 0.000000000000000000e+00
-2.444960000000000022e+01 1.000000000000000000e+00 1.030000000000000100e-03 0.000000000000000000e+00
-2.444960000000000022e+01 1.000000000000000000e+00 1.340000000000000045e-03 0.000000000000000000e+00
-2.444960000000000022e+01 1.000000000000000000e+00 1.049999999999999935e-03 0.000000000000000000e+00
-2.444960000000000022e+01 1.000000000000000000e+00 1.319999999999999993e-03 0.000000000000000000e+00
-2.444960000000000022e+01 1.000000000000000000e+00 1.039999999999999909e-03 0.000000000000000000e+00
-2.444960000000000022e+01 1.000000000000000000e+00 1.000000000000000021e-03 0.000000000000000000e+00
-2.444960000000000022e+01 1.000000000000000000e+00 1.160000000000000007e-03 0.000000000000000000e+00
-2.444960000000000022e+01 1.000000000000000000e+00 1.379999999999999933e-03 0.000000000000000000e+00
-2.444960000000000022e+01 1.000000000000000000e+00 1.090000000000000040e-03 0.000000000000000000e+00
-2.444960000000000022e+01 1.000000000000000000e+00 1.240000000000000000e-03 0.000000000000000000e+00
-2.444960000000000022e+01 1.000000000000000000e+00 1.129999999999999928e-03 0.000000000000000000e+00
-2.444960000000000022e+01 1.000000000000000000e+00 1.039999999999999909e-03 0.000000000000000000e+00
-2.444960000000000022e+01 1.000000000000000000e+00 1.020000000000000073e-03 0.000000000000000000e+00
-2.444960000000000022e+01 1.000000000000000000e+00 1.199999999999999895e-03 0.000000000000000000e+00
-2.444960000000000022e+01 1.000000000000000000e+00 1.240000000000000000e-03 0.000000000000000000e+00
-2.444960000000000022e+01 1.000000000000000000e+00 1.369999999999999907e-03 0.000000000000000000e+00
-2.444960000000000022e+01 1.000000000000000000e+00 1.270000000000000078e-03 0.000000000000000000e+00
-2.444960000000000022e+01 1.000000000000000000e+00 1.059999999999999961e-03 0.000000000000000000e+00
-2.444960000000000022e+01 1.000000000000000000e+00 1.280000000000000105e-03 0.000000000000000000e+00
-2.444960000000000022e+01 1.000000000000000000e+00 1.170000000000000033e-03 0.000000000000000000e+00
-2.444960000000000022e+01 1.000000000000000000e+00 1.149999999999999981e-03 0.000000000000000000e+00
-2.444960000000000022e+01 1.000000000000000000e+00 1.229999999999999974e-03 0.000000000000000000e+00
-2.444960000000000022e+01 1.000000000000000000e+00 1.059999999999999961e-03 0.000000000000000000e+00
-2.444960000000000022e+01 1.000000000000000000e+00 1.149999999999999981e-03 0.000000000000000000e+00
-2.444960000000000022e+01 1.000000000000000000e+00 1.299999999999999940e-03 0.000000000000000000e+00
-2.444960000000000022e+01 1.000000000000000000e+00 1.139999999999999954e-03 0.000000000000000000e+00
-2.444960000000000022e+01 1.000000000000000000e+00 1.479999999999999979e-03 0.000000000000000000e+00
-2.444960000000000022e+01 1.000000000000000000e+00 1.299999999999999940e-03 0.000000000000000000e+00
-2.444960000000000022e+01 1.000000000000000000e+00 1.180000000000000059e-03 0.000000000000000000e+00
-2.444960000000000022e+01 1.000000000000000000e+00 1.180000000000000059e-03 0.000000000000000000e+00
-2.444960000000000022e+01 1.000000000000000000e+00 1.430000000000000064e-03 0.000000000000000000e+00
-2.444960000000000022e+01 1.000000000000000000e+00 1.289999999999999914e-03 0.000000000000000000e+00
-2.443840199999999996e+01 9.995419965970813170e-01 8.899999999999999491e-04 3.201264264144566135e-02
-2.444960000000000022e+01 1.000000000000000000e+00 1.330000000000000019e-03 0.000000000000000000e+00
-2.444960000000000022e+01 1.000000000000000000e+00 1.289999999999999914e-03 0.000000000000000000e+00
-2.444960000000000022e+01 1.000000000000000000e+00 1.229999999999999974e-03 0.000000000000000000e+00
-2.444960000000000022e+01 1.000000000000000000e+00 1.240000000000000000e-03 0.000000000000000000e+00
-2.444960000000000022e+01 1.000000000000000000e+00 1.139999999999999954e-03 0.000000000000000000e+00
-2.444960000000000022e+01 1.000000000000000000e+00 1.299999999999999940e-03 0.000000000000000000e+00
-2.444960000000000022e+01 1.000000000000000000e+00 1.149999999999999981e-03 0.000000000000000000e+00
-2.444960000000000022e+01 1.000000000000000000e+00 1.369999999999999907e-03 0.000000000000000000e+00
-2.444960000000000022e+01 1.000000000000000000e+00 1.119999999999999902e-03 0.000000000000000000e+00
-2.444960000000000022e+01 1.000000000000000000e+00 1.309999999999999967e-03 0.000000000000000000e+00
-2.444960000000000022e+01 1.000000000000000000e+00 1.100000000000000066e-03 0.000000000000000000e+00
-2.444960000000000022e+01 1.000000000000000000e+00 1.190000000000000085e-03 0.000000000000000000e+00
-2.444960000000000022e+01 1.000000000000000000e+00 1.379999999999999933e-03 0.000000000000000000e+00
-2.444960000000000022e+01 1.000000000000000000e+00 1.129999999999999928e-03 0.000000000000000000e+00
-2.444960000000000022e+01 1.000000000000000000e+00 1.199999999999999895e-03 0.000000000000000000e+00
-2.444960000000000022e+01 1.000000000000000000e+00 1.049999999999999935e-03 0.000000000000000000e+00
-2.444960000000000022e+01 1.000000000000000000e+00 1.319999999999999993e-03 0.000000000000000000e+00
-2.444960000000000022e+01 1.000000000000000000e+00 1.129999999999999928e-03 0.000000000000000000e+00
-2.444960000000000022e+01 1.000000000000000000e+00 1.360000000000000098e-03 0.000000000000000000e+00
-2.444960000000000022e+01 1.000000000000000000e+00 1.020000000000000073e-03 0.000000000000000000e+00
-2.444960000000000022e+01 1.000000000000000000e+00 1.309999999999999967e-03 0.000000000000000000e+00
-2.444960000000000022e+01 1.000000000000000000e+00 1.199999999999999895e-03 0.000000000000000000e+00
-2.444960000000000022e+01 1.000000000000000000e+00 1.209999999999999921e-03 0.000000000000000000e+00
-2.444960000000000022e+01 1.000000000000000000e+00 1.129999999999999928e-03 0.000000000000000000e+00
-2.444960000000000022e+01 1.000000000000000000e+00 1.129999999999999928e-03 0.000000000000000000e+00
-2.444960000000000022e+01 1.000000000000000000e+00 1.069999999999999988e-03 0.000000000000000000e+00
-2.444960000000000022e+01 1.000000000000000000e+00 1.319999999999999993e-03 0.000000000000000000e+00
-2.444960000000000022e+01 1.000000000000000000e+00 1.420000000000000038e-03 0.000000000000000000e+00
-2.444960000000000022e+01 1.000000000000000000e+00 1.299999999999999940e-03 0.000000000000000000e+00
-2.444960000000000022e+01 1.000000000000000000e+00 1.069999999999999988e-03 0.000000000000000000e+00
-2.444960000000000022e+01 1.000000000000000000e+00 1.250000000000000026e-03 0.000000000000000000e+00
-2.444960000000000022e+01 1.000000000000000000e+00 1.219999999999999947e-03 0.000000000000000000e+00
-2.444960000000000022e+01 1.000000000000000000e+00 1.110000000000000092e-03 0.000000000000000000e+00
-2.444960000000000022e+01 1.000000000000000000e+00 1.119999999999999902e-03 0.000000000000000000e+00
-2.444960000000000022e+01 1.000000000000000000e+00 1.110000000000000092e-03 0.000000000000000000e+00
-2.444960000000000022e+01 1.000000000000000000e+00 1.289999999999999914e-03 0.000000000000000000e+00
-2.444960000000000022e+01 1.000000000000000000e+00 1.309999999999999967e-03 0.000000000000000000e+00
-2.444960000000000022e+01 1.000000000000000000e+00 1.379999999999999933e-03 0.000000000000000000e+00
-2.444960000000000022e+01 1.000000000000000000e+00 1.069999999999999988e-03 0.000000000000000000e+00
-2.444960000000000022e+01 1.000000000000000000e+00 1.090000000000000040e-03 0.000000000000000000e+00
-2.444960000000000022e+01 1.000000000000000000e+00 1.039999999999999909e-03 0.000000000000000000e+00
-2.444960000000000022e+01 1.000000000000000000e+00 1.340000000000000045e-03 0.000000000000000000e+00
-2.444960000000000022e+01 1.000000000000000000e+00 1.270000000000000078e-03 0.000000000000000000e+00
-2.444960000000000022e+01 1.000000000000000000e+00 1.149999999999999981e-03 0.000000000000000000e+00
-2.444960000000000022e+01 1.000000000000000000e+00 1.069999999999999988e-03 0.000000000000000000e+00
-2.444960000000000022e+01 1.000000000000000000e+00 1.149999999999999981e-03 0.000000000000000000e+00
-2.444960000000000022e+01 1.000000000000000000e+00 1.149999999999999981e-03 0.000000000000000000e+00
-2.444960000000000022e+01 1.000000000000000000e+00 1.139999999999999954e-03 0.000000000000000000e+00
-2.444960000000000022e+01 1.000000000000000000e+00 1.160000000000000007e-03 0.000000000000000000e+00
-2.444960000000000022e+01 1.000000000000000000e+00 1.319999999999999993e-03 0.000000000000000000e+00
-2.444960000000000022e+01 1.000000000000000000e+00 1.240000000000000000e-03 0.000000000000000000e+00
-2.444960000000000022e+01 1.000000000000000000e+00 1.199999999999999895e-03 0.000000000000000000e+00
-2.444960000000000022e+01 1.000000000000000000e+00 1.069999999999999988e-03 0.000000000000000000e+00
-2.444960000000000022e+01 1.000000000000000000e+00 1.190000000000000085e-03 0.000000000000000000e+00
-2.444960000000000022e+01 1.000000000000000000e+00 1.139999999999999954e-03 0.000000000000000000e+00
-2.444960000000000022e+01 1.000000000000000000e+00 1.139999999999999954e-03 0.000000000000000000e+00
-2.444960000000000022e+01 1.000000000000000000e+00 1.399999999999999986e-03 0.000000000000000000e+00
-2.444960000000000022e+01 1.000000000000000000e+00 1.039999999999999909e-03 0.000000000000000000e+00
-2.444960000000000022e+01 1.000000000000000000e+00 1.180000000000000059e-03 0.000000000000000000e+00
-2.444960000000000022e+01 1.000000000000000000e+00 1.209999999999999921e-03 0.000000000000000000e+00
-2.444960000000000022e+01 1.000000000000000000e+00 1.340000000000000045e-03 0.000000000000000000e+00
-2.444960000000000022e+01 1.000000000000000000e+00 1.240000000000000000e-03 0.000000000000000000e+00
-2.444960000000000022e+01 1.000000000000000000e+00 1.209999999999999921e-03 0.000000000000000000e+00
-2.444960000000000022e+01 1.000000000000000000e+00 1.199999999999999895e-03 0.000000000000000000e+00
-2.444960000000000022e+01 1.000000000000000000e+00 1.330000000000000019e-03 0.000000000000000000e+00
-2.444960000000000022e+01 1.000000000000000000e+00 1.229999999999999974e-03 0.000000000000000000e+00
-2.444960000000000022e+01 1.000000000000000000e+00 1.160000000000000007e-03 0.000000000000000000e+00
-2.444960000000000022e+01 1.000000000000000000e+00 1.080000000000000014e-03 0.000000000000000000e+00
-2.444960000000000022e+01 1.000000000000000000e+00 1.110000000000000092e-03 0.000000000000000000e+00
-2.444960000000000022e+01 1.000000000000000000e+00 1.289999999999999914e-03 0.000000000000000000e+00
-2.444960000000000022e+01 1.000000000000000000e+00 1.030000000000000100e-03 0.000000000000000000e+00
-2.444960000000000022e+01 1.000000000000000000e+00 1.110000000000000092e-03 0.000000000000000000e+00
-2.444552799999999948e+01 9.998334533080295294e-01 9.600000000000000243e-04 2.004914205071386957e-02
-2.444960000000000022e+01 1.000000000000000000e+00 1.209999999999999921e-03 0.000000000000000000e+00
-2.444960000000000022e+01 1.000000000000000000e+00 1.289999999999999914e-03 0.000000000000000000e+00
-2.444960000000000022e+01 1.000000000000000000e+00 1.280000000000000105e-03 0.000000000000000000e+00
-2.444960000000000022e+01 1.000000000000000000e+00 1.199999999999999895e-03 0.000000000000000000e+00
-2.444960000000000022e+01 1.000000000000000000e+00 1.049999999999999935e-03 0.000000000000000000e+00
-2.444960000000000022e+01 1.000000000000000000e+00 1.069999999999999988e-03 0.000000000000000000e+00
-2.444960000000000022e+01 1.000000000000000000e+00 1.250000000000000026e-03 0.000000000000000000e+00
-2.444960000000000022e+01 1.000000000000000000e+00 1.350000000000000071e-03 0.000000000000000000e+00
-2.444960000000000022e+01 1.000000000000000000e+00 1.299999999999999940e-03 0.000000000000000000e+00
-2.444960000000000022e+01 1.000000000000000000e+00 1.119999999999999902e-03 0.000000000000000000e+00
-2.444960000000000022e+01 1.000000000000000000e+00 1.129999999999999928e-03 0.000000000000000000e+00
-2.444960000000000022e+01 1.000000000000000000e+00 1.000000000000000021e-03 0.000000000000000000e+00
-2.444960000000000022e+01 1.000000000000000000e+00 1.250000000000000026e-03 0.000000000000000000e+00
-2.444960000000000022e+01 1.000000000000000000e+00 1.080000000000000014e-03 0.000000000000000000e+00
-2.444960000000000022e+01 1.000000000000000000e+00 1.219999999999999947e-03 0.000000000000000000e+00
-2.444960000000000022e+01 1.000000000000000000e+00 1.170000000000000033e-03 0.000000000000000000e+00
-2.444960000000000022e+01 1.000000000000000000e+00 1.039999999999999909e-03 0.000000000000000000e+00
-2.444960000000000022e+01 1.000000000000000000e+00 1.209999999999999921e-03 0.000000000000000000e+00
-2.444960000000000022e+01 1.000000000000000000e+00 1.090000000000000040e-03 0.000000000000000000e+00
-2.444960000000000022e+01 1.000000000000000000e+00 1.139999999999999954e-03 0.000000000000000000e+00
-2.444960000000000022e+01 1.000000000000000000e+00 1.059999999999999961e-03 0.000000000000000000e+00
-2.444960000000000022e+01 1.000000000000000000e+00 1.180000000000000059e-03 0.000000000000000000e+00
-2.444960000000000022e+01 1.000000000000000000e+00 1.240000000000000000e-03 0.000000000000000000e+00
-2.444960000000000022e+01 1.000000000000000000e+00 1.049999999999999935e-03 0.000000000000000000e+00
-2.444960000000000022e+01 1.000000000000000000e+00 1.149999999999999981e-03 0.000000000000000000e+00
-2.444960000000000022e+01 1.000000000000000000e+00 1.000000000000000021e-03 0.000000000000000000e+00
-2.444960000000000022e+01 1.000000000000000000e+00 1.160000000000000007e-03 0.000000000000000000e+00
