-9.746622148766964644e-01
6.547702834605136912e-01
6.833802346677481793e-03
-2.981520359896656230e-02
2.392573095291356533e-01
-1.465555111534349031e-01
1.095943778294601767e+00
2.531290083004780200e-01
2.086306580273990241e-01
6.224022855996368397e-01
4.076757390528923941e-01
-5.409814651924742535e-01
-6.162016499609599407e-01
7.709667324052711379e-01
6.552543916941755420e-01
7.060786964520007203e-01
7.603787459320401898e-02
1.085941913009927706e+00
-2.467152375629290129e-01
2.041850863735376886e-01
4.836175474781862493e-01
-2.656171900569743310e-02
3.735717272068939110e-01
2.636624145322610246e-01
3.896089544980678721e-01
-4.079079688646257695e-01
-2.773888803367492439e-01
-3.562280576562610462e-02
3.227442240430312970e-02
-3.448131545744830828e-01
-5.322809562275615525e-02
-4.125971119929895403e-01
-3.802232016945300552e-02
-3.285912879897025518e-01
1.749319164471151503e-02
-1.944266458109017090e-02
-1.469336403767661503e-01
1.736752744979374041e-01
-3.229645711304171551e-01
6.734241563746995451e-01
-1.246205027247777042e-01
-2.450889836861453452e-01
-2.415869274678503209e-01
9.043154239575858233e-02
-9.524701051852436928e-02
-2.452631001790141485e-01
-2.686457923795959046e-01
-1.697510541056130792e-02
-3.066296924856673489e-01
-1.261713377860226859e-01
1.760609664188905465e-01
2.144955730324527854e-01
-3.277092309576686291e-01
-2.625430656867494550e-01
-3.957991696270380527e-02
2.967542629872077856e-02
6.716181807578319729e-01
-2.932092728624942635e-01
-3.644106445605604372e-01
-2.201878755921796160e-01
-1.336593012556635818e-01
-2.973588274278757826e-01
2.694387074514455888e-02
9.844195174020800576e-02
-3.208179105534970099e-01
1.600819370674471942e-01
-3.761758069163763374e-02
-6.964943432730361442e-03
-1.909237848770660162e-01
-5.435161107291070978e-03
2.054322634753551757e-01
6.132678822671905339e-01
-1.829565840778167585e-01
-4.166244333727039950e-01
-6.820957547453218583e-02
3.887409714667943161e-01
-3.861915639699267100e-01
5.043134598865036677e-01
4.495073081174000285e-01
-9.537126429799734628e-02
2.007482427082996623e-01
-2.894381874169877356e-01
-3.671672643872722075e-01
6.176799571078438189e-04
-6.483335647589605344e-02
-2.897150898786275963e-01
7.067737357424389577e-01
-2.582671970521764893e-01
-1.661988946190588179e-01
-2.954037018376634571e-01
-3.653918547902215708e-02
2.030729912076970900e-01
-2.203734755113669341e-01
-3.909125832003956247e-01
-4.362924355062381410e-01
-5.444059094382573682e-02
5.425675019565161517e-01
-4.459097628377238776e-01
-4.359653055256336729e-01
-1.632966018110969253e-01
3.912607180250597394e-01
-3.829704377613041832e-01
-3.653725558640109200e-02
-6.204351484617605383e-02
-5.984651325541604505e-01
1.571468297601536224e-01
2.608645755573489322e-01
7.944522096755228524e-02
1.854205022522323332e-01
1.701430958674345767e-02
8.065703109568873597e-01
4.529786965205287452e-02
1.691470150303414355e-01
1.306406092589658674e-01
3.329615743569213082e-01
-2.375997258439191961e-01
6.276997642423703949e-01
-2.704962089984211393e-01
-2.374873441926177442e-01
-2.800676223745053317e-01
-4.277572777417862349e-01
-4.827762976885174306e-01
-4.190076254770153663e-01
-7.186337882598080318e-02
-5.464184079096825464e-01
7.926176698723044201e-01
-3.231699952926569974e-01
-1.596783934777994407e-01
-1.789059743932328861e-01
-6.548021301663102534e-02
-2.590215730584753961e-01
-9.214548633874645178e-01
-8.210629086403467558e-02
1.929174441127648465e-02
7.506938170213355022e-02
-4.508599287081179602e-02
3.015851749064765719e-01
-3.593004480503335651e-01
7.420919849765990062e-01
-3.297197629901549298e-03
-2.796070496257117011e-01
-3.017930026059487125e-01
-3.274279435709168129e-01
-2.656287402359903127e-01
-3.908063129954681969e-01
-6.651858085557998956e-01
3.301415676718041370e-01
-8.038510963749805061e-02
9.436492443517968676e-02
-3.038574903851040676e-02
-2.558368273432481965e-01
-4.896873133497047226e-01
-3.161397389345800835e-01
-2.531812441335817843e-01
-9.890704864241436911e-02
5.733362442284428706e-01
-2.808637864867295497e-01
-1.646150786137304256e-01
-5.688561435531719335e-01
7.340763347460126792e-03
-1.141416615932917128e-02
-4.109785137007349043e-01
-2.609300615902607895e-02
-1.613787827238383210e-02
-2.058786434096057105e-01
8.622725037508620349e-02
-8.082544287315061166e-03
1.429279980810734263e-01
-6.959839784674166641e-01
-3.390337629748462200e-01
2.935537309986371857e-01
1.520878610562219346e-02
-1.334196441430254565e-01
-1.561186944959143674e-01
9.439661676641669663e-02
1.554545842567874869e-01
1.008295054287124404e-01
1.605108734755547328e-01
-5.809703672966076704e-02
-4.595543993230725710e-01
-3.949863642749304460e-01
-1.694961907021820258e-01
-2.311780542984408909e-02
-2.373615590755925320e-01
1.926340352577932125e-02
1.810863434708761543e-01
3.408219963625798432e-02
7.008148534736934054e-03
-2.633456260971909768e-01
7.801873414455031686e-01
-6.152471207877849291e-02
-9.089654231638916171e-02
-1.782850688390231753e-01
-5.767491065621279667e-01
-2.877901327394473407e-02
5.646099901188730841e-02
-6.293506493820083536e-02
-1.528412931391923968e-01
4.885535663562218245e-02
-3.123032402930414064e-01
8.224059822517137963e-02
2.441175562788607256e-01
-7.268099910590195556e-01
2.897315545525903646e-01
-2.026641418052998744e-01
6.729179941462597458e-01
8.848378030517278781e-01
-5.316918305664747324e-01
1.213199589538574319e+00
-4.774046680139398813e-01
5.968932006823830100e-02
3.299010633947202509e-02
5.879979926574104843e-01
7.410387105572608935e-01
4.445468992013115184e-01
-2.532742171635388728e-01
1.489592640184008929e-02
-1.421192746190515568e-03
-4.107532464877872713e-01
-1.871036773352080795e-01
4.470030929218442584e-01
8.211225611118545542e-01
-3.198303760871850643e-01
-5.316910818484009704e-01
-4.136295653402091155e-01
-4.269046535278295251e-01
1.236751253405772022e-01
3.741328323967890723e-01
1.348006663720782705e-01
1.443879892433903578e+00
-4.086980322504415453e-01
-1.710608887112589627e-01
-2.011359150126172946e-01
-3.258864527949772993e-01
3.132038219937323120e-01
-3.982928243257966017e-01
3.687459327137231346e-01
-2.387142363208183959e-01
6.902330083980475761e-01
3.765444640163153472e-02
