6.439999999999999891e-02
-1.250000000000000000e-01
-2.725000000000000200e-01
4.218000000000000083e-01
7.681000000000000050e-01
7.161999999999999478e-01
-4.289999999999999925e-01
4.510000000000000120e-01
-8.063000000000000167e-01
-7.641999999999999904e-01
-3.698000000000000176e-01
-6.694999999999999840e-01
8.870000000000000107e-02
-1.711999999999999911e-01
-2.589999999999999941e-02
7.765999999999999570e-01
-3.415000000000000258e-01
-8.914999999999999591e-01
-5.635999999999999899e-01
6.260000000000000009e-01
-2.550999999999999934e-01
-2.489000000000000101e-01
-5.717999999999999750e-01
-4.964000000000000079e-01
1.738999999999999990e-01
5.759999999999999565e-01
-8.191000000000000503e-01
-7.485000000000000542e-01
3.080999999999999850e-01
-6.544999999999999707e-01
-5.352999999999999980e-01
-5.625999999999999890e-01
-6.860000000000000542e-01
-6.029999999999999943e-02
1.161999999999999977e-01
-7.820000000000000284e-01
2.381999999999999951e-01
9.161000000000000254e-01
-1.771000000000000074e-01
9.289999999999999647e-02
2.078000000000000125e-01
-6.383999999999999675e-01
9.646000000000000130e-01
-5.199000000000000288e-01
-6.226000000000000423e-01
-3.710000000000000103e-02
9.295999999999999819e-01
-1.829999999999999960e-01
-9.739999999999999769e-01
-6.551000000000000156e-01
-7.110999999999999543e-01
1.096000000000000030e-01
3.251000000000000001e-01
9.149999999999999800e-02
2.056000000000000050e-01
-7.780000000000000249e-01
9.550000000000000155e-02
3.629999999999999893e-01
6.225000000000000533e-01
-5.440000000000000391e-01
8.336000000000000076e-01
3.709000000000000075e-01
5.750999999999999446e-01
-7.584999999999999520e-01
-4.074999999999999734e-01
3.130000000000000004e-01
3.542000000000000148e-01
2.609000000000000208e-01
7.022000000000000464e-01
-4.547999999999999821e-01
9.452000000000000401e-01
-4.610000000000000209e-02
-4.592999999999999861e-01
-4.270000000000000184e-02
5.369000000000000439e-01
-5.553000000000000158e-01
-9.566000000000000059e-01
8.014999999999999902e-01
7.209999999999999742e-02
-2.016000000000000014e-01
-6.630000000000000338e-01
4.560000000000000164e-02
-5.929999999999999716e-01
-7.934999999999999831e-01
-3.321999999999999953e-01
7.282999999999999474e-01
-9.288999999999999480e-01
-3.154000000000000137e-01
3.050999999999999823e-01
-7.247999999999999998e-01
1.438000000000000111e-01
7.086000000000000076e-01
-5.172999999999999821e-01
9.846000000000000307e-01
-5.099999999999999672e-02
2.781000000000000139e-01
-8.753999999999999559e-01
-3.339999999999999913e-02
3.705999999999999850e-01
7.841000000000000192e-01
