6.534999999999999698e-01
-2.197000000000000064e-01
5.544999999999999929e-01
-9.382000000000000339e-01
3.899000000000000243e-01
5.117000000000000437e-01
2.777999999999999914e-01
-7.187000000000000055e-01
-7.013000000000000345e-01
-4.298000000000000154e-01
6.806999999999999718e-01
4.146000000000000241e-01
-2.857999999999999985e-01
-2.371000000000000052e-01
-9.546999999999999931e-01
-1.283999999999999864e-01
-6.778999999999999471e-01
-3.504999999999999782e-01
-1.140000000000000041e-01
-3.739000000000000101e-01
7.466000000000000414e-01
5.721000000000000529e-01
1.310999999999999943e-01
-8.550999999999999712e-01
6.142999999999999572e-01
7.066000000000000059e-01
-6.358000000000000318e-01
1.055999999999999994e-01
1.899999999999999953e-02
-1.107999999999999957e-01
5.291000000000000147e-01
-8.759000000000000119e-01
-7.912000000000000144e-01
-3.657000000000000250e-01
6.296000000000000485e-01
-8.811999999999999833e-01
-1.860999999999999877e-01
-1.223999999999999949e-01
-5.457999999999999519e-01
-4.174999999999999822e-01
-5.720000000000000084e-02
-9.817000000000000171e-01
5.302999999999999936e-01
-2.078000000000000125e-01
4.535000000000000142e-01
-3.612000000000000210e-01
2.908999999999999919e-01
-6.199000000000000066e-01
8.266000000000000014e-01
3.372999999999999887e-01
7.983999999999999986e-01
2.268999999999999906e-01
-5.019000000000000128e-01
-6.273999999999999577e-01
-5.314999999999999725e-01
6.428000000000000380e-01
-4.280999999999999805e-01
-7.393999999999999462e-01
-9.757000000000000117e-01
-2.647999999999999798e-01
-7.247999999999999998e-01
-3.362999999999999878e-01
5.974000000000000421e-01
1.092999999999999944e-01
2.003999999999999948e-01
-9.810000000000000664e-02
5.271000000000000130e-01
-9.192000000000000171e-01
9.537999999999999812e-01
-8.196999999999999842e-01
9.052999999999999936e-01
2.391999999999999960e-01
1.198000000000000037e-01
-2.131000000000000116e-01
7.650000000000000133e-01
6.009999999999999787e-01
-8.368999999999999773e-01
6.097000000000000197e-01
6.484999999999999654e-01
7.080999999999999517e-01
-1.458000000000000129e-01
-8.175999999999999934e-01
2.333000000000000074e-01
7.455000000000000515e-01
-4.814999999999999836e-01
-7.802999999999999936e-01
6.512000000000000011e-01
4.227000000000000202e-01
9.499999999999999764e-03
-8.535000000000000364e-01
9.761999999999999567e-01
7.159999999999999698e-01
2.316999999999999893e-01
-3.126999999999999780e-01
-9.082000000000000073e-01
2.366000000000000048e-01
6.785999999999999810e-01
-4.729999999999999760e-01
8.144000000000000128e-01
3.266999999999999904e-01
