-3.768000000000000238e-01
-8.128999999999999559e-01
-5.705000000000000071e-01
4.460999999999999965e-01
6.542000000000000037e-01
7.127000000000000002e-01
5.057000000000000384e-01
-8.820000000000000062e-02
-3.497000000000000108e-01
-8.754999999999999449e-01
8.239999999999999547e-01
-6.440000000000000169e-01
6.155000000000000471e-01
3.962999999999999856e-01
6.477000000000000535e-01
-1.832999999999999907e-01
3.371000000000000107e-01
-7.085000000000000187e-01
7.342999999999999527e-01
-5.101999999999999869e-01
-2.989999999999999880e-01
9.149000000000000465e-01
-6.344999999999999529e-01
-5.533000000000000140e-01
2.215000000000000024e-01
-7.380999999999999783e-01
-6.874000000000000110e-01
9.315999999999999837e-01
-8.379999999999999671e-01
-2.164999999999999980e-01
-7.291999999999999593e-01
5.584000000000000075e-01
6.437000000000000499e-01
7.151999999999999469e-01
4.136000000000000232e-01
5.140000000000000124e-02
2.620999999999999996e-01
-3.393999999999999795e-01
5.837999999999999856e-01
-5.294999999999999707e-01
-9.905000000000000471e-01
-5.144999999999999574e-01
-6.619999999999999496e-02
-9.488999999999999657e-01
7.513999999999999568e-01
-5.202999999999999847e-01
-7.138999999999999790e-01
8.869000000000000217e-01
-7.835999999999999632e-01
7.974999999999999867e-01
-6.590000000000000302e-01
-3.658000000000000140e-01
2.028999999999999970e-01
-7.862999999999999989e-01
2.239999999999999977e-02
7.910000000000000364e-02
2.649999999999999925e-02
-2.540999999999999925e-01
-7.280999999999999694e-01
9.741999999999999549e-01
-8.346999999999999975e-01
5.044999999999999485e-01
-3.835000000000000075e-01
-3.857999999999999763e-01
4.181000000000000272e-01
-9.424000000000000155e-01
-8.486000000000000210e-01
2.380000000000000171e-02
-6.018000000000000016e-01
4.081000000000000183e-01
1.439000000000000001e-01
2.969999999999999862e-01
-3.709999999999999964e-01
2.106000000000000094e-01
-1.330999999999999961e-01
-6.615999999999999659e-01
7.368000000000000105e-01
-1.416999999999999926e-01
4.126000000000000223e-01
6.505999999999999561e-01
-7.685999999999999499e-01
5.577999999999999625e-01
3.573999999999999955e-01
1.872000000000000053e-01
-4.228999999999999981e-01
-5.082999999999999741e-01
-6.644999999999999796e-01
-3.166999999999999815e-01
-5.927999999999999936e-01
6.401000000000000023e-01
-7.871000000000000218e-01
-1.459000000000000019e-01
-1.242000000000000048e-01
-4.479000000000000203e-01
6.842000000000000304e-01
-9.676000000000000156e-01
6.794000000000000039e-01
2.149999999999999828e-02
-6.401000000000000023e-01
-5.279999999999999971e-02
