-2.963077200000003231e+01 2.312122290369401922e-01 0.000000000000000000e+00 3.762366018959641512e+00
-2.830333600000002647e+01 2.208540974140489332e-01 0.000000000000000000e+00 3.586927073781999820e+00
-2.950713600000001691e+01 2.302474834964185202e-01 0.000000000000000000e+00 3.484383365921595477e+00
-2.923912800000001155e+01 2.281561870874105613e-01 0.000000000000000000e+00 3.125654714254828104e+00
-3.017540600000002371e+01 2.354620690731465682e-01 0.000000000000000000e+00 3.099663339745401203e+00
-2.812208200000001668e+01 2.194397521731668022e-01 0.000000000000000000e+00 2.659303572551629191e+00
-2.843352000000001567e+01 2.218699377311673104e-01 0.000000000000000000e+00 2.886634642834475351e+00
-3.017736800000001551e+01 2.354773787786570427e-01 0.000000000000000000e+00 4.388469576609167255e+00
-3.022137200000001300e+01 2.358207469138693668e-01 0.000000000000000000e+00 3.470364932345375575e+00
-2.968895400000002738e+01 2.316662296924015541e-01 0.000000000000000000e+00 3.698262827667753605e+00
-3.035370400000001823e+01 2.368533483153082986e-01 0.000000000000000000e+00 2.997943830105675111e+00
-3.011455600000001454e+01 2.349872497151865303e-01 0.000000000000000000e+00 3.867209776442718017e+00
-3.116860400000001619e+01 2.432121041871499745e-01 0.000000000000000000e+00 4.010018446062513675e+00
-3.103318400000002342e+01 2.421554067762225482e-01 0.000000000000000000e+00 3.512188755618772973e+00
-3.127947800000002232e+01 2.440772664138460279e-01 0.000000000000000000e+00 3.033748377452047507e+00
-3.049938000000000926e+01 2.379900744416874325e-01 0.000000000000000000e+00 3.097170375512056761e+00
-3.088143800000002059e+01 2.409713157607255574e-01 0.000000000000000000e+00 3.290802847937864151e+00
-3.061018400000002160e+01 2.388546904505518542e-01 0.000000000000000000e+00 3.816090544494695092e+00
-3.064143000000002814e+01 2.390985064843861863e-01 0.000000000000000000e+00 3.926272326484393282e+00
-3.164710000000002310e+01 2.469458620097696733e-01 0.000000000000000000e+00 3.454036812458457284e+00
-3.043174800000002378e+01 2.374623343789505070e-01 0.000000000000000000e+00 2.528846225458590613e+00
-3.112752000000000052e+01 2.428915211386301065e-01 0.000000000000000000e+00 2.998053777457177826e+00
-3.122940000000001604e+01 2.436865021770683593e-01 0.000000000000000000e+00 2.882823052131189723e+00
-3.201276799999999412e+01 2.497992103250775975e-01 0.000000000000000000e+00 3.603499570265694452e+00
-3.147333600000001042e+01 2.455899620768763336e-01 0.000000000000000000e+00 3.767257418182692330e+00
-3.088420000000002119e+01 2.409928679557409303e-01 0.000000000000000000e+00 3.286042935098860251e+00
-3.228327800000001702e+01 2.519100301200120073e-01 0.000000000000000000e+00 3.289992475861955867e+00
-3.176881800000001377e+01 2.478956411817033745e-01 0.000000000000000000e+00 2.992845897694950352e+00
-3.123517800000001898e+01 2.437315885575168928e-01 0.000000000000000000e+00 4.427635123697752917e+00
-3.130516600000002114e+01 2.442777127518456215e-01 0.000000000000000000e+00 3.654899097011758968e+00
-3.301709800000000428e+01 2.576361096805406259e-01 0.000000000000000000e+00 3.455402502303494661e+00
-3.295818200000001497e+01 2.571763815409586762e-01 0.000000000000000000e+00 3.280841418202028681e+00
-3.086885200000001106e+01 2.408731057945909804e-01 0.000000000000000000e+00 2.880037822650068691e+00
-3.397717200000001725e+01 2.651276745165973558e-01 0.000000000000000000e+00 3.534012736284092959e+00
-3.276116800000001206e+01 2.556390592568317244e-01 0.000000000000000000e+00 3.060260613675266583e+00
-3.309121000000003221e+01 2.582144139082668821e-01 0.000000000000000000e+00 3.884500502281112766e+00
-3.304944800000002658e+01 2.578885403498917261e-01 0.000000000000000000e+00 3.731655311647293249e+00
-3.345097400000000931e+01 2.610216926510293134e-01 0.000000000000000000e+00 3.608682712699099682e+00
-3.304598200000000219e+01 2.578614947641119648e-01 0.000000000000000000e+00 3.303393119245541243e+00
-3.354727000000002590e+01 2.617731011127239493e-01 0.000000000000000000e+00 3.593611544565205485e+00
-3.232778400000001540e+01 2.522573154173886056e-01 0.000000000000000000e+00 3.356809623711542123e+00
-3.165913800000000222e+01 2.470397958705932151e-01 0.000000000000000000e+00 3.114033453651487093e+00
-3.283600600000001180e+01 2.562230285437833710e-01 0.000000000000000000e+00 2.978177470267358462e+00
-3.207509600000001626e+01 2.502855626823978774e-01 0.000000000000000000e+00 3.317981537869130637e+00
-3.258100800000001129e+01 2.542332506203475173e-01 0.000000000000000000e+00 2.663385744987387671e+00
-3.297202400000002598e+01 2.572843922156157759e-01 0.000000000000000000e+00 3.426821608368284533e+00
-3.321486600000002909e+01 2.591793155110260205e-01 0.000000000000000000e+00 3.949041409428087679e+00
-3.350397800000001070e+01 2.614352887931707947e-01 0.000000000000000000e+00 3.261401758604153045e+00
-3.333712000000002718e+01 2.601332771509279884e-01 0.000000000000000000e+00 3.249769381095069853e+00
-3.185398600000002389e+01 2.485602166143860148e-01 0.000000000000000000e+00 3.199521478773873273e+00
-3.300370000000001625e+01 2.575315635875588538e-01 0.000000000000000000e+00 3.103141628489529236e+00
-3.471042800000000739e+01 2.708493531220251271e-01 0.000000000000000000e+00 3.766810792846790878e+00
-3.431845800000001390e+01 2.677907673580224857e-01 0.000000000000000000e+00 3.017909900228127551e+00
-3.400806000000001461e+01 2.653686970363782205e-01 0.000000000000000000e+00 4.132809068853284806e+00
-3.200539200000000761e+01 2.497416545718433301e-01 0.000000000000000000e+00 3.379456603372318568e+00
-3.277736600000002198e+01 2.557654540630805440e-01 0.000000000000000000e+00 3.575506769484614100e+00
-3.333448200000001549e+01 2.601126925417858171e-01 0.000000000000000000e+00 3.293915862735998346e+00
-3.363793000000001854e+01 2.624805312358570175e-01 0.000000000000000000e+00 3.235969970690723230e+00
-3.262170200000001330e+01 2.545507904552336553e-01 0.000000000000000000e+00 4.180671529210046700e+00
-3.301620400000002320e+01 2.576291336985191416e-01 0.000000000000000000e+00 3.585984568685777862e+00
-3.349616800000001859e+01 2.613743464893801272e-01 0.000000000000000000e+00 3.171544967390148351e+00
-3.185854200000001057e+01 2.485957675921158239e-01 0.000000000000000000e+00 3.533722980378706247e+00
-3.266182800000002828e+01 2.548638981225714861e-01 0.000000000000000000e+00 3.107114067279614478e+00
-3.334443000000003110e+01 2.601903178987782783e-01 0.000000000000000000e+00 3.498031981346832797e+00
-3.215845600000001525e+01 2.509360300887995554e-01 0.000000000000000000e+00 3.795996134480900341e+00
-3.400282400000001815e+01 2.653278399425692546e-01 0.000000000000000000e+00 3.186312766614555869e+00
-3.264122800000000524e+01 2.547031540178223419e-01 0.000000000000000000e+00 2.842267363225451593e+00
-3.331950200000001416e+01 2.599958019258081232e-01 0.000000000000000000e+00 2.949879727662253259e+00
-3.298225800000002295e+01 2.573642492626060929e-01 0.000000000000000000e+00 3.734418244558165068e+00
-3.244543600000000794e+01 2.531753671364140867e-01 0.000000000000000000e+00 3.462953948524293946e+00
-3.328215800000000257e+01 2.597044025157232983e-01 0.000000000000000000e+00 2.792833103006422846e+00
-3.337407999999999220e+01 2.604216801660501623e-01 0.000000000000000000e+00 3.970195176537040460e+00
-3.479769600000000906e+01 2.715303150896578588e-01 0.000000000000000000e+00 3.847388003526653666e+00
-3.405381400000000269e+01 2.657257206173822550e-01 0.000000000000000000e+00 3.803348369689024455e+00
-3.302336000000000382e+01 2.576849727671395862e-01 0.000000000000000000e+00 2.889880621350398471e+00
-3.321408400000003525e+01 2.591732134775351359e-01 0.000000000000000000e+00 3.498853308627980496e+00
-3.425124400000000691e+01 2.672662889960517041e-01 0.000000000000000000e+00 3.775493291479147029e+00
-3.313982000000002159e+01 2.585937231768030697e-01 0.000000000000000000e+00 3.097091329657945646e+00
-3.460971000000001396e+01 2.700634392995928112e-01 0.000000000000000000e+00 4.296362587860064863e+00
-3.423091800000001683e+01 2.671076829439582023e-01 0.000000000000000000e+00 3.904806822790225063e+00
-3.373803400000002739e+01 2.632616539475945427e-01 0.000000000000000000e+00 3.598079321314175960e+00
-3.281655600000001272e+01 2.560712580176975894e-01 0.000000000000000000e+00 3.723936175345174515e+00
-3.485698400000002550e+01 2.719929459868597466e-01 0.000000000000000000e+00 3.534024816005888248e+00
-3.418882600000003436e+01 2.667792343586625203e-01 0.000000000000000000e+00 2.789965313517410728e+00
-3.311446400000001233e+01 2.583958674719479265e-01 0.000000000000000000e+00 3.920165469387456803e+00
-3.530727800000001793e+01 2.755066404482108822e-01 0.000000000000000000e+00 3.191726343411709799e+00
-3.544541400000000664e+01 2.765845311110071147e-01 0.000000000000000000e+00 3.485934915073035434e+00
-3.437853000000003334e+01 2.682595158949391823e-01 0.000000000000000000e+00 3.493913695646511552e+00
-3.595074800000002568e+01 2.805277088502897143e-01 0.000000000000000000e+00 2.716200242929988740e+00
-3.707510800000003570e+01 2.893012157248313621e-01 0.000000000000000000e+00 3.413240605442637854e+00
-3.578541200000003641e+01 2.792375735443297646e-01 0.000000000000000000e+00 3.037110202757372868e+00
-3.685387200000001684e+01 2.875748864647222902e-01 0.000000000000000000e+00 3.395065658610859405e+00
-3.745552400000003246e+01 2.922696443341607497e-01 0.000000000000000000e+00 3.286604569304578227e+00
-3.801117000000001411e+01 2.966054122384008118e-01 0.000000000000000000e+00 2.762047865554860593e+00
-3.820161800000004604e+01 2.980914992899171834e-01 0.000000000000000000e+00 3.817822729887343058e+00
-3.973461600000001681e+01 3.100536541972940263e-01 0.000000000000000000e+00 3.077341973319103197e+00
-3.899534200000001505e+01 3.042850164645661826e-01 0.000000000000000000e+00 2.956107659128739407e+00
-3.990431800000001772e+01 3.113778578897265503e-01 0.000000000000000000e+00 3.395744785843279434e+00
-4.098248800000001779e+01 3.197909390264839224e-01 0.000000000000000000e+00 3.380751883058566332e+00
-4.135513000000002393e+01 3.226987062440503373e-01 0.000000000000000000e+00 3.281584400818752467e+00
-4.126916000000000651e+01 3.220278727156390408e-01 0.000000000000000000e+00 3.352072888241066639e+00
-4.209178800000001530e+01 3.284469310360973449e-01 0.000000000000000000e+00 3.500498347184643588e+00
-4.093600000000002836e+01 3.194281879613592445e-01 0.000000000000000000e+00 3.623351150690768741e+00
-4.005275000000002450e+01 3.125360893924499228e-01 0.000000000000000000e+00 3.078577493934758103e+00
-4.135323000000001059e+01 3.226838803314762694e-01 0.000000000000000000e+00 3.390602586576759947e+00
-4.034113000000002103e+01 3.147863507966979224e-01 0.000000000000000000e+00 3.223127199873697002e+00
-4.218050800000003164e+01 3.291392231221813569e-01 0.000000000000000000e+00 2.955489919690118317e+00
-4.225517600000002716e+01 3.297218658801132074e-01 0.000000000000000000e+00 3.619640210847459016e+00
-4.216662600000003636e+01 3.290309003230491025e-01 0.000000000000000000e+00 2.524171780425204847e+00
-4.252705200000003316e+01 3.318433447258769542e-01 0.000000000000000000e+00 3.793242006209559758e+00
-4.241572200000001658e+01 3.309746242801630545e-01 0.000000000000000000e+00 3.242180800159863985e+00
-4.179284200000002159e+01 3.261142219517145224e-01 0.000000000000000000e+00 3.194496120719023224e+00
-4.101103200000002857e+01 3.200136710520157801e-01 0.000000000000000000e+00 3.177640237688617475e+00
-4.089699600000000856e+01 3.191238353855518350e-01 0.000000000000000000e+00 3.133349291123775249e+00
-4.143402600000001001e+01 3.233143405590150343e-01 0.000000000000000000e+00 2.724345616641385970e+00
-4.323000200000003446e+01 3.373285422226386943e-01 0.000000000000000000e+00 2.452965254254902305e+00
-4.460279399999999583e+01 3.480405917880050604e-01 0.000000000000000000e+00 2.946795702296776120e+00
-4.318129400000002960e+01 3.369484682491379890e-01 0.000000000000000000e+00 3.311318747514410799e+00
-4.432883600000000968e+01 3.459028668633051806e-01 0.000000000000000000e+00 3.000245710392952958e+00
-4.433527800000003083e+01 3.459531345100428368e-01 0.000000000000000000e+00 3.304401980694262164e+00
-4.509310800000004349e+01 3.518665667868349223e-01 0.000000000000000000e+00 2.727727688713398546e+00
-4.559050000000001290e+01 3.557477722115580665e-01 0.000000000000000000e+00 3.047110479378020376e+00
-4.462896000000002061e+01 3.482447680134839740e-01 0.000000000000000000e+00 3.781544160041428793e+00
-4.458481600000002487e+01 3.479003074426083031e-01 0.000000000000000000e+00 2.832687566006900859e+00
-4.329930600000002983e+01 3.378693290884406952e-01 0.000000000000000000e+00 2.886088528774408690e+00
-4.435860600000001597e+01 3.461351655040031394e-01 0.000000000000000000e+00 3.516753447437657165e+00
-4.502670400000001649e+01 3.513484089454875781e-01 0.000000000000000000e+00 2.872037011449426913e+00
-4.456230200000002384e+01 3.477246281817190643e-01 0.000000000000000000e+00 3.332034733530024884e+00
-4.561688000000002319e+01 3.559536183029794465e-01 0.000000000000000000e+00 3.592467009865183858e+00
-4.529817800000001426e+01 3.534667509402750762e-01 0.000000000000000000e+00 3.444558792159370775e+00
-4.356301000000003398e+01 3.399270409039127361e-01 0.000000000000000000e+00 2.894385461317629638e+00
-4.561466400000004739e+01 3.559363266070512677e-01 0.000000000000000000e+00 3.103533932113811566e+00
-4.474622000000001520e+01 3.491597609126521062e-01 0.000000000000000000e+00 2.903490441909982511e+00
-4.566095400000004645e+01 3.562975326560235967e-01 0.000000000000000000e+00 3.563219674447209329e+00
-4.759838800000003545e+01 3.714155469201120274e-01 0.000000000000000000e+00 3.765889248152352931e+00
-4.621335600000004007e+01 3.606079872653217278e-01 0.000000000000000000e+00 2.544173867951574408e+00
-4.577240000000002595e+01 3.571671582627153896e-01 0.000000000000000000e+00 2.767687916224689015e+00
-4.551594000000001472e+01 3.551659721897093558e-01 0.000000000000000000e+00 3.488461909052339660e+00
-4.647291800000001416e+01 3.626333785913823382e-01 0.000000000000000000e+00 2.701452203567106469e+00
-4.754100000000004655e+01 3.709677419354842631e-01 0.000000000000000000e+00 3.005414835145579389e+00
-4.735573400000002664e+01 3.695220906097353986e-01 0.000000000000000000e+00 3.416507500689361265e+00
-4.700732600000002748e+01 3.668034240054935946e-01 0.000000000000000000e+00 2.805133124071229833e+00
-4.673031600000003039e+01 3.646418839833328041e-01 0.000000000000000000e+00 3.022950379966798717e+00
-4.846236600000002426e+01 3.781572639168502281e-01 0.000000000000000000e+00 2.590579971264966197e+00
-4.724300000000002342e+01 3.686424145949406816e-01 0.000000000000000000e+00 3.564937831239986199e+00
-4.748124400000001089e+01 3.705014591819218439e-01 0.000000000000000000e+00 3.379716687257269925e+00
-4.774529800000001245e+01 3.725619020865522102e-01 0.000000000000000000e+00 3.242683907387255537e+00
-4.627500200000004327e+01 3.610890179003389822e-01 0.000000000000000000e+00 3.932233529291571550e+00
-4.784081799999999873e+01 3.733072553334269572e-01 0.000000000000000000e+00 3.307629753820640950e+00
-4.631441400000004904e+01 3.613965541457937469e-01 0.000000000000000000e+00 3.275237788052474563e+00
-4.812334000000003442e+01 3.755118061082762804e-01 0.000000000000000000e+00 3.603477207735143129e+00
-4.790964000000003153e+01 3.738442810993026777e-01 0.000000000000000000e+00 2.917956086653183512e+00
-4.737224400000002333e+01 3.696509199868909801e-01 0.000000000000000000e+00 3.000534048705060908e+00
-4.840281400000003487e+01 3.776925729981119306e-01 0.000000000000000000e+00 3.859248956531424746e+00
-4.924342400000003295e+01 3.842519468764145629e-01 0.000000000000000000e+00 3.313165848005179104e+00
-4.993942000000005521e+01 3.896828815331558893e-01 0.000000000000000000e+00 3.327238729036436471e+00
-4.923921400000001825e+01 3.842190957753953695e-01 0.000000000000000000e+00 3.042989828435782584e+00
-4.851585800000002990e+01 3.785746679775897072e-01 0.000000000000000000e+00 2.996287268165336748e+00
-4.856639999999999446e+01 3.789690528582798645e-01 0.000000000000000000e+00 3.078431873798112672e+00
-4.968521200000004256e+01 3.876992680681058956e-01 0.000000000000000000e+00 2.722930814928070653e+00
-4.935582600000001463e+01 3.851290322580646630e-01 0.000000000000000000e+00 2.764887421553113622e+00
-4.943198800000003246e+01 3.857233328651468729e-01 0.000000000000000000e+00 2.820894878117562676e+00
-4.888512800000003722e+01 3.814561231018933629e-01 0.000000000000000000e+00 2.986624373823931311e+00
-4.859418000000002280e+01 3.791858233063347683e-01 0.000000000000000000e+00 2.696545388065809679e+00
-4.856198600000002585e+01 3.789346099224372710e-01 0.000000000000000000e+00 3.362826915684559381e+00
-4.941215000000004665e+01 3.855685347316513689e-01 0.000000000000000000e+00 3.875441643845057627e+00
-4.928497200000003176e+01 3.845761505688471416e-01 0.000000000000000000e+00 3.291459475737199103e+00
-4.853063800000001748e+01 3.786899979711910724e-01 0.000000000000000000e+00 2.697480009148081948e+00
-4.967497800000002428e+01 3.876194110211154120e-01 0.000000000000000000e+00 3.542805412583409197e+00
-4.817991600000004837e+01 3.759532749660568496e-01 0.000000000000000000e+00 2.838752327042087575e+00
-4.840283800000003822e+01 3.776927602727970790e-01 0.000000000000000000e+00 3.454155085414806425e+00
-5.001800000000002910e+01 3.902960500647660869e-01 0.000000000000000000e+00 2.885905695484923594e+00
-4.868110400000003324e+01 3.798641010034804477e-01 0.000000000000000000e+00 2.484493536175324202e+00
-4.914939600000003139e+01 3.835182358724661955e-01 0.000000000000000000e+00 3.168544184459595847e+00
-4.869259400000002103e+01 3.799537587589932874e-01 0.000000000000000000e+00 3.499748474477858640e+00
-4.955439800000002037e+01 3.866785117905022218e-01 0.000000000000000000e+00 2.808201827690890884e+00
-5.090557200000002780e+01 3.972218736832250907e-01 0.000000000000000000e+00 3.304928955060298712e+00
-4.991495199999999244e+01 3.894919549916506241e-01 0.000000000000000000e+00 3.322019869329227770e+00
-5.049502600000002417e+01 3.940183373129205746e-01 0.000000000000000000e+00 3.410589151706991284e+00
-5.008426800000001577e+01 3.908131466828972944e-01 0.000000000000000000e+00 2.788867166159192834e+00
-5.033980400000002220e+01 3.928071226805252003e-01 0.000000000000000000e+00 2.687212549698398067e+00
-4.965735800000002342e+01 3.874819201897719001e-01 0.000000000000000000e+00 3.155873166184989032e+00
-5.040584400000006582e+01 3.933224401891479705e-01 0.000000000000000000e+00 2.812557749272703855e+00
-4.992676200000001785e+01 3.895841097429656452e-01 0.000000000000000000e+00 2.751059440471262718e+00
-4.987652600000003389e+01 3.891921126145109211e-01 0.000000000000000000e+00 3.271018785805876128e+00
-5.007895800000005693e+01 3.907717121588094034e-01 0.000000000000000000e+00 3.005121383224836240e+00
-5.033216200000001805e+01 3.927474912995304046e-01 0.000000000000000000e+00 3.335675210032331695e+00
-5.036968200000001872e+01 3.930402640573061879e-01 0.000000000000000000e+00 2.715990938396242615e+00
-5.004295600000001798e+01 3.904907845248686837e-01 0.000000000000000000e+00 2.863656340137217260e+00
-5.106817600000000112e+01 3.984906908875259779e-01 0.000000000000000000e+00 2.810391223677809247e+00
-5.076000000000005485e+01 3.960859590804817199e-01 0.000000000000000000e+00 3.340551062022521833e+00
-5.011803800000001985e+01 3.910766577711192737e-01 0.000000000000000000e+00 2.600086240169582119e+00
-5.146912400000003629e+01 4.016193329899966913e-01 0.000000000000000000e+00 3.166496284128244021e+00
-5.067255400000001941e+01 3.954036081589339391e-01 0.000000000000000000e+00 2.989061428562686640e+00
-5.193740400000003632e+01 4.052733742216398927e-01 0.000000000000000000e+00 2.931390665662171990e+00
-5.067379200000004147e+01 3.954132684114428087e-01 0.000000000000000000e+00 3.112475556860899051e+00
-5.068430600000001363e+01 3.954953103297596528e-01 0.000000000000000000e+00 3.081802903844671704e+00
-5.246538200000004082e+01 4.093932456263560948e-01 0.000000000000000000e+00 2.997100286704070360e+00
-5.135856800000002664e+01 4.007566521528788117e-01 0.000000000000000000e+00 3.025547193146316705e+00
-5.194621600000003525e+01 4.053421352435354064e-01 0.000000000000000000e+00 3.047476768192122432e+00
-5.101467400000002073e+01 3.980732087956678766e-01 0.000000000000000000e+00 3.027833792811773783e+00
-5.196790600000005611e+01 4.055113847402348481e-01 0.000000000000000000e+00 3.175056269534622277e+00
-5.183992400000001766e+01 4.045127268754780681e-01 0.000000000000000000e+00 3.223670074952685649e+00
-5.125210999999997341e+01 3.999259484682489152e-01 0.000000000000000000e+00 2.428506326547412719e+00
-5.201093200000003236e+01 4.058471214320273357e-01 0.000000000000000000e+00 2.743921436608342201e+00
-5.315538200000003144e+01 4.147773928242585728e-01 0.000000000000000000e+00 3.113199718902360136e+00
-5.294767600000003682e+01 4.131566396678998387e-01 0.000000000000000000e+00 3.214571850062797775e+00
-5.383846000000001197e+01 4.201075268817205388e-01 0.000000000000000000e+00 3.662072329193188924e+00
-5.367974000000002377e+01 4.188690169639654459e-01 0.000000000000000000e+00 4.124404625977897254e+00
-5.276378800000002656e+01 4.117217410303231073e-01 0.000000000000000000e+00 3.054347597560440164e+00
-5.256075200000005054e+01 4.101374284064489006e-01 0.000000000000000000e+00 3.214541614289035287e+00
-5.287428800000002838e+01 4.125839848931756038e-01 0.000000000000000000e+00 2.940828769921152830e+00
-5.264325400000002020e+01 4.107812007428564005e-01 0.000000000000000000e+00 3.753516556898761181e+00
-5.210028000000003345e+01 4.065443138723725536e-01 0.000000000000000000e+00 2.512312306552782815e+00
-5.376724199999999598e+01 4.195518048597780547e-01 0.000000000000000000e+00 3.317148623462230717e+00
-5.278320200000004547e+01 4.118732306443813607e-01 0.000000000000000000e+00 3.254459631851268409e+00
-5.283195000000000618e+01 4.122536167423568876e-01 0.000000000000000000e+00 2.661870943964645519e+00
-5.382347600000004206e+01 4.199906050532956070e-01 0.000000000000000000e+00 3.403167147787751645e+00
-5.310012600000005989e+01 4.143462240741612734e-01 0.000000000000000000e+00 2.495985317176284468e+00
-5.313033000000002914e+01 4.145819092654152715e-01 0.000000000000000000e+00 3.407082858449943519e+00
-5.300790800000002179e+01 4.136266367027172097e-01 0.000000000000000000e+00 3.301784892677157579e+00
-5.334802800000002065e+01 4.162806311156891370e-01 0.000000000000000000e+00 2.462929056261624616e+00
-5.301144400000005419e+01 4.136542285063287694e-01 0.000000000000000000e+00 2.950523500145886047e+00
-5.410237000000002894e+01 4.221668461382401816e-01 0.000000000000000000e+00 4.092120117155937820e+00
-5.318706400000002077e+01 4.150246110148729239e-01 0.000000000000000000e+00 3.502022821618293591e+00
-5.502482800000002783e+01 4.293648891177804239e-01 0.000000000000000000e+00 3.301748139116243319e+00
-5.349681200000004111e+01 4.174416093137946482e-01 0.000000000000000000e+00 2.854157756545437241e+00
-5.470947200000004074e+01 4.269041309674301288e-01 0.000000000000000000e+00 3.856946349516216177e+00
-5.465062200000004111e+01 4.264449178332322399e-01 0.000000000000000000e+00 2.660763894246396699e+00
-5.500867800000002461e+01 4.292388688609019565e-01 0.000000000000000000e+00 3.215838128356888426e+00
-5.524535000000003038e+01 4.310856469560063187e-01 0.000000000000000000e+00 3.382712126684769949e+00
-5.364481200000003724e+01 4.185964698721853505e-01 0.000000000000000000e+00 3.197671854955688620e+00
-5.392799200000005300e+01 4.208061550946521900e-01 0.000000000000000000e+00 3.415411828213252399e+00
-5.496299200000000695e+01 4.288823758915055739e-01 0.000000000000000000e+00 3.001569604329096030e+00
-5.523906800000001738e+01 4.310366278071696700e-01 0.000000000000000000e+00 2.737308859980044584e+00
-5.463870800000002959e+01 4.263519515582817054e-01 0.000000000000000000e+00 2.542161836620894011e+00
-5.447719800000002266e+01 4.250916709583784092e-01 0.000000000000000000e+00 3.360843422460944030e+00
-5.542913000000002199e+01 4.325197028574997438e-01 0.000000000000000000e+00 2.941195042131443671e+00
-5.590178399999999215e+01 4.362078749005102729e-01 0.000000000000000000e+00 3.347289663572996954e+00
-5.582067200000002316e+01 4.355749488896173971e-01 0.000000000000000000e+00 3.025001058120859732e+00
-5.558874000000002980e+01 4.337651575448291386e-01 0.000000000000000000e+00 3.044086178647100294e+00
-5.494247600000007026e+01 4.287222872481551428e-01 0.000000000000000000e+00 2.843715472672889266e+00
-5.505605400000004579e+01 4.296085490893772341e-01 0.000000000000000000e+00 3.520676631231702824e+00
-5.625209400000004933e+01 4.389413830235501801e-01 0.000000000000000000e+00 3.112953465172146661e+00
-5.690138600000001645e+01 4.440078811429999939e-01 0.000000000000000000e+00 3.498949029077852213e+00
-5.695972200000006325e+01 4.444630834776914230e-01 0.000000000000000000e+00 3.377724914898077913e+00
-5.673355400000006199e+01 4.426982692697852828e-01 0.000000000000000000e+00 2.702018151828761816e+00
-5.696223400000001647e+01 4.444826848947361353e-01 0.000000000000000000e+00 2.953199684923852875e+00
-5.694325400000003867e+01 4.443345818312345874e-01 0.000000000000000000e+00 3.370520036829733890e+00
-5.611747200000002778e+01 4.378909124959036170e-01 0.000000000000000000e+00 3.464797449502173166e+00
-5.598986400000004693e+01 4.368951729949907548e-01 0.000000000000000000e+00 3.252712355648727627e+00
-5.595544800000002539e+01 4.366266210964934724e-01 0.000000000000000000e+00 2.571140970502780565e+00
-5.556581400000003867e+01 4.335862634018449735e-01 0.000000000000000000e+00 2.814841755353364228e+00
-5.650268000000006907e+01 4.408967336173671425e-01 0.000000000000000000e+00 2.507724574311552601e+00
-5.586386000000003804e+01 4.359119496855349274e-01 0.000000000000000000e+00 3.266725741766393298e+00
-5.724723000000002315e+01 4.467065405683788848e-01 0.000000000000000000e+00 2.931400389082171820e+00
-5.735462000000003968e+01 4.475445167532815516e-01 0.000000000000000000e+00 3.707523758929982538e+00
-5.694404400000005495e+01 4.443407462896207250e-01 0.000000000000000000e+00 3.839645659954058488e+00
-5.869772400000005064e+01 4.580249075331246367e-01 0.000000000000000000e+00 3.667864055815514224e+00
-5.671713800000000560e+01 4.425701733851460373e-01 0.000000000000000000e+00 2.816091038573027561e+00
-5.773843400000001225e+01 4.505394603367824380e-01 0.000000000000000000e+00 3.302459058210344356e+00
-5.766312400000002469e+01 4.499518079810230220e-01 0.000000000000000000e+00 3.006989873749547737e+00
-5.745868800000001642e+01 4.483565710005151250e-01 0.000000000000000000e+00 2.907864781750598038e+00
-5.594497600000003246e+01 4.365449069088755407e-01 0.000000000000000000e+00 3.050989986479798244e+00
-5.682418600000004716e+01 4.434054809057856317e-01 0.000000000000000000e+00 3.389917468231074871e+00
-5.766745400000003485e+01 4.499855954554679016e-01 0.000000000000000000e+00 3.022583941450617484e+00
-5.831946600000004111e+01 4.550733180392343979e-01 0.000000000000000000e+00 2.736513770955721458e+00
-5.750015000000003340e+01 4.486801036253260655e-01 0.000000000000000000e+00 3.314941823506458274e+00
-5.747369000000006167e+01 4.484736332849545426e-01 0.000000000000000000e+00 4.063291334297078450e+00
-5.808426400000004008e+01 4.532380105185951358e-01 0.000000000000000000e+00 3.201623378235586070e+00
-5.864696600000002746e+01 4.576288371802677002e-01 0.000000000000000000e+00 3.146128109543635532e+00
-5.893253400000001818e+01 4.598571562339062169e-01 0.000000000000000000e+00 3.280962553030418505e+00
-5.805704400000001897e+01 4.530256098131936748e-01 0.000000000000000000e+00 2.937657341870638206e+00
-5.765585600000004263e+01 4.498950949638719221e-01 0.000000000000000000e+00 2.820662521369507569e+00
-5.805299800000003074e+01 4.529940384225231709e-01 0.000000000000000000e+00 3.042452170153662205e+00
-5.827627400000004343e+01 4.547362860308694632e-01 0.000000000000000000e+00 3.197763366038168353e+00
-5.929288600000003129e+01 4.626690232064549768e-01 0.000000000000000000e+00 2.759100627327899957e+00
-5.937640999999999991e+01 4.633207703232049002e-01 0.000000000000000000e+00 3.153042561822891887e+00
-5.898284400000004268e+01 4.602497307926404768e-01 0.000000000000000000e+00 2.810268431994108695e+00
-6.056159600000002285e+01 4.725689092810214653e-01 0.000000000000000000e+00 3.375659663655731002e+00
-6.011045400000001848e+01 4.690485977807951623e-01 0.000000000000000000e+00 2.798629210463688288e+00
-6.055565200000004467e+01 4.725225275840008732e-01 0.000000000000000000e+00 3.181661260324628149e+00
-5.896016799999999591e+01 4.600727874276261398e-01 0.000000000000000000e+00 2.972005965669609839e+00
-6.019503400000004234e+01 4.697085849836918348e-01 0.000000000000000000e+00 3.233728383870622558e+00
-5.944923800000003666e+01 4.638890553552759699e-01 0.000000000000000000e+00 3.425753640501620456e+00
-6.016475000000001927e+01 4.694722755434869166e-01 0.000000000000000000e+00 3.484495787054419758e+00
-5.931236600000004699e+01 4.628210278258973465e-01 0.000000000000000000e+00 2.790554225978282066e+00
-6.064927400000004809e+01 4.732530705245255875e-01 0.000000000000000000e+00 3.095330520711558897e+00
-5.953277000000006325e+01 4.645408648969214238e-01 0.000000000000000000e+00 3.268212342343512322e+00
-6.038889000000003904e+01 4.712212650404984937e-01 0.000000000000000000e+00 3.179885194722626984e+00
-5.920558000000003318e+01 4.619877647205708482e-01 0.000000000000000000e+00 3.259813593418860567e+00
-6.013655200000003731e+01 4.692522433946660909e-01 0.000000000000000000e+00 3.001018331156168006e+00
-5.936810400000003085e+01 4.632559576759214259e-01 0.000000000000000000e+00 2.883518096231922012e+00
-5.931518200000002139e+01 4.628430013889540673e-01 0.000000000000000000e+00 3.168076066592014239e+00
-6.078226600000007096e+01 4.742908219798060987e-01 0.000000000000000000e+00 3.507293041885807927e+00
-5.956267200000005602e+01 4.647741935483875597e-01 0.000000000000000000e+00 3.059905617283453338e+00
-5.957005400000002737e+01 4.648317961202930171e-01 0.000000000000000000e+00 3.420561546532995933e+00
-5.966505200000002418e+01 4.655730761427659403e-01 0.000000000000000000e+00 3.839763222142372090e+00
-5.884349000000005958e+01 4.591623359395731740e-01 0.000000000000000000e+00 3.127244821958243826e+00
-5.819528600000003848e+01 4.541043276058495115e-01 0.000000000000000000e+00 3.462421985060501584e+00
-5.953118800000004995e+01 4.645285203739255020e-01 0.000000000000000000e+00 2.973665311922188970e+00
-5.883302600000000382e+01 4.590806841768497737e-01 0.000000000000000000e+00 2.731505550543601668e+00
-5.840051400000002957e+01 4.557057446509670262e-01 0.000000000000000000e+00 3.179102164372701100e+00
-6.010341000000005351e+01 4.689936326607055395e-01 0.000000000000000000e+00 2.405801831578878058e+00
-6.000428400000002682e+01 4.682201413923874900e-01 0.000000000000000000e+00 2.642836698529620776e+00
-5.959571800000004771e+01 4.650320551836076288e-01 0.000000000000000000e+00 3.070812260274883965e+00
-6.013162800000005603e+01 4.692138208717641090e-01 0.000000000000000000e+00 2.933770115555281777e+00
-6.017627800000002480e+01 4.695622298172513198e-01 0.000000000000000000e+00 3.419308419164568402e+00
-5.905463600000004476e+01 4.608099318008025413e-01 0.000000000000000000e+00 3.206779765205165056e+00
-5.901431600000002931e+01 4.604953103297597661e-01 0.000000000000000000e+00 3.236477943651309808e+00
-5.891450400000002929e+01 4.597164661266915919e-01 0.000000000000000000e+00 3.180903653636999451e+00
-6.013962400000001907e+01 4.692762145543644681e-01 0.000000000000000000e+00 2.699637370078291188e+00
-5.931425000000002967e+01 4.628357288886810750e-01 0.000000000000000000e+00 2.976482278231514567e+00
-5.866217400000002868e+01 4.577475069057542756e-01 0.000000000000000000e+00 3.343939870617752330e+00
-5.864055600000005342e+01 4.575788192331106119e-01 0.000000000000000000e+00 2.441246957341947077e+00
-5.995156200000003111e+01 4.678087457277965155e-01 0.000000000000000000e+00 3.214651413396563573e+00
-5.977148800000004769e+01 4.664036081589341687e-01 0.000000000000000000e+00 3.200590420445968309e+00
-5.919650800000002988e+01 4.619169748895862182e-01 0.000000000000000000e+00 2.821692434816919004e+00
-5.976250000000000284e+01 4.663334737893472526e-01 0.000000000000000000e+00 2.976921275547621537e+00
-5.959366200000000902e+01 4.650160119855799579e-01 0.000000000000000000e+00 2.989816711884296652e+00
-6.049723800000001717e+01 4.720667166065828368e-01 0.000000000000000000e+00 3.141941128201938493e+00
-5.916021800000005726e+01 4.616337999594242736e-01 0.000000000000000000e+00 3.282952340558692228e+00
-5.895303000000001248e+01 4.600170888150195148e-01 0.000000000000000000e+00 3.138191434810047920e+00
-5.898748400000003045e+01 4.602859372317683051e-01 0.000000000000000000e+00 2.549243320044581651e+00
-5.983292600000001471e+01 4.668830157466798969e-01 0.000000000000000000e+00 2.664529414688719733e+00
-5.953933800000001497e+01 4.645921157357555398e-01 0.000000000000000000e+00 2.890813891014225590e+00
-5.927080400000004801e+01 4.624967148898984637e-01 0.000000000000000000e+00 2.848341392116549464e+00
-5.885134400000005428e+01 4.592236215802866783e-01 0.000000000000000000e+00 3.163057306867723018e+00
-5.954067599999999771e+01 4.646025562994522407e-01 0.000000000000000000e+00 3.053341183896219224e+00
-5.890124800000005933e+01 4.596130280755970077e-01 0.000000000000000000e+00 2.973490948006189072e+00
-5.933644400000001440e+01 4.630089111537682434e-01 0.000000000000000000e+00 3.363442502667693290e+00
-6.096536800000004064e+01 4.757195873714440415e-01 0.000000000000000000e+00 3.135592920100092051e+00
-6.008629000000004794e+01 4.688600433853024607e-01 0.000000000000000000e+00 3.139730970187019299e+00
-5.998750800000001959e+01 4.680892363874714635e-01 0.000000000000000000e+00 3.192462886163488722e+00
-6.017124600000001777e+01 4.695229645582659761e-01 0.000000000000000000e+00 3.535436982218232327e+00
-6.107599000000003286e+01 4.765827832139459819e-01 0.000000000000000000e+00 3.374321202385553331e+00
-6.090300000000004843e+01 4.752329228896488011e-01 0.000000000000000000e+00 2.737726440355614077e+00
-5.967800000000001859e+01 4.656741108354013337e-01 0.000000000000000000e+00 2.474096373681232475e+00
-6.081181000000005099e+01 4.745213571172187672e-01 0.000000000000000000e+00 3.272399724092768025e+00
-6.040381200000003048e+01 4.713377030759869357e-01 0.000000000000000000e+00 3.473585223556360901e+00
-6.085700000000004906e+01 4.748739797431219545e-01 0.000000000000000000e+00 2.928736188842959276e+00
-5.970677800000005675e+01 4.658986687891135681e-01 0.000000000000000000e+00 3.075232437485273085e+00
-5.969622800000002627e+01 4.658163459587685851e-01 0.000000000000000000e+00 3.066211060229668828e+00
-6.009216000000003532e+01 4.689058476520439056e-01 0.000000000000000000e+00 3.006135567015022492e+00
-5.970476800000002982e+01 4.658829845342324916e-01 0.000000000000000000e+00 3.116348187224296407e+00
-6.104077200000005377e+01 4.763079732197204597e-01 0.000000000000000000e+00 2.735173900333699670e+00
-6.106071200000002364e+01 4.764635672706277192e-01 0.000000000000000000e+00 3.279998519502006715e+00
-6.041917200000007426e+01 4.714575588744797097e-01 0.000000000000000000e+00 3.421841858806865755e+00
-6.097257000000001170e+01 4.757757853832109141e-01 0.000000000000000000e+00 2.784359751279538386e+00
-5.990218400000005516e+01 4.674234436693357475e-01 0.000000000000000000e+00 2.747596513197920309e+00
-6.082732000000005002e+01 4.746423833824933158e-01 0.000000000000000000e+00 3.208503960641867270e+00
-5.902705800000001801e+01 4.605947375813476130e-01 0.000000000000000000e+00 2.704544852956320078e+00
-5.896945600000002941e+01 4.601452627307772714e-01 0.000000000000000000e+00 3.107651161224925129e+00
-5.969167200000002538e+01 4.657807949810386372e-01 0.000000000000000000e+00 2.500440437246641778e+00
-6.067538000000003962e+01 4.734567785632913806e-01 0.000000000000000000e+00 3.225198493241630437e+00
-6.041204800000002706e+01 4.714019695054390002e-01 0.000000000000000000e+00 3.332805680797420678e+00
-6.036934200000002448e+01 4.710687298094481945e-01 0.000000000000000000e+00 3.380185832951923430e+00
-6.113215200000003335e+01 4.770210215834077561e-01 0.000000000000000000e+00 2.324986284416153737e+00
-6.022260000000004254e+01 4.699236855658039946e-01 0.000000000000000000e+00 2.308852653277262412e+00
-6.119591000000002623e+01 4.775185323907176205e-01 0.000000000000000000e+00 2.509756716669702570e+00
-6.133588400000001428e+01 4.786107651731511536e-01 0.000000000000000000e+00 3.698036713430901568e+00
-6.134932200000001501e+01 4.787156233906083025e-01 0.000000000000000000e+00 2.948070876290515674e+00
-6.165736400000003670e+01 4.811193095806610698e-01 0.000000000000000000e+00 3.464542851226382503e+00
-6.046691400000003824e+01 4.718300950419030415e-01 0.000000000000000000e+00 2.798195922448619033e+00
-6.096984800000004867e+01 4.757545453126710844e-01 0.000000000000000000e+00 2.960147185546179394e+00
-6.053241000000004135e+01 4.723411676576622087e-01 0.000000000000000000e+00 2.576724516246597485e+00
-6.220664200000003063e+01 4.854053872684429005e-01 0.000000000000000000e+00 3.232161576156086458e+00
-6.097953600000001018e+01 4.758301418605740962e-01 0.000000000000000000e+00 3.083191800961982754e+00
-5.984299600000004205e+01 4.669615930833219686e-01 0.000000000000000000e+00 2.839400791244020894e+00
-6.163376600000002270e+01 4.809351717464926956e-01 0.000000000000000000e+00 3.079661042486672606e+00
-6.095200400000002361e+01 4.756153065842659844e-01 0.000000000000000000e+00 3.022470364290466449e+00
-6.140440800000001786e+01 4.791454656116860833e-01 0.000000000000000000e+00 2.798167622638035645e+00
-6.077427000000002977e+01 4.742284282972051845e-01 0.000000000000000000e+00 2.548602047766340917e+00
-6.067224400000002760e+01 4.734323080044324228e-01 0.000000000000000000e+00 3.573463697597114574e+00
-6.141953200000001800e+01 4.792634798757746117e-01 0.000000000000000000e+00 3.235501425329478931e+00
-6.038533000000004591e+01 4.711934859622021188e-01 0.000000000000000000e+00 3.500480655523890317e+00
-5.999797400000002057e+01 4.681709037564182330e-01 0.000000000000000000e+00 2.854244808914638387e+00
-6.134684600000004195e+01 4.786963028855911184e-01 0.000000000000000000e+00 3.584969653828708580e+00
-6.140489800000000287e+01 4.791492891365076723e-01 0.000000000000000000e+00 3.829453496098867760e+00
-6.206294800000002709e+01 4.842841269098118739e-01 0.000000000000000000e+00 3.517054867859088496e+00
-6.127992000000006101e+01 4.781740718198422280e-01 0.000000000000000000e+00 3.071728015632276598e+00
-6.116058800000003259e+01 4.772429108728563629e-01 0.000000000000000000e+00 3.376881294303094361e+00
-6.205737200000002929e+01 4.842406167579633158e-01 0.000000000000000000e+00 2.700345710305937175e+00
-6.156495600000002355e+01 4.803982396179598546e-01 0.000000000000000000e+00 2.749546361640792913e+00
-6.198092800000001290e+01 4.836441156733306546e-01 0.000000000000000000e+00 3.894342063752374905e+00
-6.116581000000005020e+01 4.772836587230991912e-01 0.000000000000000000e+00 2.999988067501521805e+00
-6.221973000000002685e+01 4.855075143967416684e-01 0.000000000000000000e+00 3.299376815032766697e+00
-6.055716400000002864e+01 4.725343258891648301e-01 0.000000000000000000e+00 3.076989485198842633e+00
-6.026407200000002007e+01 4.702472962217333907e-01 0.000000000000000000e+00 2.980642168964618310e+00
-6.132932399999999262e+01 4.785595767592115135e-01 0.000000000000000000e+00 3.113564677509420342e+00
-6.175853600000004207e+01 4.819087660158875019e-01 0.000000000000000000e+00 2.881480116699286054e+00
-6.163969400000004129e+01 4.809814285937235034e-01 0.000000000000000000e+00 3.101285128010025538e+00
-6.154212600000003874e+01 4.802200945737163384e-01 0.000000000000000000e+00 3.510354689225243074e+00
-6.165829000000001514e+01 4.811265352622627334e-01 0.000000000000000000e+00 3.860297362636691432e+00
-6.197160400000006319e+01 4.835713594581524388e-01 0.000000000000000000e+00 3.520340065871160995e+00
-6.096066000000003271e+01 4.756828503207081726e-01 0.000000000000000000e+00 2.777288298780926645e+00
-6.106588800000002948e+01 4.765039561777238974e-01 0.000000000000000000e+00 3.251059194651378714e+00
-6.120324200000003145e+01 4.775757448070293010e-01 0.000000000000000000e+00 2.883461281910819185e+00
-6.067312400000002981e+01 4.734391747428877140e-01 0.000000000000000000e+00 3.190213859242200023e+00
-6.190719000000006389e+01 4.830687298094485382e-01 0.000000000000000000e+00 2.888680955615094081e+00
-6.116447200000003193e+01 4.772732181594022127e-01 0.000000000000000000e+00 3.068370869623083586e+00
-6.062308600000003622e+01 4.730487226305853943e-01 0.000000000000000000e+00 3.256451620486583654e+00
-6.064319200000003462e+01 4.732056119980651010e-01 0.000000000000000000e+00 3.358557265402193792e+00
-6.107077000000005995e+01 4.765420509699273000e-01 0.000000000000000000e+00 2.783989773343431118e+00
-6.207744200000005463e+01 4.843972252134155498e-01 0.000000000000000000e+00 2.892466456827934351e+00
-6.087139200000004280e+01 4.749862821293135418e-01 0.000000000000000000e+00 3.067238048208811740e+00
-6.064522800000002434e+01 4.732214991338548060e-01 0.000000000000000000e+00 2.511636063036895017e+00
-6.079578000000004323e+01 4.743962732337659860e-01 0.000000000000000000e+00 2.223565686373163874e+00
-6.144067400000003687e+01 4.794284532671632681e-01 0.000000000000000000e+00 2.724210053405343501e+00
-6.151874800000004484e+01 4.800376734241619259e-01 0.000000000000000000e+00 3.558504895061657791e+00
-6.042625400000005698e+01 4.715128205128209515e-01 0.000000000000000000e+00 2.797078814266084290e+00
-5.961725200000003611e+01 4.652000873948533566e-01 0.000000000000000000e+00 2.874006349868919230e+00
-6.107968200000005510e+01 4.766115923030108670e-01 0.000000000000000000e+00 3.261494910278680326e+00
-6.128092000000004447e+01 4.781818749317231498e-01 0.000000000000000000e+00 2.664602985872985830e+00
-6.266479600000002392e+01 4.889804141891788691e-01 0.000000000000000000e+00 3.467745625913822405e+00
-6.211796400000003615e+01 4.847134229130580230e-01 0.000000000000000000e+00 2.660150622663416620e+00
-6.123819400000004265e+01 4.778484791734947112e-01 0.000000000000000000e+00 2.640640350630463207e+00
-6.067615399999998971e+01 4.734628181718869011e-01 0.000000000000000000e+00 2.645799920034114905e+00
-6.138288000000002853e+01 4.789774802191116287e-01 0.000000000000000000e+00 2.616700215805001228e+00
-6.186342400000002328e+01 4.827272188148635790e-01 0.000000000000000000e+00 3.376836088277746395e+00
-6.173312400000003919e+01 4.817104733367670311e-01 0.000000000000000000e+00 2.967870890597595235e+00
-6.175760200000000566e+01 4.819014779093903078e-01 0.000000000000000000e+00 2.641194287331074531e+00
-6.153191400000005018e+01 4.801404091951874675e-01 0.000000000000000000e+00 2.863758516603343907e+00
-6.227152200000003290e+01 4.859116531672834083e-01 0.000000000000000000e+00 3.161085264591287025e+00
-6.130872600000004269e+01 4.783988482606866821e-01 0.000000000000000000e+00 2.784423513539474815e+00
-6.286694600000001998e+01 4.905578132559266225e-01 0.000000000000000000e+00 3.115408507137944039e+00
-6.182045200000003149e+01 4.823919034911124948e-01 0.000000000000000000e+00 2.760688355914301173e+00
-6.251223600000002989e+01 4.877899714406107590e-01 0.000000000000000000e+00 2.923282663101172130e+00
-6.210871800000002452e+01 4.846412753406060259e-01 0.000000000000000000e+00 3.215773305756511213e+00
-6.205869200000003616e+01 4.842509168656463081e-01 0.000000000000000000e+00 2.841811282614656431e+00
-6.271778600000006065e+01 4.893939010877542684e-01 0.000000000000000000e+00 3.654647078016223904e+00
-6.303667600000001414e+01 4.918822354354918103e-01 0.000000000000000000e+00 2.843359616458863037e+00
-6.321179200000003107e+01 4.932486851756482937e-01 0.000000000000000000e+00 3.066727303606049393e+00
-6.240542200000005124e+01 4.869564898481518744e-01 0.000000000000000000e+00 3.137178983684662192e+00
-6.188401800000002595e+01 4.828879161009412835e-01 0.000000000000000000e+00 3.205207541157818252e+00
-6.164708000000003807e+01 4.810390623780766983e-01 0.000000000000000000e+00 2.938535601212950432e+00
-6.254657600000005147e+01 4.880579303026050808e-01 0.000000000000000000e+00 3.396369838671039698e+00
-6.324390400000005030e+01 4.934992587043717238e-01 0.000000000000000000e+00 3.662270306126426789e+00
-6.285849600000003079e+01 4.904918769605320916e-01 0.000000000000000000e+00 3.077878983251192135e+00
-6.282727000000004125e+01 4.902482169889355035e-01 0.000000000000000000e+00 3.251897593698022781e+00
-6.294539400000004292e+01 4.911699517767689205e-01 0.000000000000000000e+00 3.550307960744426783e+00
-6.205089800000001787e+01 4.841900994116455359e-01 0.000000000000000000e+00 2.571848223916925580e+00
-6.272161400000003795e+01 4.894237714000346240e-01 0.000000000000000000e+00 2.657246283032663747e+00
-6.268191600000004371e+01 4.891140034645820034e-01 0.000000000000000000e+00 3.272653023197916955e+00
-6.306134400000001961e+01 4.920747225993727936e-01 0.000000000000000000e+00 3.180083949222889839e+00
-6.228979400000005029e+01 4.860542316275734964e-01 0.000000000000000000e+00 3.425981462733553418e+00
-6.177111600000005609e+01 4.820069291633508057e-01 0.000000000000000000e+00 3.133842095663004201e+00
-6.234843000000005020e+01 4.865117748958288635e-01 0.000000000000000000e+00 3.339474396359312092e+00
-6.127776000000005752e+01 4.781572170981792103e-01 0.000000000000000000e+00 2.669245269337155779e+00
-6.164349000000004253e+01 4.810110492064238463e-01 0.000000000000000000e+00 2.753831863646058142e+00
-6.385226400000003366e+01 4.982463598483077849e-01 0.000000000000000000e+00 3.473591793196433297e+00
-6.314333400000002428e+01 4.927144997424975359e-01 0.000000000000000000e+00 3.105965501581454902e+00
-6.234158200000003802e+01 4.864583391856675543e-01 0.000000000000000000e+00 3.498523828511481248e+00
-6.289145200000002234e+01 4.907490363156828961e-01 0.000000000000000000e+00 3.156644219128531326e+00
-6.298204000000006175e+01 4.914559046147608523e-01 0.000000000000000000e+00 3.187158115901621347e+00
-6.460282800000003078e+01 5.041030947141722507e-01 0.000000000000000000e+00 3.659328156587206227e+00
-6.336106400000007710e+01 4.944134712923520247e-01 0.000000000000000000e+00 3.036435650046404700e+00
-6.311320400000001030e+01 4.924793919815223520e-01 0.000000000000000000e+00 3.364247259314038896e+00
-6.233294600000004237e+01 4.863909515114631099e-01 0.000000000000000000e+00 3.125870838934489360e+00
-6.329402600000005918e+01 4.938903662780721460e-01 0.000000000000000000e+00 3.080090621867014100e+00
-6.294527399999998352e+01 4.911690154033427347e-01 0.000000000000000000e+00 2.496874989351385743e+00
-6.471418800000002136e+01 5.049720492532423499e-01 0.000000000000000000e+00 3.397720968896770000e+00
-6.386210800000002763e+01 4.983231736816644553e-01 0.000000000000000000e+00 2.737756200996898759e+00
-6.229533400000004661e+01 4.860974608673943043e-01 0.000000000000000000e+00 2.253624200709657188e+00
-6.351218600000003534e+01 4.955926931660348811e-01 0.000000000000000000e+00 3.074358362326037764e+00
-6.359278200000002101e+01 4.962215927711973174e-01 0.000000000000000000e+00 2.892271729706703098e+00
-6.410938000000007264e+01 5.002526647627079104e-01 0.000000000000000000e+00 2.968568868337166933e+00
-6.346646600000003957e+01 4.952359348908347836e-01 0.000000000000000000e+00 2.971971859520512904e+00
-6.393258000000007257e+01 4.988730745821439161e-01 0.000000000000000000e+00 2.960780057670442389e+00
-6.552538800000003505e+01 5.113019336111244151e-01 0.000000000000000000e+00 3.336072820562669961e+00
-6.466476799999999514e+01 5.045864194640822253e-01 0.000000000000000000e+00 3.283594002846776050e+00
-6.511230000000001894e+01 5.080785617304182100e-01 0.000000000000000000e+00 2.786022919772008777e+00
-6.512829800000004354e+01 5.082033959142909785e-01 0.000000000000000000e+00 3.247916068415362290e+00
-6.388574200000002179e+01 4.985075924278604131e-01 0.000000000000000000e+00 2.932910107387568299e+00
-6.552306800000003761e+01 5.112838303915604454e-01 0.000000000000000000e+00 3.386604706450627056e+00
-6.476017600000007235e+01 5.053308987624269832e-01 0.000000000000000000e+00 3.062345034796937426e+00
-6.485533800000003168e+01 5.060734584952482074e-01 0.000000000000000000e+00 2.529826453535115593e+00
-6.453519000000002848e+01 5.035753078327639409e-01 0.000000000000000000e+00 3.187912422073114982e+00
-6.456084000000001311e+01 5.037754576525119710e-01 0.000000000000000000e+00 2.775668199249187840e+00
-6.510043400000003544e+01 5.079859700048382498e-01 0.000000000000000000e+00 2.569650869034801666e+00
-6.449319400000001679e+01 5.032476083462086303e-01 0.000000000000000000e+00 2.583297295460069698e+00
-6.501435200000003078e+01 5.073142625278963536e-01 0.000000000000000000e+00 2.724985423906155724e+00
-6.511698200000003567e+01 5.081150959002452838e-01 0.000000000000000000e+00 3.351039288219086032e+00
-6.455317000000002281e+01 5.037156077843846225e-01 0.000000000000000000e+00 3.544747476224789917e+00
-6.435456400000003896e+01 5.021658629461432932e-01 0.000000000000000000e+00 2.867335424936355626e+00
-6.425277400000001649e+01 5.013715841877742774e-01 0.000000000000000000e+00 3.300464692186189097e+00
-6.463307800000002601e+01 5.043391388485730653e-01 0.000000000000000000e+00 3.260135083511637610e+00
-6.573428200000002164e+01 5.129319568643977423e-01 0.000000000000000000e+00 3.033870165096493654e+00
-6.472588399999999353e+01 5.050633144498025695e-01 0.000000000000000000e+00 3.004417080109978322e+00
-6.367024000000006367e+01 4.968260062112775932e-01 0.000000000000000000e+00 2.942384035664504349e+00
-6.398240800000003503e+01 4.992618880409510074e-01 0.000000000000000000e+00 3.039960984454579851e+00
-6.561542600000005621e+01 5.120045101986676617e-01 0.000000000000000000e+00 3.268711578088729919e+00
-6.571065400000000523e+01 5.127475849368728911e-01 0.000000000000000000e+00 2.662253346603022486e+00
-6.582150000000007140e+01 5.136125286764366971e-01 0.000000000000000000e+00 3.301337322230419424e+00
-6.518400000000001171e+01 5.086380448522872522e-01 0.000000000000000000e+00 3.133642438782926476e+00
-6.561230200000004231e+01 5.119801332771513058e-01 0.000000000000000000e+00 3.256835194609092543e+00
-6.434471400000005303e+01 5.020890022941153497e-01 0.000000000000000000e+00 2.282164421037735647e+00
-6.493566200000005040e+01 5.067002356539792585e-01 0.000000000000000000e+00 2.636386147847392891e+00
-6.494051400000000740e+01 5.067380963528256288e-01 0.000000000000000000e+00 2.935379369249941917e+00
-6.552218400000000997e+01 5.112769324406574167e-01 0.000000000000000000e+00 3.002117975956240414e+00
-6.531639199999999335e+01 5.096711144404387772e-01 0.000000000000000000e+00 2.878054294897821830e+00
-6.485832000000003461e+01 5.060967273748774309e-01 0.000000000000000000e+00 3.047747630396233642e+00
-6.429303600000002916e+01 5.016857530783278563e-01 0.000000000000000000e+00 3.099670409638398461e+00
-6.535754000000004282e+01 5.099921968881193646e-01 0.000000000000000000e+00 2.915857075448733848e+00
-6.531235600000002250e+01 5.096396210808872285e-01 0.000000000000000000e+00 2.725460434025484879e+00
-6.574472199999999589e+01 5.130134213524353282e-01 0.000000000000000000e+00 3.673553970593687712e+00
-6.512571000000004062e+01 5.081832014607429171e-01 0.000000000000000000e+00 2.589094916523470680e+00
-6.617418600000000595e+01 5.163645769933049579e-01 0.000000000000000000e+00 3.303051618878176221e+00
-6.551540000000004227e+01 5.112239961296568547e-01 0.000000000000000000e+00 3.092150931411055570e+00
-6.488932200000007811e+01 5.063386394494130416e-01 0.000000000000000000e+00 3.749351666826054696e+00
-6.765489400000004139e+01 5.279187071804238851e-01 0.000000000000000000e+00 2.830641273449098438e+00
-6.578570000000003404e+01 5.133331772710959529e-01 0.000000000000000000e+00 2.737035059027091766e+00
-6.629321800000006704e+01 5.172933970067268294e-01 0.000000000000000000e+00 3.384453030913651794e+00
-6.656128600000000972e+01 5.193851616024471873e-01 0.000000000000000000e+00 3.445590124736372495e+00
-6.609952200000003586e+01 5.157819654478208449e-01 0.000000000000000000e+00 2.943055126958921353e+00
-6.686398800000002041e+01 5.217471791750551979e-01 0.000000000000000000e+00 3.096294095057327667e+00
-6.696622200000004455e+01 5.225449225150994303e-01 0.000000000000000000e+00 2.932500019223092114e+00
-6.612898600000008287e+01 5.160118763362835370e-01 0.000000000000000000e+00 2.716038166414121768e+00
-6.668527799999999672e+01 5.203526850507982360e-01 0.000000000000000000e+00 2.842887627704186126e+00
-6.648145600000002275e+01 5.187622391809855182e-01 0.000000000000000000e+00 2.509446004149403997e+00
-6.642298400000004222e+01 5.183059756230787851e-01 0.000000000000000000e+00 3.253277782024483589e+00
-6.543427200000003552e+01 5.105909452689735284e-01 0.000000000000000000e+00 2.894898480803355323e+00
-6.607338800000000845e+01 5.155780389219221105e-01 0.000000000000000000e+00 2.987091050317154828e+00
-6.622925200000005930e+01 5.167942631521456054e-01 0.000000000000000000e+00 2.803268449451983724e+00
-6.649884000000005813e+01 5.188978884779255063e-01 0.000000000000000000e+00 3.112076776207505890e+00
-6.570486800000006156e+01 5.127024361315297707e-01 0.000000000000000000e+00 3.816002216315558915e+00
-6.691815000000002556e+01 5.221698113207549063e-01 0.000000000000000000e+00 3.686562458648320995e+00
-6.673609000000003277e+01 5.207491767716968534e-01 0.000000000000000000e+00 2.729177840957924150e+00
-6.710126800000004721e+01 5.235987015621833551e-01 0.000000000000000000e+00 3.261639521197641667e+00
-6.584202800000002753e+01 5.137727109571299522e-01 0.000000000000000000e+00 2.891543690899343488e+00
-6.493296400000006940e+01 5.066791828581244106e-01 0.000000000000000000e+00 2.211719996412134126e+00
-6.467551600000005863e+01 5.046702873105799458e-01 0.000000000000000000e+00 2.263801184328176674e+00
-6.544095000000001505e+01 5.106430544501148194e-01 0.000000000000000000e+00 3.166231349010135698e+00
-6.615642199999999207e+01 5.162259625138504449e-01 0.000000000000000000e+00 4.472486771803306560e+00
-6.630016400000003784e+01 5.173475974218521012e-01 0.000000000000000000e+00 2.763821626102728413e+00
-6.718238400000005583e+01 5.242316587855241350e-01 0.000000000000000000e+00 2.869487968498487085e+00
-6.627967200000006187e+01 5.171876960531864853e-01 0.000000000000000000e+00 2.773124808087129800e+00
-6.617120200000002228e+01 5.163412925074521986e-01 0.000000000000000000e+00 2.889030706766964052e+00
-6.614466400000004853e+01 5.161342135243539575e-01 0.000000000000000000e+00 2.774688089105191491e+00
-6.609798000000002105e+01 5.157699330493001888e-01 0.000000000000000000e+00 2.652942479130627085e+00
-6.717272400000004495e+01 5.241562807247533984e-01 0.000000000000000000e+00 3.116781602908080817e+00
-6.635983200000006832e+01 5.178131935015689580e-01 0.000000000000000000e+00 3.406048129427381443e+00
-6.573742000000004282e+01 5.129564430294805133e-01 0.000000000000000000e+00 2.456557187889941929e+00
-6.584231400000003021e+01 5.137749426471279746e-01 0.000000000000000000e+00 3.145735730198337077e+00
-6.583528000000006841e+01 5.137200555581571404e-01 0.000000000000000000e+00 3.192094250273049383e+00
-6.639228200000002289e+01 5.180664044821076120e-01 0.000000000000000000e+00 2.932863142218856023e+00
-6.699070600000004561e+01 5.227359739063942579e-01 0.000000000000000000e+00 3.529560845142011960e+00
-6.690937200000003315e+01 5.221013156046634407e-01 0.000000000000000000e+00 3.215733001382077738e+00
-6.766566200000006859e+01 5.280027310891589609e-01 0.000000000000000000e+00 3.030163461896757227e+00
-6.819581200000004628e+01 5.321395508528804497e-01 0.000000000000000000e+00 3.035830774461527160e+00
-6.778761000000001502e+01 5.289543049768249405e-01 0.000000000000000000e+00 3.179886825681286666e+00
-6.745159200000003352e+01 5.263323189287890669e-01 0.000000000000000000e+00 3.011633378350013324e+00
-6.805235000000003254e+01 5.310201008162057645e-01 0.000000000000000000e+00 3.222907377875392054e+00
-6.761803800000004117e+01 5.276311156889370579e-01 0.000000000000000000e+00 3.265386599995520278e+00
-6.710368200000003469e+01 5.236175382742640494e-01 0.000000000000000000e+00 2.742166301655563743e+00
-6.688140400000004604e+01 5.218830781715751987e-01 0.000000000000000000e+00 3.002538185660171610e+00
-6.735706000000004678e+01 5.255946751564527508e-01 0.000000000000000000e+00 2.962358491254403869e+00
-6.682676600000006317e+01 5.214567317446202610e-01 0.000000000000000000e+00 2.650987572040870432e+00
-6.602760000000003515e+01 5.152207500351142500e-01 0.000000000000000000e+00 2.770480059046763532e+00
-6.749908400000001052e+01 5.267029043182421821e-01 0.000000000000000000e+00 2.528155839906337743e+00
-6.739540200000001846e+01 5.258938620721945734e-01 0.000000000000000000e+00 2.587377824997517894e+00
-6.721058600000002059e+01 5.244517221467923651e-01 0.000000000000000000e+00 2.923903544714140601e+00
-6.748725600000005898e+01 5.266106091109139520e-01 0.000000000000000000e+00 2.521432114322207152e+00
-6.773676200000005565e+01 5.285575323438992390e-01 0.000000000000000000e+00 2.779043523082694644e+00
-6.702606199999998182e+01 5.230118607300590083e-01 0.000000000000000000e+00 2.833106262230005168e+00
-6.672989800000004834e+01 5.207008599029296914e-01 0.000000000000000000e+00 3.492027505936655896e+00
-6.618627400000006844e+01 5.164589010097232480e-01 0.000000000000000000e+00 2.426867929991288975e+00
-6.635600800000004540e+01 5.177833544017357292e-01 0.000000000000000000e+00 2.875482422895296430e+00
-6.714774200000006488e+01 5.239613433837420065e-01 0.000000000000000000e+00 3.748685254702539549e+00
-6.713209400000003768e+01 5.238392402890276189e-01 0.000000000000000000e+00 3.055548170027365007e+00
-6.837137200000005066e+01 5.335094651747120942e-01 0.000000000000000000e+00 3.444188910106559032e+00
-6.826388800000002277e+01 5.326707554972924807e-01 0.000000000000000000e+00 2.913382092833763704e+00
-6.734169800000005068e+01 5.254748037517366077e-01 0.000000000000000000e+00 2.628010619183531738e+00
-6.799189600000001121e+01 5.305483714905505632e-01 0.000000000000000000e+00 3.186880430319837476e+00
-6.697707600000002515e+01 5.226296174914557557e-01 0.000000000000000000e+00 2.435895458402651759e+00
-6.850955200000004197e+01 5.345876991744310525e-01 0.000000000000000000e+00 2.500553222525533581e+00
-6.862492800000002546e+01 5.354879910108153451e-01 0.000000000000000000e+00 2.954964044973621640e+00
-6.750346200000002739e+01 5.267370663420574139e-01 0.000000000000000000e+00 3.313265888307520779e+00
-6.838374200000005487e+01 5.336059896686803361e-01 0.000000000000000000e+00 3.493906132231437311e+00
-6.938769200000007231e+01 5.414399238416286453e-01 0.000000000000000000e+00 2.543200032317513237e+00
-6.932187200000002747e+01 5.409263230176196702e-01 0.000000000000000000e+00 2.794091692604740551e+00
-6.903160399999997310e+01 5.386613293381398160e-01 0.000000000000000000e+00 2.831346986856932979e+00
-6.947803000000003237e+01 5.421448413627357743e-01 0.000000000000000000e+00 2.744649897178291553e+00
-6.878159000000003687e+01 5.367104421243195089e-01 0.000000000000000000e+00 3.801129205043462633e+00
-6.871071400000006690e+01 5.361573887666406524e-01 0.000000000000000000e+00 2.793913844105946787e+00
-6.910652400000000739e+01 5.392459384802660294e-01 0.000000000000000000e+00 2.612024162150995199e+00
-6.940713000000002353e+01 5.415916007303714919e-01 0.000000000000000000e+00 2.666273174509901533e+00
-6.918962200000001417e+01 5.398943614713549444e-01 0.000000000000000000e+00 2.578766669725055305e+00
-6.880338200000008442e+01 5.368804875384309838e-01 0.000000000000000000e+00 2.345467953153206331e+00
-6.776157200000000103e+01 5.287511275496667995e-01 0.000000000000000000e+00 2.833794798787012681e+00
-6.865146600000004184e+01 5.356950699939139193e-01 0.000000000000000000e+00 3.950741842324161368e+00
-6.940534400000001369e+01 5.415776643725519479e-01 0.000000000000000000e+00 2.711073354261343660e+00
-6.865493400000003987e+01 5.357221311859172719e-01 0.000000000000000000e+00 2.477501210193265191e+00
-6.922051000000004706e+01 5.401353839911360311e-01 0.000000000000000000e+00 3.033182281204033437e+00
-7.006650600000000395e+01 5.467367854300295704e-01 0.000000000000000000e+00 2.423373796911981959e+00
-7.010231800000006785e+01 5.470162304727130831e-01 0.000000000000000000e+00 3.422523587109253196e+00
-7.030100200000003952e+01 5.485665839536810751e-01 0.000000000000000000e+00 3.258306777663776188e+00
-7.081460200000003624e+01 5.525742622157719941e-01 0.000000000000000000e+00 3.205420318551346348e+00
-7.089918600000001447e+01 5.532342806311157934e-01 0.000000000000000000e+00 3.287678635190317333e+00
-6.964760000000003970e+01 5.434680150444000102e-01 0.000000000000000000e+00 2.888792914039014281e+00
