2.943999999999999950e-01
3.219000000000000195e-01
6.280999999999999917e-01
7.825999999999999623e-01
4.966999999999999749e-01
-6.389999999999999847e-02
1.325000000000000067e-01
-6.340000000000000080e-01
-7.400999999999999801e-01
6.729999999999999871e-02
-7.743999999999999773e-01
-4.209999999999999853e-02
3.694000000000000061e-01
-3.430000000000000271e-01
-7.096000000000000085e-01
8.595000000000000417e-01
-6.129999999999999893e-01
-9.163000000000000034e-01
4.637999999999999901e-01
-6.139000000000000012e-01
-9.505000000000000115e-01
7.274000000000000465e-01
2.599000000000000199e-01
7.994999999999999885e-01
-4.062000000000000055e-01
-6.157000000000000250e-01
-8.655000000000000471e-01
3.879000000000000226e-01
-1.693000000000000060e-01
-9.447999999999999732e-01
-7.199999999999999456e-02
5.311000000000000165e-01
-1.480000000000000066e-02
7.211999999999999522e-01
1.587999999999999967e-01
-4.569999999999999757e-02
8.705000000000000515e-01
3.423999999999999821e-01
-9.767000000000000126e-01
4.572999999999999843e-01
-4.259000000000000008e-01
-5.322000000000000064e-01
-7.631000000000000005e-01
-7.054000000000000270e-01
6.391999999999999904e-01
3.408999999999999808e-01
-4.550000000000000155e-01
-1.199999999999999956e-01
-4.920999999999999819e-01
-4.777000000000000135e-01
3.620999999999999774e-01
-9.546000000000000041e-01
-2.361999999999999933e-01
-1.819999999999999951e-01
-2.617999999999999772e-01
9.661999999999999478e-01
8.384000000000000341e-01
-4.848000000000000087e-01
-5.772000000000000464e-01
-5.028000000000000247e-01
-7.339999999999999858e-01
3.749999999999999861e-02
-5.844000000000000306e-01
9.357999999999999652e-01
7.993999999999999995e-01
9.491000000000000547e-01
2.770000000000000240e-01
-3.562000000000000166e-01
8.353000000000000425e-01
8.680999999999999828e-01
-3.849999999999999950e-02
-1.547000000000000042e-01
-1.925999999999999934e-01
-2.110000000000000070e-02
-9.377999999999999670e-01
1.340000000000000080e-01
-3.538999999999999924e-01
-8.561999999999999611e-01
-7.066000000000000059e-01
9.986000000000000432e-01
1.103999999999999981e-01
-2.827999999999999958e-01
-6.909999999999999476e-02
-7.240999999999999659e-01
-4.639999999999999680e-02
-4.141000000000000236e-01
7.779000000000000359e-01
6.585999999999999632e-01
2.526999999999999802e-01
1.963999999999999913e-01
-1.282999999999999974e-01
-1.343000000000000027e-01
-6.209000000000000075e-01
-7.671000000000000041e-01
1.695000000000000118e-01
-6.130000000000000032e-02
8.165999999999999925e-01
-3.306000000000000050e-01
-5.249999999999999806e-02
1.945999999999999952e-01
8.715000000000000524e-01
8.814999999999999503e-01
-8.748000000000000220e-01
-2.248999999999999888e-01
-6.241999999999999771e-01
-8.043000000000000149e-01
5.427999999999999492e-01
-6.078000000000000069e-01
-5.012999999999999678e-01
6.078000000000000069e-01
6.604999999999999760e-01
2.333000000000000074e-01
8.591999999999999638e-01
2.589000000000000190e-01
-8.313000000000000389e-01
5.003999999999999559e-01
1.938000000000000000e-01
9.799999999999999822e-01
-8.951999999999999957e-01
-8.433000000000000496e-01
6.300999999999999934e-01
8.216999999999999860e-01
1.703999999999999959e-01
-7.411999999999999700e-01
-8.520999999999999686e-01
8.722999999999999643e-01
-6.647999999999999465e-01
-3.561000000000000276e-01
-3.482999999999999985e-01
3.019999999999999907e-01
-5.588999999999999524e-01
7.320000000000000118e-02
-5.574999999999999956e-01
-1.497999999999999887e-01
-9.072000000000000064e-01
1.378000000000000058e-01
7.617000000000000437e-01
7.628000000000000336e-01
4.454000000000000181e-01
-3.119999999999999996e-01
7.903999999999999915e-01
-1.327000000000000124e-01
5.253999999999999782e-01
6.993000000000000327e-01
-9.754000000000000448e-01
2.987000000000000210e-01
-2.132999999999999896e-01
6.413999999999999702e-01
6.247000000000000330e-01
2.792000000000000037e-01
3.064000000000000057e-01
-8.859000000000000208e-01
-9.448999999999999622e-01
7.943000000000000060e-01
6.228000000000000203e-01
-3.291999999999999926e-01
-9.587999999999999856e-01
3.237999999999999767e-01
4.283000000000000140e-01
6.088000000000000078e-01
5.503000000000000114e-01
1.670999999999999985e-01
-3.020999999999999797e-01
-3.593000000000000083e-01
-3.306999999999999940e-01
9.249000000000000554e-01
2.615000000000000102e-01
2.230000000000000038e-01
6.961000000000000520e-01
-6.116000000000000325e-01
-3.808000000000000274e-01
7.380000000000000449e-02
4.999000000000000110e-01
-7.092000000000000526e-01
5.120000000000000107e-01
-8.175999999999999934e-01
-1.607000000000000095e-01
1.068000000000000060e-01
8.006999999999999673e-01
3.778000000000000247e-01
-8.068999999999999506e-01
-8.959999999999999909e-02
-1.111999999999999933e-01
-8.760999999999999899e-01
3.793000000000000260e-01
6.267000000000000348e-01
-8.194000000000000172e-01
-2.783999999999999808e-01
-1.922000000000000097e-01
4.924000000000000044e-01
-9.701999999999999513e-01
-6.600000000000000311e-02
-5.483999999999999986e-01
9.998000000000000220e-01
-3.039000000000000035e-01
-1.789000000000000035e-01
4.714999999999999747e-01
-5.434999999999999831e-01
-4.460000000000000075e-02
9.777000000000000135e-01
3.252999999999999781e-01
1.597000000000000086e-01
4.601000000000000090e-01
-5.603000000000000203e-01
9.169000000000000483e-01
7.688000000000000389e-01
-1.446999999999999953e-01
5.301000000000000156e-01
-8.905999999999999472e-01
-5.402000000000000135e-01
-9.371000000000000441e-01
1.754999999999999893e-01
-2.864999999999999769e-01
-5.228000000000000425e-01
2.564000000000000168e-01
1.899999999999999996e-03
2.472000000000000031e-01
-8.106999999999999762e-01
-3.956000000000000072e-01
-9.332000000000000295e-01
-5.980999999999999650e-01
1.492999999999999883e-01
-4.904000000000000026e-01
1.224999999999999978e-01
-6.324999999999999512e-01
-2.716000000000000081e-01
7.356000000000000316e-01
-6.284999999999999476e-01
9.028000000000000469e-01
9.930999999999999828e-01
4.119999999999999774e-01
-3.405000000000000249e-01
-7.325000000000000400e-01
-9.210000000000000409e-01
9.844000000000000528e-01
-2.701000000000000068e-01
2.556999999999999829e-01
-8.367999999999999883e-01
-6.009999999999999787e-01
-9.564000000000000279e-01
-9.081000000000000183e-01
-3.472000000000000086e-01
3.379999999999999671e-02
-9.264999999999999902e-01
1.496000000000000107e-01
-9.848999999999999977e-01
4.385000000000000009e-01
-2.202000000000000068e-01
-2.785000000000000253e-01
-1.895999999999999908e-01
5.865000000000000213e-01
-2.250000000000000056e-01
4.205999999999999739e-01
7.762999999999999901e-01
2.867000000000000104e-01
3.205999999999999961e-01
9.160000000000000087e-02
2.056000000000000050e-01
-7.147999999999999909e-01
7.630000000000000115e-01
7.144000000000000350e-01
-9.362000000000000322e-01
9.896000000000000352e-01
3.508000000000000007e-01
7.863999999999999879e-01
-6.544999999999999707e-01
-1.605000000000000038e-01
2.894999999999999796e-01
-7.092000000000000526e-01
4.292000000000000259e-01
-6.205000000000000515e-01
-7.090000000000000469e-02
-5.193999999999999728e-01
2.310000000000000109e-01
8.911999999999999922e-01
-7.794999999999999707e-01
-5.896000000000000130e-01
-1.656999999999999862e-01
4.339000000000000079e-01
-3.034999999999999920e-01
-8.800000000000000044e-01
5.195999999999999508e-01
6.060999999999999721e-01
-6.611000000000000210e-01
-6.267000000000000348e-01
-4.903000000000000136e-01
5.487999999999999545e-01
4.747999999999999998e-01
-2.285999999999999976e-01
-4.733999999999999875e-01
4.964999999999999969e-01
6.361999999999999877e-01
-4.118999999999999884e-01
3.215999999999999970e-01
-1.202000000000000013e-01
8.127999999999999670e-01
6.880000000000000004e-02
-4.408000000000000251e-01
-5.634000000000000119e-01
-3.590999999999999748e-01
-1.155999999999999944e-01
3.816999999999999837e-01
-4.240999999999999770e-01
1.292999999999999983e-01
-1.779999999999999916e-01
-8.852999999999999758e-01
-9.331000000000000405e-01
1.474999999999999922e-01
-8.304000000000000270e-01
9.225999999999999757e-01
1.741000000000000048e-01
3.109999999999999987e-01
-2.947000000000000175e-01
-5.374999999999999778e-01
3.770000000000000018e-01
2.761000000000000121e-01
-6.128000000000000114e-01
5.583000000000000185e-01
1.000000000000000048e-04
-8.031000000000000361e-01
1.648999999999999910e-01
-3.348999999999999755e-01
-3.351999999999999980e-01
1.154000000000000026e-01
7.500000000000000000e-01
4.441999999999999837e-01
-6.492999999999999883e-01
7.217000000000000082e-01
9.331000000000000405e-01
8.581999999999999629e-01
-5.310000000000000275e-01
-5.303999999999999826e-01
-1.598999999999999866e-01
-5.534999999999999920e-01
8.659999999999999643e-02
-8.255000000000000115e-01
6.622000000000000108e-01
7.674999999999999600e-01
7.600999999999999979e-01
6.930000000000000049e-02
-3.484999999999999765e-01
-9.489999999999999547e-01
6.395999999999999464e-01
4.080000000000000293e-02
-8.018999999999999462e-01
9.687000000000000055e-01
-3.826999999999999846e-01
-4.457999999999999741e-01
-1.180999999999999966e-01
9.040000000000000258e-01
