-7.864999999999999769e-01
7.873999999999999888e-01
-7.926999999999999602e-01
6.579000000000000403e-01
3.488999999999999879e-01
2.174999999999999989e-01
8.919000000000000261e-01
-1.107999999999999957e-01
5.460000000000000270e-02
-3.130000000000000004e-01
-9.400000000000000022e-02
-7.894999999999999796e-01
-7.328999999999999959e-01
8.476000000000000201e-01
-5.987000000000000099e-01
-9.227999999999999536e-01
3.966999999999999971e-01
2.560999999999999943e-01
4.398000000000000242e-01
4.184999999999999831e-01
-9.696000000000000174e-01
8.343000000000000416e-01
6.321999999999999842e-01
2.026000000000000023e-01
7.943000000000000060e-01
-6.900000000000000577e-02
-8.369999999999999662e-01
-1.771999999999999964e-01
8.286000000000000032e-01
1.395000000000000129e-01
9.334999999999999964e-01
3.513999999999999901e-01
-8.564000000000000501e-01
-8.861999999999999877e-01
-9.476999999999999869e-01
-1.935000000000000053e-01
2.457000000000000017e-01
1.985999999999999988e-01
-3.044000000000000039e-01
6.966999999999999860e-01
5.074999999999999512e-01
-8.125000000000000000e-01
-6.649000000000000465e-01
8.750000000000000000e-01
2.783999999999999808e-01
-8.699000000000000066e-01
4.546999999999999931e-01
4.909999999999999920e-01
-5.687999999999999723e-01
-5.790999999999999481e-01
7.650000000000000133e-01
9.226999999999999647e-01
-5.619999999999999996e-02
-9.526000000000000023e-01
-7.216000000000000192e-01
4.243000000000000105e-01
-2.083000000000000129e-01
9.464000000000000190e-01
-5.046000000000000485e-01
-4.227000000000000202e-01
9.360000000000000264e-02
-3.881999999999999895e-01
6.066000000000000281e-01
1.607999999999999985e-01
-3.957999999999999852e-01
-7.536000000000000476e-01
4.414000000000000146e-01
1.703999999999999959e-01
7.510000000000000009e-01
-4.182000000000000162e-01
9.835000000000000409e-01
3.849000000000000199e-01
9.082000000000000073e-01
-7.608000000000000318e-01
-4.875999999999999779e-01
-2.661999999999999922e-01
2.690000000000000030e-02
8.158999999999999586e-01
-2.071000000000000063e-01
3.876999999999999891e-01
8.920000000000000151e-01
1.053999999999999937e-01
-9.668999999999999817e-01
7.670000000000000151e-01
9.418999999999999595e-01
-7.300999999999999712e-01
6.616999999999999549e-01
1.810000000000000150e-02
-9.578999999999999737e-01
3.454999999999999738e-01
-2.926000000000000267e-01
-7.829000000000000403e-01
5.339000000000000412e-01
4.602999999999999869e-01
9.215999999999999748e-01
3.660000000000000059e-02
5.200000000000000178e-01
-5.464999999999999858e-01
7.701999999999999957e-01
-7.939999999999999836e-02
2.929999999999999966e-02
-8.106999999999999762e-01
-7.411999999999999700e-01
9.502000000000000446e-01
2.200000000000000133e-03
-9.525000000000000133e-01
2.209000000000000130e-01
-1.074999999999999983e-01
-7.348999999999999977e-01
4.799999999999999580e-03
2.283999999999999919e-01
5.540000000000000480e-01
-2.398000000000000131e-01
9.895000000000000462e-01
3.049999999999999933e-02
-2.495999999999999885e-01
1.312000000000000111e-01
-5.123999999999999666e-01
-3.144000000000000128e-01
-7.451999999999999735e-01
7.568000000000000282e-01
8.418999999999999817e-01
2.556999999999999829e-01
7.430999999999999828e-01
9.249999999999999889e-02
-8.388999999999999790e-01
3.748000000000000220e-01
1.809000000000000052e-01
-8.559999999999999831e-01
-6.654999999999999805e-01
-9.998000000000000220e-01
1.197000000000000008e-01
-5.967999999999999972e-01
2.959999999999999853e-01
-5.929999999999999855e-02
-9.270000000000000462e-02
8.502999999999999448e-01
7.045000000000000151e-01
2.285000000000000087e-01
-7.848000000000000531e-01
8.417000000000000037e-01
7.954999999999999849e-01
7.653999999999999693e-01
7.536000000000000476e-01
-2.964999999999999858e-01
-8.618999999999999995e-01
-4.425000000000000044e-01
7.762000000000000011e-01
-3.337999999999999856e-01
-1.773000000000000131e-01
1.619999999999999912e-02
-5.400000000000000286e-03
5.681000000000000494e-01
-3.442000000000000060e-01
2.000000000000000042e-02
-1.595000000000000029e-01
-8.532999999999999474e-01
-5.129000000000000226e-01
4.188999999999999946e-01
7.803999999999999826e-01
9.303000000000000158e-01
2.094000000000000028e-01
3.421000000000000152e-01
3.039999999999999994e-02
1.193000000000000033e-01
-6.677999999999999492e-01
-9.534000000000000252e-01
6.068999999999999950e-01
-8.410999999999999588e-01
9.530999999999999472e-01
5.826000000000000068e-01
1.280000000000000061e-02
3.719000000000000083e-01
-6.695999999999999730e-01
5.544999999999999929e-01
6.169999999999999790e-02
2.064000000000000001e-01
-5.604999999999999982e-01
5.208000000000000407e-01
7.066999999999999948e-01
9.526000000000000023e-01
6.754999999999999893e-01
9.569999999999999341e-02
-4.859999999999999876e-01
5.543000000000000149e-01
4.032000000000000028e-01
3.961000000000000076e-01
-1.019000000000000045e-01
-4.665000000000000258e-01
2.359999999999999876e-01
-6.530000000000000249e-01
-8.518000000000000016e-01
2.948000000000000065e-01
6.715999999999999748e-01
1.850999999999999868e-01
-1.424999999999999878e-01
-2.321999999999999897e-01
6.520000000000000240e-01
-8.814999999999999503e-01
-9.126999999999999558e-01
2.452000000000000013e-01
4.744999999999999774e-01
9.593000000000000416e-01
-8.827000000000000401e-01
-4.405999999999999917e-01
-5.872000000000000552e-01
-6.010999999999999677e-01
-5.462000000000000188e-01
7.241999999999999549e-01
-9.202000000000000179e-01
4.723999999999999866e-01
-5.311000000000000165e-01
-7.630000000000000671e-02
7.954999999999999849e-01
7.348999999999999977e-01
-6.942000000000000393e-01
1.701999999999999902e-01
7.886999999999999567e-01
-4.885999999999999788e-01
2.330000000000000127e-02
-3.391000000000000125e-01
5.077000000000000401e-01
3.967999999999999861e-01
1.424999999999999878e-01
6.832000000000000295e-01
-3.095999999999999863e-01
-7.359999999999999876e-02
8.498999999999999888e-01
-6.595999999999999641e-01
-3.522000000000000131e-01
9.144999999999999796e-01
-1.298999999999999877e-01
-4.148999999999999910e-01
-6.552999999999999936e-01
-7.154000000000000359e-01
-2.124000000000000055e-01
-7.557000000000000384e-01
4.381999999999999784e-01
5.261000000000000121e-01
-4.648999999999999799e-01
-3.099000000000000088e-01
-9.237999999999999545e-01
4.657000000000000028e-01
-3.925000000000000155e-01
-2.136000000000000121e-01
9.172000000000000153e-01
-3.850999999999999979e-01
5.980999999999999650e-01
-7.245000000000000329e-01
-9.738999999999999879e-01
6.289000000000000146e-01
9.838999999999999968e-01
3.815000000000000058e-01
-4.873999999999999999e-01
-6.593999999999999861e-01
-1.363000000000000045e-01
-1.037000000000000005e-01
-8.376000000000000112e-01
8.766000000000000458e-01
8.048999999999999488e-01
8.561999999999999611e-01
-5.191000000000000059e-01
-4.366999999999999771e-01
-9.633000000000000451e-01
-7.934999999999999831e-01
2.565999999999999948e-01
-9.764000000000000457e-01
7.660000000000000142e-02
-7.969999999999999307e-02
-9.291000000000000369e-01
-3.910000000000000142e-01
-2.268000000000000016e-01
-1.494000000000000050e-01
4.547999999999999821e-01
9.452000000000000401e-01
-6.332999999999999741e-01
-1.439999999999999891e-01
1.799000000000000044e-01
9.013999999999999790e-01
-2.985999999999999766e-01
-7.701000000000000068e-01
-8.713999999999999524e-01
-8.004000000000000004e-01
2.222000000000000086e-01
-8.854999999999999538e-01
-5.920000000000000262e-02
-1.698999999999999955e-01
1.064999999999999974e-01
-3.285000000000000142e-01
-3.902999999999999803e-01
3.114999999999999991e-01
-8.539999999999999813e-01
5.843000000000000416e-01
3.815000000000000058e-01
7.832000000000000073e-01
-4.360999999999999877e-01
-7.210999999999999632e-01
-3.356999999999999984e-01
-2.500000000000000139e-02
9.211000000000000298e-01
-8.035999999999999810e-01
-8.685000000000000497e-01
6.389000000000000234e-01
-2.328000000000000069e-01
-5.966000000000000192e-01
-6.836999999999999744e-01
-8.122000000000000330e-01
-7.697000000000000508e-01
-6.836999999999999744e-01
-9.435000000000000053e-01
9.562000000000000499e-01
9.090000000000000302e-01
-5.000000000000000000e-01
2.056999999999999940e-01
2.121000000000000107e-01
-6.522999999999999909e-01
4.260999999999999788e-01
-4.954000000000000070e-01
7.491999999999999771e-01
9.026999999999999469e-01
1.264000000000000123e-01
4.687000000000000055e-01
-7.920000000000000373e-01
8.469999999999999751e-01
-1.313000000000000000e-01
6.259000000000000119e-01
-2.879999999999999921e-02
-8.572999999999999510e-01
2.580999999999999961e-01
1.325999999999999956e-01
8.127999999999999670e-01
1.476999999999999980e-01
-2.099000000000000032e-01
-3.910000000000000142e-01
8.742999999999999661e-01
8.832999999999999741e-01
4.910999999999999810e-01
7.602999999999999758e-01
-4.606000000000000094e-01
8.397000000000000020e-01
-1.228999999999999954e-01
8.276000000000000023e-01
-4.758999999999999897e-01
-3.447000000000000064e-01
-9.909999999999999920e-01
1.398999999999999966e-01
4.102999999999999980e-01
4.047000000000000042e-01
3.740999999999999881e-01
1.653000000000000025e-01
