-3.352999999999999869e-01
-9.520000000000000684e-02
7.841000000000000192e-01
4.117000000000000104e-01
-9.102999999999999980e-01
-1.416000000000000036e-01
2.040000000000000147e-02
2.792000000000000037e-01
-7.390999999999999792e-01
8.816000000000000503e-01
-6.301999999999999824e-01
3.381000000000000116e-01
-2.016000000000000014e-01
-6.167000000000000259e-01
-4.546000000000000041e-01
-9.379999999999999449e-01
8.509999999999999787e-01
-1.960999999999999965e-01
-1.168000000000000010e-01
-6.974000000000000199e-01
-9.332000000000000295e-01
9.690999999999999615e-01
9.731999999999999540e-01
-2.706000000000000072e-01
2.685000000000000164e-01
3.279000000000000248e-01
6.142999999999999572e-01
-8.002000000000000224e-01
-3.417999999999999927e-01
-9.203000000000000069e-01
-4.213999999999999968e-01
-4.661000000000000143e-01
-8.659999999999999643e-02
7.744999999999999662e-01
-6.589000000000000412e-01
2.636999999999999900e-01
7.789999999999999702e-02
3.049000000000000044e-01
-4.003999999999999782e-01
5.837999999999999856e-01
-7.869000000000000439e-01
-4.169999999999999818e-01
-5.696999999999999842e-01
9.547999999999999821e-01
5.826999999999999957e-01
8.274000000000000243e-01
3.948999999999999733e-01
-3.240000000000000102e-01
-7.241999999999999549e-01
-5.827999999999999847e-01
7.832000000000000073e-01
-7.566000000000000503e-01
-6.313999999999999613e-01
2.255000000000000060e-01
-7.045000000000000151e-01
-4.637999999999999901e-01
-4.675000000000000266e-01
-8.453000000000000513e-01
-6.414999999999999591e-01
7.668000000000000371e-01
1.000000000000000056e-01
-7.598000000000000309e-01
-7.741999999999999993e-01
-2.857000000000000095e-01
8.306000000000000050e-01
-8.911999999999999922e-01
-8.173000000000000265e-01
-6.626999999999999558e-01
-6.040999999999999703e-01
-6.682000000000000162e-01
1.227000000000000035e-01
-2.318000000000000060e-01
-9.916000000000000369e-01
9.752999999999999448e-01
8.000000000000000167e-02
2.212999999999999967e-01
-3.811999999999999833e-01
-4.965999999999999859e-01
-4.667000000000000037e-01
-6.961000000000000520e-01
4.284999999999999920e-01
-9.331000000000000405e-01
2.535000000000000031e-01
5.364999999999999769e-01
2.787999999999999923e-01
7.697000000000000508e-01
7.147000000000000020e-01
-6.108000000000000096e-01
5.766999999999999904e-01
-9.455999999999999961e-01
-1.988000000000000045e-01
-5.595999999999999863e-01
8.918000000000000371e-01
4.345999999999999863e-01
-1.949999999999999997e-02
-9.042000000000000037e-01
1.545999999999999874e-01
8.951999999999999957e-01
8.175000000000000044e-01
5.770999999999999464e-01
9.878000000000000114e-01
-2.615000000000000102e-01
-2.710000000000000187e-01
-1.433000000000000107e-01
-8.688000000000000167e-01
3.155000000000000027e-01
6.661000000000000254e-01
-2.878999999999999893e-01
8.540999999999999703e-01
9.903999999999999471e-01
4.232000000000000206e-01
9.223999999999999977e-01
-3.855000000000000093e-01
2.316999999999999893e-01
8.669000000000000039e-01
-6.118000000000000105e-01
-5.187000000000000499e-01
7.338000000000000078e-01
6.169999999999999790e-02
6.679000000000000492e-01
-2.636999999999999900e-01
-2.560999999999999943e-01
3.719999999999999973e-01
1.844000000000000083e-01
4.893000000000000127e-01
-6.458000000000000407e-01
-3.034000000000000030e-01
-6.419000000000000261e-01
-2.489000000000000101e-01
6.841000000000000414e-01
3.130999999999999894e-01
1.044999999999999957e-01
-2.295999999999999985e-01
5.669999999999999485e-01
2.661999999999999922e-01
-5.116000000000000547e-01
7.332999999999999519e-01
7.217000000000000082e-01
-9.015999999999999570e-01
-1.048999999999999932e-01
-7.788000000000000478e-01
-9.280000000000000471e-01
6.995000000000000107e-01
-7.652999999999999803e-01
8.569999999999999840e-02
2.796000000000000152e-01
-5.913000000000000478e-01
7.983000000000000096e-01
8.599999999999999867e-01
-2.716000000000000081e-01
6.313999999999999613e-01
-2.932000000000000162e-01
-5.033999999999999586e-01
2.978000000000000091e-01
-1.995000000000000107e-01
6.070999999999999730e-01
1.860999999999999877e-01
-6.192999999999999616e-01
9.044999999999999707e-01
-2.353000000000000091e-01
-7.042000000000000481e-01
-9.509999999999999565e-01
2.025000000000000133e-01
-3.952999999999999847e-01
-9.223000000000000087e-01
-2.280000000000000082e-01
6.575999999999999623e-01
-1.320999999999999952e-01
9.381000000000000449e-01
-5.450000000000000400e-01
3.622000000000000219e-01
9.978000000000000203e-01
8.921000000000000041e-01
7.449999999999999956e-01
4.250000000000000305e-02
4.329999999999999960e-01
-3.527000000000000135e-01
7.419999999999999929e-01
-5.820000000000000173e-02
-4.748999999999999888e-01
-1.355999999999999983e-01
-4.139999999999999930e-02
9.080000000000000293e-01
-1.652000000000000135e-01
2.862000000000000099e-01
1.817999999999999894e-01
-5.689999999999999919e-02
-3.800000000000000044e-01
-1.288999999999999868e-01
-5.531000000000000361e-01
3.684999999999999942e-01
4.768999999999999906e-01
-9.287999999999999590e-01
-2.015000000000000124e-01
-1.574000000000000121e-01
9.280000000000000471e-01
6.276000000000000467e-01
9.180000000000000659e-02
1.885000000000000009e-01
-5.515999999999999792e-01
3.009999999999999898e-01
4.776000000000000245e-01
-8.550000000000000655e-02
3.884000000000000230e-01
7.893999999999999906e-01
8.183000000000000274e-01
7.851000000000000201e-01
-4.758000000000000007e-01
7.278999999999999915e-01
-8.029999999999999638e-02
-5.423000000000000043e-01
-3.710999999999999854e-01
1.973999999999999921e-01
7.613999999999999657e-01
-5.725999999999999979e-01
-4.487999999999999767e-01
-8.201000000000000512e-01
3.799999999999999906e-02
5.827999999999999847e-01
6.998999999999999666e-01
-1.340999999999999970e-01
2.565999999999999948e-01
4.723999999999999866e-01
3.518000000000000016e-01
4.702999999999999958e-01
-7.955999999999999739e-01
-2.656999999999999917e-01
-8.771999999999999797e-01
1.514999999999999958e-01
2.134999999999999953e-01
5.099999999999999672e-02
-3.302999999999999825e-01
1.072000000000000036e-01
4.168999999999999928e-01
1.099999999999999936e-02
-5.716999999999999860e-01
-9.724000000000000421e-01
7.839999999999999747e-02
-5.810999999999999499e-01
-3.363999999999999768e-01
3.689000000000000057e-01
-6.995999999999999996e-01
-3.111999999999999766e-01
2.822000000000000064e-01
9.041000000000000147e-01
7.335000000000000409e-01
-6.289000000000000146e-01
-9.922999999999999599e-01
-6.538000000000000478e-01
-6.637999999999999456e-01
5.756000000000000005e-01
-1.595000000000000029e-01
5.669999999999999485e-01
-3.346000000000000085e-01
3.387999999999999901e-01
-5.743000000000000327e-01
-1.277000000000000079e-01
1.635999999999999954e-01
-5.874000000000000332e-01
-5.580000000000000238e-02
-5.701000000000000512e-01
-9.842999999999999527e-01
-5.218000000000000416e-01
-2.390000000000000110e-02
-2.798999999999999821e-01
5.792000000000000481e-01
8.719999999999999973e-02
9.523000000000000353e-01
-9.871999999999999664e-01
9.142000000000000126e-01
2.063000000000000111e-01
-7.603999999999999648e-01
8.079999999999999682e-02
-4.073999999999999844e-01
5.282000000000000028e-01
-4.465999999999999970e-01
-7.190999999999999615e-01
5.375999999999999668e-01
-9.333000000000000185e-01
7.976999999999999647e-01
3.735999999999999877e-01
-2.119999999999999940e-01
2.549999999999999836e-02
-6.657999999999999474e-01
4.915999999999999814e-01
2.409999999999999920e-01
7.583999999999999631e-01
4.359999999999999987e-01
2.620000000000000107e-02
6.254999999999999449e-01
-7.812999999999999945e-01
5.997000000000000108e-01
5.746999999999999886e-01
-4.183999999999999941e-01
-9.042999999999999927e-01
-2.556999999999999829e-01
-2.626000000000000001e-01
9.983999999999999542e-01
-3.451000000000000179e-01
-4.200000000000000261e-02
2.990999999999999770e-01
2.698999999999999733e-01
5.723000000000000309e-01
4.909999999999999781e-02
-8.779000000000000137e-01
-9.639999999999999680e-01
-5.346999999999999531e-01
1.000000000000000021e-03
-1.501000000000000112e-01
-9.751999999999999558e-01
7.086000000000000076e-01
2.474000000000000088e-01
4.320000000000000229e-02
6.341999999999999860e-01
8.100000000000000533e-01
9.537999999999999812e-01
-2.442000000000000004e-01
-7.319999999999999840e-01
9.372000000000000330e-01
8.689000000000000057e-01
-8.386000000000000121e-01
-1.683000000000000052e-01
3.091999999999999749e-01
8.524000000000000465e-01
7.839999999999999747e-02
5.159000000000000252e-01
-3.689999999999999947e-01
1.243999999999999967e-01
-3.800000000000000044e-01
-5.590000000000000524e-01
4.722000000000000086e-01
4.200000000000000261e-02
6.455999999999999517e-01
-3.632000000000000228e-01
-7.151999999999999469e-01
3.114999999999999991e-01
-5.647999999999999687e-01
-9.969000000000000083e-01
-5.880999999999999561e-01
4.894999999999999907e-01
-4.511999999999999900e-01
4.290000000000000063e-02
-7.225000000000000311e-01
-5.709999999999999798e-02
-7.079999999999999627e-01
7.949000000000000510e-01
-5.570000000000000506e-01
9.720999999999999641e-01
8.399999999999999481e-03
3.996000000000000107e-01
