-7.924999999999999822e-01
-8.502999999999999448e-01
-2.943000000000000060e-01
-3.412000000000000033e-01
-4.530000000000000138e-01
-2.510000000000000078e-02
-3.598999999999999977e-01
8.823999999999999622e-01
8.400000000000000522e-02
9.220000000000000417e-02
-3.401000000000000134e-01
5.514000000000000012e-01
9.387999999999999678e-01
-3.827999999999999736e-01
1.511000000000000121e-01
-3.275000000000000133e-01
-3.420000000000000262e-01
-6.919999999999999762e-02
2.635000000000000120e-01
-7.337000000000000188e-01
8.665000000000000480e-01
8.316999999999999948e-01
8.495000000000000329e-01
-7.281999999999999584e-01
6.216000000000000414e-01
3.234000000000000208e-01
9.640999999999999570e-01
7.934999999999999831e-01
1.110000000000000049e-02
2.955999999999999739e-01
8.397000000000000020e-01
-8.842999999999999750e-01
-5.823000000000000398e-01
-9.132000000000000117e-01
9.822999999999999510e-01
-7.798000000000000487e-01
6.447000000000000508e-01
-2.073000000000000120e-01
-2.182000000000000051e-01
-9.903999999999999471e-01
4.599999999999999922e-02
8.162000000000000366e-01
-4.396999999999999797e-01
-5.160000000000000003e-02
-2.849999999999999756e-01
-7.003000000000000336e-01
-3.403999999999999804e-01
-8.218999999999999639e-01
-3.589999999999999858e-01
-2.944999999999999840e-01
9.625000000000000222e-01
4.788999999999999924e-01
7.105000000000000204e-01
6.569999999999999452e-02
1.310000000000000053e-01
5.360000000000000320e-01
8.680000000000000215e-02
1.579000000000000126e-01
-6.400000000000000307e-03
-4.853000000000000091e-01
-5.128000000000000336e-01
-3.111999999999999766e-01
-5.548999999999999488e-01
3.634999999999999898e-01
-7.193000000000000504e-01
2.766000000000000125e-01
-2.883999999999999897e-01
-5.263999999999999790e-01
7.752000000000000002e-01
2.864999999999999769e-01
-6.370000000000000662e-02
4.420999999999999930e-01
1.250000000000000000e-01
-1.010999999999999954e-01
1.915999999999999925e-01
-1.126999999999999946e-01
1.885999999999999899e-01
7.157000000000000028e-01
8.977000000000000535e-01
-8.478999999999999870e-01
5.446999999999999620e-01
-2.501999999999999780e-01
1.570000000000000007e-01
-5.799999999999999600e-03
-5.394999999999999796e-01
-7.735999999999999543e-01
2.301999999999999880e-01
2.295999999999999985e-01
-8.814999999999999503e-01
-7.594999999999999529e-01
-3.417000000000000037e-01
2.051000000000000045e-01
1.625999999999999945e-01
-7.167999999999999927e-01
-6.485999999999999543e-01
8.659000000000000030e-01
-3.857999999999999763e-01
7.476000000000000423e-01
-1.990999999999999992e-01
-1.935999999999999943e-01
1.140000000000000041e-01
8.373000000000000442e-01
1.315000000000000058e-01
-6.149999999999999911e-01
7.786999999999999478e-01
-9.052000000000000046e-01
1.499999999999999944e-01
9.300000000000000488e-01
2.868999999999999884e-01
5.775000000000000133e-01
-6.755999999999999783e-01
-9.905000000000000471e-01
-1.112999999999999962e-01
8.719999999999999973e-02
-4.737999999999999989e-01
2.632999999999999785e-01
9.334999999999999964e-01
-6.499999999999999702e-03
-6.578000000000000513e-01
-9.078000000000000513e-01
2.565999999999999948e-01
7.365000000000000435e-01
-7.896999999999999575e-01
3.055999999999999828e-01
-3.470000000000000168e-02
5.624000000000000110e-01
7.711000000000000076e-01
-2.807999999999999940e-01
-3.513999999999999901e-01
-2.788999999999999813e-01
-1.744999999999999885e-01
7.134000000000000341e-01
2.160000000000000114e-02
2.144000000000000072e-01
-5.487999999999999545e-01
-8.510999999999999677e-01
4.892000000000000237e-01
3.531000000000000250e-01
2.661000000000000032e-01
4.849999999999999867e-01
-7.795999999999999597e-01
2.989999999999999880e-01
4.875999999999999779e-01
-2.637999999999999790e-01
-9.829999999999999849e-02
5.971999999999999531e-01
-9.100000000000000311e-01
5.534000000000000030e-01
-5.457999999999999519e-01
-2.952000000000000179e-01
-5.010999999999999899e-01
-7.610000000000000098e-01
-4.052000000000000046e-01
6.199999999999999956e-02
6.412999999999999812e-01
-5.315999999999999615e-01
4.158999999999999919e-01
-7.159999999999999698e-01
6.636999999999999567e-01
-5.399000000000000465e-01
-5.485999999999999766e-01
7.690000000000000169e-01
-7.610000000000000098e-02
-2.147000000000000020e-01
1.749999999999999889e-01
-1.562999999999999945e-01
5.937000000000000055e-01
1.323000000000000009e-01
-3.532000000000000139e-01
-4.152000000000000135e-01
6.676999999999999602e-01
1.272999999999999965e-01
8.733999999999999542e-01
2.028000000000000080e-01
-4.189999999999999836e-01
3.020999999999999797e-01
5.314999999999999725e-01
4.768000000000000016e-01
1.804000000000000048e-01
3.819000000000000172e-01
7.630000000000000671e-02
-2.431999999999999995e-01
9.898000000000000131e-01
5.309000000000000385e-01
2.167000000000000037e-01
8.930000000000000437e-02
5.562000000000000277e-01
-8.183000000000000274e-01
9.012000000000000011e-01
-3.980000000000000204e-01
5.424999999999999822e-01
-6.516999999999999460e-01
3.856999999999999873e-01
3.215000000000000080e-01
1.769999999999999907e-01
6.299000000000000155e-01
3.407000000000000028e-01
5.189000000000000279e-01
-2.003000000000000058e-01
9.084999999999999742e-01
-5.040000000000000036e-01
9.518999999999999684e-01
1.116999999999999937e-01
-4.922000000000000264e-01
6.710000000000000686e-02
8.262000000000000455e-01
5.775000000000000133e-01
5.587999999999999634e-01
-6.935999999999999943e-01
6.689000000000000501e-01
-7.102000000000000535e-01
-4.744999999999999774e-01
2.470999999999999863e-01
-2.693999999999999728e-01
-8.728000000000000203e-01
-8.380999999999999561e-01
-1.786999999999999977e-01
1.052000000000000018e-01
-1.464000000000000024e-01
-6.902000000000000357e-01
-9.039000000000000368e-01
-4.410000000000000031e-01
8.106999999999999762e-01
-3.173000000000000265e-01
-6.370000000000000107e-01
-6.510000000000000231e-01
-3.339999999999999913e-02
-5.697999999999999732e-01
8.195000000000000062e-01
9.394000000000000128e-01
-2.911000000000000254e-01
-7.449999999999999678e-02
1.811000000000000110e-01
2.328000000000000069e-01
-4.981999999999999762e-01
3.044000000000000039e-01
5.520000000000000462e-01
-8.959000000000000297e-01
8.081000000000000405e-01
-2.819999999999999937e-02
-7.020999999999999464e-01
-5.550000000000000488e-01
8.013000000000000123e-01
-5.187000000000000499e-01
6.389000000000000234e-01
7.243000000000000549e-01
1.385000000000000120e-01
1.400000000000000029e-02
-2.630000000000000046e-02
3.323999999999999733e-01
7.402999999999999581e-01
1.361999999999999877e-01
-9.401000000000000467e-01
-7.844999999999999751e-01
5.405999999999999694e-01
8.275000000000000133e-01
-3.333999999999999742e-01
1.506000000000000116e-01
5.957000000000000073e-01
-3.196999999999999842e-01
-8.129999999999999449e-01
7.241999999999999549e-01
-3.899999999999999994e-02
3.402999999999999914e-01
8.067999999999999616e-01
-3.854000000000000203e-01
-7.524999999999999467e-01
-8.847000000000000419e-01
6.279999999999999472e-02
-1.932999999999999996e-01
-4.082999999999999963e-01
5.997999999999999998e-01
-3.239999999999999825e-02
-6.600000000000000311e-01
4.928000000000000158e-01
1.852000000000000035e-01
7.644999999999999574e-01
3.665999999999999814e-01
-1.874000000000000110e-01
-5.423000000000000043e-01
5.880999999999999561e-01
9.190000000000000391e-01
-4.652000000000000024e-01
2.217000000000000082e-01
-1.451999999999999957e-01
-4.329999999999999821e-02
-8.712999999999999634e-01
9.698999999999999844e-01
2.028000000000000080e-01
8.725000000000000533e-01
3.039999999999999994e-02
4.824999999999999845e-01
-7.925999999999999712e-01
4.203000000000000069e-01
2.750000000000000014e-02
1.824000000000000066e-01
-4.248000000000000109e-01
-7.953999999999999959e-01
-8.552999999999999492e-01
-5.210000000000000048e-02
1.509000000000000064e-01
4.302000000000000268e-01
-3.402999999999999914e-01
-5.853000000000000425e-01
-1.552000000000000046e-01
2.215000000000000024e-01
8.347999999999999865e-01
1.165000000000000063e-01
-1.985000000000000098e-01
-4.591999999999999971e-01
-4.433000000000000274e-01
-9.990999999999999881e-01
4.882000000000000228e-01
6.641000000000000236e-01
6.974000000000000199e-01
-2.394999999999999907e-01
-7.475000000000000533e-01
-7.452999999999999625e-01
3.812999999999999723e-01
-7.779999999999999416e-02
2.270999999999999963e-01
6.102999999999999536e-01
1.320999999999999952e-01
4.834999999999999853e-01
-8.355000000000000204e-01
-3.588999999999999968e-01
-9.637999999999999901e-01
2.369999999999999885e-01
6.558000000000000496e-01
-7.729000000000000314e-01
9.869999999999999885e-01
-6.280999999999999917e-01
-4.960999999999999854e-01
1.165999999999999953e-01
2.283999999999999919e-01
5.239000000000000323e-01
4.394000000000000128e-01
9.846000000000000307e-01
2.205999999999999905e-01
-4.774999999999999800e-01
9.882999999999999563e-01
-6.046000000000000263e-01
6.942000000000000393e-01
8.920000000000000151e-02
-3.521000000000000241e-01
-8.372000000000000552e-01
-2.919999999999999818e-01
8.921999999999999931e-01
-2.676999999999999935e-01
4.511999999999999900e-01
