3.810999999999999943e-01
2.399000000000000021e-01
-5.066000000000000503e-01
3.891000000000000014e-01
1.136000000000000065e-01
-7.181999999999999496e-01
-7.003000000000000336e-01
3.406000000000000139e-01
5.062999999999999723e-01
-4.398000000000000242e-01
1.318000000000000005e-01
-2.051000000000000045e-01
5.412000000000000144e-01
-1.451000000000000068e-01
9.429999999999999494e-01
3.284000000000000252e-01
7.616000000000000547e-01
3.088000000000000189e-01
3.235000000000000098e-01
5.558999999999999497e-01
-3.034000000000000030e-01
1.786999999999999977e-01
8.129999999999999449e-01
9.614000000000000323e-01
-3.451000000000000179e-01
-5.326999999999999513e-01
-1.385000000000000120e-01
-8.582999999999999519e-01
-2.692999999999999838e-01
-8.200000000000000691e-03
3.677000000000000268e-01
5.833000000000000407e-01
5.822000000000000508e-01
1.299999999999999940e-02
5.249999999999999806e-02
-2.058999999999999997e-01
1.472999999999999865e-01
5.532000000000000250e-01
6.954000000000000181e-01
6.055000000000000382e-01
8.035999999999999810e-01
6.852000000000000313e-01
-7.177000000000000046e-01
-1.786000000000000087e-01
9.949000000000000066e-01
5.177000000000000490e-01
7.608000000000000318e-01
-1.600000000000000033e-01
1.867000000000000048e-01
3.901000000000000023e-01
3.920000000000000151e-01
6.701000000000000290e-01
8.453000000000000513e-01
-5.447999999999999510e-01
5.110999999999999988e-01
2.177999999999999936e-01
-7.125000000000000222e-01
-8.348999999999999755e-01
-8.347999999999999865e-01
7.881000000000000227e-01
-5.114999999999999547e-01
9.135999999999999677e-01
-6.459000000000000297e-01
-8.557000000000000162e-01
-3.339999999999999913e-02
-6.127000000000000224e-01
9.426999999999999824e-01
-4.187000000000000166e-01
-7.100999999999999535e-01
5.157000000000000473e-01
-3.170000000000000040e-01
-5.635999999999999899e-01
9.437999999999999723e-01
-9.052000000000000046e-01
-2.089000000000000024e-01
-9.970999999999999863e-01
5.536999999999999700e-01
3.217999999999999750e-01
-9.261000000000000343e-01
-5.089000000000000190e-01
-8.014000000000000012e-01
-7.227000000000000091e-01
-2.686999999999999944e-01
4.082000000000000073e-01
9.389999999999999736e-02
7.579000000000000181e-01
9.928000000000000158e-01
-8.709000000000000075e-01
9.839999999999999858e-01
1.728000000000000091e-01
6.040999999999999703e-01
-2.426999999999999991e-01
-8.799000000000000155e-01
3.239000000000000212e-01
7.530000000000000027e-01
-6.312999999999999723e-01
2.609000000000000208e-01
5.365999999999999659e-01
-2.876000000000000223e-01
-4.948000000000000176e-01
4.139999999999999791e-01
-3.849000000000000199e-01
-3.111999999999999766e-01
-8.992999999999999883e-01
1.257999999999999952e-01
-7.097999999999999865e-01
-7.077999999999999847e-01
2.843999999999999861e-01
-9.608999999999999764e-01
-3.080999999999999850e-01
9.963999999999999524e-01
6.122999999999999554e-01
4.441999999999999837e-01
4.739999999999999769e-01
-2.840000000000000163e-02
3.361999999999999988e-01
-6.770000000000000462e-01
1.458000000000000129e-01
-8.941999999999999948e-01
-5.027000000000000357e-01
-1.275999999999999912e-01
-2.346999999999999920e-01
-3.960000000000000325e-02
1.381000000000000005e-01
-3.094000000000000083e-01
-2.096999999999999975e-01
-7.620000000000000384e-02
-6.176000000000000378e-01
-9.110000000000000320e-01
-6.177000000000000268e-01
-6.207000000000000295e-01
1.000000000000000021e-02
8.919000000000000261e-01
-1.724999999999999867e-01
6.137000000000000233e-01
4.966999999999999749e-01
2.311999999999999889e-01
-6.590000000000000302e-01
-4.259000000000000008e-01
-3.085999999999999854e-01
-9.240000000000000435e-01
4.032999999999999918e-01
9.028000000000000469e-01
-3.392999999999999905e-01
2.597999999999999754e-01
-1.129999999999999928e-02
-4.691000000000000170e-01
6.042999999999999483e-01
6.774999999999999911e-01
2.879999999999999782e-01
4.783999999999999919e-01
3.936000000000000054e-01
7.120999999999999552e-01
5.165999999999999481e-01
7.937999999999999501e-01
-7.548000000000000265e-01
-6.122999999999999554e-01
5.703000000000000291e-01
-3.095999999999999863e-01
8.197999999999999732e-01
8.266000000000000014e-01
2.606999999999999873e-01
9.428999999999999604e-01
-8.519999999999999796e-02
1.252000000000000057e-01
-2.987000000000000210e-01
9.602000000000000535e-01
8.905999999999999472e-01
-1.290999999999999925e-01
1.308999999999999886e-01
1.575000000000000011e-01
-8.507000000000000117e-01
-1.633999999999999897e-01
-2.614000000000000212e-01
-8.407000000000000028e-01
2.212000000000000077e-01
-8.699000000000000066e-01
-2.620000000000000107e-02
5.574000000000000066e-01
2.635000000000000120e-01
9.872999999999999554e-01
-4.245999999999999774e-01
-9.564000000000000279e-01
3.788000000000000256e-01
-8.963999999999999746e-01
-5.591000000000000414e-01
1.403999999999999970e-01
-7.839000000000000412e-01
-7.725999999999999535e-01
-9.176999999999999602e-01
-7.574999999999999512e-01
-4.602999999999999869e-01
5.295999999999999597e-01
-1.466999999999999971e-01
6.610000000000000597e-02
1.580000000000000154e-02
-1.000000000000000000e+00
2.725000000000000200e-01
1.487999999999999878e-01
1.107000000000000067e-01
-1.238999999999999962e-01
7.691000000000000059e-01
-6.125000000000000444e-01
4.079999999999999738e-01
-4.419000000000000150e-01
-1.640999999999999959e-01
9.291000000000000369e-01
-4.269999999999999907e-01
-5.299000000000000377e-01
9.134999999999999787e-01
