4.309700196655841947e-02
8.082059319782655127e-01
2.240326784166960516e-01
-3.221435984556736409e-01
6.357894532613399263e-02
7.617372409815112988e-01
1.250013455281449692e+00
-3.106616446486879304e-02
-3.342764753442652448e-01
-1.268213144198033528e-02
9.958422472282718596e-01
-7.220296222999486591e-02
-8.067510820562152907e-02
-4.908088358971899462e-02
1.046609331649856811e+00
-6.680963946274176557e-02
-6.961470490236376651e-02
9.903350697888365639e-01
-2.665145408990584469e-02
-2.211491172732492003e-02
9.864077883385701240e-01
-1.009186660237704342e-01
-7.805805477812645388e-02
-5.709384234207512399e-02
1.528812555870311396e+00
7.616073325133670968e-02
9.873845417485924703e-01
2.237916285900621097e-02
-1.029425421902741555e-01
-7.097965798877989285e-02
9.609609717405155349e-01
1.082719860751576002e+00
1.713296923323865129e-01
-2.710837516372927025e-02
1.927807388318455439e-01
-3.294059235870631652e-01
1.280927036692289522e-01
1.290966230102505108e+00
-4.321949268746011485e-02
8.380534785130174802e-01
4.638803041757285500e-02
1.202013319813794029e-01
9.161120410918548174e-02
2.173811890183361129e-01
-3.762487019997717841e-02
3.079824267676023117e-02
1.682640108323545935e-01
1.509669084540915807e-01
6.632737806593698437e-02
2.735483572462817370e-01
1.148572986626711506e-01
1.083273973745864927e-01
7.006407822348083292e-02
1.723256137945756161e-01
2.386939661906411214e-01
8.662432318513510476e-02
1.071694956108322494e-01
1.032967378352647736e-01
4.280458306933066209e-04
1.564479467184220485e-01
2.293671445271464604e-01
2.044820251820295663e-03
2.362776147446337197e-02
1.553195041964644807e-01
1.305835826918410880e-01
6.841081277384809811e-02
1.170423779812288650e-01
1.077356761019969411e-01
1.864269463941039817e-01
1.000516163668477843e-01
-2.602297178487547602e-01
7.445105250057118540e-02
9.033039274991649936e-02
1.178304994387441851e-01
1.216615178415489107e-01
1.161225409438852579e-01
8.689151939316817896e-02
1.668965902796993861e-01
1.000950723786329655e-01
1.827893182072397038e-01
1.518908805036348342e-01
8.317368466071645150e-02
2.235717278862994241e-03
1.079810355510392311e-01
6.186857738666071832e-02
8.501848182261745324e-02
1.443282349219006111e-01
2.072061317229439703e-01
-1.060970242480070149e-03
5.121510303973806494e-02
7.511416764269296387e-02
1.491845755498336645e-01
2.050482870894568006e-03
2.616829046064336056e-02
9.165295800130550397e-02
2.201016558524015176e-01
1.330606786809593323e-01
1.230816430386099253e-01
1.089865012799923483e-01
1.188397300457590990e-02
1.422056716565303913e-01
-2.013949645960474433e-01
1.332791019822793244e-01
7.257759396581960065e-02
1.658531134593143885e-01
8.703739427734169531e-02
3.196062648142459790e-03
1.018753867354661030e-01
5.219157998187796965e-02
3.527435858750715969e-02
8.021919712231617705e-02
8.959460716176678718e-02
1.009345393699616344e-01
1.102933291121648562e-01
1.406153032708282458e-01
6.436767933342148196e-02
4.024531701303151604e-02
9.115281911913900026e-02
2.111021373201885445e-02
2.038172680226442990e-01
1.457497219078591755e-01
1.010381574334868887e-01
3.809238791577960331e-02
2.482322177677807190e-02
1.611458620649742490e-01
1.384642107391841591e-02
5.813935143616522777e-02
-1.324093650886442111e-04
8.723117908891470096e-02
4.551106821601336172e-02
2.472013340175826732e-02
7.462545559266579864e-02
1.981933174299245204e-01
1.332757667860003381e-01
1.260273783383288881e+00
-1.990222693705800527e-03
-9.518851426964995699e-02
-5.760011037941318440e-02
-1.244988254819267837e-01
-1.042044193063375868e-01
-6.548309321496828539e-02
1.070860785714733199e+00
8.620267288665844907e-02
1.403798056183569731e-01
6.835655159588602259e-02
-1.009816539098661592e-01
3.322929281479485020e-02
-1.637200799478613633e-03
-1.234694867208209479e-01
-2.800583042414581548e-03
-1.018027587984443871e-01
-1.601276312139549296e-01
-5.066277207541532157e-02
-6.048316915622643786e-02
-8.502672548529624508e-02
-1.480383180572706625e-01
-4.281350176709695921e-02
-9.465347008142935281e-02
-1.514810449096978817e-01
6.993311030590390054e-01
-1.774279535721933199e-01
2.952055215810677202e-01
-1.253308374616798337e-01
6.256847272795870163e-01
-9.072479818564918586e-02
-1.796350653531624264e-01
-6.725869478748427999e-02
6.508529682398881411e-01
2.954613488844998748e-01
6.474739075551776413e-01
-1.584175281958210835e-01
-6.188337490407327945e-02
-1.902289057054567523e-01
-2.072525007508924377e-01
-2.093817058192213865e-01
-1.997512353329345125e-01
-1.937399473352851564e-01
-9.982250852293714227e-02
-1.719405008568048732e-01
-1.457558260356789370e-01
-1.173059072838916611e-01
-1.369213072846832691e-01
-1.899725773492074443e-01
-1.746870259046275631e-01
-1.563394404320295472e-01
-2.041292241173889299e-01
3.097980775466704917e-01
6.331582271816134089e-01
-1.423984155071698898e-01
-1.952425020617659102e-01
-5.367066374284792940e-02
-8.284169611901782970e-02
-1.767776219294049656e-01
-9.414353510393773383e-02
-6.404830291651766871e-02
6.375273330174322517e-01
-1.329506302014147046e-01
-2.010583052662300585e-01
6.341504671578590546e-01
2.810265816696681518e-01
-1.752724706738221505e-01
-2.154698329553375313e-01
-1.724621016098524529e-01
-1.074564104578897283e-01
-7.735541012225895241e-02
-1.228454586620137956e-01
8.374613013919659510e-01
-9.902035648004878232e-02
-1.717082771250789675e-01
-1.673968138304141318e-01
-1.737360486846606100e-01
-1.138446146578115659e-01
-6.935281480735136506e-02
-9.901938912451987984e-02
-1.411248326578452839e-01
-1.511471963139971453e-01
-1.605420693884702932e-01
-8.745617385688904399e-02
-6.070541245260063085e-02
6.206414493028549195e-01
-1.718023892061540381e-01
-1.269001158211523206e-01
-1.362440582780486409e-01
-1.101719174234405824e-01
-1.293433595374043898e-01
-1.995941591105627744e-01
-1.273113340347638844e-01
-1.269958416920556887e-01
-1.339444721532460636e-01
-2.209176379213803609e-01
-1.904994404656472351e-01
-2.052689955874846817e-01
-2.207646736346036698e-01
-1.474187829867143751e-01
-1.020013059569292307e-01
-7.457403121127992307e-02
6.275221456454663782e-01
6.580898222003088716e-01
-1.091047642157110809e-01
-1.809356745465844907e-01
-8.459883735342400846e-02
-2.036274861124959812e-01
-1.391667548228364970e-01
-1.826487965774189481e-01
-1.928287455656886584e-01
-1.891247120768994872e-01
1.008122541943763162e+00
6.919663392374125754e-01
2.180543412018850699e-02
-1.339579154265417571e-01
-7.850158063259098096e-02
-1.364727185940930176e-01
-1.268539192087325129e-01
-1.504528333488797942e-01
-1.475694927295668202e-01
-4.412342619200454452e-01
-1.181536864682219412e-01
-8.691185413111654490e-02
-1.209131754039544510e-01
-2.252543460404542452e-01
-1.184114869048090574e-01
-4.570177321232269940e-01
-1.553872473573123802e-01
-1.610467979490013690e-01
-1.502076682193932144e-01
-9.033743742474086014e-02
-1.843605950038042507e-01
-6.241699520483048186e-02
-1.009042670008701292e-01
-1.889717189708201572e-01
-1.781996442339820741e-01
-1.352692092806387636e-01
-1.816616724756328072e-01
-1.390381505221546798e-01
-1.355334574816238202e-01
-1.772602809630742793e-01
-8.138443594192650010e-02
6.370203343708067401e-01
-1.702591045321585617e-01
-1.557642412213872951e-01
-1.778103822454820127e-01
-9.757181812351285732e-02
1.009441348056285825e+00
-1.016345179043034591e-01
6.528401987841228049e-01
-8.687263944650799874e-02
6.485108531359559114e-01
-6.108782529462304656e-02
-1.166976486553427950e-01
-1.693363469224838103e-01
-1.563162116552209990e-01
-1.637703890874862289e-01
-2.141221793506741244e-01
-1.367987728451386387e-01
-5.267125866414724272e-02
-1.025379063247638251e-01
-9.364850197014400190e-02
-1.529759019114692309e-01
-1.188667281500287026e-01
-2.071901713722628102e-01
-1.817867545089413284e-01
-1.597825311548169702e-01
-2.125145095687802077e-01
-1.067022244929163172e-01
-1.547383756223251194e-01
-1.350555663676705487e-01
-1.933611734685229677e-01
-2.148257229503981736e-01
-1.959233554397630528e-01
-1.794660296849665548e-01
-9.729761573384373974e-02
-1.750542714585318071e-01
6.599998139128335772e-01
-2.200307864648295281e-02
-1.317186599705483796e-01
-1.106345541735295063e-01
-8.308586659816706577e-02
-8.252019333006506419e-02
-1.480428357018285512e-01
-1.012603713695414270e-01
-1.330268660967000027e-01
-1.561335866468174793e-01
-1.555487521627872127e-01
-8.959682352353812163e-02
-1.926337835083914152e-01
-1.129568545178330913e-01
-1.610501655846486579e-01
-9.804714184391712106e-02
-1.055166372333554425e-01
-1.528891208745448149e-01
-1.153008641800326306e-01
-9.511274991561936842e-02
2.697402962932313741e-01
5.613062570749036695e-01
-2.939313853695823056e-02
-4.751248692638150584e-02
2.909729328039912244e-01
-1.747816100061027889e-01
-7.417310408279510769e-02
6.388555716379659133e-01
-1.110636012509023662e-01
-1.000489630022592807e-01
-8.301172772851607429e-02
6.831498981391329606e-01
1.014274064739374426e+00
-9.778178625740448215e-02
-1.139529832049395730e-01
-1.398008101666765868e-01
-1.610528276875293208e-01
-8.910829892096290561e-02
-1.111273655865199356e-01
-9.631114538527148217e-02
-1.070307403572019478e-01
-5.669141650942893795e-02
6.136295773997846315e-01
-3.943860761487456013e-01
-1.175415098265111258e-01
-1.524610196152951513e-01
-9.452582382042744313e-02
-1.812653625979090966e-01
-1.314722138796705353e-01
-1.742705012091502470e-01
5.218216011076480809e-01
-1.665801546158856283e-01
-1.195311788713408346e-01
6.590037178950847174e-01
-1.883538236173002145e-01
-2.109161655446226413e-01
6.504964312729881737e-01
-6.199659658760734576e-02
-1.046917105564489359e-01
-1.975561393779808883e-01
-1.002570819575932665e-01
-1.120900553471255723e-01
-1.209250006849692388e-01
-1.548249330831313053e-01
-1.453869250654057088e-01
-1.586780457265972166e-01
-1.984689754129845274e-01
-1.295908852848037529e-01
-1.335592799222507510e-01
-1.144946233703715427e-01
-1.329254184872616373e-01
-1.193678822678101714e-01
-9.866874113410434299e-02
6.371858364384506146e-01
-1.936256061753643953e-01
9.968678863637733256e-01
1.019281010358424888e+00
6.807595895984553946e-01
6.366256557730737287e-01
-1.118514085059588853e-01
-4.456884172522600496e-01
-1.743396651929984553e-01
1.006422526271850471e+00
6.614454447678197457e-01
1.037250120670102138e+00
2.861798171580891004e-01
-1.487191123234068157e-01
-8.543940590282227132e-02
-1.917293816375977844e-01
-1.043222899675865373e-01
-1.549575104276283422e-01
-9.875037204640207955e-02
-3.431733051271227547e-02
2.952001958460461206e-01
1.035007575909351107e+00
6.463974142736874651e-01
-1.686025397193799957e-01
-1.424198935433888258e-01
-1.055430295105142247e-01
-1.571581251012843516e-01
-1.102492320120276453e-01
-1.152770487178626513e-01
6.456049755990360683e-01
2.747644515862384118e-01
-1.966450876243772128e-01
6.958702355338121093e-01
-1.593246925074079112e-01
2.726964124229733777e-01
-1.651646896579175849e-01
-1.282740570847883399e-01
-1.214692883177673766e-01
-2.058655772264641470e-01
-1.771962807963193831e-01
-2.162719382262188739e-01
2.788035591144926717e-01
-1.640370611987948812e-01
-4.180829711560333783e-01
6.286985487375937875e-01
-1.086783184004982833e-01
-1.881010244757630179e-01
-9.863209282952599410e-02
-9.875378863695320752e-02
-1.858260726847336397e-01
-1.868387721744890761e-01
-1.267431830680993687e-01
-1.536844814811530180e-01
-2.254520653531463248e-01
-2.275242932672884022e-01
-1.572501426883510245e-01
-1.194795746680124698e-01
-1.918362887579119769e-01
-2.062974039818114558e-01
-8.795241219699118096e-02
-2.012593294682787914e-01
6.755092357263619007e-01
-8.713202160302931099e-02
-1.069103308414156295e-01
-2.010602073004759127e-01
-1.192591088990325593e-01
-1.992190177981022492e-01
-2.260886471412180618e-02
6.473566182083893006e-01
5.991463854352712115e-01
-1.094628908868493095e-01
-2.014838811571382227e-01
-1.211385897431450781e-01
-8.947831051722893170e-02
-1.502302566105914727e-01
-1.928579021515382519e-01
-2.087196017544193372e-01
-1.222493483164873579e-01
-1.383893525259692336e-01
-1.608948270609313891e-01
-1.197249913243068620e-01
-1.712190163801123044e-01
-1.172351804792287344e-01
-1.713817868594032234e-01
-1.005963325502792216e-01
-1.781425840567535390e-01
-1.983861845318532768e-01
6.522993634674131291e-01
-9.087824885285832044e-02
-1.560637207054142717e-01
-1.486542696316546508e-01
-8.555389652533826328e-02
3.159386806287783900e-01
-1.870347085061407622e-01
-1.365231489772496254e-01
