-3.834182239918438873e-01
-4.666000560624936622e-01
-8.734371736547305032e-01
1.327683292425449801e+00
4.901316848668067494e-01
9.205555247769849903e-01
8.479666136633319529e-02
-2.633857502090309333e-01
7.646435445862598268e-02
-1.716152897608965167e-01
1.093386068429039071e+00
1.356323265074690053e-03
3.799594605989623508e-01
9.700426869473081082e-01
5.575656135564748261e-01
-1.743452883847069201e-01
5.969989535740787001e-02
9.796034632882932858e-01
9.362558192303307991e-02
1.516487033492786018e-01
2.044260173977140160e-01
-4.198927027272785634e-02
-6.264521473793530776e-03
1.199888129256470315e-01
-1.247301490674251889e-01
1.599931089554805785e-01
8.985838552324444672e-02
1.838353612418143768e-01
-1.389883883033967427e-01
2.490708945349923431e-01
-1.147855714070656896e-01
1.290909065110912302e-01
6.702190328806895137e-02
-1.007174592944956731e-01
3.572386275047801513e-02
-2.300065326927943146e-02
-1.015261597693602053e-01
-5.981789275036007714e-02
-9.303220829922793922e-02
-9.741386824317604942e-02
7.028501695545319450e-02
1.257317361292912550e-01
9.294263568518186525e-02
2.337112069155470456e-02
1.273092267560615477e-02
-1.138448447715130207e-01
1.229552352919491415e-01
-4.435554686461855300e-02
-2.500703873619476020e-02
-1.478032328850983901e-01
-4.784770171652009269e-02
1.540728513101834729e-01
-2.831457178964023186e-02
1.369013860721680631e-01
1.512086495945225151e-01
-1.411078785333640950e-01
1.131512207944219417e-01
-5.150127811621445922e-02
2.130286033363072706e-01
-2.212560444934147386e-01
-3.508073865354952026e-02
8.145650442380614198e-02
1.826614765803631357e-01
1.728120171679435324e-01
8.282353032517020264e-02
-1.393850146601003093e-01
2.649172745770589366e-01
5.552967237448055426e-01
8.952367720988439748e-02
-1.163901282800733628e-01
6.293100513618546943e-01
-7.920506123240038387e-02
1.468514052684956050e-01
3.756373077278577499e-01
7.852217307830205995e-02
1.082036103388567538e-01
8.109114942519725366e-02
6.568080841020608462e-02
-1.522191403493595718e-01
-1.010912919409824168e-01
-8.851571395692089950e-02
-1.262765433336537624e-01
1.033421190699613107e-01
-9.161331987345448791e-02
2.287814780087649852e-03
-8.476423899496084158e-02
-9.429778499847311923e-02
3.586821797849489291e-01
-4.946980691408599945e-02
1.558470080977692185e-01
-1.824399617686219000e-01
-2.523859481724599618e-01
6.732734708037436608e-03
2.508526442838985848e-01
-6.253222236166136594e-02
6.373287651559611522e-01
-9.479337448046046277e-02
1.211969995525155885e-01
3.702591422936194476e-01
5.731044234836651236e-02
2.418794752401565995e-01
-4.425329772223670632e-01
8.496224946505365194e-02
9.136323649957642234e-02
2.965445594718911781e-01
1.129550589700929891e-01
-1.163913361151965864e-01
-7.749026823901607186e-02
8.238327870299512468e-02
1.074786293417367006e-01
1.662412708907543002e-01
5.488230249897865232e-01
-5.243063737046940731e-02
4.103153823273294476e-01
8.621430834261313569e-02
-1.331974815859555683e-01
-1.941460104796549901e-01
-1.177972580054244267e-01
-2.903020405733907489e-02
1.260509871909938073e-01
-1.646546318957072264e-01
6.441108362921436903e-02
-6.109674225428031978e-03
3.897532853462883085e-02
8.504129922230008187e-02
-2.082859511682483844e-01
-9.478755481330296273e-02
-2.768710123860784050e-02
5.574946549715129734e-02
-1.895615396272301023e-01
1.595351191868443486e-01
-1.192140787806162255e-01
1.317547004579202041e-01
1.068204877269934155e-01
6.654881750951720590e-03
-7.693397699996423755e-02
1.220905512263559256e-01
-1.250504514219088203e-01
-5.402967505231690004e-02
3.090638157576548473e-01
-1.036019607529943681e-01
1.078027036062303295e-01
-7.155715919347672982e-02
-1.439557660645218382e-03
-7.332897190930308395e-02
-9.179128569137817717e-02
1.251310251071393320e-01
-5.729551453406252215e-02
3.095925779229999897e-01
1.038798458248765405e-01
1.964129334674665772e-01
1.880505834104019280e-01
-2.998957673641302057e-01
2.137264613147696612e-01
-1.772589310513924821e-01
-1.197709071175779849e-01
-4.023516952538443991e-01
-9.800107576919975250e-02
-9.860682432346772053e-03
1.465450599434076628e-01
4.916607547228683817e-02
-1.498415634538103995e-02
3.487714581371598732e-01
4.104125099959921724e-02
-1.197922187271681232e-01
1.734451499885488468e-01
-1.178596588817526630e-01
-1.287177781857569148e-01
-1.036233124958582386e-01
2.399493819551535775e-02
-7.396642937187425382e-02
-1.229633232487551964e-01
-6.407484008054285807e-02
3.478081705114730027e-01
1.005205731844121819e-01
-9.905528852750263014e-02
1.338939629291754363e+00
4.620121412957634011e-01
-2.070891273323398618e-01
-1.117158303518895474e-01
-3.349062024169104923e-01
-2.567326371710098032e-01
-2.625054816711294703e-01
-2.305544283906709457e-01
-1.009250992170477867e-01
5.427440820203659477e-01
-3.094268716154428556e-01
-3.413004553194928792e-01
-2.635146573720205110e-01
-4.842106014142107395e-01
6.596710323945083054e-01
-1.510608798088497740e-01
8.307112804490345281e-01
-3.767118311317769336e-02
-3.794195751226081548e-01
-1.154064761798787447e-01
6.231922741646420683e-01
1.634024743456899409e-01
-3.573711713260712131e-01
-3.365322735131682230e-01
-2.291737857792858213e-01
-1.711299206894629776e-01
-1.246982086644054105e-01
5.206127012762337136e-01
-2.077372498505612730e-01
-4.207667679697937174e-02
5.638913321863704420e-01
-4.084932566582713531e-01
-4.613473167981119172e-01
-2.136600340390607811e-01
-5.636812010048340982e-01
-1.576797638184650463e-01
-6.153727141828935210e-01
5.519768982940481683e-01
1.874135932127252990e-01
-2.649402014933852634e-01
5.943719930094099047e-01
-2.186139953485924034e-02
2.144255915643112076e-01
-2.431963722534253580e-01
-1.221976459772333989e-01
-1.895624948515997610e-01
5.649536888711171878e-01
9.439638426878381450e-02
-2.920672307841313264e-01
1.629885272901683002e-01
-2.318791418105319857e-01
6.074275900285538432e-01
3.006430050509126817e-01
-1.205577928291811651e-01
-9.540206053142738507e-02
-1.669316592234628971e-01
-3.866632157208535481e-01
-1.517945623055166060e-01
-2.181704252419880419e-01
-1.480205366810345147e-01
-3.013101501356427736e-01
-2.446769466939994198e-01
-1.173887973413158814e-01
2.893475264696798721e-02
-1.247964534436149242e-01
5.603577032619835308e-01
-2.224362094510155818e-01
2.462619880582704590e-01
5.589495694269233095e-01
6.303791373618006233e-01
6.400144801998280952e-01
-5.091874669399049091e-01
-2.176080365978156905e-01
-1.006867139335226174e-01
-2.350838862854695219e-02
-3.954670054077609187e-01
-3.594109851976357572e-01
-1.606879231412776110e-01
9.343785306628907272e-02
-3.166611934731225486e-01
-1.414827567546520781e-01
-2.834101656943633363e-01
-6.534620107622887697e-02
-1.018509574704712650e-01
4.960168119284122379e-01
-3.719490856180956984e-01
2.582009460936766088e-01
-1.562072512568384586e-01
-4.961272484985598252e-01
-2.758123954491297769e-01
-2.575739901312427693e-01
4.449734471580781836e-01
1.264846313053617777e-01
-2.185523913788826045e-01
-2.309607809170403092e-01
-4.786374117522017024e-01
-4.817162477946077548e-01
-1.577104145910425970e-01
-2.202394145000700354e-01
-2.429104389384624807e-01
-3.093786580905899530e-01
-2.501445156167841355e-01
-6.555789434844783159e-02
6.109538401142025066e-01
-2.481549741370520923e-01
6.480214600099764022e-01
6.186074742132199322e-01
9.644414069224775954e-01
6.223090265899828832e-01
-1.293955699187979147e-01
5.614518773139951513e-01
6.347722903214280121e-01
5.622420476484715213e-01
6.712106434567172153e-01
-5.747744135606601690e-01
-4.749946965413339162e-01
-1.889321810838234528e-01
-2.590057802689531008e-01
5.057184441942456088e-01
1.588013987098772783e-01
-2.092455021652264713e-01
-5.605632816332121182e-01
-4.958784321458195032e-01
1.007532789071963197e+00
-2.055787985102959237e-01
6.406691775552699752e-01
-4.963062893730237901e-01
-1.447788351873639523e-01
-5.988994453453559685e-02
-4.920153700246794326e-01
-4.957137999607109657e-01
-1.282219492689854190e-01
2.430086077716647475e-01
8.626397734314628085e-01
-2.849061362490289961e-01
5.169220059596880690e-01
5.492631709137472118e-01
-6.764201682827208906e-01
-5.405829520665632604e-01
-5.969848376931565781e-01
6.023708215911521835e-01
-5.567508076393665739e-01
-2.173474971750490592e-01
6.851537643512112252e-01
-2.369681864762279710e-01
-4.902063590839413898e-01
-4.879950880296054505e-01
6.704173264218573625e-01
-4.834029826742110986e-02
5.359424725157716507e-01
-7.960103519233073521e-02
-5.939496863303972418e-02
4.182339521065838728e-01
-3.409025708427749768e-01
-3.033510755954819671e-01
2.412097860853969766e-01
-1.208439066848144144e-01
-1.410718807440268785e-01
-1.385627167977364071e-01
-1.251054508006776422e-01
-4.748381536907624878e-01
-5.336730059311721730e-01
-1.509472044914209887e-01
-1.845191073643401847e-01
-3.354740788723236666e-01
1.021920944359824945e+00
-1.060791362348704747e-01
6.542278255841225132e-01
-2.133719644531956172e-01
-2.195977433843246118e-01
5.271625664369321562e-01
-2.474487730332203261e-01
-7.015485049369699633e-01
-4.503727724605374183e-01
-3.379114769619456782e-01
-2.673236644222398151e-01
-1.472297393853502501e-01
-2.287669793718576372e-01
-3.959459027316691859e-01
5.641057157320726878e-01
-5.627072922959152068e-01
6.731483683991332789e-01
3.412699401568142776e-01
-2.076884564357335539e-01
