-2.912000000000000144e-01
-1.905000000000000027e-01
8.387999999999999901e-01
-3.094999999999999973e-01
-5.899999999999999689e-01
-8.981000000000000094e-01
9.675000000000000266e-01
9.526999999999999913e-01
-8.711999999999999744e-01
-2.366999999999999937e-01
-8.536000000000000254e-01
7.701000000000000068e-01
-6.352999999999999758e-01
4.660000000000000253e-02
3.847999999999999754e-01
5.210000000000000048e-02
1.375000000000000111e-01
4.743999999999999884e-01
-4.623999999999999777e-01
-3.377999999999999892e-01
-9.246999999999999664e-01
-5.374999999999999778e-01
3.544999999999999818e-01
9.684000000000000385e-01
-8.771999999999999797e-01
-3.728000000000000203e-01
6.044000000000000483e-01
-2.071000000000000063e-01
6.572000000000000064e-01
-7.643999999999999684e-01
-3.013000000000000123e-01
-4.203999999999999959e-01
4.995999999999999885e-01
-5.759999999999999565e-01
-8.338999999999999746e-01
-6.222999999999999643e-01
2.626000000000000001e-01
-3.921999999999999931e-01
-3.225000000000000089e-01
-6.912000000000000366e-01
4.877000000000000224e-01
6.861000000000000432e-01
-3.695999999999999841e-01
-9.879000000000000004e-01
-4.809999999999999692e-02
5.254999999999999671e-01
8.895999999999999464e-01
1.618999999999999884e-01
-4.783000000000000029e-01
5.637999999999999678e-01
5.181999999999999940e-01
4.456999999999999851e-01
-6.976999999999999869e-01
-4.748999999999999888e-01
7.236000000000000210e-01
3.561000000000000276e-01
-9.381000000000000449e-01
1.648000000000000020e-01
4.796000000000000263e-01
-9.240000000000000435e-01
7.973000000000000087e-01
-7.446000000000000396e-01
-4.243999999999999995e-01
-5.703000000000000291e-01
-4.320999999999999841e-01
1.260000000000000009e-01
-1.375000000000000111e-01
-8.336000000000000076e-01
9.919000000000000039e-01
-4.928000000000000158e-01
6.232999999999999652e-01
4.616999999999999993e-01
-4.880999999999999783e-01
5.322999999999999954e-01
6.555999999999999606e-01
-7.651000000000000023e-01
6.690000000000000391e-01
3.143000000000000238e-01
6.479000000000000314e-01
5.100000000000000366e-03
3.311999999999999944e-01
6.418000000000000371e-01
-4.512999999999999790e-01
7.681000000000000050e-01
8.738000000000000211e-01
8.284000000000000252e-01
-2.175999999999999879e-01
2.651999999999999913e-01
8.092000000000000304e-01
9.209000000000000519e-01
-3.104999999999999982e-01
-9.596000000000000085e-01
-5.782000000000000473e-01
-2.674000000000000266e-01
1.183000000000000024e-01
-5.281000000000000139e-01
-5.482000000000000206e-01
-6.884000000000000119e-01
-2.169999999999999984e-01
-9.640999999999999570e-01
-6.574999999999999734e-01
-9.304999999999999938e-01
4.702000000000000068e-01
2.918000000000000038e-01
-2.649000000000000243e-01
-8.637000000000000233e-01
-6.909999999999999476e-02
-4.092000000000000082e-01
4.132000000000000117e-01
7.910000000000000364e-01
