-2.833854000000001960e+01 2.328015753115751929e-01 0.000000000000000000e+00 3.099299796972721399e+00
-2.814787400000001938e+01 2.312352509646484755e-01 0.000000000000000000e+00 3.270270501233248694e+00
-2.795626000000001810e+01 2.296611387820253480e-01 0.000000000000000000e+00 3.331640212789301891e+00
-2.839550200000003244e+01 2.332695190847159650e-01 0.000000000000000000e+00 3.920382750072582301e+00
-2.882598400000001959e+01 2.368059358423638405e-01 0.000000000000000000e+00 3.332439528067427936e+00
-2.936734000000002709e+01 2.412531843457932645e-01 0.000000000000000000e+00 3.508492843534287697e+00
-2.881664400000001791e+01 2.367292075877180380e-01 0.000000000000000000e+00 2.929020844297163695e+00
-2.714795200000002851e+01 2.230208751785741350e-01 0.000000000000000000e+00 3.338762785263215793e+00
-2.925021600000001953e+01 2.402910087465282840e-01 0.000000000000000000e+00 3.406746980157481897e+00
-2.698940800000001872e+01 2.217184335935030448e-01 0.000000000000000000e+00 2.860786696410551500e+00
-2.878472800000000831e+01 2.364670171192730652e-01 0.000000000000000000e+00 2.782079873955214833e+00
-2.923150400000001170e+01 2.401372893567067790e-01 0.000000000000000000e+00 2.250305911052355334e+00
-2.796265400000002188e+01 2.297136655978931907e-01 0.000000000000000000e+00 3.379464844473802465e+00
-2.935692400000002067e+01 2.411676167333316745e-01 0.000000000000000000e+00 3.518360415126811525e+00
-2.839682000000001594e+01 2.332803464765384471e-01 0.000000000000000000e+00 3.506186748355459848e+00
-2.806762400000002700e+01 2.305759958859199266e-01 0.000000000000000000e+00 3.239783570995588668e+00
-2.848118800000002082e+01 2.339734309934503320e-01 0.000000000000000000e+00 2.981968386898258494e+00
-2.908248600000002071e+01 2.389131040193613054e-01 0.000000000000000000e+00 3.401464951690638561e+00
-2.967737799999999737e+01 2.438001516492056264e-01 0.000000000000000000e+00 3.603288279357838242e+00
-3.011991200000002067e+01 2.474355757864031558e-01 0.000000000000000000e+00 3.493536173132583134e+00
-2.904096799999999234e+01 2.385720329619323565e-01 0.000000000000000000e+00 3.162274221808593744e+00
-2.993996600000002317e+01 2.459573164169714110e-01 0.000000000000000000e+00 3.428185481121717171e+00
-2.942076400000001968e+01 2.416920633903539284e-01 0.000000000000000000e+00 3.099663697089499070e+00
-2.972860200000002351e+01 2.442209576573403373e-01 0.000000000000000000e+00 3.159226882218067356e+00
-2.965125200000001371e+01 2.435855261266280103e-01 0.000000000000000000e+00 3.123939759002203331e+00
-2.975811000000001982e+01 2.444633663659150635e-01 0.000000000000000000e+00 3.398154622361194477e+00
-2.837302200000001662e+01 2.330848455125062724e-01 0.000000000000000000e+00 2.708386320547586656e+00
-2.907829400000001741e+01 2.388786666699528050e-01 0.000000000000000000e+00 2.879263932236638013e+00
-3.027309600000002732e+01 2.486939848827267596e-01 0.000000000000000000e+00 2.949115893949139977e+00
-3.036913400000001673e+01 2.494829386428629725e-01 0.000000000000000000e+00 2.895852605498373311e+00
-3.053804800000001762e+01 2.508705699496338593e-01 0.000000000000000000e+00 3.323759664046032292e+00
-3.039905400000001734e+01 2.497287319382593684e-01 0.000000000000000000e+00 2.851655403672920919e+00
-3.047663800000002254e+01 2.503660857828460817e-01 0.000000000000000000e+00 2.997350879746845997e+00
-3.158451200000002501e+01 2.594672890363212692e-01 0.000000000000000000e+00 2.942972978087555092e+00
-3.206775200000000581e+01 2.634371136375025513e-01 0.000000000000000000e+00 3.286671668152810533e+00
-3.228751600000002497e+01 2.652424785362156867e-01 0.000000000000000000e+00 3.161647483167948192e+00
-3.149820800000001597e+01 2.587583002473542448e-01 0.000000000000000000e+00 2.576279876636782706e+00
-3.167043200000001590e+01 2.601731232589300502e-01 0.000000000000000000e+00 2.950014069642188819e+00
-3.288508200000001835e+01 2.701514931203345404e-01 0.000000000000000000e+00 3.062508881450902276e+00
-3.355903800000002235e+01 2.756880528192706126e-01 0.000000000000000000e+00 2.804369305597565809e+00
-3.358238000000001477e+01 2.758798077357526024e-01 0.000000000000000000e+00 3.662182006190386918e+00
-3.467219200000001678e+01 2.848326313601686199e-01 0.000000000000000000e+00 3.453836377473547437e+00
-3.444803400000002824e+01 2.829911696787026920e-01 0.000000000000000000e+00 3.405777399091968860e+00
-3.471818400000001503e+01 2.852104564016749721e-01 0.000000000000000000e+00 3.071135048052719529e+00
-3.363158200000000875e+01 2.762840029804080610e-01 0.000000000000000000e+00 2.816143102438173784e+00
-3.395468000000001751e+01 2.789382584000599241e-01 0.000000000000000000e+00 3.260078548784127506e+00
-3.416231000000001217e+01 2.806439422878657663e-01 0.000000000000000000e+00 3.307110115838725495e+00
-3.487396400000003638e+01 2.864901916809816096e-01 0.000000000000000000e+00 2.849965344305332771e+00
-3.424025000000001029e+01 2.812842206783468524e-01 0.000000000000000000e+00 3.924002798048302765e+00
-3.608145800000001913e+01 2.964097748839014113e-01 0.000000000000000000e+00 3.305444270913846072e+00
-3.536866400000000255e+01 2.905541603719102306e-01 0.000000000000000000e+00 3.689544140397758021e+00
-3.437724200000002384e+01 2.824096122265736253e-01 0.000000000000000000e+00 3.099126861891421392e+00
-3.519659200000003807e+01 2.891405860428514774e-01 0.000000000000000000e+00 3.288135435955744867e+00
-3.519571200000000744e+01 2.891333568282807298e-01 0.000000000000000000e+00 3.075581152319185829e+00
-3.518822600000004286e+01 2.890718592143325938e-01 0.000000000000000000e+00 3.600542386375259696e+00
-3.606233800000000400e+01 2.962527037673244878e-01 0.000000000000000000e+00 3.005213006880416593e+00
-3.548728200000000754e+01 2.915286092059118928e-01 0.000000000000000000e+00 3.265670687882189061e+00
-3.456504600000000949e+01 2.839524251961130230e-01 0.000000000000000000e+00 3.517118509746294919e+00
-3.563598000000002486e+01 2.927501657379592559e-01 0.000000000000000000e+00 3.351035434373119681e+00
-3.657269400000002690e+01 3.004452867574756714e-01 0.000000000000000000e+00 2.816291042474699857e+00
-3.691333999999999804e+01 3.032436992876758608e-01 0.000000000000000000e+00 3.169204457164783939e+00
-3.838377400000000961e+01 3.153233389441897350e-01 0.000000000000000000e+00 3.115808219439583748e+00
-3.714038200000000955e+01 3.051088530768934493e-01 0.000000000000000000e+00 3.380088156891710049e+00
-3.738822400000003654e+01 3.071448792105043180e-01 0.000000000000000000e+00 3.039604417614206966e+00
-3.800990600000002928e+01 3.122520071339205949e-01 0.000000000000000000e+00 3.015889335838476182e+00
-3.872193200000003799e+01 3.181013125131956776e-01 0.000000000000000000e+00 3.322974160551497746e+00
-4.071594200000000541e+01 3.344821376787485145e-01 0.000000000000000000e+00 3.753357127358241563e+00
-3.944249000000002781e+01 3.240207084137380344e-01 0.000000000000000000e+00 3.453395563891728859e+00
-3.893333000000002642e+01 3.198379505833895964e-01 0.000000000000000000e+00 3.433633992999077122e+00
-3.953568000000002769e+01 3.247862658067189323e-01 0.000000000000000000e+00 2.800351577278045401e+00
-3.903041000000000338e+01 3.206354643907785018e-01 0.000000000000000000e+00 3.402168592473947317e+00
-3.885038600000003584e+01 3.191565642500555078e-01 0.000000000000000000e+00 3.713434150119908406e+00
-3.928875200000001655e+01 3.227577481982416008e-01 0.000000000000000000e+00 3.361354304217394784e+00
-3.928746200000000499e+01 3.227471508268825451e-01 0.000000000000000000e+00 3.145620597656367146e+00
-3.784308599999999956e+01 3.108815780718205968e-01 0.000000000000000000e+00 3.610517460913268639e+00
-3.952864600000003747e+01 3.247284813802545078e-01 0.000000000000000000e+00 3.426116766023639570e+00
-3.822983400000003940e+01 3.140587192953490647e-01 0.000000000000000000e+00 2.493221699827131044e+00
-3.891163000000003080e+01 3.196596847240947836e-01 0.000000000000000000e+00 2.998017023607168152e+00
-3.893833600000003514e+01 3.198790749562758773e-01 0.000000000000000000e+00 2.991829263666850647e+00
-3.943514600000003867e+01 3.239603773321408364e-01 0.000000000000000000e+00 3.346538239942580262e+00
-3.924346200000003648e+01 3.223856900983586571e-01 0.000000000000000000e+00 2.981271868734733044e+00
-3.900445400000001683e+01 3.204222354210156110e-01 0.000000000000000000e+00 2.786545271656991840e+00
-3.915501400000003684e+01 3.216590883138927826e-01 0.000000000000000000e+00 4.105702160472564977e+00
-3.830059600000002717e+01 3.146400302969812879e-01 0.000000000000000000e+00 2.710687900091231395e+00
-3.775812800000000635e+01 3.101836466951399807e-01 0.000000000000000000e+00 3.078226715289702042e+00
-3.759235800000001149e+01 3.088218434004254553e-01 0.000000000000000000e+00 2.639268008452419600e+00
-3.876233400000003115e+01 3.184332156121463253e-01 0.000000000000000000e+00 2.879617292761612379e+00
-4.018546400000003871e+01 3.301242521254304507e-01 0.000000000000000000e+00 2.983658904514537635e+00
-3.819182400000003952e+01 3.137464665160035748e-01 0.000000000000000000e+00 2.809413382929941250e+00
-3.921039400000000086e+01 3.221140359308394263e-01 0.000000000000000000e+00 3.140948594468707444e+00
-3.908989800000001935e+01 3.211241592957432278e-01 0.000000000000000000e+00 3.072995391989365999e+00
-3.822544800000004983e+01 3.140226882327285529e-01 0.000000000000000000e+00 2.575301587927876223e+00
-4.032446400000002740e+01 3.312661394269042492e-01 0.000000000000000000e+00 3.060117722351626490e+00
-3.952392000000002525e+01 3.246896572120043234e-01 0.000000000000000000e+00 3.061778566569938853e+00
-3.909565200000002960e+01 3.211714285010143777e-01 0.000000000000000000e+00 3.177600388085259908e+00
-4.012710800000002820e+01 3.296448566192087259e-01 0.000000000000000000e+00 3.180075023055051187e+00
-3.779262800000001477e+01 3.104670647663691496e-01 0.000000000000000000e+00 2.991836888483208501e+00
-3.977690800000001303e+01 3.267679578208190772e-01 0.000000000000000000e+00 2.944794574635731799e+00
-3.950778000000003232e+01 3.245570668447684826e-01 0.000000000000000000e+00 3.235423956295325976e+00
-3.888057200000001501e+01 3.194045427398560233e-01 0.000000000000000000e+00 3.066626499014936780e+00
-3.964344600000002572e+01 3.256715652810400208e-01 0.000000000000000000e+00 3.688081680207588420e+00
-3.912567800000000773e+01 3.214180925881656714e-01 0.000000000000000000e+00 3.176896687642762451e+00
-3.872747800000002627e+01 3.181468729950227003e-01 0.000000000000000000e+00 4.059934423702387107e+00
-3.967782400000003662e+01 3.259539811202492587e-01 0.000000000000000000e+00 2.723032356764024442e+00
-3.880307400000003071e+01 3.187678953866933673e-01 0.000000000000000000e+00 3.440845847107887767e+00
-3.885420600000001912e+01 3.191879456133045467e-01 0.000000000000000000e+00 2.779664079763465523e+00
-3.903039200000001330e+01 3.206353165204805511e-01 0.000000000000000000e+00 3.201149234975123381e+00
-3.968494400000001576e+01 3.260124720381374908e-01 0.000000000000000000e+00 3.201529910360565445e+00
-3.940486200000002270e+01 3.237115937707173985e-01 0.000000000000000000e+00 3.030676955640522863e+00
-3.920582600000001605e+01 3.220765097352055184e-01 0.000000000000000000e+00 3.399638070534906742e+00
-3.992490400000003348e+01 3.279837474112431428e-01 0.000000000000000000e+00 2.780242048176468472e+00
-3.937641200000003749e+01 3.234778765496604813e-01 0.000000000000000000e+00 3.255942058194401412e+00
-3.902342800000003820e+01 3.205781071451752617e-01 0.000000000000000000e+00 2.820024005560121338e+00
-3.814872200000003488e+01 3.133923828723479410e-01 0.000000000000000000e+00 3.355839920803220799e+00
-3.966968000000000671e+01 3.258870780254057853e-01 0.000000000000000000e+00 3.553608692668068780e+00
-3.926377600000000001e+01 3.225525699447047145e-01 0.000000000000000000e+00 2.760610843951282867e+00
-3.839730400000001964e+01 3.154344881182109539e-01 0.000000000000000000e+00 3.389615512295746758e+00
-3.875353400000002324e+01 3.183609234664414034e-01 0.000000000000000000e+00 2.581031766452784648e+00
-3.908180400000001953e+01 3.210576669517278825e-01 0.000000000000000000e+00 2.881023185876780968e+00
-4.036406400000001327e+01 3.315914540825757872e-01 0.000000000000000000e+00 2.787105985724368740e+00
-3.925669400000003861e+01 3.224943911974457733e-01 0.000000000000000000e+00 2.865409708142832024e+00
-3.853161000000001479e+01 3.165378141319644678e-01 0.000000000000000000e+00 3.229604641704177492e+00
-3.932086400000000026e+01 3.230215488099316135e-01 0.000000000000000000e+00 3.734671953668647681e+00
-3.924487000000002013e+01 3.223972568416713091e-01 0.000000000000000000e+00 2.515583096029686327e+00
-3.948213200000001422e+01 3.243463681001050314e-01 0.000000000000000000e+00 3.835363003611353960e+00
-4.007104200000003402e+01 3.291842735009035126e-01 0.000000000000000000e+00 3.395350035634147279e+00
-3.858181400000003691e+01 3.169502408232106605e-01 0.000000000000000000e+00 2.720217266018924551e+00
-3.797272400000002079e+01 3.119465563882845571e-01 0.000000000000000000e+00 3.220652271130708844e+00
-3.951355400000003470e+01 3.246045003503707504e-01 0.000000000000000000e+00 3.354367067709396633e+00
-3.792595800000002271e+01 3.115623729239628270e-01 0.000000000000000000e+00 3.837772941977909191e+00
-4.005152800000001179e+01 3.290239656678028979e-01 0.000000000000000000e+00 3.106322706283382029e+00
-3.972921400000003445e+01 3.263761508211322493e-01 0.000000000000000000e+00 3.273617042356060658e+00
-4.033171200000002443e+01 3.313256818669119697e-01 0.000000000000000000e+00 3.290753411363422032e+00
-4.088769200000003678e+01 3.358930667724763786e-01 0.000000000000000000e+00 3.818574693208465209e+00
-4.023793000000002706e+01 3.305552611841291455e-01 0.000000000000000000e+00 3.243112449717886481e+00
-3.947078400000002318e+01 3.242531440922121200e-01 0.000000000000000000e+00 2.705578528127140725e+00
-3.985228400000001869e+01 3.273871729088471128e-01 0.000000000000000000e+00 2.862001574046112662e+00
-3.995526000000003108e+01 3.282331224538585501e-01 0.000000000000000000e+00 2.817867202640530699e+00
-4.060867800000003314e+01 3.336009621427394323e-01 0.000000000000000000e+00 3.342013684742488167e+00
-4.002286200000003191e+01 3.287884740031696285e-01 0.000000000000000000e+00 2.984112492625307311e+00
-3.838858600000001076e+01 3.153628696038637824e-01 0.000000000000000000e+00 2.824105251888005430e+00
-4.049351400000003309e+01 3.326548879759269606e-01 0.000000000000000000e+00 3.275074880692875556e+00
-3.976521000000003880e+01 3.266718585571312117e-01 0.000000000000000000e+00 3.314675692517393024e+00
-3.983072600000001273e+01 3.272100735819034045e-01 0.000000000000000000e+00 2.590539855386801982e+00
-4.067195200000001165e+01 3.341207591003900745e-01 0.000000000000000000e+00 3.093731517034228329e+00
-3.982109200000000726e+01 3.271309301123896951e-01 0.000000000000000000e+00 2.611399748177945845e+00
-4.051152400000003695e+01 3.328028404241251681e-01 0.000000000000000000e+00 3.047411383059399625e+00
-3.954882800000001453e+01 3.248942768444150753e-01 0.000000000000000000e+00 3.112435556692157324e+00
-3.830434400000002881e+01 3.146708201790383019e-01 0.000000000000000000e+00 2.734035976440084337e+00
-4.021472000000001401e+01 3.303645906498325346e-01 0.000000000000000000e+00 2.717868514148912951e+00
-4.037213400000003105e+01 3.316577492661939019e-01 0.000000000000000000e+00 3.014987750321699078e+00
-4.069411400000002743e+01 3.343028202973345464e-01 0.000000000000000000e+00 2.867012484462641009e+00
-4.022081400000003271e+01 3.304146529607333016e-01 0.000000000000000000e+00 2.652661971749826542e+00
-4.085833200000002563e+01 3.356518738863520368e-01 0.000000000000000000e+00 3.773126426998858474e+00
-4.053447000000002021e+01 3.329913421940503548e-01 0.000000000000000000e+00 2.428454558380949369e+00
-3.864302800000001525e+01 3.174531148467530928e-01 0.000000000000000000e+00 3.034609729657059773e+00
-3.951647400000002364e+01 3.246284881987181459e-01 0.000000000000000000e+00 2.757191772882054082e+00
-3.961506000000002103e+01 3.254383738210425703e-01 0.000000000000000000e+00 2.668480979164291611e+00
-4.054170400000002417e+01 3.330507696238263482e-01 0.000000000000000000e+00 3.076460658782156354e+00
-3.877622200000003261e+01 3.185473057620950010e-01 0.000000000000000000e+00 2.904788795520565792e+00
-4.000985000000002856e+01 3.286815802077251436e-01 0.000000000000000000e+00 3.436804490005977986e+00
-4.079883600000000143e+01 3.351631132612547526e-01 0.000000000000000000e+00 2.900965450005438040e+00
-3.989435600000000903e+01 3.277327950854485583e-01 0.000000000000000000e+00 3.043326882011151646e+00
-3.988907000000001801e+01 3.276893705079264030e-01 0.000000000000000000e+00 3.213591474149642302e+00
-3.865371600000002417e+01 3.175409169437182766e-01 0.000000000000000000e+00 3.038239590858263117e+00
-4.088592200000002208e+01 3.358785261931697130e-01 0.000000000000000000e+00 3.500338381437088309e+00
-4.008094000000001955e+01 3.292655857347882020e-01 0.000000000000000000e+00 2.850446089490364265e+00
-4.040712600000000521e+01 3.319452091255690185e-01 0.000000000000000000e+00 2.738047056675559698e+00
-3.987542000000001252e+01 3.275772355319183093e-01 0.000000000000000000e+00 2.770752316755880074e+00
-4.017643400000000753e+01 3.300500705259171719e-01 0.000000000000000000e+00 2.946645188740455001e+00
-4.025576400000002053e+01 3.307017677894131258e-01 0.000000000000000000e+00 3.240566772834029940e+00
-4.050763800000000003e+01 3.327709168697829401e-01 0.000000000000000000e+00 2.999476167289444550e+00
-4.085915800000002918e+01 3.356586594900284326e-01 0.000000000000000000e+00 3.555832779162948043e+00
-3.911614600000002895e+01 3.213397870503410525e-01 0.000000000000000000e+00 2.920693693974813154e+00
-3.913123000000004481e+01 3.214637023600924737e-01 0.000000000000000000e+00 3.046319304430423092e+00
-4.008249600000001323e+01 3.292783683005514050e-01 0.000000000000000000e+00 2.977811557758346606e+00
-3.968167800000002643e+01 3.259856417940612539e-01 0.000000000000000000e+00 2.722650245238074973e+00
-4.042477000000001652e+01 3.320901548777072665e-01 0.000000000000000000e+00 3.703016145855246855e+00
-3.904355600000003079e+01 3.207434589984418660e-01 0.000000000000000000e+00 2.632572480045118457e+00
-4.066100800000005222e+01 3.340308539591865800e-01 0.000000000000000000e+00 3.586941848790138998e+00
-4.083604600000001028e+01 3.354687940273544111e-01 0.000000000000000000e+00 2.673908644187116934e+00
-4.125013200000000779e+01 3.388705173735278020e-01 0.000000000000000000e+00 3.198934126112646048e+00
-4.074717200000004169e+01 3.347386926458353340e-01 0.000000000000000000e+00 3.378398301212028887e+00
-4.080615800000002480e+01 3.352232636124879983e-01 0.000000000000000000e+00 3.171753364288393939e+00
-4.099861200000001560e+01 3.368042764090192209e-01 0.000000000000000000e+00 3.123335360604755806e+00
-4.049479000000001605e+01 3.326653703370540116e-01 0.000000000000000000e+00 3.258834243493470506e+00
-4.044931000000002541e+01 3.322917513840251136e-01 0.000000000000000000e+00 3.286062030851831128e+00
-4.127341400000000959e+01 3.390617793890164378e-01 0.000000000000000000e+00 3.214364656483847504e+00
-4.050787000000001825e+01 3.327728227536244088e-01 0.000000000000000000e+00 2.829238229397953663e+00
-4.073203800000000996e+01 3.346143665852558957e-01 0.000000000000000000e+00 2.705403049670728421e+00
-4.055203600000002240e+01 3.331356471748970760e-01 0.000000000000000000e+00 2.687709551990807189e+00
-4.078659000000001100e+01 3.350625121684933649e-01 0.000000000000000000e+00 3.500647849926056043e+00
-4.102100400000003333e+01 3.369882270597718832e-01 0.000000000000000000e+00 3.069670060443604687e+00
-4.101701600000001235e+01 3.369554655737409532e-01 0.000000000000000000e+00 3.008370190010773104e+00
-4.145642000000003691e+01 3.405651767091139592e-01 0.000000000000000000e+00 3.557587659006472780e+00
-4.168039800000001804e+01 3.424051596875994918e-01 0.000000000000000000e+00 3.465943049360462602e+00
-4.159135800000003513e+01 3.416736946133317465e-01 0.000000000000000000e+00 3.224297671208664173e+00
-4.093279200000004181e+01 3.362635640192135900e-01 0.000000000000000000e+00 3.032518897313191797e+00
-4.068536400000002828e+01 3.342309389024575861e-01 0.000000000000000000e+00 2.731923218803629538e+00
-4.047263400000004196e+01 3.324833584302092637e-01 0.000000000000000000e+00 3.239035642997788234e+00
-3.980135600000001972e+01 3.269687985456136148e-01 0.000000000000000000e+00 3.757341755488765145e+00
-4.082213200000004605e+01 3.353544902869755595e-01 0.000000000000000000e+00 2.411705818319715977e+00
-4.195288600000002788e+01 3.446436531192830777e-01 0.000000000000000000e+00 3.179950971765496348e+00
-4.140318000000003451e+01 3.401278092275997755e-01 0.000000000000000000e+00 2.704061547174748004e+00
-4.115935400000002886e+01 3.381247746004834576e-01 0.000000000000000000e+00 3.137099243524376302e+00
-4.051055800000003870e+01 3.327949047181307796e-01 0.000000000000000000e+00 2.890184806686942665e+00
-4.098097400000003177e+01 3.366593799469805304e-01 0.000000000000000000e+00 2.237460057568885663e+00
-4.068032200000004650e+01 3.341895187889755148e-01 0.000000000000000000e+00 3.017883043820250411e+00
-4.118438600000003191e+01 3.383304128949474188e-01 0.000000000000000000e+00 3.197606228055764443e+00
-4.181949600000002221e+01 3.435478520606959907e-01 0.000000000000000000e+00 3.215529733190838790e+00
-4.088667000000001650e+01 3.358846710255545820e-01 0.000000000000000000e+00 2.650177376244004179e+00
-4.126058200000003495e+01 3.389563642965525148e-01 0.000000000000000000e+00 3.197522222804603409e+00
-4.139598600000002193e+01 3.400687103984859627e-01 0.000000000000000000e+00 2.890021004188464193e+00
-4.021075000000001864e+01 3.303319770340998329e-01 0.000000000000000000e+00 2.409535336801045258e+00
-4.116205800000005155e+01 3.381469880052547228e-01 0.000000000000000000e+00 2.783533163473640659e+00
-4.159348000000000667e+01 3.416911268784662559e-01 0.000000000000000000e+00 3.269397326910896684e+00
-4.160298600000000135e+01 3.417692188258605324e-01 0.000000000000000000e+00 3.596895003424565918e+00
-4.119228800000001200e+01 3.383953279557835869e-01 0.000000000000000000e+00 2.818158211475191077e+00
-4.001361200000002327e+01 3.287124851000138848e-01 0.000000000000000000e+00 2.883692762648180530e+00
-4.117417800000004036e+01 3.382465540059299003e-01 0.000000000000000000e+00 3.039972087178473004e+00
-4.178575600000002765e+01 3.432706774020505280e-01 0.000000000000000000e+00 3.520443919675443123e+00
-4.248571600000002491e+01 3.490208603915442853e-01 0.000000000000000000e+00 2.937579783424415947e+00
-4.333470000000002642e+01 3.559952780084830182e-01 0.000000000000000000e+00 3.361613235133730004e+00
-4.185358400000001922e+01 3.438278855451034621e-01 0.000000000000000000e+00 2.864077697041564008e+00
-4.293981200000002474e+01 3.527512665501779110e-01 0.000000000000000000e+00 2.561973105831921060e+00
-4.187888200000002570e+01 3.440357090339717372e-01 0.000000000000000000e+00 3.023937612671480757e+00
-4.222417200000001714e+01 3.468722721010645271e-01 0.000000000000000000e+00 2.932987806718533541e+00
-4.387910800000002354e+01 3.604675987424454386e-01 0.000000000000000000e+00 4.499423079868409836e+00
-4.319020200000001353e+01 3.548082245459766582e-01 0.000000000000000000e+00 3.349902739850905586e+00
-4.271304400000002488e+01 3.508883636754971946e-01 0.000000000000000000e+00 2.918662215908120139e+00
-4.325241800000000580e+01 3.553193300161096579e-01 0.000000000000000000e+00 2.955667492280762421e+00
-4.462223600000002222e+01 3.665724075666876303e-01 0.000000000000000000e+00 3.507284532947753775e+00
-4.345818000000001291e+01 3.570096682529864673e-01 0.000000000000000000e+00 2.794796204637208348e+00
-4.472178400000002085e+01 3.673901960349402751e-01 0.000000000000000000e+00 3.648526948493436617e+00
-4.399173400000003653e+01 3.613928231972354244e-01 0.000000000000000000e+00 3.118662512603630255e+00
-4.348128000000004789e+01 3.571994351354618735e-01 0.000000000000000000e+00 2.902397337416505962e+00
-4.429094200000002957e+01 3.638508218713317199e-01 0.000000000000000000e+00 3.189622997423507744e+00
-4.408215000000001282e+01 3.621355921342860329e-01 0.000000000000000000e+00 3.750640284880123243e+00
-4.357541000000002640e+01 3.579727146440065955e-01 0.000000000000000000e+00 2.918302143491498413e+00
-4.357024000000002673e+01 3.579302430084049802e-01 0.000000000000000000e+00 2.844508924687398910e+00
-4.292654600000004450e+01 3.526422861405280607e-01 0.000000000000000000e+00 2.415567568641106444e+00
-4.436459800000002929e+01 3.644559071308810516e-01 0.000000000000000000e+00 3.622860699290079811e+00
-4.479128600000002791e+01 3.679611561157103417e-01 0.000000000000000000e+00 2.754560368340531085e+00
-4.314985400000003324e+01 3.544767650579202511e-01 0.000000000000000000e+00 3.019483581621335233e+00
-4.331534200000003665e+01 3.558362517179656237e-01 0.000000000000000000e+00 2.833867735027928436e+00
-4.501263400000002690e+01 3.697795336006501898e-01 0.000000000000000000e+00 3.427482562347466732e+00
-4.466692200000002799e+01 3.669395037965701434e-01 0.000000000000000000e+00 3.568002333637751988e+00
-4.513213600000002401e+01 3.707612445092884901e-01 0.000000000000000000e+00 3.363336568623845668e+00
-4.389707000000003490e+01 3.606151568698489629e-01 0.000000000000000000e+00 3.693766542734153280e+00
-4.407796800000003401e+01 3.621012369350433135e-01 0.000000000000000000e+00 3.170279007346230582e+00
-4.442392200000001878e+01 3.649432547731301102e-01 0.000000000000000000e+00 2.994462963321308013e+00
-4.306199800000003108e+01 3.537550265632563029e-01 0.000000000000000000e+00 3.327562594178775424e+00
-4.391209800000003582e+01 3.607386121386730315e-01 0.000000000000000000e+00 3.116162009441561409e+00
-4.336214600000003117e+01 3.562207473529165336e-01 0.000000000000000000e+00 3.180588263212459132e+00
-4.278459800000003099e+01 3.514761809702429685e-01 0.000000000000000000e+00 2.810536910853277615e+00
-4.370154800000000961e+01 3.590089404025194608e-01 0.000000000000000000e+00 3.464574233216934029e+00
-4.377797400000002170e+01 3.596367812579328027e-01 0.000000000000000000e+00 3.312177037752991549e+00
-4.390248400000002249e+01 3.606596329694904401e-01 0.000000000000000000e+00 2.761474427233876483e+00
-4.385165600000002684e+01 3.602420801079126433e-01 0.000000000000000000e+00 2.596434633516748747e+00
-4.367490600000003553e+01 3.587900759313983334e-01 0.000000000000000000e+00 2.619604455060675630e+00
-4.410054600000003688e+01 3.622867155788755400e-01 0.000000000000000000e+00 3.422298046027321572e+00
-4.527436000000002281e+01 3.719296170241432886e-01 0.000000000000000000e+00 3.026482068259277014e+00
-4.522740200000001920e+01 3.715438562766424924e-01 0.000000000000000000e+00 3.569400936466577523e+00
-4.465291800000002098e+01 3.668244607047007055e-01 0.000000000000000000e+00 2.760733890730923346e+00
-4.424441200000003249e+01 3.634685771509175156e-01 0.000000000000000000e+00 2.876996280048012000e+00
-4.376508200000002091e+01 3.595308732644752481e-01 0.000000000000000000e+00 3.028962617240830824e+00
-4.434504600000003194e+01 3.642952871271514792e-01 0.000000000000000000e+00 2.960423960882234695e+00
-4.431346800000002872e+01 3.640358733343029285e-01 0.000000000000000000e+00 3.257078630402130859e+00
-4.489647800000000899e+01 3.688253101374126541e-01 0.000000000000000000e+00 3.260893812264460401e+00
-4.546663800000001743e+01 3.735091839777604505e-01 0.000000000000000000e+00 3.405934548704153464e+00
-4.413162200000002855e+01 3.625420054334121955e-01 0.000000000000000000e+00 3.196352449295472908e+00
-4.455671600000000154e+01 3.660341596818488252e-01 0.000000000000000000e+00 2.589307148492886679e+00
-4.493624800000002040e+01 3.691520213458991950e-01 0.000000000000000000e+00 2.804181776643697610e+00
-4.344856200000000968e+01 3.569306562237377078e-01 0.000000000000000000e+00 3.240121960130700085e+00
-4.365357400000002031e+01 3.586148331981964810e-01 0.000000000000000000e+00 2.978947791955401048e+00
-4.387037800000002363e+01 3.603958816478996519e-01 0.000000000000000000e+00 3.268488873822120055e+00
-4.380153600000002001e+01 3.598303434780574239e-01 0.000000000000000000e+00 2.793357975501344459e+00
-4.418833600000002093e+01 3.630079118824465767e-01 0.000000000000000000e+00 3.398309343340353283e+00
-4.470659600000003309e+01 3.672654263634670957e-01 0.000000000000000000e+00 2.602219165993254091e+00
-4.574168600000002982e+01 3.757687078518309187e-01 0.000000000000000000e+00 3.219954448796950253e+00
-4.492633199999999505e+01 3.690705612417161108e-01 0.000000000000000000e+00 3.081358912435953279e+00
-4.518027600000002053e+01 3.711567154063600826e-01 0.000000000000000000e+00 2.799044610639043196e+00
-4.564421400000003359e+01 3.749679737579513783e-01 0.000000000000000000e+00 3.095588864755783209e+00
-4.492591800000001712e+01 3.690671602248615790e-01 0.000000000000000000e+00 2.925997356488515333e+00
-4.505007599999999712e+01 3.700871202505908175e-01 0.000000000000000000e+00 3.407593205351184373e+00
-4.608720200000004041e+01 3.786071275126658420e-01 0.000000000000000000e+00 3.271634916099040780e+00
-4.597846600000002582e+01 3.777138594722839748e-01 0.000000000000000000e+00 2.346072692744281429e+00
-4.607191000000003100e+01 3.784815034794705157e-01 0.000000000000000000e+00 3.107277229945434094e+00
-4.497459400000001750e+01 3.694670343708079119e-01 0.000000000000000000e+00 2.506188659203290925e+00
-4.584249800000002750e+01 3.765968801010120548e-01 0.000000000000000000e+00 3.407419053782021923e+00
-4.551159800000003486e+01 3.738785311221797247e-01 0.000000000000000000e+00 2.997087533124129788e+00
-4.547325600000002055e+01 3.735635509573371205e-01 0.000000000000000000e+00 2.791252014445391172e+00
-4.642183400000003246e+01 3.813561349332902362e-01 0.000000000000000000e+00 3.841385347333837963e+00
-4.607364400000000160e+01 3.784957483181807247e-01 0.000000000000000000e+00 2.721684598368066421e+00
-4.531429800000003638e+01 3.722577083554114985e-01 0.000000000000000000e+00 3.197934896589397891e+00
-4.645800600000003300e+01 3.816532885122032592e-01 0.000000000000000000e+00 2.903620880928785564e+00
-4.562527200000002381e+01 3.748123649143216829e-01 0.000000000000000000e+00 2.466635886297715796e+00
-4.607124200000002645e+01 3.784760158484101189e-01 0.000000000000000000e+00 3.385550869554228903e+00
-4.536384600000003786e+01 3.726647459957958541e-01 0.000000000000000000e+00 2.441555049074382033e+00
-4.474915600000002769e+01 3.676150574681485428e-01 0.000000000000000000e+00 3.485113768915854227e+00
-4.563105800000003143e+01 3.748598970001226216e-01 0.000000000000000000e+00 3.103115426688071388e+00
-4.466246000000001715e+01 3.669028483926910500e-01 0.000000000000000000e+00 2.693399358176626457e+00
-4.605927800000001326e+01 3.783777313903177175e-01 0.000000000000000000e+00 2.917083212353384525e+00
-4.640838200000000313e+01 3.812456265305602665e-01 0.000000000000000000e+00 2.761294796871258228e+00
-4.714928400000002284e+01 3.873321487279459130e-01 0.000000000000000000e+00 2.996001006551326729e+00
-4.609135200000002186e+01 3.786412198313787170e-01 0.000000000000000000e+00 3.665162540154738746e+00
-4.595282200000004735e+01 3.775031935876870248e-01 0.000000000000000000e+00 3.213392480770238535e+00
-4.705325800000002801e+01 3.865432935480083709e-01 0.000000000000000000e+00 3.151801818654968113e+00
-4.702108200000003535e+01 3.862789671752586140e-01 0.000000000000000000e+00 2.767593388143744004e+00
-4.676623200000001646e+01 3.841853702056137743e-01 0.000000000000000000e+00 3.280496736125998680e+00
-4.499729200000002294e+01 3.696534988166270130e-01 0.000000000000000000e+00 2.942392820106476403e+00
-4.538992600000002398e+01 3.728789936276118433e-01 0.000000000000000000e+00 2.608223732681153706e+00
-4.580992800000001353e+01 3.763293170117385511e-01 0.000000000000000000e+00 2.910853213253302041e+00
-4.662636799999999937e+01 3.830363851298342337e-01 0.000000000000000000e+00 2.783500306255641377e+00
-4.635992000000003088e+01 3.808475103981574517e-01 0.000000000000000000e+00 2.632692396798687273e+00
-4.622216600000002984e+01 3.797158590073140827e-01 0.000000000000000000e+00 2.624830457101809067e+00
-4.564891600000003535e+01 3.750066007658041101e-01 0.000000000000000000e+00 2.650734491035199092e+00
-4.629185199999999867e+01 3.802883306511303796e-01 0.000000000000000000e+00 3.302132845386723137e+00
-4.682185600000003944e+01 3.846423222866008906e-01 0.000000000000000000e+00 3.190225911455997210e+00
-4.511300600000001282e+01 3.706040912425460077e-01 0.000000000000000000e+00 2.754569462108333866e+00
-4.634465000000006540e+01 3.807220670953267438e-01 0.000000000000000000e+00 2.974047004088074875e+00
-4.585699400000001447e+01 3.767159649810275512e-01 0.000000000000000000e+00 3.211233556675563872e+00
-4.639637200000001371e+01 3.811469641817064047e-01 0.000000000000000000e+00 2.446097967350193247e+00
-4.538259600000000660e+01 3.728187775562462059e-01 0.000000000000000000e+00 3.086093567122413450e+00
-4.606655600000002693e+01 3.784375202808223371e-01 0.000000000000000000e+00 2.539331527256173615e+00
-4.605560600000004001e+01 3.783475658495192850e-01 0.000000000000000000e+00 3.039261775923538522e+00
-4.640704800000001740e+01 3.812346676984728622e-01 0.000000000000000000e+00 3.527124570905149081e+00
-4.537470200000002052e+01 3.727539282155424849e-01 0.000000000000000000e+00 2.716184872316687482e+00
-4.568686200000004050e+01 3.753183277840899668e-01 0.000000000000000000e+00 3.384654822344547842e+00
-4.679364200000001262e+01 3.844105438094511107e-01 0.000000000000000000e+00 2.682261205170673346e+00
-4.588503400000001164e+01 3.769463140452960492e-01 0.000000000000000000e+00 3.415015866097990571e+00
-4.568403400000002534e+01 3.752950957172656032e-01 0.000000000000000000e+00 2.916961453231839752e+00
-4.536696000000000595e+01 3.726903275573552055e-01 0.000000000000000000e+00 2.894154599613615098e+00
-4.747607200000002337e+01 3.900167175586944368e-01 0.000000000000000000e+00 3.177718911995289552e+00
-4.665394600000002612e+01 3.832629388564534612e-01 0.000000000000000000e+00 2.687640255336463557e+00
-4.731074400000003521e+01 3.886585453012983415e-01 0.000000000000000000e+00 3.329387394080572271e+00
-4.581987800000001698e+01 3.764110564264843695e-01 0.000000000000000000e+00 2.625907232145557657e+00
-4.740837200000003548e+01 3.894605609377608246e-01 0.000000000000000000e+00 2.999125969852961315e+00
-4.711172200000002164e+01 3.870235762760181331e-01 0.000000000000000000e+00 3.374642108059891399e+00
-4.624706800000000584e+01 3.799204293496253881e-01 0.000000000000000000e+00 2.688451301057464882e+00
-4.570907400000000820e+01 3.755007997318619006e-01 0.000000000000000000e+00 2.472044808304789676e+00
-4.634587800000000612e+01 3.807321551356587230e-01 0.000000000000000000e+00 3.779322026410171897e+00
-4.628927000000000191e+01 3.802671194783793229e-01 0.000000000000000000e+00 3.397593298456595967e+00
-4.750049800000002875e+01 3.902173775531246891e-01 0.000000000000000000e+00 2.986078288431571970e+00
-4.794742600000001431e+01 3.938888984730749554e-01 0.000000000000000000e+00 3.272286440952320241e+00
-4.846789600000003162e+01 3.981645681406873472e-01 0.000000000000000000e+00 3.336640591425374947e+00
-4.737635800000001751e+01 3.891975653976931793e-01 0.000000000000000000e+00 2.855772482278903901e+00
-4.767274600000001072e+01 3.916323977250976696e-01 0.000000000000000000e+00 3.326675545607268081e+00
-4.730018999999999352e+01 3.885718440165515375e-01 0.000000000000000000e+00 2.434297070485386794e+00
-4.745083800000003293e+01 3.898094198308859060e-01 0.000000000000000000e+00 2.818970642806707172e+00
-4.712044200000003258e+01 3.870952112203984719e-01 0.000000000000000000e+00 2.690262082729810267e+00
-4.710462200000002042e+01 3.869652496584608525e-01 0.000000000000000000e+00 3.205084657687758298e+00
-4.757222000000001572e+01 3.908065749706519654e-01 0.000000000000000000e+00 2.838503408203667533e+00
-4.689848000000002060e+01 3.852717897152923010e-01 0.000000000000000000e+00 3.443346083405066871e+00
-4.686937200000002690e+01 3.850326670133405460e-01 0.000000000000000000e+00 2.628342326845357402e+00
-4.703275200000000922e+01 3.863748364184828588e-01 0.000000000000000000e+00 2.802843364037543417e+00
-4.744827600000004253e+01 3.897883729584660228e-01 0.000000000000000000e+00 3.968530957702921302e+00
-4.751385400000000203e+01 3.903270973142646261e-01 0.000000000000000000e+00 2.923807431077539487e+00
-4.680960200000002658e+01 3.845416554737068338e-01 0.000000000000000000e+00 3.006367697760433888e+00
-4.816110600000003927e+01 3.956442832110531049e-01 0.000000000000000000e+00 3.298173726973304021e+00
-4.724431800000002113e+01 3.881128546114586131e-01 0.000000000000000000e+00 3.079394801763370992e+00
-4.813320400000003474e+01 3.954150678190694879e-01 0.000000000000000000e+00 2.830912298607655586e+00
-4.730604200000004056e+01 3.886199182934456653e-01 0.000000000000000000e+00 2.490005432357061288e+00
-4.758841000000004584e+01 3.909395760887159899e-01 0.000000000000000000e+00 2.600506071552577403e+00
-4.659848400000002755e+01 3.828073176081488449e-01 0.000000000000000000e+00 2.539272996360266266e+00
-4.817366200000004284e+01 3.957474309589474326e-01 0.000000000000000000e+00 3.795429453210662718e+00
-4.773396600000003787e+01 3.921353210387398258e-01 0.000000000000000000e+00 3.134792246566804774e+00
-4.680343600000001913e+01 3.844910016816140419e-01 0.000000000000000000e+00 3.632588818007222109e+00
-4.643698400000003801e+01 3.814805924341343468e-01 0.000000000000000000e+00 2.332391844200482733e+00
-4.822939400000001342e+01 3.962052702617223088e-01 0.000000000000000000e+00 2.728630624028815177e+00
-4.655307200000004286e+01 3.824342572762458592e-01 0.000000000000000000e+00 2.531058985942285844e+00
-4.662764800000001486e+01 3.830469003510277859e-01 0.000000000000000000e+00 3.212107222963477060e+00
-4.697330400000002726e+01 3.858864701141807019e-01 0.000000000000000000e+00 3.493538637615031028e+00
-4.715379800000002319e+01 3.873692313126859132e-01 0.000000000000000000e+00 3.193863681587179482e+00
-4.726515200000003603e+01 3.882840062664149050e-01 0.000000000000000000e+00 2.929682064264436114e+00
-4.733582800000006330e+01 3.888646107766235427e-01 0.000000000000000000e+00 2.858789242979226763e+00
-4.783763600000001048e+01 3.929869718052417249e-01 0.000000000000000000e+00 3.199041956823821753e+00
-4.881029200000003243e+01 4.009773569498631951e-01 0.000000000000000000e+00 3.289029089726430044e+00
-4.809142800000002893e+01 3.950718772873689222e-01 0.000000000000000000e+00 3.080820770937904296e+00
-4.810261800000001386e+01 3.951638033226457236e-01 0.000000000000000000e+00 2.795836181252399300e+00
-4.852303800000002099e+01 3.986175605836935198e-01 0.000000000000000000e+00 2.866474869509815449e+00
-4.791597600000002188e+01 3.936305362023458931e-01 0.000000000000000000e+00 2.817115466024268766e+00
-4.662164600000004100e+01 3.829975938216506615e-01 0.000000000000000000e+00 2.566268451415656848e+00
-4.793238400000006294e+01 3.937653281940194927e-01 0.000000000000000000e+00 2.659648131687325723e+00
-4.773260000000002634e+01 3.921240993261224106e-01 0.000000000000000000e+00 2.831379591990342171e+00
-4.791221400000004138e+01 3.935996313100572075e-01 0.000000000000000000e+00 2.969500380144916907e+00
-4.731871600000001621e+01 3.887240354132934783e-01 0.000000000000000000e+00 3.070125083712453851e+00
-4.826601600000004311e+01 3.965061205980864312e-01 0.000000000000000000e+00 3.076509703232682469e+00
-4.691859000000003022e+01 3.854369936982610101e-01 0.000000000000000000e+00 2.554815997782472703e+00
-4.840319800000002459e+01 3.976330729994588253e-01 0.000000000000000000e+00 2.790418322137598661e+00
-4.794344400000001372e+01 3.938561862771435274e-01 0.000000000000000000e+00 2.799697117684646130e+00
-4.809356000000002496e+01 3.950893917026691571e-01 0.000000000000000000e+00 3.457584399431476552e+00
-4.840248000000004680e+01 3.976271746175708000e-01 0.000000000000000000e+00 3.195900016703851598e+00
-4.829878000000002913e+01 3.967752774005718353e-01 0.000000000000000000e+00 3.195732756680572439e+00
-4.793864600000003406e+01 3.938167706277014846e-01 0.000000000000000000e+00 2.817422466839239359e+00
-4.772385800000002121e+01 3.920522836513778420e-01 0.000000000000000000e+00 3.104802011781040427e+00
-4.751199000000001149e+01 3.903117845234017613e-01 0.000000000000000000e+00 2.716858654435637010e+00
-4.672287600000002072e+01 3.838291999477526639e-01 0.000000000000000000e+00 2.709158332047990836e+00
-4.757998400000003159e+01 3.908703563592034746e-01 0.000000000000000000e+00 3.145680216485438496e+00
-4.635953799999999347e+01 3.808443722618322091e-01 0.000000000000000000e+00 3.009739884421035239e+00
-4.705185800000002416e+01 3.865317925248279995e-01 0.000000000000000000e+00 2.548107316658402510e+00
-4.804761200000002930e+01 3.947119281218913756e-01 0.000000000000000000e+00 3.192196098799050752e+00
-4.848402000000002232e+01 3.982970270676582381e-01 0.000000000000000000e+00 2.903186975401587322e+00
-4.870512999999999693e+01 4.001134493786571711e-01 0.000000000000000000e+00 3.326185124481682909e+00
-4.762590000000000856e+01 3.912475570594513008e-01 0.000000000000000000e+00 2.397838163888884822e+00
-4.743789000000001721e+01 3.897030517965009988e-01 0.000000000000000000e+00 3.037669180008204073e+00
-4.728295400000002502e+01 3.884302499911690409e-01 0.000000000000000000e+00 2.650003664240653034e+00
-4.841160000000002128e+01 3.977020955685737769e-01 0.000000000000000000e+00 3.413924186609772260e+00
-4.707181800000004301e+01 3.866957642553132124e-01 0.000000000000000000e+00 2.976128635768693798e+00
-4.666027000000002545e+01 3.833148906211622520e-01 0.000000000000000000e+00 2.744408487776150096e+00
-4.812044800000001743e+01 3.953102770678635358e-01 0.000000000000000000e+00 3.335313398400742813e+00
-4.733170800000002032e+01 3.888307649084068451e-01 0.000000000000000000e+00 2.975918914655105940e+00
-4.890599600000003022e+01 4.017635668944692928e-01 0.000000000000000000e+00 3.315047638273730168e+00
-4.811606000000000449e+01 3.952742295752097457e-01 0.000000000000000000e+00 3.662564344248108394e+00
-4.760917000000002730e+01 3.911101198324467565e-01 0.000000000000000000e+00 2.672303891171001755e+00
-4.640099800000003682e+01 3.811849668483009990e-01 0.000000000000000000e+00 2.733588653484757103e+00
-4.770865200000002204e+01 3.919273661096065453e-01 0.000000000000000000e+00 3.000337014217711040e+00
-4.744160400000002653e+01 3.897335623679951677e-01 0.000000000000000000e+00 2.962310511756768072e+00
-4.757448000000005095e+01 3.908251409080719108e-01 0.000000000000000000e+00 2.969326419621565627e+00
-4.656681400000001503e+01 3.825471480337769847e-01 0.000000000000000000e+00 3.092627788823941515e+00
-4.773340000000004579e+01 3.921306713393684640e-01 0.000000000000000000e+00 3.283871926229582350e+00
-4.829287400000001895e+01 3.967267595127839663e-01 0.000000000000000000e+00 3.861993805649191813e+00
-4.765383800000002168e+01 3.914770681920310968e-01 0.000000000000000000e+00 2.789860146915879913e+00
-4.766761000000001758e+01 3.915902054000591215e-01 0.000000000000000000e+00 2.080643327158329559e+00
-4.789190000000003522e+01 3.934327514637108725e-01 0.000000000000000000e+00 2.691297469979710311e+00
-4.784085000000003873e+01 3.930133748684573325e-01 0.000000000000000000e+00 2.929235400685008539e+00
-4.862254000000002918e+01 3.994349711611845932e-01 0.000000000000000000e+00 2.579935600793636485e+00
-4.878036800000002415e+01 4.007315307944004923e-01 0.000000000000000000e+00 3.027026884213871227e+00
-4.783993400000004215e+01 3.930058499132908501e-01 0.000000000000000000e+00 2.321560249305530288e+00
-4.814695200000004149e+01 3.955280078667001709e-01 0.000000000000000000e+00 3.236097257359065615e+00
-4.692181800000000891e+01 3.854635117717080117e-01 0.000000000000000000e+00 2.814417230251291979e+00
-4.780278200000002897e+01 3.927006456181514893e-01 0.000000000000000000e+00 3.029605796151830788e+00
-4.777936600000003864e+01 3.925082827904442517e-01 0.000000000000000000e+00 3.427108063665988968e+00
-4.706198400000000959e+01 3.866149777824877676e-01 0.000000000000000000e+00 2.787071959533912402e+00
-4.708704600000002927e+01 3.868208625274486279e-01 0.000000000000000000e+00 3.692490521586215380e+00
-4.824118800000002238e+01 3.963021581669999294e-01 0.000000000000000000e+00 2.771547702152912684e+00
-4.767442000000002622e+01 3.916461496628148575e-01 0.000000000000000000e+00 3.079527011432342753e+00
-4.713437800000004785e+01 3.872096956911420529e-01 0.000000000000000000e+00 2.970567247111588483e+00
-4.794020600000003185e+01 3.938295860535309112e-01 0.000000000000000000e+00 2.945892932484241999e+00
-4.866319400000000428e+01 3.997689444443075502e-01 0.000000000000000000e+00 3.540665438278830290e+00
-4.712195600000002571e+01 3.871076487554662715e-01 0.000000000000000000e+00 2.755107321685317245e+00
-4.755710600000002586e+01 3.906824132104040337e-01 0.000000000000000000e+00 2.754973504348200652e+00
-4.824019600000004004e+01 3.962940088705751984e-01 0.000000000000000000e+00 2.783717737415199345e+00
-4.783451800000001697e+01 3.929613573836159279e-01 0.000000000000000000e+00 2.952142849476144804e+00
-4.697042000000003270e+01 3.858627780064293189e-01 0.000000000000000000e+00 2.260433515943346627e+00
-4.796173200000002623e+01 3.940064224999447751e-01 0.000000000000000000e+00 2.392245582764986001e+00
-4.885509800000004077e+01 4.013454389817325829e-01 0.000000000000000000e+00 3.281807859067063404e+00
-4.752261800000000846e+01 3.903990937193734245e-01 0.000000000000000000e+00 3.019104293030961728e+00
-4.746372400000002756e+01 3.899152785342441252e-01 0.000000000000000000e+00 2.855702089162040824e+00
-4.881670000000004705e+01 4.010299987759629037e-01 0.000000000000000000e+00 2.796709514751038128e+00
-4.791598200000003516e+01 3.936305854924453396e-01 0.000000000000000000e+00 2.793230481232955587e+00
-4.839979200000002635e+01 3.976050926530644292e-01 0.000000000000000000e+00 2.736700381798002013e+00
-4.898012400000003908e+01 4.023725296418337871e-01 0.000000000000000000e+00 3.365481283579697891e+00
-4.908540600000002030e+01 4.032374230150262417e-01 0.000000000000000000e+00 3.064517802655405632e+00
-4.866292600000002722e+01 3.997667428198703465e-01 0.000000000000000000e+00 2.812189910200650456e+00
-4.858223200000001896e+01 3.991038402737902002e-01 0.000000000000000000e+00 2.360828966585827526e+00
-4.843556400000002071e+01 3.978989602253544811e-01 0.000000000000000000e+00 3.171009618641858818e+00
-4.903564000000002210e+01 4.028285945010323665e-01 0.000000000000000000e+00 2.706349343318561917e+00
-4.851157400000003150e+01 3.985233836338799573e-01 0.000000000000000000e+00 2.853794195810980927e+00
-4.832572200000004869e+01 3.969966063766605102e-01 0.000000000000000000e+00 2.379964071521528890e+00
-4.931764400000000848e+01 4.051452620302756769e-01 0.000000000000000000e+00 3.290176972683962031e+00
-4.859272600000003450e+01 3.991900486575433171e-01 0.000000000000000000e+00 2.675324405312486054e+00
-4.980663200000003599e+01 4.091623065466291065e-01 0.000000000000000000e+00 3.765129181973103645e+00
-4.889185800000002047e+01 4.016474229903811977e-01 0.000000000000000000e+00 2.556063360890110214e+00
-4.949057400000001650e+01 4.065658848435410033e-01 0.000000000000000000e+00 3.129185037564440552e+00
-4.862504800000001381e+01 3.994555744227103466e-01 0.000000000000000000e+00 3.050949410188787958e+00
-5.005902200000002011e+01 4.112356945755425430e-01 0.000000000000000000e+00 2.889773701516393345e+00
-4.927300000000000324e+01 4.047785108310885671e-01 0.000000000000000000e+00 2.914285654142262594e+00
-4.893753400000004206e+01 4.020226520866556075e-01 0.000000000000000000e+00 3.036040321667668351e+00
-5.015955800000001830e+01 4.120615994801538617e-01 0.000000000000000000e+00 3.039489852503328926e+00
-5.012446200000000829e+01 4.117732852590564874e-01 0.000000000000000000e+00 3.031162029227454813e+00
-5.023662800000003870e+01 4.126947308062302588e-01 0.000000000000000000e+00 3.280344630148090967e+00
-4.912009000000003311e+01 4.035223526493020296e-01 0.000000000000000000e+00 3.049060806331528095e+00
-4.890228600000001080e+01 4.017330891830413475e-01 0.000000000000000000e+00 2.574027558147940375e+00
-4.922951200000001393e+01 4.044212561910419668e-01 0.000000000000000000e+00 3.016810046325774763e+00
-4.974136200000003072e+01 4.086261124159298319e-01 0.000000000000000000e+00 2.909631217243792367e+00
-4.910873200000000338e+01 4.034290464912432261e-01 0.000000000000000000e+00 2.885335024185915476e+00
-5.007261400000002993e+01 4.113473530805903389e-01 0.000000000000000000e+00 2.904641450048073281e+00
-4.940362800000004739e+01 4.058516220139445352e-01 0.000000000000000000e+00 2.442266096327073921e+00
-4.874468200000000451e+01 4.004383697135341924e-01 0.000000000000000000e+00 2.245000162443134162e+00
-4.921128200000003261e+01 4.042714964392013499e-01 0.000000000000000000e+00 2.964598569870937173e+00
-5.034941400000003142e+01 4.136212696636692443e-01 0.000000000000000000e+00 2.981761813852591647e+00
-4.923365200000002773e+01 4.044552663595895603e-01 0.000000000000000000e+00 2.515010143501443363e+00
-5.024028400000002392e+01 4.127247649067638524e-01 0.000000000000000000e+00 3.072228939370083456e+00
-5.024102200000000806e+01 4.127308275889830513e-01 0.000000000000000000e+00 2.741501399148158935e+00
-4.949009800000002457e+01 4.065619744956597836e-01 0.000000000000000000e+00 3.024140568254328976e+00
-4.944177000000001954e+01 4.061649591754753486e-01 0.000000000000000000e+00 2.735786842274747332e+00
-4.924204000000001713e+01 4.045241739184726737e-01 0.000000000000000000e+00 2.200037423464987985e+00
-4.992629400000002704e+01 4.101453318579165730e-01 0.000000000000000000e+00 3.082040506351581666e+00
-5.017142400000002311e+01 4.121590788666236183e-01 0.000000000000000000e+00 2.592257464731963168e+00
-4.934058400000003530e+01 4.053337145101018613e-01 0.000000000000000000e+00 2.593200748527899169e+00
-5.017229000000003225e+01 4.121661930709623611e-01 0.000000000000000000e+00 2.941124224740181425e+00
-4.910530600000004853e+01 4.034009018445180450e-01 0.000000000000000000e+00 3.124803492870318777e+00
-5.069629600000002512e+01 4.164709110371213607e-01 0.000000000000000000e+00 3.035809850312856106e+00
-4.937290600000002172e+01 4.055992402752689463e-01 0.000000000000000000e+00 2.628372215304723092e+00
-5.042326000000002750e+01 4.142279157763644748e-01 0.000000000000000000e+00 3.068199108153303545e+00
-5.044387000000001819e+01 4.143972272676116897e-01 0.000000000000000000e+00 2.937020596616492618e+00
-5.086300400000003918e+01 4.178404200173668759e-01 0.000000000000000000e+00 2.583257615544115371e+00
-5.017674400000003487e+01 4.122027827547088963e-01 0.000000000000000000e+00 2.683038868176429670e+00
-5.054636400000001117e+01 4.152392171746422944e-01 0.000000000000000000e+00 3.884838026173034642e+00
-4.952904000000004459e+01 4.068818836704368724e-01 0.000000000000000000e+00 2.801389559169202847e+00
-4.987060800000002558e+01 4.096878704459031018e-01 0.000000000000000000e+00 2.578187917925567341e+00
-5.075682400000002303e+01 4.169681495593056120e-01 0.000000000000000000e+00 3.730717624879950289e+00
-5.025680600000002585e+01 4.128604934103246582e-01 0.000000000000000000e+00 2.792088489300589504e+00
-5.070250000000002188e+01 4.165218769998432768e-01 0.000000000000000000e+00 2.804451586425777521e+00
-5.044012800000002272e+01 4.143664866756540666e-01 0.000000000000000000e+00 3.508282522170883766e+00
-4.978142000000003975e+01 4.089551895491848610e-01 0.000000000000000000e+00 3.263531775685521552e+00
-5.030264600000001707e+01 4.132370697693142358e-01 0.000000000000000000e+00 2.391768398614318780e+00
-5.143665400000000432e+01 4.225529642654994866e-01 0.000000000000000000e+00 3.517562727816698320e+00
-5.065721400000001040e+01 4.161498517600262792e-01 0.000000000000000000e+00 3.571525387412684438e+00
-5.042932800000001947e+01 4.142777644968345108e-01 0.000000000000000000e+00 2.404973339824932221e+00
-5.062930600000000680e+01 4.159205870779432712e-01 0.000000000000000000e+00 2.863820228889722319e+00
-5.068549000000003701e+01 4.163821395682025805e-01 0.000000000000000000e+00 3.137500903118707996e+00
-5.061030800000000340e+01 4.157645181933864453e-01 0.000000000000000000e+00 3.127246622302600976e+00
-4.986770800000004300e+01 4.096640468978868799e-01 0.000000000000000000e+00 2.362334403738571176e+00
-5.036889800000000861e+01 4.137813310462727934e-01 0.000000000000000000e+00 3.050469141663030737e+00
-4.912241000000003766e+01 4.035414114877151626e-01 0.000000000000000000e+00 2.995035792487767079e+00
-5.040670200000003121e+01 4.140918915322076010e-01 0.000000000000000000e+00 3.075261097956077272e+00
-5.007377800000000434e+01 4.113569153598629069e-01 0.000000000000000000e+00 2.845434390141866832e+00
-4.979250600000003146e+01 4.090462612227397377e-01 0.000000000000000000e+00 3.871303532033538719e+00
-5.056248800000000898e+01 4.153716761016132408e-01 0.000000000000000000e+00 3.009561482311690739e+00
-4.982621600000002360e+01 4.093231894308884677e-01 0.000000000000000000e+00 2.641777738940888742e+00
-5.130697800000003639e+01 4.214876737784067906e-01 0.000000000000000000e+00 2.838753499518099854e+00
-5.016330000000002798e+01 4.120923400721116514e-01 0.000000000000000000e+00 2.800320107676003811e+00
-5.120555600000000851e+01 4.206544903691253889e-01 0.000000000000000000e+00 2.879689374112731848e+00
-5.065011400000001629e+01 4.160915251424690542e-01 0.000000000000000000e+00 3.620510197793574747e+00
-5.015169400000002753e+01 4.119969965899468178e-01 0.000000000000000000e+00 3.382136456153779669e+00
-4.892030000000004719e+01 4.018810744913060007e-01 0.000000000000000000e+00 2.935260157795113400e+00
-4.986261200000005545e+01 4.096221831735106234e-01 0.000000000000000000e+00 2.922971390788780433e+00
-5.085260400000002790e+01 4.177549838451701802e-01 0.000000000000000000e+00 2.954720788323921266e+00
-5.043356800000002949e+01 4.143125961670378055e-01 0.000000000000000000e+00 2.246646339305577111e+00
-5.008645000000000636e+01 4.114610160496778857e-01 0.000000000000000000e+00 3.013272067005894783e+00
-5.054503600000003161e+01 4.152283076326542810e-01 0.000000000000000000e+00 3.313595093358769450e+00
-4.993107200000002877e+01 4.101845832070276643e-01 0.000000000000000000e+00 3.029151856629378248e+00
-4.975107200000002905e+01 4.087058802267018454e-01 0.000000000000000000e+00 2.346386459858234907e+00
-4.981237200000003185e+01 4.092094607416683627e-01 0.000000000000000000e+00 3.069349532184829865e+00
-5.038567200000002089e+01 4.139191297340061304e-01 0.000000000000000000e+00 2.477377259293513934e+00
-5.006497400000002074e+01 4.112845903540920389e-01 0.000000000000000000e+00 2.178511751225193915e+00
-5.057242400000001936e+01 4.154533005061273321e-01 0.000000000000000000e+00 3.740157159640772111e+00
-4.955001200000001660e+01 4.070541689976777122e-01 0.000000000000000000e+00 2.632692604263060510e+00
-4.996484200000001863e+01 4.104620043161698595e-01 0.000000000000000000e+00 2.673066315886546640e+00
-5.018070800000004539e+01 4.122353470803423736e-01 0.000000000000000000e+00 3.500507181944416679e+00
-5.014137800000001732e+01 4.119122504791409844e-01 0.000000000000000000e+00 2.606897729028148536e+00
-5.087135800000002206e+01 4.179090482656869221e-01 0.000000000000000000e+00 2.426083861132686703e+00
-5.092069600000002083e+01 4.183143607525942609e-01 0.000000000000000000e+00 3.110546386766521731e+00
-4.966788000000001801e+01 4.080224565692613381e-01 0.000000000000000000e+00 2.692911690743202691e+00
-4.952187200000003031e+01 4.068229984317535686e-01 0.000000000000000000e+00 2.387987418206199308e+00
-5.021959400000002915e+01 4.125547962141919989e-01 0.000000000000000000e+00 3.253828491808541390e+00
-5.017696400000004076e+01 4.122045900583515832e-01 0.000000000000000000e+00 3.124206773363650491e+00
-5.027549000000002621e+01 4.130139827796824870e-01 0.000000000000000000e+00 2.941040821381148973e+00
-5.075659400000004950e+01 4.169662601054976436e-01 0.000000000000000000e+00 2.927190948340138821e+00
-5.168686000000003844e+01 4.246084106982520590e-01 0.000000000000000000e+00 3.409768430183308663e+00
-5.076517000000004032e+01 4.170367120874935440e-01 0.000000000000000000e+00 2.228322838691544572e+00
-5.072144200000003877e+01 4.166774858434730278e-01 0.000000000000000000e+00 2.851154978344988766e+00
-5.001335400000002096e+01 4.108605311994008025e-01 0.000000000000000000e+00 2.682421035633310247e+00
-5.139392000000000849e+01 4.222019037479370351e-01 0.000000000000000000e+00 2.787936015453479577e+00
-5.022359200000003199e+01 4.125876398503883768e-01 0.000000000000000000e+00 2.524214085178620781e+00
-5.057557800000005699e+01 4.154792106683495301e-01 0.000000000000000000e+00 3.006298351141610148e+00
-5.159263600000004146e+01 4.238343589781508602e-01 0.000000000000000000e+00 3.239578232540698544e+00
-5.040780400000002714e+01 4.141009444804538142e-01 0.000000000000000000e+00 2.641606189611528599e+00
-4.880491400000002500e+01 4.009331765908176193e-01 0.000000000000000000e+00 2.319447225204551266e+00
-4.993856400000002793e+01 4.102461301110754688e-01 0.000000000000000000e+00 3.083195397652417569e+00
-5.013896200000003489e+01 4.118924029991385405e-01 0.000000000000000000e+00 3.375482890610473685e+00
-5.158736600000003847e+01 4.237910658408934883e-01 0.000000000000000000e+00 2.938903645927243069e+00
-5.147688400000000541e+01 4.228834543816023528e-01 0.000000000000000000e+00 3.233121203373144681e+00
-5.067837000000004366e+01 4.163236486503141820e-01 0.000000000000000000e+00 2.562273844388293309e+00
-5.071406600000005227e+01 4.166168918813459854e-01 0.000000000000000000e+00 3.245860645770489050e+00
-5.057291400000001858e+01 4.154573258642403899e-01 0.000000000000000000e+00 2.761897303842729023e+00
-5.116087200000002611e+01 4.202874105692762097e-01 0.000000000000000000e+00 3.354356273762417295e+00
-4.985451000000004029e+01 4.095556251093627198e-01 0.000000000000000000e+00 2.321526468977171742e+00
-5.089824000000002258e+01 4.181298843407820764e-01 0.000000000000000000e+00 3.099577034227591010e+00
-5.097442400000002038e+01 4.187557371621883906e-01 0.000000000000000000e+00 3.285353514767313854e+00
-5.117809400000004416e+01 4.204288895844273122e-01 0.000000000000000000e+00 3.477292225595349784e+00
-4.997729400000002897e+01 4.105642977023422624e-01 0.000000000000000000e+00 2.639294452774923805e+00
-5.016889200000003513e+01 4.121382784447004677e-01 0.000000000000000000e+00 2.855490410910889842e+00
-5.057116000000002742e+01 4.154429167251988964e-01 0.000000000000000000e+00 3.447025734359019378e+00
-5.035335200000000810e+01 4.136536203988719906e-01 0.000000000000000000e+00 3.424734972522130771e+00
-5.071101200000003928e+01 4.165918032207797106e-01 0.000000000000000000e+00 3.165135033910061679e+00
-5.061548400000004477e+01 4.158070391190876736e-01 0.000000000000000000e+00 2.992636723920492514e+00
-4.948162600000001987e+01 4.064923768753857525e-01 0.000000000000000000e+00 3.443807702565063966e+00
-4.983739400000001751e+01 4.094150168859666539e-01 0.000000000000000000e+00 2.958349550986532517e+00
-5.021251600000002924e+01 4.124966503269989482e-01 0.000000000000000000e+00 2.941685466940352711e+00
-5.051004000000003913e+01 4.149408149132127743e-01 0.000000000000000000e+00 3.536614220329146629e+00
-5.053727000000001368e+01 4.151645098140696044e-01 0.000000000000000000e+00 2.987134293799312612e+00
-5.086077000000000226e+01 4.178220676703773839e-01 0.000000000000000000e+00 3.644431871355189756e+00
-5.098409200000005370e+01 4.188351599422652782e-01 0.000000000000000000e+00 2.839007442704815087e+00
-5.123644000000003018e+01 4.209082029404832559e-01 0.000000000000000000e+00 3.111300790747344447e+00
-5.083422600000002234e+01 4.176040082708788459e-01 0.000000000000000000e+00 2.821058431880638651e+00
-5.048939600000001349e+01 4.147712241114022702e-01 0.000000000000000000e+00 3.121545744455991311e+00
-5.077277800000003083e+01 4.170992119334618886e-01 0.000000000000000000e+00 3.282908410823327738e+00
-5.058661600000000647e+01 4.155698880211093349e-01 0.000000000000000000e+00 3.125846979481777588e+00
-4.980768600000001811e+01 4.091709651740804699e-01 0.000000000000000000e+00 2.860213736486816760e+00
-5.018798600000002352e+01 4.122951359708467156e-01 0.000000000000000000e+00 3.283051976901118163e+00
-4.998519000000003132e+01 4.106291634730792062e-01 0.000000000000000000e+00 2.899447986804008170e+00
-5.066479400000002897e+01 4.162121215855312806e-01 0.000000000000000000e+00 3.619049347628420232e+00
-5.166969400000002821e+01 4.244673917240282535e-01 0.000000000000000000e+00 2.972870820999034880e+00
-5.121323400000003545e+01 4.207175652662530907e-01 0.000000000000000000e+00 2.297055051833881034e+00
-5.073288600000005033e+01 4.167714984929555833e-01 0.000000000000000000e+00 2.745986923722792739e+00
-5.039965200000005296e+01 4.140339756654783931e-01 0.000000000000000000e+00 2.854975381679492052e+00
-5.082307400000004094e+01 4.175123944062312242e-01 0.000000000000000000e+00 3.255715078449655131e+00
-5.092116600000003501e+01 4.183182218103763117e-01 0.000000000000000000e+00 3.159541944177056916e+00
-5.353988400000002912e+01 4.398310335394483017e-01 0.000000000000000000e+00 3.032983979839595889e+00
-5.351185000000003100e+01 4.396007337652791391e-01 0.000000000000000000e+00 2.338162005667587362e+00
-5.574936400000002124e+01 4.579819483226170163e-01 0.000000000000000000e+00 3.522853142918349612e+00
-5.560925800000003250e+01 4.568309752128307810e-01 0.000000000000000000e+00 3.079023347488583084e+00
-5.549147400000002506e+01 4.558633777026379619e-01 0.000000000000000000e+00 2.559847010999136252e+00
-5.514656400000004766e+01 4.530299363418370806e-01 0.000000000000000000e+00 2.930123290663533275e+00
-5.487646200000005337e+01 4.508110439396594837e-01 0.000000000000000000e+00 2.560681103632587607e+00
-5.436011400000003135e+01 4.465692365702965683e-01 0.000000000000000000e+00 2.929212766205454788e+00
-5.587643800000004290e+01 4.590258633366278707e-01 0.000000000000000000e+00 2.498537134784061919e+00
-5.480364000000001568e+01 4.502128100039186620e-01 0.000000000000000000e+00 2.369386995606562962e+00
-5.429743000000002695e+01 4.460542864724145740e-01 0.000000000000000000e+00 3.148557071649542571e+00
-5.588390800000003367e+01 4.590872295103113343e-01 0.000000000000000000e+00 3.379654325389990888e+00
-5.493353600000004633e+01 4.512799077946545445e-01 0.000000000000000000e+00 2.703610267380050391e+00
-5.505036400000005870e+01 4.522396517490185897e-01 0.000000000000000000e+00 2.798298320986588816e+00
-5.528269999999999840e+01 4.541482958358902255e-01 0.000000000000000000e+00 2.736831261281424510e+00
-5.628901200000004224e+01 4.624151655777665737e-01 0.000000000000000000e+00 3.491753445924737242e+00
-5.524797200000002562e+01 4.538630047408862556e-01 0.000000000000000000e+00 3.589663792649471663e+00
-5.550163200000002917e+01 4.559468258408276853e-01 0.000000000000000000e+00 2.724923625762451618e+00
-5.555916800000004230e+01 4.564194850334724052e-01 0.000000000000000000e+00 3.339858318197393761e+00
-5.504321200000004666e+01 4.521808979506001802e-01 0.000000000000000000e+00 3.127186454735762400e+00
-5.622178400000003506e+01 4.618628864446479021e-01 0.000000000000000000e+00 3.035909067213291568e+00
-5.529850400000002253e+01 4.542781259575630615e-01 0.000000000000000000e+00 2.395949453772834303e+00
-5.590596000000002874e+01 4.592683870554343240e-01 0.000000000000000000e+00 2.370795331835825692e+00
-5.591558600000002599e+01 4.593474648048155307e-01 0.000000000000000000e+00 2.900099574780218070e+00
-5.469055200000001093e+01 4.492837902114792392e-01 0.000000000000000000e+00 2.679964266099777337e+00
-5.494076800000003402e+01 4.513393187943973150e-01 0.000000000000000000e+00 2.748532088256888883e+00
-5.552550000000000807e+01 4.561429018560187454e-01 0.000000000000000000e+00 3.384946331729185687e+00
-5.452260600000003166e+01 4.479041110407360193e-01 0.000000000000000000e+00 2.292678291837436433e+00
-5.678465200000000834e+01 4.664868563842590743e-01 0.000000000000000000e+00 2.578625485729271638e+00
-5.645465600000002837e+01 4.637759337803947779e-01 0.000000000000000000e+00 2.818278972445646957e+00
-5.610577600000004850e+01 4.609098788038610839e-01 0.000000000000000000e+00 3.363824402842033212e+00
-5.644997800000003707e+01 4.637375039329394433e-01 0.000000000000000000e+00 2.655168741906238861e+00
-5.540347200000005756e+01 4.551404398155569075e-01 0.000000000000000000e+00 3.138530115463721959e+00
-5.594057600000005692e+01 4.595527580685843105e-01 0.000000000000000000e+00 2.977644697418522668e+00
-5.469512600000005165e+01 4.493213656972129821e-01 0.000000000000000000e+00 2.973244761373396106e+00
-5.660372600000003018e+01 4.650005462986012694e-01 0.000000000000000000e+00 3.244647136520286246e+00
-5.550522000000000844e+01 4.559763013202353665e-01 0.000000000000000000e+00 3.130539348244818054e+00
-5.635276400000003605e+01 4.629388893133317140e-01 0.000000000000000000e+00 2.821121969638993754e+00
-5.660824600000005802e+01 4.650376781734408271e-01 0.000000000000000000e+00 2.794869119120632295e+00
-5.669363400000004560e+01 4.657391420072410915e-01 0.000000000000000000e+00 3.002834747846229391e+00
-5.539643800000003893e+01 4.550826553890922610e-01 0.000000000000000000e+00 2.727375459878503161e+00
-5.599445200000003098e+01 4.599953503006287692e-01 0.000000000000000000e+00 2.905527914843592630e+00
-5.589730200000001759e+01 4.591972614420805621e-01 0.000000000000000000e+00 2.653815679394102123e+00
-5.627272400000004637e+01 4.622813593880802374e-01 0.000000000000000000e+00 3.001154424924925568e+00
-5.532496400000000136e+01 4.544954952956707372e-01 0.000000000000000000e+00 3.363958251206847549e+00
-5.570153200000002869e+01 4.575890076506451409e-01 0.000000000000000000e+00 3.094005573600459691e+00
-5.552522200000004915e+01 4.561406180814161493e-01 0.000000000000000000e+00 3.202422260865179116e+00
-5.635112800000000277e+01 4.629254495462435393e-01 0.000000000000000000e+00 2.756614960347584908e+00
-5.737022200000004091e+01 4.712973236297560709e-01 0.000000000000000000e+00 3.126168357770782169e+00
-5.747628200000002607e+01 4.721686082858301825e-01 0.000000000000000000e+00 2.671239827313575788e+00
-5.689868600000000498e+01 4.674236475823617121e-01 0.000000000000000000e+00 2.970659072708726089e+00
-5.735922400000004018e+01 4.712069748776581690e-01 0.000000000000000000e+00 3.005869612255799073e+00
-5.593542600000002807e+01 4.595104507333136468e-01 0.000000000000000000e+00 2.489624060972607467e+00
-5.771492200000002271e+01 4.741290398370799353e-01 0.000000000000000000e+00 3.171535172470610231e+00
-5.790541000000003180e+01 4.756939019110595357e-01 0.000000000000000000e+00 3.287543426528861890e+00
-5.784823000000000803e+01 4.752241672643091608e-01 0.000000000000000000e+00 2.743691551320570188e+00
-5.794357600000004993e+01 4.760074362329881348e-01 0.000000000000000000e+00 2.741162700853324807e+00
-5.705889800000002055e+01 4.687397918150505438e-01 0.000000000000000000e+00 2.860271206678403733e+00
-5.757617400000005148e+01 4.729892227197787791e-01 0.000000000000000000e+00 2.643665199337060123e+00
-5.753293800000006541e+01 4.726340382639046545e-01 0.000000000000000000e+00 2.629770705785213547e+00
-5.812191000000006369e+01 4.774724529957295460e-01 0.000000000000000000e+00 2.562557111676939225e+00
-5.806946600000005532e+01 4.770416246673949701e-01 0.000000000000000000e+00 3.296453326682168949e+00
-5.759824600000006001e+01 4.731705445652330533e-01 0.000000000000000000e+00 3.179312829236131233e+00
-5.864182999999997747e+01 4.817436044042344712e-01 0.000000000000000000e+00 2.978477664492179322e+00
-5.818538800000002453e+01 4.779939258167576477e-01 0.000000000000000000e+00 2.611778246858571961e+00
-5.874307200000003348e+01 4.825753091105357551e-01 0.000000000000000000e+00 3.292293659597555600e+00
-5.942813800000004676e+01 4.882031376434242675e-01 0.000000000000000000e+00 3.238876049807427382e+00
-5.748394000000003956e+01 4.722315188826265997e-01 0.000000000000000000e+00 3.057171592941238636e+00
-5.831092800000003251e+01 4.790252389953694179e-01 0.000000000000000000e+00 2.858041190904192508e+00
-5.796013000000004922e+01 4.761434276170787294e-01 0.000000000000000000e+00 2.852787488482877443e+00
-5.680778600000004275e+01 4.666769025772974921e-01 0.000000000000000000e+00 2.876594224342250872e+00
-5.809282000000005297e+01 4.772334781640756307e-01 0.000000000000000000e+00 2.834712385816774205e+00
-5.938334600000002439e+01 4.878351706217865513e-01 0.000000000000000000e+00 3.189516585119367420e+00
-5.793699000000000865e+01 4.759533321339409762e-01 0.000000000000000000e+00 2.746205240349165244e+00
-5.718068200000003287e+01 4.697402493914729082e-01 0.000000000000000000e+00 2.805268735011375636e+00
-5.906654000000003890e+01 4.852326040863138568e-01 0.000000000000000000e+00 3.141957408940477148e+00
-5.730500800000004347e+01 4.707615895399840378e-01 0.000000000000000000e+00 2.843252273443282796e+00
-5.762654800000002808e+01 4.734030459638393640e-01 0.000000000000000000e+00 2.888041772427969889e+00
-5.870737200000004208e+01 4.822820330194378946e-01 0.000000000000000000e+00 3.374366964353042952e+00
-5.869188000000002603e+01 4.821547659829310550e-01 0.000000000000000000e+00 3.177018925745556999e+00
-5.773707600000003737e+01 4.743110353138919599e-01 0.000000000000000000e+00 3.187517023765036761e+00
-5.906890400000003893e+01 4.852520243854554494e-01 0.000000000000000000e+00 2.988518078080529605e+00
-5.840098400000002954e+01 4.797650505264595688e-01 0.000000000000000000e+00 3.018354032314281010e+00
-5.911484600000002843e+01 4.856294386761338955e-01 0.000000000000000000e+00 2.618104305760644124e+00
-5.804698800000004155e+01 4.768569675252183893e-01 0.000000000000000000e+00 2.944603097580179796e+00
-5.831665599999999472e+01 4.790722946102097257e-01 0.000000000000000000e+00 3.138569817199926781e+00
-5.909831400000003754e+01 4.854936280224075862e-01 0.000000000000000000e+00 2.980778695393727418e+00
-5.824829400000001556e+01 4.785106996483152741e-01 0.000000000000000000e+00 2.952251533924505900e+00
-5.828303200000004125e+01 4.787960728934852472e-01 0.000000000000000000e+00 3.042485885822693525e+00
-5.771934800000004628e+01 4.741653995003630717e-01 0.000000000000000000e+00 2.382689669577452651e+00
-5.798393400000001208e+01 4.763389778712099898e-01 0.000000000000000000e+00 3.115772302083109846e+00
-5.991544400000000081e+01 4.922063645019276179e-01 0.000000000000000000e+00 3.262649671177144217e+00
-5.726767400000004216e+01 4.704548901118313364e-01 0.000000000000000000e+00 2.864317787749146138e+00
-5.949997600000006059e+01 4.887932880028724725e-01 0.000000000000000000e+00 2.629383422256321268e+00
-5.949087399999999803e+01 4.887185149221667801e-01 0.000000000000000000e+00 3.319205804199297560e+00
-5.939819200000003718e+01 4.879571307575973349e-01 0.000000000000000000e+00 3.390609243954230578e+00
-5.981243400000003163e+01 4.913601356463536129e-01 0.000000000000000000e+00 3.229539478575979228e+00
-5.877372800000004105e+01 4.828271486581184324e-01 0.000000000000000000e+00 2.199513043448250826e+00
-5.932813800000001692e+01 4.873816359876874671e-01 0.000000000000000000e+00 3.049929617296209372e+00
-5.857562600000004238e+01 4.811997374480711520e-01 0.000000000000000000e+00 3.234190649809804530e+00
-5.883969400000005123e+01 4.833690604403417246e-01 0.000000000000000000e+00 2.928269940012327321e+00
-5.881920200000005394e+01 4.832007183210482171e-01 0.000000000000000000e+00 3.353845055900146921e+00
-5.853900000000003701e+01 4.808988542516410281e-01 0.000000000000000000e+00 2.657697451144162670e+00
-5.919737400000004612e+01 4.863074075625802850e-01 0.000000000000000000e+00 2.931923569725362722e+00
-5.814796200000002813e+01 4.776864706070817479e-01 0.000000000000000000e+00 2.806529685665414942e+00
-5.971054200000003220e+01 4.905230911792904935e-01 0.000000000000000000e+00 3.019970313225552427e+00
-5.922129200000005511e+01 4.865038943285994733e-01 0.000000000000000000e+00 2.499980999995678133e+00
-5.821978600000007731e+01 4.782765059562983923e-01 0.000000000000000000e+00 3.079945307563074053e+00
-5.878616400000003495e+01 4.829293106040257744e-01 0.000000000000000000e+00 2.679060207132042848e+00
-5.873777000000001891e+01 4.825317530927484833e-01 0.000000000000000000e+00 2.685027052945743176e+00
-5.924551400000001422e+01 4.867028784596516555e-01 0.000000000000000000e+00 3.343924719230806808e+00
-5.912408600000000547e+01 4.857053454291237471e-01 0.000000000000000000e+00 2.726411291924113023e+00
-5.846009600000002138e+01 4.802506565851984988e-01 0.000000000000000000e+00 2.754203399101126770e+00
-5.950612800000001812e+01 4.888438267847330376e-01 0.000000000000000000e+00 2.774742295653577884e+00
-5.858487800000000334e+01 4.812757427812595634e-01 0.000000000000000000e+00 2.545995811512340889e+00
-5.917540000000003886e+01 4.861268907887487112e-01 0.000000000000000000e+00 2.837082911810094643e+00
-5.796571000000002272e+01 4.761892674094686528e-01 0.000000000000000000e+00 3.036035758479744384e+00
-5.927855400000001396e+01 4.869743026067069880e-01 0.000000000000000000e+00 2.770058948263109055e+00
-5.820613400000002713e+01 4.781643545502567982e-01 0.000000000000000000e+00 2.962232862582828030e+00
-5.927847400000003120e+01 4.869736454053825714e-01 0.000000000000000000e+00 3.059217995231374942e+00
-5.777144800000004210e+01 4.745934018630018070e-01 0.000000000000000000e+00 2.381729231846966499e+00
-6.008139000000005581e+01 4.935696136395567035e-01 0.000000000000000000e+00 2.812716353914086476e+00
-5.853950600000005977e+01 4.809030110500192579e-01 0.000000000000000000e+00 2.645077351595455983e+00
-5.902207800000006443e+01 4.848673480201404207e-01 0.000000000000000000e+00 2.695225099783135292e+00
-5.843642200000003584e+01 4.800561742832195611e-01 0.000000000000000000e+00 2.737404166214423284e+00
-5.941811000000000575e+01 4.881207574573867003e-01 0.000000000000000000e+00 3.254086023010380302e+00
-5.995242200000004829e+01 4.925101393841863073e-01 0.000000000000000000e+00 2.957476324369830323e+00
-5.894590600000003633e+01 4.842415937789325553e-01 0.000000000000000000e+00 2.464952273425728091e+00
-5.827190000000005199e+01 4.787046233291687436e-01 0.000000000000000000e+00 3.197951972400113529e+00
-5.978510000000004254e+01 4.911355863837746916e-01 0.000000000000000000e+00 2.772886873446028577e+00
-5.807173600000002267e+01 4.770602727549799194e-01 0.000000000000000000e+00 2.717658352760197626e+00
-6.009768400000003652e+01 4.937034691193423197e-01 0.000000000000000000e+00 2.873782017373234687e+00
-6.048661599999999794e+01 4.968985519390313743e-01 0.000000000000000000e+00 2.491820454510957017e+00
-6.040442600000005058e+01 4.962233597281819342e-01 0.000000000000000000e+00 2.575193534695082054e+00
-6.023760600000002086e+01 4.948529306660819360e-01 0.000000000000000000e+00 3.037732285961973311e+00
-6.003689200000003012e+01 4.932040618327868664e-01 0.000000000000000000e+00 3.144691190751148557e+00
-5.927130400000005750e+01 4.869147437366664333e-01 0.000000000000000000e+00 2.689378427977870967e+00
-6.049050600000003186e+01 4.969305083534398260e-01 0.000000000000000000e+00 2.926162956923056946e+00
-6.005527000000003568e+01 4.933550374070781452e-01 0.000000000000000000e+00 3.146534554157168095e+00
-6.090694600000003334e+01 5.003515698485893060e-01 0.000000000000000000e+00 3.085181776987303781e+00
-6.043918800000000857e+01 4.965089301337487493e-01 0.000000000000000000e+00 2.910787495141949677e+00
-6.010253999999999763e+01 4.937433612397445493e-01 0.000000000000000000e+00 2.705325128950923919e+00
-5.999609400000004200e+01 4.928689055872795266e-01 0.000000000000000000e+00 2.611542556731595965e+00
-5.938483000000002932e+01 4.878473617063577294e-01 0.000000000000000000e+00 2.550282687975169882e+00
-5.844142000000005055e+01 4.800972329359733948e-01 0.000000000000000000e+00 2.797246464404998356e+00
-6.015474000000004651e+01 4.941721851040394298e-01 0.000000000000000000e+00 3.095241669845421484e+00
-6.067703000000003044e+01 4.984628061017859491e-01 0.000000000000000000e+00 2.396629201270783938e+00
-6.037975600000005727e+01 4.960206952697117644e-01 0.000000000000000000e+00 2.711124443910251980e+00
-5.974395200000004280e+01 4.907975548824721757e-01 0.000000000000000000e+00 2.886662647295123563e+00
-6.058945800000005022e+01 4.977434006718244319e-01 0.000000000000000000e+00 2.883536365918023314e+00
-5.982749800000005536e+01 4.914838866557739716e-01 0.000000000000000000e+00 2.796456361290484693e+00
-5.995656400000004993e+01 4.925441659827669572e-01 0.000000000000000000e+00 2.769681133655144567e+00
-6.089663800000004557e+01 5.002668894579160863e-01 0.000000000000000000e+00 3.119598974317309814e+00
-5.995810400000004137e+01 4.925568171082652102e-01 0.000000000000000000e+00 2.681422024659168013e+00
-6.135383600000001536e+01 5.040227785979103370e-01 0.000000000000000000e+00 3.098758723646902524e+00
-6.068830800000002057e+01 4.985554550585198363e-01 0.000000000000000000e+00 2.891469812378291149e+00
-6.095724800000003540e+01 5.007648016114578660e-01 0.000000000000000000e+00 3.618349425769386674e+00
-5.967948000000001230e+01 4.902679163349854541e-01 0.000000000000000000e+00 3.023532633235901379e+00
-5.958622400000002983e+01 4.895018167509118667e-01 0.000000000000000000e+00 2.839353152368092381e+00
-6.021157400000003435e+01 4.946390773550606856e-01 0.000000000000000000e+00 3.421569319745286109e+00
-5.890597800000003303e+01 4.839135845978300154e-01 0.000000000000000000e+00 2.521959311568701789e+00
-6.023918800000004836e+01 4.948659268222758700e-01 0.000000000000000000e+00 2.446922674298466660e+00
-6.112176600000002935e+01 5.021163197054425709e-01 0.000000000000000000e+00 2.603046797726762840e+00
-6.044091600000002984e+01 4.965231256823600670e-01 0.000000000000000000e+00 3.126422236188408199e+00
-6.090891200000006478e+01 5.003677205711413167e-01 0.000000000000000000e+00 2.646078549697207905e+00
-6.080030400000001123e+01 4.994755040528784940e-01 0.000000000000000000e+00 2.871006943333768380e+00
-6.055966800000000916e+01 4.974986753285801644e-01 0.000000000000000000e+00 3.301234552876706196e+00
-6.101517000000004032e+01 5.012406318004937189e-01 0.000000000000000000e+00 2.948355454959235455e+00
-5.888175400000000792e+01 4.837145840367441663e-01 0.000000000000000000e+00 3.141481587906501449e+00
-6.035545000000002602e+01 4.958210210772681648e-01 0.000000000000000000e+00 3.337833251383359290e+00
-5.976714800000004146e+01 4.909881104065368373e-01 0.000000000000000000e+00 2.633178225753399104e+00
-5.968443199999999393e+01 4.903085970969773832e-01 0.000000000000000000e+00 3.410582574391570088e+00
-6.009393400000002572e+01 4.936726628072520828e-01 0.000000000000000000e+00 3.294464972801218750e+00
-6.064572400000006525e+01 4.982056267934413252e-01 0.000000000000000000e+00 2.886038073386132830e+00
-6.029235000000003453e+01 4.953026535324984714e-01 0.000000000000000000e+00 2.831076743498090575e+00
-6.083910600000005076e+01 4.997942631253377010e-01 0.000000000000000000e+00 3.111275682041146684e+00
-6.003514599999999035e+01 4.931897184138773760e-01 0.000000000000000000e+00 2.946489880869209266e+00
-6.014337600000003192e+01 4.940788296558814019e-01 0.000000000000000000e+00 2.349309448642044718e+00
-6.103537200000003793e+01 5.014065915649855709e-01 0.000000000000000000e+00 2.290049890245656083e+00
-5.972992200000002327e+01 4.906822982001721734e-01 0.000000000000000000e+00 2.413480737821278588e+00
-5.996099200000001872e+01 4.925805420760827058e-01 0.000000000000000000e+00 2.962205407785751365e+00
-6.070522400000004382e+01 4.986944202786043889e-01 0.000000000000000000e+00 2.211136057887186368e+00
-6.042669000000004331e+01 4.964062588568150525e-01 0.000000000000000000e+00 2.888059993833195449e+00
-6.064161000000002844e+01 4.981718302153240185e-01 0.000000000000000000e+00 3.149970092194078752e+00
-6.028369000000000000e+01 4.952315114891113756e-01 0.000000000000000000e+00 2.715152957333558881e+00
-6.017429200000003675e+01 4.943328051077690022e-01 0.000000000000000000e+00 2.706956245879691636e+00
-6.093776000000002568e+01 5.006047073687879267e-01 0.000000000000000000e+00 2.855319658872441213e+00
-5.947711600000004495e+01 4.886054927243709267e-01 0.000000000000000000e+00 2.832193655805308463e+00
-5.960849999999999227e+01 4.896848144597434893e-01 0.000000000000000000e+00 2.321047665224138523e+00
-6.050121400000002581e+01 4.970184747507360723e-01 0.000000000000000000e+00 3.170553370208009980e+00
-6.100602600000003406e+01 5.011655136890931228e-01 0.000000000000000000e+00 2.966472227833776731e+00
-6.162801600000003077e+01 5.062751718376090615e-01 0.000000000000000000e+00 3.202071736832612814e+00
-6.076996200000002091e+01 4.992262440204949803e-01 0.000000000000000000e+00 2.992419886771144899e+00
-6.027271600000002394e+01 4.951413598974110375e-01 0.000000000000000000e+00 3.146296388034282465e+00
-6.009703600000004542e+01 4.936981457886132074e-01 0.000000000000000000e+00 2.414828337355045207e+00
-6.017429000000003469e+01 4.943327886777358349e-01 0.000000000000000000e+00 2.925724497393161094e+00
-5.945480000000002718e+01 4.884221664148766240e-01 0.000000000000000000e+00 2.506195757104638933e+00
-6.024097400000005820e+01 4.948805988418474300e-01 0.000000000000000000e+00 2.842311437332636803e+00
-6.115955800000003251e+01 5.024267816111785967e-01 0.000000000000000000e+00 3.243997409394399511e+00
