9.795000000000000373e-01
7.578000000000000291e-01
2.253000000000000003e-01
-9.941999999999999726e-01
-9.765000000000000346e-01
6.802000000000000268e-01
3.408999999999999808e-01
-9.260000000000000175e-02
-6.283999999999999586e-01
9.330000000000000515e-01
-8.817000000000000393e-01
-5.790999999999999481e-01
-4.141000000000000236e-01
-8.612999999999999545e-01
-5.720000000000000084e-02
-9.655000000000000249e-01
-9.316999999999999726e-01
9.116999999999999549e-01
-7.178999999999999826e-01
-7.210999999999999632e-01
-8.420999999999999597e-01
4.719999999999999890e-02
-5.580000000000000238e-02
-8.836000000000000520e-01
6.543999999999999817e-01
-4.139999999999999930e-02
-9.189999999999999558e-02
-4.739999999999999769e-02
4.358000000000000207e-01
-3.973999999999999755e-01
-4.999000000000000110e-01
-4.152000000000000135e-01
-7.648000000000000353e-01
-9.139000000000000457e-01
-3.070000000000000159e-02
-8.071000000000000396e-01
-3.851999999999999869e-01
5.774000000000000243e-01
-7.262999999999999456e-01
4.127000000000000113e-01
3.276000000000000023e-01
7.589999999999999525e-02
3.634999999999999898e-01
-7.610000000000000098e-02
8.630999999999999783e-01
-2.419999999999999929e-02
-9.145999999999999686e-01
4.465999999999999970e-01
-3.761999999999999789e-01
1.991999999999999882e-01
-7.570000000000000062e-01
-8.810999999999999943e-01
4.345999999999999863e-01
7.066000000000000059e-01
4.450000000000000067e-01
-9.165999999999999703e-01
8.616000000000000325e-01
4.022999999999999909e-01
-1.342000000000000137e-01
2.850000000000000103e-02
5.974000000000000421e-01
3.148000000000000242e-01
-7.420000000000000207e-02
2.177999999999999936e-01
5.053999999999999604e-01
8.548000000000000043e-01
-3.356000000000000094e-01
6.110000000000000153e-02
-7.118999999999999773e-01
9.634000000000000341e-01
1.053999999999999937e-01
9.555000000000000160e-01
-8.425000000000000266e-01
2.404000000000000026e-01
-3.814000000000000168e-01
-6.489000000000000323e-01
2.117999999999999883e-01
-7.631000000000000005e-01
6.309000000000000163e-01
3.657000000000000250e-01
2.338000000000000078e-01
6.950000000000000622e-02
2.782000000000000028e-01
-6.850000000000000533e-01
-4.300000000000000003e-03
2.157000000000000028e-01
4.270999999999999797e-01
5.989999999999999769e-01
2.363999999999999990e-01
-8.736000000000000432e-01
3.518000000000000016e-01
4.632999999999999896e-01
-8.484000000000000430e-01
9.315999999999999837e-01
-6.435999999999999499e-01
3.744000000000000106e-01
1.656999999999999862e-01
3.916999999999999926e-01
-4.174999999999999822e-01
1.832999999999999907e-01
9.610999999999999543e-01
-4.530000000000000138e-01
2.267000000000000126e-01
-6.104000000000000536e-01
-6.065000000000000391e-01
3.690999999999999837e-01
-8.853999999999999648e-01
-9.170000000000000373e-02
7.839999999999999747e-02
3.677000000000000268e-01
5.758999999999999675e-01
9.010000000000000231e-01
9.717999999999999972e-01
-3.890000000000000124e-01
9.821999999999999620e-01
2.731999999999999984e-01
-3.565999999999999726e-01
4.423000000000000265e-01
-3.377000000000000002e-01
4.027000000000000024e-01
2.629000000000000226e-01
-2.560000000000000053e-01
-5.585999999999999854e-01
5.668999999999999595e-01
-4.310999999999999832e-01
9.229999999999999316e-02
-9.080000000000000293e-01
-4.313000000000000167e-01
7.852999999999999980e-01
-3.673000000000000154e-01
-1.460000000000000013e-02
-7.055000000000000160e-01
-4.813999999999999946e-01
4.918000000000000149e-01
-3.563000000000000056e-01
-8.548999999999999932e-01
-6.062999999999999501e-01
-7.130000000000000226e-02
1.653000000000000025e-01
-1.970999999999999974e-01
9.418999999999999595e-01
-2.659000000000000252e-01
-4.312000000000000277e-01
6.001999999999999558e-01
1.236000000000000015e-01
-3.358999999999999764e-01
9.296999999999999709e-01
1.685999999999999999e-01
4.581999999999999962e-01
9.690999999999999615e-01
