-1.033000000000000029e-01
-2.575999999999999956e-01
-8.419999999999999707e-01
-8.473000000000000531e-01
-3.004999999999999893e-01
5.998999999999999888e-01
9.610000000000000486e-02
-5.323999999999999844e-01
-1.297000000000000097e-01
-9.929999999999999938e-02
7.116999999999999993e-01
1.940999999999999948e-01
1.980000000000000093e-01
1.570999999999999897e-01
-2.721999999999999975e-01
-6.250000000000000000e-01
-2.550000000000000044e-01
7.679000000000000270e-01
-7.942000000000000171e-01
4.122999999999999998e-01
-9.434000000000000163e-01
6.421999999999999931e-01
7.123000000000000442e-01
-3.755000000000000004e-01
8.276000000000000023e-01
-5.205999999999999517e-01
8.567000000000000171e-01
-5.662000000000000366e-01
8.620999999999999774e-01
-7.766999999999999460e-01
-4.749999999999999778e-01
-1.140000000000000041e-01
2.470999999999999863e-01
9.691999999999999504e-01
2.076999999999999957e-01
-4.542999999999999816e-01
-7.044000000000000261e-01
3.592000000000000193e-01
-7.573999999999999622e-01
-5.180000000000000160e-01
6.385999999999999455e-01
6.481999999999999984e-01
2.514000000000000123e-01
6.410000000000000420e-02
7.425000000000000488e-01
-2.977000000000000202e-01
7.228999999999999870e-01
6.176000000000000378e-01
-5.034999999999999476e-01
-3.199000000000000177e-01
4.363000000000000211e-01
2.857999999999999985e-01
4.616999999999999993e-01
5.558999999999999497e-01
2.939999999999999905e-02
8.153000000000000247e-01
8.295000000000000151e-01
1.018000000000000016e-01
8.849000000000000199e-01
9.499999999999999764e-03
-7.465000000000000524e-01
-2.320000000000000118e-01
6.525999999999999579e-01
-6.160000000000000198e-02
-9.829999999999999849e-02
2.955999999999999739e-01
-7.324000000000000510e-01
-2.983000000000000096e-01
6.921000000000000485e-01
1.096000000000000030e-01
7.895999999999999686e-01
8.929000000000000270e-01
2.089999999999999844e-02
2.943999999999999950e-01
-3.751999999999999780e-01
-7.218999999999999861e-01
-5.270000000000000240e-01
-4.008999999999999786e-01
2.058000000000000107e-01
-9.310000000000000220e-02
-8.199999999999999512e-01
-3.402999999999999914e-01
6.908999999999999586e-01
-3.629999999999999893e-02
7.974999999999999867e-01
6.676999999999999602e-01
4.356999999999999762e-01
-1.019999999999999934e-01
-7.006000000000000005e-01
-8.735000000000000542e-01
-6.250000000000000000e-01
9.957000000000000295e-01
-5.947000000000000064e-01
-7.408000000000000140e-01
3.192999999999999727e-01
6.078999999999999959e-01
3.037000000000000255e-01
8.819000000000000172e-01
5.313999999999999835e-01
-1.923999999999999877e-01
8.399999999999999689e-01
6.566999999999999504e-01
-2.883000000000000007e-01
2.026000000000000023e-01
-1.006999999999999978e-01
-2.693999999999999728e-01
1.968000000000000027e-01
7.594999999999999529e-01
7.167000000000000037e-01
-5.627999999999999670e-01
-9.906000000000000361e-01
-4.979000000000000092e-01
-2.195999999999999897e-01
9.171000000000000263e-01
-5.674000000000000155e-01
-4.511000000000000010e-01
-8.826000000000000512e-01
6.481999999999999984e-01
1.272999999999999965e-01
-9.951999999999999735e-01
-9.419999999999999485e-01
9.299999999999999933e-02
-6.403999999999999693e-01
-5.406999999999999584e-01
2.225000000000000033e-01
-2.417999999999999872e-01
-3.751999999999999780e-01
9.169000000000000483e-01
-4.865999999999999770e-01
-2.290999999999999981e-01
-9.461000000000000520e-01
8.359999999999999376e-02
-7.022000000000000464e-01
6.001999999999999558e-01
1.381000000000000005e-01
7.974999999999999867e-01
-6.266000000000000458e-01
1.640000000000000069e-01
8.801999999999999824e-01
5.991999999999999549e-01
-3.215000000000000080e-01
7.735999999999999543e-01
1.466999999999999971e-01
1.197000000000000008e-01
-1.782999999999999863e-01
-9.704000000000000403e-01
5.336999999999999522e-01
8.547000000000000153e-01
8.880000000000000115e-01
-6.693999999999999950e-01
