1.458136276017167221e+00
-3.898140036808253051e-01
-4.740317997484061463e-02
3.024166058881586072e-01
-2.409641351510279361e-01
-1.749753097793899925e-01
-6.805826165012691664e-01
-6.418071535995245602e-01
1.282888394942443555e-01
-2.922685945076086700e-01
4.012704505246645348e-01
-4.268084956332036106e-01
4.666793128009284475e-01
5.008068068698591224e-01
1.626279258126644978e-01
6.650885326823672283e-01
-5.770100397280040205e-01
-6.044405092445223060e-01
-4.344286736622403056e-01
-1.633016012758283231e-01
-6.906296717706478239e-02
2.408050474102334526e-01
4.483998975671071863e-01
1.674264028249348307e-02
-4.840324710043519274e-01
-1.639061644219274583e-01
-1.580565525103728164e-01
-3.696118799522463139e-01
-6.520149473625612424e-02
-2.911610764156115083e-01
-3.340879556651430993e-01
1.148880220971792765e+00
1.187193454624516864e+00
1.612760341135498043e+00
-7.702133491532533460e-01
-3.975653176302907377e-01
-3.104509021890974885e-02
-7.630990951596458016e-01
4.709263020039208825e-01
-6.122677913314648057e-01
-1.166963233178796716e-01
1.944694670907055611e-01
7.441037966945678317e-01
8.797928562867116664e-01
-2.647578537392658027e-01
1.888279294782034823e-01
1.256349921250897173e-01
4.197402479438833156e-01
8.341105194103200227e-02
-7.029186534339401105e-01
9.742885115947017560e-01
1.746526106309934656e-01
-1.255353295065137154e+00
-4.037171981910012142e-01
2.593595250403941260e-02
-5.754976551916939354e-01
-1.099961044895308993e-02
-3.115845823905835643e-01
-1.817007522629103256e-01
2.032643201172675829e-01
-1.240803561225837376e-01
-1.398577188160312068e-01
6.513193739180951625e-02
-5.328019353654639412e-01
3.949044182738283282e-01
-3.180660985129053486e-01
-2.827276614882832106e-01
-4.614454179943671686e-01
3.871350228599292898e-01
1.099191111985010211e-01
-3.902682377084407683e-01
4.625201223561288821e-01
-7.812475117343768982e-01
1.379335025593209529e+00
1.055346172317699338e+00
1.012646347471508834e+00
8.802148534196196916e-01
-1.367455831290445234e+00
-1.103969349433987945e+00
-9.846095115452966340e-01
6.112478185141092535e-01
-2.612524224900609204e-01
-2.113695871149048333e-01
-7.363362829094274309e-01
-6.458465611358126246e-01
-2.561267255639573248e-01
-3.463124321468346034e-01
-4.708903987394845170e-01
4.159890474454390752e-01
-1.419938237697557226e-01
-3.144676741614944593e-01
-1.986317729988592018e-01
-3.544384776824364147e-01
1.055677395034388510e+00
-1.014507189390066566e+00
-2.552426631003233970e-01
-3.795060835076242145e-01
-3.044797706277479477e-01
8.965538181501476744e-01
-7.747242163868232057e-01
1.337257914683327886e+00
-7.692231933917201836e-01
2.853340860008082847e-01
1.555292758060518865e-01
2.923375247858558956e-02
-1.012177781242214802e+00
-4.644509148728556136e-01
6.915717081411161260e-01
8.397337713847786711e-01
7.994825500860851530e-01
8.385170179626000309e-01
-9.755176065717170442e-01
-2.502485320802178559e-01
2.269292111015957028e-02
1.451565856753490147e+00
-2.769791810108984675e-01
1.581882722876356340e+00
-6.830933525985245502e-01
1.519896696079901410e+00
1.368973763282878453e+00
