-3.522000000000000131e-01
8.598999999999999977e-01
9.950999999999999845e-01
-3.865000000000000102e-01
7.237999999999999989e-01
-9.595000000000000195e-01
8.296000000000000041e-01
-8.068999999999999506e-01
-7.440999999999999837e-01
2.730000000000000135e-02
-6.664999999999999813e-01
1.736999999999999933e-01
7.738000000000000433e-01
2.889999999999999791e-01
-1.885999999999999899e-01
5.268000000000000460e-01
5.262999999999999901e-01
-7.254000000000000448e-01
3.934000000000000274e-01
-4.575000000000000178e-01
4.011000000000000121e-01
1.459999999999999909e-01
-6.036000000000000254e-01
-6.599000000000000421e-01
-8.826000000000000512e-01
9.146999999999999575e-01
8.333000000000000407e-01
2.987000000000000210e-01
4.143999999999999906e-01
2.132999999999999896e-01
-1.990999999999999992e-01
1.842000000000000026e-01
8.481999999999999540e-01
4.309999999999999942e-02
-2.889999999999999791e-01
-6.643000000000000016e-01
1.841000000000000136e-01
7.877999999999999448e-01
5.872000000000000552e-01
-8.330999999999999517e-01
9.948000000000000176e-01
-3.966000000000000081e-01
-2.500000000000000000e-01
1.433000000000000107e-01
2.160000000000000114e-02
9.418999999999999595e-01
-2.634000000000000230e-01
-1.116000000000000048e-01
-2.414999999999999925e-01
7.157000000000000028e-01
-8.709000000000000075e-01
6.871000000000000441e-01
7.660000000000000142e-02
2.136000000000000121e-01
1.280000000000000027e-01
9.193999999999999950e-01
-1.971999999999999864e-01
-8.571999999999999620e-01
4.525000000000000133e-01
2.429000000000000048e-01
-5.537999999999999590e-01
8.326999999999999957e-01
7.411999999999999700e-01
8.269999999999999574e-02
-2.684000000000000274e-01
-5.532000000000000250e-01
8.760999999999999899e-01
-5.295999999999999597e-01
-7.435000000000000497e-01
5.696999999999999842e-01
1.890000000000000013e-01
-9.418999999999999595e-01
8.658000000000000140e-01
8.072000000000000286e-01
-5.420000000000000373e-01
8.793999999999999595e-01
7.007999999999999785e-01
-7.782000000000000028e-01
1.406000000000000028e-01
-4.963000000000000189e-01
6.650000000000000355e-02
-7.309999999999999831e-01
-5.959999999999999742e-01
6.562000000000000055e-01
-2.050000000000000086e-02
-4.560000000000000164e-02
2.698999999999999733e-01
1.519999999999999962e-01
1.679999999999999896e-02
-7.346000000000000307e-01
9.452000000000000401e-01
-4.364000000000000101e-01
2.556999999999999829e-01
1.348999999999999921e-01
7.130000000000000226e-02
-5.672000000000000375e-01
2.615000000000000102e-01
7.457000000000000295e-01
2.020000000000000129e-01
-4.566000000000000059e-01
-1.917000000000000093e-01
6.441000000000000059e-01
9.196999999999999620e-01
2.393000000000000127e-01
-6.264999999999999458e-01
7.127000000000000002e-01
4.981999999999999762e-01
-1.867000000000000048e-01
-3.330000000000000182e-01
-8.417999999999999927e-01
-3.513000000000000012e-01
-4.349999999999999978e-01
2.127999999999999892e-01
-7.557000000000000384e-01
3.400000000000000244e-02
-2.837999999999999967e-01
3.934000000000000274e-01
1.733000000000000096e-01
6.323999999999999622e-01
-8.279999999999999583e-01
5.664000000000000146e-01
-4.751000000000000223e-01
-5.789999999999999591e-01
4.047999999999999932e-01
-5.290000000000000258e-02
6.733000000000000096e-01
3.281999999999999917e-01
6.320000000000000062e-01
-3.963999999999999746e-01
4.418000000000000260e-01
4.731000000000000205e-01
-9.071000000000000174e-01
2.747999999999999887e-01
-7.913000000000000034e-01
-7.771000000000000130e-01
