-5.299349403268933667e-01
-5.826685284621276883e-01
9.060411194969881787e-01
9.538229452256925534e-01
-3.045759306738041183e-01
-4.713904791531381977e-01
3.054657998958820175e-01
2.410663707551076451e-01
-1.056679595874963906e-01
-9.337752884390776442e-02
3.382277287729275050e-01
9.387575000889231136e-01
4.258776042958844522e-03
-8.766951912206953634e-02
-4.345444527476998720e-01
5.472683120568816451e-02
-6.042000262559700172e-03
1.035163090309444867e+00
1.404710028855645498e-01
-1.281691453266301239e-01
-7.158007322225375113e-02
-1.413326681842451971e-01
-3.397031214218956818e-02
-5.243505280602087093e-02
-1.630530293840273259e-01
1.648644152582979805e-01
1.122510368668246383e-01
-9.402854167984775469e-02
-4.651485209318588221e-01
-3.485884339689357403e-02
9.018317545862128970e-01
9.601738659900667106e-01
-1.431214502773608954e-01
5.596546011492745665e-01
-1.795192688850407725e-01
9.773199224228076298e-01
7.491509326710021899e-01
7.080935651277762144e-01
1.463131230598831711e-01
1.901837842892694849e-02
1.975737379845056430e-03
1.179502912639041473e-01
2.953876056954737178e-03
-3.559383864447210333e-02
1.784167168444206475e-01
7.222800973390006152e-02
-1.699545281960682108e-01
-1.876384544878504160e-02
1.285027547429206385e-01
2.661373974894760269e-02
7.349409591764809180e-02
1.276409396533595419e-01
1.821502463991737583e-02
-2.724734080365812106e-02
5.363900803838618503e-02
1.627318446323737511e-01
2.362596716238649364e-01
1.988400393056773963e-01
5.075967551237506314e-02
7.296824138963409201e-02
3.635070088212256634e-01
2.889793255504254782e-02
1.173522947011490097e-01
4.125181252233539597e-01
3.699129606338733001e-01
9.643960550666354214e-02
4.793553010269897829e-02
-2.501741803432568079e-02
7.884796260311754956e-02
-3.535490857709144286e-01
7.250948415802696001e-01
4.586388216386579758e-02
7.220986929800604637e-02
3.174084237392325036e-01
-8.267131669801756899e-02
1.460391613362697905e-01
-2.817141493224685767e-01
2.387100759915514736e-01
-5.209919371567768576e-02
2.814387740152762274e-01
-5.621768110756675263e-01
1.355817622720888238e+00
-3.259339882952073664e-01
-1.974749375688947262e-01
-1.083167132300173474e-01
-7.985441656859167125e-02
3.652415661581895345e-01
-8.855034866476005351e-02
-7.898931758900026856e-02
4.027619381164957990e-01
-2.050128889676046118e-01
-1.388369152194563194e-01
-7.270982015830473877e-02
-6.753742924845938800e-02
4.398572520341587078e-01
-6.755522165393131051e-02
-6.673143596618440199e-02
6.606237835303731265e-02
-1.587899275027791213e-01
-4.867949284811082244e-02
-2.042120722834936397e-01
3.532689256018262669e-01
-1.604207134401600954e-01
-8.324780479717100445e-02
-6.627669994218975125e-02
3.597484620311841574e-01
-1.410960295392609254e-01
-1.281702355970165130e-01
4.285015149900608944e-01
-1.440379118369543299e-01
-2.473432393681711250e-02
5.322425030163380893e-02
-1.270562248378174497e-01
-6.422889406543109969e-02
-3.282587849629760995e-02
-6.713745051423298041e-03
-2.090892740177245912e-01
-1.374705067357328281e-01
4.498983710670584890e-01
-1.150352196086656814e-01
-1.054737420935037001e-01
-8.486920941075172531e-02
4.376044241495048448e-01
3.406214014227226805e-01
-6.460948825291286390e-02
-6.921249099438474273e-02
-2.501806285164608901e-01
3.769821580239717251e-01
-8.859984305174639641e-02
2.704376010433994226e-01
-8.298312068619970172e-02
-1.822900057470327739e-01
-2.513867528301799159e-01
-5.005131653334258246e-01
-6.454554218376111485e-02
-2.376992540817185751e-01
1.965502643414174799e-01
-1.939524782597693009e-01
2.823629733821690913e-01
-3.363249387842439098e-01
-1.808990972023110932e-01
-1.387611310745951506e-03
-4.294494370767339975e-01
-1.848142730698482950e-01
-1.464064137238716146e-01
-1.143115281360674307e-01
-2.439811205208678724e-01
-1.176832686050854615e-01
-8.771883787048176395e-02
-1.701173932436061131e-01
-1.531344793313483554e-01
1.897206007952088880e-01
-1.707247481488794599e-02
-1.778171158376982419e-01
-1.735435062179349897e-01
-1.924193062621367412e-01
-1.859656158045357166e-01
-8.770698917872594980e-02
-1.400964645965466493e-01
4.723168076836741780e-01
-2.656501362221396212e-01
-8.515620107739972633e-02
-1.337524878443935028e-01
-1.651369163677269269e-01
-1.895852266763776994e-01
2.760421317213274106e-01
4.236723924026115085e-01
-7.005155980776858748e-02
-9.391180498377285635e-02
4.008293519603861044e-01
-1.915387093111027839e-01
-1.390942964949334337e-01
4.987294599760809799e-01
-1.689186582498307665e-01
-2.909763003180780294e-01
-4.480455317133388154e-02
-1.372181566345107573e-01
8.822231627517239383e-03
-1.506002878424446412e-01
-6.959910508807707341e-01
-2.194990365588293524e-01
-2.680236561901617742e-01
3.340773248544321450e-01
-2.006300296521188742e-01
-1.265391282715819243e-01
7.979581475488002340e-01
-3.416810247687090407e-01
9.747835428236705235e-01
-1.121668132637233459e-02
-8.445938179460796280e-02
-8.512939948953654468e-02
4.210122837220814929e-01
-8.234156538853530660e-02
-1.919536999307982217e-01
-6.543384503989119194e-01
-9.467096391256563104e-02
-1.780513805935039495e-01
-8.947239975454220062e-02
-1.706704150989054314e-01
-5.697009083769589283e-02
-8.688079551284204338e-02
-9.638524430230734075e-02
-1.792304895571329715e-01
-1.754634580573360275e-02
-6.539292842778214598e-02
-1.126694241831159154e-01
-1.178439838761220215e-01
-5.585019985664239905e-02
-1.081127669869023922e-01
-8.689251732376916670e-02
9.545439298358092683e-01
-1.157919695123523357e-01
-7.045676552213335497e-02
-1.044269547969331330e-01
-1.402052476602259623e-01
-9.353454814603193168e-02
-1.455101991715323229e-01
-5.357947491920286159e-02
-1.639090215579285803e-01
-1.791709563098291824e-01
1.814370898250582675e-01
-9.839782224388413101e-02
-1.428508743605563791e-01
-1.646745701487191127e-01
-1.028736796761333672e-01
-7.132120683383080806e-02
-3.979504070677826466e-02
-1.440801192035978950e-01
-3.722927447259595790e-01
-1.612927674139971734e-01
-4.559308468715526919e-02
-6.023865471639282265e-02
-4.870026219094402559e-02
-1.287417603060742599e-01
-1.665295335561439438e-01
-1.022870309049670190e-01
-3.893244078368819638e-02
-1.862719262614187521e-01
-1.413741405754980196e-01
-8.408344237138805355e-02
1.114975681514004946e-01
-1.453148793024035268e-01
-3.284622961883412740e-02
-2.849087582676206737e-02
-1.492131087024315128e-01
-1.136534880773875378e-01
-1.620833612222096487e-01
-1.994568607317452058e-01
4.753945420734675409e-01
-1.024772216431946020e-01
-2.298770399248392104e-01
-6.972802503447499134e-02
-5.713758133586006177e-02
4.705593640567537483e-02
3.923117055196382319e-01
-2.102172438653800435e-01
-1.134959398081178267e-01
-1.855555918910415936e-01
-4.657818188716977281e-01
-4.296941913424732334e-02
-1.633771451336232250e-01
-1.264057339431069182e-01
-1.012343860282097496e-01
-1.708044293460882490e-01
-2.449634705719125338e-01
-2.176354225878450108e-02
-4.331478900829444090e-02
-6.074369314151275567e-01
-8.833115272088672143e-02
-1.252543472876590791e-01
-1.786467635231322737e-01
-1.062683392101201607e-01
5.120158103557802265e-02
-7.146305633173807847e-02
-3.330226622413143822e-01
7.409436168066460549e-02
9.564838963262018989e-01
-2.557337945992857464e-01
-6.542391130054975301e-02
-5.823657292726121953e-02
-1.012164263725984503e-01
-1.915946688192016883e-02
-4.221739614337829266e-03
-1.179442067615054934e-01
7.572206554163471437e-02
9.878475314202684876e-01
-7.756566309456446040e-02
-6.696182979924528156e-02
1.109049859385428327e+00
-6.507981463434781011e-02
1.591440425044792634e-02
-1.381746651141886328e-01
-1.781097143839161234e-01
1.088658148493590883e+00
1.138362104325603141e+00
9.673837220786409841e-01
2.472730959178795831e-02
9.693369001137979168e-01
1.091183519190825457e+00
-8.920053003620218024e-02
-1.151042461507865849e-01
-1.872117166645108008e-02
-1.795927356221450610e-01
-1.057661473780008299e-01
-3.096736366727139908e-02
-3.417464282781525198e-02
-1.379265357446591012e-01
-8.923926659631933878e-02
1.051180507566594313e+00
1.114202218058579774e+00
1.074833712853757950e+00
1.186263964095944035e+00
6.451113303045859226e-02
1.152874363543674452e+00
-1.264631273493020125e-01
5.520534353112592774e-01
6.018466306567157309e-01
-1.488645205299780061e-01
-2.048162146300294868e-04
-6.843795589973918070e-02
7.374125234560469089e-01
-3.187381065133719216e-01
-1.728496603052097902e-01
5.794214567332885979e-01
6.410149519793644224e-01
-2.454505237229377967e-01
6.904025367976893701e-01
1.720708028742065632e-01
9.688048178034824875e-01
9.907412346589820062e-01
5.316779725300432302e-01
-1.102075838240252625e-01
1.265721899907619408e+00
6.734788518209351427e-01
1.067397352880878669e+00
1.005063693008899639e+00
1.075887657438827860e+00
1.025541762443034299e+00
1.099509706173499080e+00
9.024546609303927269e-01
9.631623150014886336e-01
1.529863859999198050e+00
-5.624522436619937282e-02
-1.152493960331256589e-01
1.093470322985911208e-01
2.011653836172851151e-02
1.028722737849314672e+00
3.773263864077605612e-02
2.510196412849994077e-02
-5.009236233512399661e-01
1.023032901768759606e+00
-4.670860064376382292e-02
-2.413297317516361062e-01
9.736141833269548740e-02
-2.920694997943825699e-01
1.191673837506211253e+00
-2.089473639354809675e-01
-1.928997447261962817e-01
1.042407426433023865e+00
-1.928167531885857933e-01
