-8.516195000000004711e+01 6.456363306922695555e-01 0.000000000000000000e+00 2.825341447694527108e+00
-8.410316999999997734e+01 6.376094262565397131e-01 0.000000000000000000e+00 2.308572512255882891e+00
-8.486561400000006472e+01 6.433897253985672027e-01 0.000000000000000000e+00 2.642633111467087570e+00
-8.453392200000004664e+01 6.408750764761318441e-01 0.000000000000000000e+00 2.383125356620943602e+00
-8.434403200000001277e+01 6.394354677913239859e-01 0.000000000000000000e+00 3.193688639968941256e+00
-8.474387200000008136e+01 6.424667655770609498e-01 0.000000000000000000e+00 3.068130933823859596e+00
-8.442928600000006156e+01 6.400818019785621260e-01 0.000000000000000000e+00 2.743600648746463921e+00
-8.440937000000005241e+01 6.399308132663253934e-01 0.000000000000000000e+00 2.679413453886631657e+00
-8.452627600000003838e+01 6.408171100323799552e-01 0.000000000000000000e+00 2.279006113568106784e+00
-8.502050400000007357e+01 6.445639893892453065e-01 0.000000000000000000e+00 2.687947355782583703e+00
-8.447012000000002274e+01 6.403913758425643366e-01 0.000000000000000000e+00 2.656229930338916301e+00
-8.484179400000003568e+01 6.432091393810193125e-01 0.000000000000000000e+00 3.045989247075073347e+00
-8.556725600000002885e+01 6.487090677379518944e-01 0.000000000000000000e+00 2.581260462373005105e+00
-8.267641800000008345e+01 6.267928241697181546e-01 0.000000000000000000e+00 3.104931946825919997e+00
-8.469547600000005616e+01 6.420998620965723269e-01 0.000000000000000000e+00 2.278794167271787963e+00
-8.470923600000006104e+01 6.422041804677500743e-01 0.000000000000000000e+00 2.463909974886962395e+00
-8.424201600000006351e+01 6.386620562394293987e-01 0.000000000000000000e+00 2.744356962849292980e+00
-8.477811000000005492e+01 6.427263333381352250e-01 0.000000000000000000e+00 2.759813106302159369e+00
-8.484696000000005256e+01 6.432483042578730492e-01 0.000000000000000000e+00 2.709521996756825146e+00
-8.393995600000005197e+01 6.363720557163211611e-01 0.000000000000000000e+00 2.850683694152167824e+00
-8.342996000000000834e+01 6.325056347841118143e-01 0.000000000000000000e+00 3.258218268076011892e+00
-8.455988400000001093e+01 6.410719015889599914e-01 0.000000000000000000e+00 2.805118442869978690e+00
-8.487994800000005569e+01 6.434983954227286862e-01 0.000000000000000000e+00 3.065411858052830674e+00
-8.338461400000004176e+01 6.321618541983977657e-01 0.000000000000000000e+00 2.620479972575768812e+00
-8.474816400000004535e+01 6.424993044178378687e-01 0.000000000000000000e+00 2.272681865755375341e+00
-8.493589800000003720e+01 6.439225678694870947e-01 0.000000000000000000e+00 2.980865473059930881e+00
-8.496511600000003739e+01 6.441440776201464713e-01 0.000000000000000000e+00 3.160356234194831693e+00
-8.538879000000002861e+01 6.473560675613081461e-01 0.000000000000000000e+00 3.535530341698498891e+00
-8.521755200000005459e+01 6.460578648546407843e-01 0.000000000000000000e+00 2.487087671017910395e+00
-8.436135000000007267e+01 6.395667603459797013e-01 0.000000000000000000e+00 2.919240512599816650e+00
-8.442928600000003314e+01 6.400818019785619040e-01 0.000000000000000000e+00 2.607584778598732278e+00
-8.553892000000003293e+01 6.484942446735846300e-01 0.000000000000000000e+00 3.335873610291370639e+00
-8.463588400000007539e+01 6.416480786390703628e-01 0.000000000000000000e+00 3.226390587573022994e+00
-8.385135400000007166e+01 6.357003394137707986e-01 0.000000000000000000e+00 3.145231828086457071e+00
-8.407938200000008067e+01 6.374290828398559983e-01 0.000000000000000000e+00 3.323179707351002765e+00
-8.481584400000006951e+01 6.430124052435149951e-01 0.000000000000000000e+00 2.460128853828266848e+00
-8.421287000000006628e+01 6.384410923407122240e-01 0.000000000000000000e+00 3.190331030653639655e+00
-8.460456400000006738e+01 6.414106330442091997e-01 0.000000000000000000e+00 2.505033495190082338e+00
-8.443318000000007828e+01 6.401113234711034439e-01 0.000000000000000000e+00 2.408212846729191448e+00
-8.538373800000005076e+01 6.473177669500299602e-01 0.000000000000000000e+00 2.874516435425498173e+00
-8.439695400000005066e+01 6.398366841314021558e-01 0.000000000000000000e+00 2.963301847172943759e+00
-8.474907199999999818e+01 6.425061882173309646e-01 0.000000000000000000e+00 2.858490183666400952e+00
-8.514545800000003339e+01 6.455113002723955606e-01 0.000000000000000000e+00 2.574513015407187577e+00
-8.351403600000008964e+01 6.331430382270736290e-01 0.000000000000000000e+00 2.337065691409558443e+00
-8.421399600000005137e+01 6.384496288585861379e-01 0.000000000000000000e+00 2.630144777592092087e+00
-8.328816600000004655e+01 6.314306551967003855e-01 0.000000000000000000e+00 2.561442585030568875e+00
-8.519344400000002793e+01 6.458750954293241975e-01 0.000000000000000000e+00 3.023565984043116828e+00
-8.470842000000006067e+01 6.421979941457384156e-01 0.000000000000000000e+00 2.601261609218872284e+00
-8.515796800000005362e+01 6.456061420473545587e-01 0.000000000000000000e+00 2.808373233594081420e+00
-8.441327400000002967e+01 6.399604105716361069e-01 0.000000000000000000e+00 2.700045665854747590e+00
-8.400158000000006098e+01 6.368392443286367000e-01 0.000000000000000000e+00 2.928134008635064678e+00
-8.377550200000001723e+01 6.351252843926527003e-01 0.000000000000000000e+00 2.331750248506494483e+00
-8.459531600000006790e+01 6.413405213947432904e-01 0.000000000000000000e+00 2.060093342139445838e+00
-8.209421800000004055e+01 6.223790047147964577e-01 0.000000000000000000e+00 2.822288783496562203e+00
-8.458814400000001399e+01 6.412861484762771846e-01 0.000000000000000000e+00 2.928220807976520845e+00
-8.473411800000005201e+01 6.423928178014453039e-01 0.000000000000000000e+00 2.794984606754742362e+00
-8.499681600000006654e+01 6.443844041002583234e-01 0.000000000000000000e+00 2.541030434297125939e+00
-8.393946800000001929e+01 6.363683560531571137e-01 0.000000000000000000e+00 2.805187257937867162e+00
-8.292582800000008092e+01 6.286836704600855530e-01 0.000000000000000000e+00 3.016226502027212319e+00
-8.389667400000004704e+01 6.360439228862835304e-01 0.000000000000000000e+00 2.657054507510680175e+00
-8.360018600000007893e+01 6.337961652384810352e-01 0.000000000000000000e+00 3.100688932147730448e+00
-8.523737800000007780e+01 6.462081712519499588e-01 0.000000000000000000e+00 2.417185659280292498e+00
-8.369774800000004689e+01 6.345358097827286104e-01 0.000000000000000000e+00 3.318768158488016429e+00
-8.524787800000004268e+01 6.462877746601886075e-01 0.000000000000000000e+00 2.433445270301248353e+00
-8.492033000000003540e+01 6.438045425495382279e-01 0.000000000000000000e+00 2.614463826659128021e+00
-8.364162200000006919e+01 6.341103030312225108e-01 0.000000000000000000e+00 2.510939831274096701e+00
-8.513081200000004856e+01 6.454002648898179428e-01 0.000000000000000000e+00 3.081128834109310155e+00
-8.353211800000003961e+01 6.332801228773375923e-01 0.000000000000000000e+00 2.777647239871843698e+00
-8.526254600000005723e+01 6.463989768308598949e-01 0.000000000000000000e+00 2.537978970685218272e+00
-8.289756400000000269e+01 6.284693932476599354e-01 0.000000000000000000e+00 2.621171759390494849e+00
-8.491210000000006630e+01 6.437421486400332071e-01 0.000000000000000000e+00 2.857670632108634035e+00
-8.502887600000003943e+01 6.446274598400808520e-01 0.000000000000000000e+00 2.696885903704492993e+00
-8.407340800000001479e+01 6.373837922912061194e-01 0.000000000000000000e+00 3.585555386862484539e+00
-8.441965200000007030e+01 6.400087639561837793e-01 0.000000000000000000e+00 2.598921201695469918e+00
-8.465891000000003430e+01 6.418226451226994866e-01 0.000000000000000000e+00 3.353782696607012337e+00
-8.464075400000002958e+01 6.416849994579389982e-01 0.000000000000000000e+00 3.097552730962775058e+00
-8.406657600000004038e+01 6.373319970069122320e-01 0.000000000000000000e+00 2.451383530160761381e+00
-8.489289400000001251e+01 6.435965426344484319e-01 0.000000000000000000e+00 2.942377903813941042e+00
-8.378031800000000828e+01 6.351617958225648231e-01 0.000000000000000000e+00 2.386426060852326891e+00
-8.420238600000003260e+01 6.383616102329047193e-01 0.000000000000000000e+00 2.556936179426582800e+00
-8.336823800000003359e+01 6.320377032066529788e-01 0.000000000000000000e+00 3.045714444482491956e+00
-8.411328000000000316e+01 6.376860729667583882e-01 0.000000000000000000e+00 3.415284984130648294e+00
-8.418527200000004029e+01 6.382318642587523350e-01 0.000000000000000000e+00 2.821203425149765298e+00
-8.440249200000002361e+01 6.398786692432901768e-01 0.000000000000000000e+00 3.021155773343049855e+00
-8.462963000000009117e+01 6.416006653328680809e-01 0.000000000000000000e+00 2.583203775030792126e+00
-8.529636400000003960e+01 6.466553604556047885e-01 0.000000000000000000e+00 3.441357551941831350e+00
-8.479567400000000532e+01 6.428594908869260660e-01 0.000000000000000000e+00 2.613068397772699392e+00
-8.593884800000003565e+01 6.515262096116948287e-01 0.000000000000000000e+00 3.248827215606370444e+00
-8.352461400000005654e+01 6.332232329749163391e-01 0.000000000000000000e+00 2.468264982624127413e+00
-8.545134400000004860e+01 6.478303067612106725e-01 0.000000000000000000e+00 2.526093269962432775e+00
-8.531364200000005837e+01 6.467863497591812560e-01 0.000000000000000000e+00 3.103506164284764779e+00
-8.471113000000001136e+01 6.422185394063406605e-01 0.000000000000000000e+00 2.456201211343659985e+00
-8.505502599999999802e+01 6.448257102329801871e-01 0.000000000000000000e+00 2.775716009496968617e+00
-8.606972200000005557e+01 6.525184016545383381e-01 0.000000000000000000e+00 2.922680101287277399e+00
-8.552045200000002012e+01 6.483542336504077852e-01 0.000000000000000000e+00 3.026620381587090236e+00
-8.622683600000003423e+01 6.537095264052089627e-01 0.000000000000000000e+00 3.001121543606488640e+00
-8.609942200000006096e+01 6.527435655806997916e-01 0.000000000000000000e+00 3.144528475631372721e+00
-8.653033800000004305e+01 6.560104591297152288e-01 0.000000000000000000e+00 3.376137201924439335e+00
-8.526537200000008454e+01 6.464204015195917918e-01 0.000000000000000000e+00 2.261589184447096113e+00
-8.722017400000002851e+01 6.612402969131316866e-01 0.000000000000000000e+00 2.617634275240360520e+00
