-3.541000000000000258e-01
9.743000000000000549e-01
-5.343999999999999861e-01
6.706999999999999629e-01
8.411999999999999478e-01
3.492000000000000104e-01
7.156000000000000139e-01
7.752999999999999892e-01
5.000000000000000278e-02
7.772999999999999909e-01
-2.346000000000000030e-01
9.296999999999999709e-01
-8.975999999999999535e-01
-2.994999999999999885e-01
-7.870000000000000329e-01
2.564000000000000168e-01
2.973000000000000087e-01
-3.840000000000000080e-01
-7.799999999999999989e-02
-6.176000000000000378e-01
8.537000000000000144e-01
3.629000000000000004e-01
4.446999999999999842e-01
-7.644999999999999574e-01
1.872000000000000053e-01
-9.220000000000000417e-02
-1.335999999999999965e-01
1.047000000000000014e-01
-6.935999999999999943e-01
3.129000000000000115e-01
-3.870000000000000107e-01
5.073999999999999622e-01
4.640000000000000235e-01
-3.632000000000000228e-01
-3.207999999999999741e-01
5.355999999999999650e-01
7.698000000000000398e-01
-2.371000000000000052e-01
-2.808999999999999830e-01
6.270999999999999908e-01
1.875000000000000000e-01
-1.504999999999999949e-01
-3.559999999999999970e-02
7.175000000000000266e-01
-5.674000000000000155e-01
5.997999999999999998e-01
-5.295999999999999597e-01
-4.965999999999999859e-01
-4.613999999999999768e-01
1.963000000000000023e-01
4.288000000000000145e-01
9.714000000000000412e-01
8.809000000000000163e-01
-7.993000000000000105e-01
-5.456999999999999629e-01
-8.870000000000000107e-01
-4.338000000000000189e-01
-3.386000000000000121e-01
7.126000000000000112e-01
-4.100000000000000172e-02
5.132999999999999785e-01
3.573999999999999955e-01
1.605000000000000038e-01
5.938999999999999835e-01
9.819999999999999840e-01
8.229999999999999816e-02
-9.630999999999999561e-01
-9.838000000000000078e-01
4.743999999999999884e-01
-5.252000000000000002e-01
1.540000000000000049e-02
-8.957000000000000517e-01
5.940000000000000141e-02
-2.541999999999999815e-01
3.175000000000000044e-01
-3.969999999999999918e-02
-6.020999999999999686e-01
8.337999999999999856e-01
4.456999999999999851e-01
-4.596000000000000085e-01
5.218000000000000416e-01
-4.293000000000000149e-01
5.544000000000000039e-01
-1.511000000000000121e-01
-4.521000000000000019e-01
-5.466999999999999638e-01
-9.193999999999999950e-01
-8.475000000000000311e-01
7.548000000000000265e-01
-2.742999999999999883e-01
-7.239999999999999769e-01
2.660000000000000142e-01
6.915000000000000036e-01
-9.627999999999999892e-01
-5.867999999999999883e-01
8.887000000000000455e-01
-1.345999999999999974e-01
7.450999999999999845e-01
-1.348999999999999921e-01
2.338000000000000078e-01
2.187000000000000055e-01
4.922000000000000264e-01
-6.687999999999999501e-01
-6.241999999999999771e-01
1.892000000000000071e-01
8.820000000000000062e-02
4.651000000000000134e-01
9.676000000000000156e-01
-2.404000000000000026e-01
2.846000000000000196e-01
9.680999999999999606e-01
-8.860000000000000098e-01
-4.410000000000000031e-01
-7.577000000000000401e-01
8.622999999999999554e-01
2.154000000000000081e-01
-3.020000000000000115e-02
-3.698000000000000176e-01
-3.436000000000000165e-01
8.399999999999999481e-03
-9.316999999999999726e-01
5.868999999999999773e-01
-4.433000000000000274e-01
-4.994999999999999996e-01
7.868000000000000549e-01
-6.465999999999999526e-01
1.739999999999999880e-02
2.948999999999999955e-01
4.061000000000000165e-01
-2.447000000000000008e-01
-9.123999999999999888e-01
-5.258000000000000451e-01
-4.156000000000000250e-01
-4.758000000000000007e-01
-2.528000000000000247e-01
-8.407000000000000028e-01
1.555999999999999883e-01
-8.733999999999999542e-01
-1.439000000000000001e-01
4.949999999999999956e-01
-7.875999999999999668e-01
1.736999999999999933e-01
-4.702000000000000068e-01
-7.782999999999999918e-01
7.698000000000000398e-01
3.875000000000000111e-01
6.410000000000000420e-02
6.772000000000000242e-01
-9.739999999999999769e-01
8.881000000000000005e-01
-7.397000000000000242e-01
-5.220000000000000334e-02
2.909999999999999809e-01
2.295000000000000095e-01
5.518999999999999462e-01
