4.170000000000000095e-02
1.899999999999999953e-02
7.204000000000000403e-01
8.877000000000000446e-01
8.705000000000000515e-01
-8.023000000000000131e-01
6.162999999999999590e-01
-6.129999999999999893e-01
-9.060000000000000275e-01
-7.354000000000000536e-01
-7.317000000000000171e-01
1.219999999999999973e-01
5.635999999999999899e-01
5.151000000000000023e-01
-2.079999999999999905e-01
-6.140999999999999792e-01
1.320999999999999952e-01
7.086999999999999966e-01
-8.219999999999999529e-02
4.363000000000000211e-01
2.202999999999999958e-01
-6.097000000000000197e-01
1.111999999999999933e-01
7.911000000000000254e-01
1.231000000000000011e-01
-9.651999999999999469e-01
2.500000000000000052e-03
4.012000000000000011e-01
-9.423000000000000265e-01
-4.310999999999999832e-01
-9.449999999999999512e-01
8.352000000000000535e-01
-6.581000000000000183e-01
-7.053000000000000380e-01
-3.307999999999999829e-01
-5.815000000000000169e-01
-1.733999999999999986e-01
-7.250999999999999668e-01
3.437000000000000055e-01
-3.239000000000000212e-01
-9.447999999999999732e-01
-6.236000000000000432e-01
-8.737000000000000322e-01
-7.839999999999999747e-02
9.981999999999999762e-01
-1.140000000000000041e-02
-8.766000000000000458e-01
4.897000000000000242e-01
-6.243999999999999551e-01
-3.462000000000000077e-01
-7.599999999999999811e-02
-7.753999999999999782e-01
4.591999999999999971e-01
4.730000000000000177e-02
-7.900000000000000772e-03
3.296999999999999931e-01
5.847999999999999865e-01
-8.288999999999999702e-01
2.073000000000000120e-01
7.831000000000000183e-01
3.729999999999999982e-02
9.102999999999999980e-01
-2.955999999999999739e-01
2.056000000000000050e-01
1.438000000000000111e-01
5.073999999999999622e-01
-5.517999999999999572e-01
-1.213999999999999940e-01
8.448999999999999844e-01
2.460000000000000034e-02
-4.541000000000000036e-01
-6.545999999999999597e-01
-3.677000000000000268e-01
6.273999999999999577e-01
-3.235999999999999988e-01
-2.228999999999999870e-01
-7.661999999999999922e-01
9.859999999999999321e-02
3.030999999999999805e-01
-7.364000000000000545e-01
-4.062000000000000055e-01
-9.645000000000000240e-01
-4.052000000000000046e-01
7.785999999999999588e-01
2.204000000000000126e-01
4.490000000000000102e-01
8.642999999999999572e-01
-2.738999999999999768e-01
9.868000000000000105e-01
-7.245000000000000329e-01
-7.019999999999999851e-02
5.635999999999999899e-01
-1.669999999999999957e-02
1.759999999999999898e-01
7.563999999999999613e-01
3.603999999999999981e-01
-9.599999999999999159e-03
-6.401999999999999913e-01
-3.467999999999999972e-01
2.785000000000000253e-01
8.932999999999999829e-01
6.833000000000000185e-01
-5.998999999999999888e-01
6.966999999999999860e-01
-4.984000000000000097e-01
6.129999999999999893e-01
-5.112999999999999767e-01
8.386000000000000121e-01
-9.553000000000000380e-01
4.761000000000000232e-01
6.989999999999999547e-01
-9.127999999999999448e-01
7.549000000000000155e-01
-2.999999999999999889e-02
-8.801999999999999824e-01
-7.134000000000000341e-01
-4.777000000000000135e-01
-3.487000000000000099e-01
1.190999999999999975e-01
3.352999999999999869e-01
-6.395999999999999464e-01
8.731999999999999762e-01
9.919999999999999651e-02
3.189999999999999780e-02
-5.597999999999999643e-01
-2.567999999999999727e-01
-9.686000000000000165e-01
5.394999999999999796e-01
-9.406999999999999806e-01
-2.107999999999999874e-01
2.159000000000000086e-01
7.904999999999999805e-01
-5.961999999999999522e-01
5.473999999999999977e-01
-1.658000000000000029e-01
1.962000000000000133e-01
-2.469999999999999973e-01
-6.830000000000000515e-01
9.983999999999999542e-01
7.991000000000000325e-01
-7.337000000000000188e-01
6.869999999999999718e-02
4.506000000000000005e-01
-6.852000000000000313e-01
2.482999999999999929e-01
7.278000000000000025e-01
-6.339000000000000190e-01
-2.713999999999999746e-01
-2.376000000000000056e-01
2.649999999999999925e-02
-1.466000000000000081e-01
1.529000000000000081e-01
-9.112999999999999989e-01
-4.561999999999999944e-01
-5.300000000000000266e-01
