3.189999999999999780e-02
9.871999999999999664e-01
7.692999999999999838e-01
-7.539999999999999480e-02
-4.798000000000000043e-01
-8.939999999999999336e-02
-8.945999999999999508e-01
-8.043000000000000149e-01
3.461000000000000187e-01
-4.780000000000000221e-02
1.252000000000000057e-01
6.169999999999999790e-02
1.976999999999999869e-01
-4.413000000000000256e-01
-7.929999999999999549e-02
-4.707999999999999963e-01
9.981999999999999762e-01
-6.419000000000000261e-01
9.909000000000000030e-01
-9.530999999999999472e-01
-5.626999999999999780e-01
4.479000000000000203e-01
4.219999999999999862e-01
6.945999999999999952e-01
-3.612000000000000210e-01
6.743999999999999995e-01
8.298999999999999710e-01
-4.324000000000000066e-01
1.857000000000000040e-01
9.609999999999999654e-01
4.151000000000000245e-01
2.230000000000000038e-01
2.028000000000000080e-01
4.678999999999999826e-01
5.051999999999999824e-01
-4.146000000000000241e-01
1.434999999999999887e-01
9.484000000000000208e-01
-1.592000000000000082e-01
-3.570000000000000256e-02
4.985999999999999877e-01
8.446000000000000174e-01
2.399000000000000021e-01
-2.218999999999999861e-01
-8.624000000000000554e-01
5.213999999999999746e-01
2.620999999999999996e-01
2.487000000000000044e-01
-4.126000000000000223e-01
4.260999999999999788e-01
3.604999999999999871e-01
2.884999999999999787e-01
6.573999999999999844e-01
-5.109999999999999959e-02
8.237999999999999767e-01
6.979999999999999538e-01
-6.272999999999999687e-01
7.879000000000000448e-01
-1.005999999999999950e-01
-4.147000000000000131e-01
-1.038000000000000034e-01
-6.339000000000000190e-01
-1.013000000000000012e-01
-6.626999999999999558e-01
-3.527000000000000135e-01
9.083999999999999853e-01
5.143999999999999684e-01
7.970000000000000417e-01
8.044999999999999929e-01
-5.957999999999999963e-01
-6.659000000000000474e-01
8.690999999999999837e-01
-4.047000000000000042e-01
5.187000000000000499e-01
-1.481000000000000094e-01
8.499999999999999778e-01
9.184999999999999831e-01
1.958999999999999908e-01
9.828000000000000069e-01
4.724999999999999756e-01
2.706999999999999962e-01
-7.330000000000000404e-02
-7.866999999999999549e-01
-5.672000000000000375e-01
4.172000000000000153e-01
-4.092999999999999972e-01
5.577999999999999625e-01
6.653999999999999915e-01
-9.555000000000000160e-01
2.376000000000000056e-01
2.069000000000000006e-01
-7.919000000000000483e-01
7.003000000000000336e-01
-3.002000000000000224e-01
3.366000000000000103e-01
4.930999999999999828e-01
1.597000000000000086e-01
5.571000000000000396e-01
-8.112000000000000322e-01
-5.985000000000000320e-01
-1.152999999999999997e-01
-7.507000000000000339e-01
5.587999999999999634e-01
8.365000000000000213e-01
9.777000000000000135e-01
8.868000000000000327e-01
-2.194000000000000117e-01
6.251999999999999780e-01
-7.943999999999999950e-01
5.499000000000000554e-01
5.039000000000000146e-01
-8.740999999999999881e-01
-2.086999999999999966e-01
-2.023000000000000076e-01
3.855999999999999983e-01
2.888999999999999901e-01
-3.093000000000000194e-01
-4.192000000000000171e-01
3.758000000000000229e-01
-9.515000000000000124e-01
-4.873999999999999999e-01
6.569999999999999452e-02
4.379999999999999866e-02
-8.799000000000000155e-01
-8.461999999999999522e-01
-6.942000000000000393e-01
-1.113999999999999990e-01
9.879999999999999893e-02
-5.657999999999999696e-01
7.833999999999999853e-01
-1.910000000000000031e-01
-6.536999999999999478e-01
4.495999999999999996e-01
7.200999999999999623e-01
-1.421999999999999931e-01
-1.363999999999999935e-01
-6.210000000000000242e-02
-6.319000000000000172e-01
-6.562999999999999945e-01
4.702000000000000068e-01
-1.603999999999999870e-01
9.871999999999999664e-01
7.452999999999999625e-01
5.306999999999999496e-01
-7.522999999999999687e-01
5.457999999999999519e-01
-7.405000000000000471e-01
-5.123999999999999666e-01
-9.190000000000000391e-01
2.672999999999999821e-01
9.687000000000000055e-01
1.618999999999999884e-01
9.754000000000000448e-01
8.485000000000000320e-01
-4.309000000000000052e-01
