-8.237390000000009138e+01 6.305189805012996196e-01 0.000000000000000000e+00 2.973093919495549908e+00
-8.212137600000006898e+01 6.285860724438673275e-01 0.000000000000000000e+00 2.436857039245677647e+00
-8.255335800000005975e+01 6.318926155386450638e-01 0.000000000000000000e+00 3.245241936450497189e+00
-8.275986800000006838e+01 6.334733161569637838e-01 0.000000000000000000e+00 2.759601218771006614e+00
-8.212692600000004006e+01 6.286285541078624473e-01 0.000000000000000000e+00 3.160712926438839165e+00
-8.155849600000004784e+01 6.242775897358180393e-01 0.000000000000000000e+00 2.431584428954782329e+00
-8.313295200000003149e+01 6.363290331173276915e-01 0.000000000000000000e+00 2.612692742161896842e+00
-8.168077600000005134e+01 6.252135641274116917e-01 0.000000000000000000e+00 2.731363937266877429e+00
-8.289624600000004762e+01 6.345172016294592376e-01 0.000000000000000000e+00 2.755408002984881310e+00
-8.320211000000007573e+01 6.368583929224788109e-01 0.000000000000000000e+00 2.633544819490001743e+00
-8.325539800000004220e+01 6.372662781316643654e-01 0.000000000000000000e+00 2.326122666366900127e+00
-8.438309800000004657e+01 6.458980929942764737e-01 0.000000000000000000e+00 3.233430091834959441e+00
-8.373800800000005040e+01 6.409603458543258192e-01 0.000000000000000000e+00 2.637355236744537645e+00
-8.298555000000003190e+01 6.352007660477358986e-01 0.000000000000000000e+00 2.730510934742337525e+00
-8.431314400000005094e+01 6.453626403234428155e-01 0.000000000000000000e+00 3.428228110826731623e+00
-8.378707800000006500e+01 6.413359449988753624e-01 0.000000000000000000e+00 2.694755479155837019e+00
-8.319749800000002438e+01 6.368230910424160784e-01 0.000000000000000000e+00 2.804243852924103386e+00
-8.188605000000005418e+01 6.267848039643434399e-01 0.000000000000000000e+00 2.591958570153839680e+00
-8.477769400000008204e+01 6.489184704151574890e-01 0.000000000000000000e+00 3.481764045574390565e+00
-8.403992600000007940e+01 6.432713330669624918e-01 0.000000000000000000e+00 2.513366335231446147e+00
-8.415556000000002257e+01 6.441564366227156002e-01 0.000000000000000000e+00 2.880472581176410252e+00
-8.220583600000003344e+01 6.292325591719828415e-01 0.000000000000000000e+00 2.423663224159960272e+00
-8.414916000000003748e+01 6.441074487579282470e-01 0.000000000000000000e+00 3.272615700634647240e+00
-8.378825800000004165e+01 6.413449771364453378e-01 0.000000000000000000e+00 2.270916580900782300e+00
-8.479758400000008578e+01 6.490707155136919981e-01 0.000000000000000000e+00 2.947960152504017550e+00
-8.426187200000003941e+01 6.449701862916649153e-01 0.000000000000000000e+00 2.614310560875090506e+00
-8.455029600000005985e+01 6.471778856531388291e-01 0.000000000000000000e+00 2.502206998434409968e+00
-8.375186800000004439e+01 6.410664351990058574e-01 0.000000000000000000e+00 3.020667922689893370e+00
-8.430405800000002614e+01 6.452930928641522623e-01 0.000000000000000000e+00 2.435297964105369584e+00
-8.249500000000006139e+01 6.314459227553229637e-01 0.000000000000000000e+00 2.833013099621366937e+00
-8.346932200000000535e+01 6.389037281295975035e-01 0.000000000000000000e+00 3.133833536849529811e+00
-8.420808800000004624e+01 6.445585045229580423e-01 0.000000000000000000e+00 3.075246731048459914e+00
-8.283134600000005321e+01 6.340204340630998248e-01 0.000000000000000000e+00 2.343040043520253857e+00
-8.316339400000002513e+01 6.365620469579303942e-01 0.000000000000000000e+00 2.506058198950952942e+00
-8.342748600000003023e+01 6.385835005809656906e-01 0.000000000000000000e+00 3.161351012981122199e+00
-8.463223200000003033e+01 6.478050527920788948e-01 0.000000000000000000e+00 2.169145770275255014e+00
-8.214053400000003080e+01 6.287327145553665009e-01 0.000000000000000000e+00 2.360679141119599755e+00
-8.408200400000005459e+01 6.435934129692314487e-01 0.000000000000000000e+00 2.840181330813762006e+00
-8.393246800000007113e+01 6.424488115084746598e-01 0.000000000000000000e+00 2.960486965842824780e+00
-8.483161000000006879e+01 6.493311625585754809e-01 0.000000000000000000e+00 2.477551871232258396e+00
-8.545914400000000910e+01 6.541345298619308801e-01 0.000000000000000000e+00 2.593859923334880246e+00
-8.440286600000001727e+01 6.460494042616382604e-01 0.000000000000000000e+00 2.416547761514513226e+00
-8.341496000000005040e+01 6.384876221443522848e-01 0.000000000000000000e+00 2.461521600042289037e+00
-8.513223600000007707e+01 6.516322603460079632e-01 0.000000000000000000e+00 2.648192581477014862e+00
-8.466060400000006325e+01 6.480222221201646926e-01 0.000000000000000000e+00 3.273399387098766322e+00
-8.536942400000006614e+01 6.534477812324432922e-01 0.000000000000000000e+00 2.368297872727085362e+00
-8.503816600000007497e+01 6.509122152771723568e-01 0.000000000000000000e+00 3.218710897998285247e+00
-8.378999600000007320e+01 6.413582804034768658e-01 0.000000000000000000e+00 2.688317358757700948e+00
-8.454473400000009065e+01 6.471353121368973449e-01 0.000000000000000000e+00 3.154167556902160108e+00
-8.469169200000000330e+01 6.482601806733688798e-01 0.000000000000000000e+00 2.664173351113594546e+00
-8.461191200000006063e+01 6.476495163213792372e-01 0.000000000000000000e+00 2.827335174568005982e+00
-8.218644800000005546e+01 6.290841565590927775e-01 0.000000000000000000e+00 2.551571987178401724e+00
-8.504905800000004490e+01 6.509955864995571329e-01 0.000000000000000000e+00 3.191846784416175531e+00
-8.435020600000008528e+01 6.456463259866851434e-01 0.000000000000000000e+00 2.504651223842342844e+00
-8.483252000000005921e+01 6.493381280205998696e-01 0.000000000000000000e+00 2.527887804696109075e+00
-8.511160200000007592e+01 6.514743204081919759e-01 0.000000000000000000e+00 2.521906091458873789e+00
-8.443781000000005577e+01 6.463168780033775596e-01 0.000000000000000000e+00 2.372163558224789970e+00
-8.458642000000006078e+01 6.474543915324481036e-01 0.000000000000000000e+00 2.422406093373305591e+00
-8.449182400000003668e+01 6.467303202734751011e-01 0.000000000000000000e+00 2.666289861905680070e+00
-8.500527200000004768e+01 6.506604329608728365e-01 0.000000000000000000e+00 2.827704476368195330e+00
-8.430112600000002487e+01 6.452706502985965376e-01 0.000000000000000000e+00 3.314509122350615566e+00
-8.512284600000003820e+01 6.515603859631400319e-01 0.000000000000000000e+00 3.077956779955945077e+00
-8.467697400000007235e+01 6.481475238930661797e-01 0.000000000000000000e+00 2.792916179403842847e+00
-8.362610000000005073e+01 6.401037624211031174e-01 0.000000000000000000e+00 2.459348616642588858e+00
-8.473002800000000434e+01 6.485536179834452408e-01 0.000000000000000000e+00 2.602280808770054854e+00
-8.536356000000007782e+01 6.534028961013320647e-01 0.000000000000000000e+00 3.284039941562492793e+00
-8.464176800000008427e+01 6.478780447106124996e-01 0.000000000000000000e+00 2.172618278301109651e+00
-8.421196800000008409e+01 6.445882034159856611e-01 0.000000000000000000e+00 2.689111584541847844e+00
-8.429339800000002469e+01 6.452114974518657897e-01 0.000000000000000000e+00 2.683879142606308221e+00
-8.390788200000004338e+01 6.422606215641522009e-01 0.000000000000000000e+00 2.700793108070668413e+00
-8.449445600000004220e+01 6.467504665328689395e-01 0.000000000000000000e+00 2.560408480681048538e+00
-8.434366200000005165e+01 6.455962358949398627e-01 0.000000000000000000e+00 2.427954387552690552e+00
-8.398102800000003754e+01 6.428205069325485521e-01 0.000000000000000000e+00 2.475306582953335610e+00
-8.544008400000006986e+01 6.539886378771114783e-01 0.000000000000000000e+00 2.084588980959889870e+00
-8.520141400000004239e+01 6.521617732382359867e-01 0.000000000000000000e+00 3.023177605191150530e+00
-8.306914200000009885e+01 6.358406087966904652e-01 0.000000000000000000e+00 2.862272795065085251e+00
-8.409024000000003696e+01 6.436564542277295464e-01 0.000000000000000000e+00 2.148317051258326948e+00
-8.529073600000006650e+01 6.528454754348826938e-01 0.000000000000000000e+00 2.430436483537286474e+00
-8.506980000000004338e+01 6.511543531075915103e-01 0.000000000000000000e+00 2.710317916571575836e+00
-8.550696800000004316e+01 6.545005916815547220e-01 0.000000000000000000e+00 2.568560229290118180e+00
-8.492000800000003835e+01 6.500077921322430230e-01 0.000000000000000000e+00 2.331200383020288314e+00
-8.533066600000005053e+01 6.531511137850324333e-01 0.000000000000000000e+00 2.490568336916802572e+00
-8.462299600000004318e+01 6.477343571797077315e-01 0.000000000000000000e+00 2.306344104435556819e+00
-8.294334000000003471e+01 6.348776757707554896e-01 0.000000000000000000e+00 2.460602501975333034e+00
-8.442709000000006370e+01 6.462348233298587097e-01 0.000000000000000000e+00 2.586360955751215940e+00
-8.441405000000007419e+01 6.461350105553546053e-01 0.000000000000000000e+00 2.632815702155232973e+00
-8.400713000000006048e+01 6.430203008773425211e-01 0.000000000000000000e+00 2.765206651984949637e+00
-8.526748200000007216e+01 6.526674810899193435e-01 0.000000000000000000e+00 2.899154121581471344e+00
-8.657634600000005776e+01 6.626859893175841565e-01 0.000000000000000000e+00 2.986733118559304678e+00
-8.459326999999998975e+01 6.475068238564777312e-01 0.000000000000000000e+00 2.968923099442630775e+00
-8.564251000000002989e+01 6.555380781142123858e-01 0.000000000000000000e+00 2.111098875591868929e+00
-8.669138600000005113e+01 6.635665461871370630e-01 0.000000000000000000e+00 2.653809316565701071e+00
-8.536938000000002091e+01 6.534474444408725491e-01 0.000000000000000000e+00 2.921476483706225036e+00
-8.503389800000002197e+01 6.508795464948419207e-01 0.000000000000000000e+00 2.087709857060767060e+00
-8.627632400000001667e+01 6.603895147598907167e-01 0.000000000000000000e+00 2.679285093970351195e+00
-8.661537600000004034e+01 6.629847387492482369e-01 0.000000000000000000e+00 3.023658920864126465e+00
-8.489793400000004908e+01 6.498388299248499811e-01 0.000000000000000000e+00 2.788840355656338144e+00
-8.625983600000004969e+01 6.602633097732325540e-01 0.000000000000000000e+00 2.501754433504534969e+00
-8.584308200000006650e+01 6.570733271792333907e-01 0.000000000000000000e+00 2.443803946755504164e+00
-8.428552400000003786e+01 6.451512270694697015e-01 0.000000000000000000e+00 2.939701484986583235e+00
-8.757700600000003988e+01 6.703453950641667936e-01 0.000000000000000000e+00 3.059701660963867198e+00
-8.738673800000006509e+01 6.688890164614539335e-01 0.000000000000000000e+00 2.904822510156360948e+00
-8.699640600000003587e+01 6.659012772054875295e-01 0.000000000000000000e+00 2.474261654006885802e+00
-8.774725000000003661e+01 6.716485028849262795e-01 0.000000000000000000e+00 2.500873188336707909e+00
-8.687509199999998089e+01 6.649726969197348181e-01 0.000000000000000000e+00 2.471707305646005715e+00
-8.623443200000004083e+01 6.600688585674421294e-01 0.000000000000000000e+00 2.551213606350569929e+00
-8.770946200000000204e+01 6.713592601607720756e-01 0.000000000000000000e+00 2.350220041569286433e+00
-8.746104400000002954e+01 6.694577808803428010e-01 0.000000000000000000e+00 2.728289991633676248e+00
-8.671974000000001581e+01 6.637835777368525925e-01 0.000000000000000000e+00 2.442398256640469612e+00
-8.545319600000003391e+01 6.540890017650943244e-01 0.000000000000000000e+00 2.604588297675446640e+00
-8.568954400000005478e+01 6.558980929942764826e-01 0.000000000000000000e+00 2.611982276314642082e+00
-8.745660800000004542e+01 6.694238261665621526e-01 0.000000000000000000e+00 2.680306721618917809e+00
-8.804610200000003317e+01 6.739360218485879184e-01 0.000000000000000000e+00 3.193572479878667103e+00
-8.782644000000004780e+01 6.722546511681313230e-01 0.000000000000000000e+00 3.083546141452182976e+00
-8.667182000000006781e+01 6.634167810992576131e-01 0.000000000000000000e+00 2.544972687674682987e+00
-8.848241600000005747e+01 6.772757236043438489e-01 0.000000000000000000e+00 2.669877268571789752e+00
-8.852153800000009198e+01 6.775751772365646852e-01 0.000000000000000000e+00 2.774058101784598662e+00
-8.988714400000002058e+01 6.880280088116923487e-01 0.000000000000000000e+00 3.052520322364535854e+00
-8.844697000000002163e+01 6.770044073769602155e-01 0.000000000000000000e+00 2.864910452793464568e+00
-8.979972200000008797e+01 6.873588498874051433e-01 0.000000000000000000e+00 2.740045140510710908e+00
-8.947601800000005312e+01 6.848811049212907287e-01 0.000000000000000000e+00 2.337013830795464653e+00
-8.817790400000008333e+01 6.749448809977609542e-01 0.000000000000000000e+00 2.479377440509832997e+00
-8.999905600000002437e+01 6.888846228623305423e-01 0.000000000000000000e+00 2.203826474329032781e+00
-9.056652400000002956e+01 6.932282237459491681e-01 0.000000000000000000e+00 3.207408183373564370e+00
-9.086021600000003673e+01 6.954762462436261394e-01 0.000000000000000000e+00 3.121082852191921830e+00
-8.945664000000007832e+01 6.847327788519393943e-01 0.000000000000000000e+00 2.531437260617858787e+00
-9.064594200000007618e+01 6.938361172218375783e-01 0.000000000000000000e+00 2.908471560739820383e+00
-9.140543200000004731e+01 6.996495224448622263e-01 0.000000000000000000e+00 3.241391305431241765e+00
-9.010681000000001006e+01 6.897094101095645469e-01 0.000000000000000000e+00 2.523588650367294850e+00
-9.062569200000000080e+01 6.936811165559081394e-01 0.000000000000000000e+00 2.878860342190003863e+00
-8.993807200000004798e+01 6.884178297457380635e-01 0.000000000000000000e+00 2.685052126276926909e+00
-8.919644400000007067e+01 6.827411465915933508e-01 0.000000000000000000e+00 2.595859481431414650e+00
-8.955264800000003333e+01 6.854676580585805645e-01 0.000000000000000000e+00 2.798304517132118807e+00
-8.960237400000004016e+01 6.858482784592707659e-01 0.000000000000000000e+00 2.456468755920197200e+00
-8.965346600000003718e+01 6.862393547073514233e-01 0.000000000000000000e+00 2.273104796129262972e+00
-8.953354600000005803e+01 6.853214445908981656e-01 0.000000000000000000e+00 2.555072513131002143e+00
-9.158168000000006259e+01 7.009985870062754865e-01 0.000000000000000000e+00 2.481398382225862953e+00
-9.204887200000004555e+01 7.045746399009223948e-01 0.000000000000000000e+00 2.729986089951612183e+00
-9.170517200000007563e+01 7.019438384747633819e-01 0.000000000000000000e+00 2.552249789083103071e+00
-9.157528600000007657e+01 7.009496450676114820e-01 0.000000000000000000e+00 2.667808801207841807e+00
-9.083304600000003859e+01 6.952682774488959661e-01 0.000000000000000000e+00 2.683377580791594053e+00
-9.161276000000003705e+01 7.012364843246490231e-01 0.000000000000000000e+00 2.293397098479269314e+00
-9.167393800000006365e+01 7.017047623858931882e-01 0.000000000000000000e+00 2.610452933445330359e+00
-9.155484200000005046e+01 7.007931594570311340e-01 0.000000000000000000e+00 2.550974829124003751e+00
-9.217821800000008636e+01 7.055646999569832323e-01 0.000000000000000000e+00 3.299432378007839173e+00
-9.173020200000003399e+01 7.021354269522049885e-01 0.000000000000000000e+00 2.538258024389915324e+00
-9.173091800000007368e+01 7.021409074695783570e-01 0.000000000000000000e+00 2.732554019589686689e+00
-9.206559000000007131e+01 7.047026053889718922e-01 0.000000000000000000e+00 3.076888256162236157e+00
-9.159218000000004167e+01 7.010789577219421753e-01 0.000000000000000000e+00 2.460007488121969565e+00
-9.177453800000003525e+01 7.024747903855195208e-01 0.000000000000000000e+00 2.467608384150798084e+00
-9.072147400000002904e+01 6.944142658785745770e-01 0.000000000000000000e+00 2.775349284292379259e+00
-8.993544200000003741e+01 6.883976987950519710e-01 0.000000000000000000e+00 2.522459647040056652e+00
-9.088333000000005768e+01 6.956531689790473871e-01 0.000000000000000000e+00 2.282329913275095379e+00
-9.154466400000001158e+01 7.007152534433112034e-01 0.000000000000000000e+00 2.726232982163179219e+00
-9.132428199999999663e+01 6.990283716280657478e-01 0.000000000000000000e+00 2.576932760746795559e+00
-9.137625600000004056e+01 6.994261990162627951e-01 0.000000000000000000e+00 2.569112593099851072e+00
-9.048759200000002068e+01 6.926240502860433468e-01 0.000000000000000000e+00 1.993057924000253278e+00
-9.125199800000004302e+01 6.984750843127082165e-01 0.000000000000000000e+00 2.290813967023754838e+00
-9.094696800000006931e+01 6.961402767508191314e-01 0.000000000000000000e+00 2.408707377176531939e+00
-9.122517200000004323e+01 6.982697486157104505e-01 0.000000000000000000e+00 3.018117203448788644e+00
-9.146150400000000502e+01 7.000787173752303083e-01 0.000000000000000000e+00 2.846179459617308005e+00
-9.073084200000005239e+01 6.944859718656573033e-01 0.000000000000000000e+00 2.622594445446891687e+00
-9.087904600000003086e+01 6.956203777270552058e-01 0.000000000000000000e+00 2.189336840667290396e+00
-9.053929600000003575e+01 6.930198109986944743e-01 0.000000000000000000e+00 2.751336520837269539e+00
-9.062102400000000557e+01 6.936453860320289655e-01 0.000000000000000000e+00 2.821195916238718571e+00
-9.135158000000001266e+01 6.992373201800917704e-01 0.000000000000000000e+00 2.660996169281213852e+00
-9.076444800000001578e+01 6.947432040819139232e-01 0.000000000000000000e+00 2.919595591632995646e+00
-9.039101400000004105e+01 6.918848080976943704e-01 0.000000000000000000e+00 2.141873246634941275e+00
-9.113362800000008690e+01 6.975690384447584824e-01 0.000000000000000000e+00 2.606803315649419694e+00
-9.149155000000007476e+01 7.003087000916997651e-01 0.000000000000000000e+00 2.447988367202670545e+00
-9.144915800000002548e+01 6.999842167223140343e-01 0.000000000000000000e+00 2.812873367151873971e+00
-9.074657800000002794e+01 6.946064207782031152e-01 0.000000000000000000e+00 2.484534990924312403e+00
-9.067052400000002876e+01 6.940242765487438792e-01 0.000000000000000000e+00 3.128832463793625784e+00
-9.108083800000005681e+01 6.971649651038011042e-01 0.000000000000000000e+00 2.926499668141502308e+00
-9.042027000000004477e+01 6.921087438746036380e-01 0.000000000000000000e+00 2.527843937193924528e+00
-9.123393600000009940e+01 6.983368313730541344e-01 0.000000000000000000e+00 2.706543880015338299e+00
-9.103411800000006338e+01 6.968073536908534482e-01 0.000000000000000000e+00 2.766427360675669078e+00
-9.037446000000008439e+01 6.917580979236805927e-01 0.000000000000000000e+00 2.779666513752462098e+00
-9.127880200000004152e+01 6.986802516139208885e-01 0.000000000000000000e+00 3.050968741202364054e+00
-9.065354600000003416e+01 6.938943209286877467e-01 0.000000000000000000e+00 2.106294852853122013e+00
-9.166878800000009164e+01 7.016653424634473613e-01 0.000000000000000000e+00 3.008550212253823020e+00
-9.108268200000007653e+01 6.971790797323431654e-01 0.000000000000000000e+00 2.509763127958614337e+00
-9.177826600000003054e+01 7.025033258167581174e-01 0.000000000000000000e+00 2.562634088188056047e+00
-9.054827200000005405e+01 6.930885164790588915e-01 0.000000000000000000e+00 3.042493033119685109e+00
-9.142673600000004797e+01 6.998125907997732043e-01 0.000000000000000000e+00 3.043937315735206539e+00
-9.158776600000007306e+01 7.010451714039468429e-01 0.000000000000000000e+00 2.440554711917481967e+00
-9.144668800000002307e+01 6.999653104682476146e-01 0.000000000000000000e+00 2.463556772958950702e+00
-9.197309600000005503e+01 7.039946235818400622e-01 0.000000000000000000e+00 2.689188523389030028e+00
-9.151617600000004416e+01 7.004971962101766980e-01 0.000000000000000000e+00 2.321635354185066724e+00
-9.204073000000005322e+01 7.045123181516882438e-01 0.000000000000000000e+00 3.523535917730277855e+00
-9.037094000000011818e+01 6.917311545980477927e-01 0.000000000000000000e+00 2.342961965055551321e+00
-9.124086800000006292e+01 6.983898913541016773e-01 0.000000000000000000e+00 3.367632265514353573e+00
-9.016487400000004016e+01 6.901538525128481094e-01 0.000000000000000000e+00 2.800327621475745321e+00
-9.109827200000003700e+01 6.972984111092233039e-01 0.000000000000000000e+00 2.533503354505158622e+00
-9.114292000000006055e+01 6.976401627009464201e-01 0.000000000000000000e+00 2.516461588112253178e+00
-9.157419200000009596e+01 7.009412712044745808e-01 0.000000000000000000e+00 2.788076460398146050e+00
-9.088551600000008079e+01 6.956699013966139988e-01 0.000000000000000000e+00 2.629483790516666808e+00
-9.148933000000002380e+01 7.002917074261012509e-01 0.000000000000000000e+00 2.846629455065138536e+00
-9.032264800000004357e+01 6.913615105408110750e-01 0.000000000000000000e+00 1.998665003763433923e+00
-9.073710600000005400e+01 6.945339187383179347e-01 0.000000000000000000e+00 2.396184574846293991e+00
