-1.899000000000000132e-01
9.324999999999999956e-01
-9.434000000000000163e-01
-5.400000000000000286e-03
3.254000000000000226e-01
-7.648000000000000353e-01
1.078999999999999959e-01
-2.621999999999999886e-01
-7.470000000000000251e-02
-1.236000000000000015e-01
1.743999999999999995e-01
-3.417999999999999927e-01
-4.183000000000000052e-01
3.200000000000000153e-03
-8.440000000000000280e-02
-7.026999999999999913e-01
-3.538999999999999924e-01
9.203999999999999959e-01
-8.262000000000000455e-01
5.334999999999999742e-01
-3.615999999999999770e-01
-3.211999999999999855e-01
-8.767000000000000348e-01
-6.058000000000000052e-01
-9.429999999999999494e-01
-4.161000000000000254e-01
1.669999999999999957e-02
-2.634000000000000230e-01
1.205999999999999989e-01
8.054999999999999938e-01
3.710999999999999854e-01
5.038000000000000256e-01
8.943999999999999728e-01
-4.182000000000000162e-01
6.929999999999999494e-01
-6.592999999999999972e-01
-8.368999999999999773e-01
7.157000000000000028e-01
-6.230000000000000121e-02
4.420000000000000318e-02
3.743000000000000216e-01
5.117000000000000437e-01
-4.214999999999999858e-01
5.526999999999999691e-01
8.113000000000000211e-01
-8.034999999999999920e-01
-4.230999999999999761e-01
-4.128999999999999893e-01
-6.790000000000000480e-01
4.716000000000000192e-01
9.141000000000000236e-01
2.144000000000000072e-01
5.514999999999999902e-01
-5.296999999999999487e-01
-3.351999999999999980e-01
1.322000000000000119e-01
-9.364999999999999991e-01
6.097000000000000197e-01
8.978000000000000425e-01
6.378000000000000336e-01
2.957000000000000184e-01
-3.059000000000000052e-01
3.179000000000000159e-01
8.187999999999999723e-01
3.835999999999999965e-01
-6.889999999999999458e-01
5.685000000000000053e-01
7.389000000000000012e-01
-1.585999999999999910e-01
-6.029999999999999943e-02
6.502000000000000002e-01
4.645000000000000240e-01
-3.171999999999999820e-01
4.637000000000000011e-01
7.715999999999999526e-01
4.529000000000000248e-01
-8.214000000000000190e-01
4.753000000000000003e-01
-1.741999999999999937e-01
-5.141999999999999904e-01
7.190000000000000557e-02
7.822000000000000064e-01
8.387999999999999901e-01
-9.110000000000000320e-01
8.658000000000000140e-01
-4.919999999999999929e-01
9.393000000000000238e-01
4.699999999999999734e-01
1.140000000000000041e-02
-9.729999999999999760e-01
4.137000000000000122e-01
-7.513999999999999568e-01
8.967000000000000526e-01
5.561000000000000387e-01
-6.975999999999999979e-01
-9.102999999999999980e-01
-8.838000000000000300e-01
-2.477000000000000035e-01
7.570999999999999952e-01
2.119000000000000050e-01
-3.849000000000000199e-01
-1.696000000000000008e-01
5.244999999999999662e-01
8.095999999999999863e-01
-7.280000000000000360e-02
-8.678000000000000158e-01
2.669000000000000261e-01
8.701999999999999735e-01
9.387999999999999678e-01
6.337000000000000410e-01
-5.763000000000000345e-01
5.739999999999999547e-01
8.629999999999999893e-01
2.799999999999999972e-03
-8.649000000000000021e-01
-6.677999999999999492e-01
-1.574000000000000121e-01
8.087999999999999634e-01
-5.092999999999999750e-01
-1.026999999999999996e-01
-3.508999999999999897e-01
2.316999999999999893e-01
9.859999999999999876e-01
9.982999999999999652e-01
3.578999999999999959e-01
2.712999999999999856e-01
-4.068999999999999839e-01
1.965999999999999970e-01
7.690000000000000169e-01
-7.713999999999999746e-01
-3.388999999999999790e-01
-5.572000000000000286e-01
5.901999999999999469e-01
7.199999999999999803e-03
7.540000000000000036e-01
4.067999999999999949e-01
-7.900000000000000078e-02
4.168000000000000038e-01
-7.695999999999999508e-01
-7.280999999999999694e-01
4.210999999999999743e-01
-8.368999999999999773e-01
-1.884000000000000119e-01
-9.879999999999999893e-02
-3.836999999999999855e-01
2.454000000000000070e-01
-6.359000000000000208e-01
9.368999999999999551e-01
-6.296000000000000485e-01
8.277999999999999803e-01
-6.230999999999999872e-01
2.363000000000000100e-01
-1.018000000000000016e-01
-5.434999999999999831e-01
-9.257999999999999563e-01
-1.088999999999999968e-01
4.240999999999999770e-01
-4.325999999999999845e-01
-9.655000000000000249e-01
6.311999999999999833e-01
9.176999999999999602e-01
7.923999999999999932e-01
-9.010000000000000231e-01
-8.803999999999999604e-01
9.624000000000000332e-01
-5.131000000000000005e-01
-9.333000000000000185e-01
7.776999999999999469e-01
2.260999999999999954e-01
8.538999999999999924e-01
-1.113999999999999990e-01
1.419999999999999873e-01
2.914999999999999813e-01
-1.580999999999999905e-01
-4.586000000000000076e-01
