2.195999999999999897e-01
-2.472999999999999921e-01
-6.413999999999999702e-01
-7.039999999999999591e-01
-4.694999999999999729e-01
7.379999999999999893e-01
-4.409000000000000141e-01
6.773000000000000131e-01
-6.484999999999999654e-01
-3.527000000000000135e-01
7.207999999999999963e-01
2.763999999999999790e-01
1.189999999999999947e-01
-7.991000000000000325e-01
-6.230999999999999872e-01
1.110000000000000049e-02
-4.920000000000000068e-02
6.208000000000000185e-01
6.863000000000000211e-01
7.698000000000000398e-01
6.909999999999999476e-01
5.561000000000000387e-01
-1.625999999999999945e-01
5.157000000000000473e-01
3.758000000000000229e-01
-3.614999999999999880e-01
4.673999999999999821e-01
-9.409999999999999476e-01
9.913999999999999480e-01
1.068000000000000060e-01
8.499999999999999778e-01
4.637000000000000011e-01
-9.850999999999999757e-01
-4.545000000000000151e-01
-4.536000000000000032e-01
-3.136999999999999789e-01
4.168999999999999928e-01
6.556999999999999496e-01
8.377000000000000002e-01
-5.499000000000000554e-01
-9.897000000000000242e-01
3.180000000000000188e-02
-9.451000000000000512e-01
-6.101999999999999647e-01
-7.153000000000000469e-01
4.077000000000000068e-01
9.688999999999999835e-01
-8.717000000000000304e-01
-6.235000000000000542e-01
9.203999999999999959e-01
-9.850000000000000422e-02
-7.020999999999999464e-01
1.990000000000000102e-01
3.700999999999999845e-01
-7.808000000000000496e-01
-9.235999999999999766e-01
5.249000000000000332e-01
8.122000000000000330e-01
-9.162000000000000144e-01
6.441000000000000059e-01
3.816999999999999837e-01
2.019999999999999921e-02
4.000000000000000222e-01
4.460000000000000075e-01
-9.120000000000000329e-01
5.252999999999999892e-01
-8.022000000000000242e-01
-9.241000000000000325e-01
3.699000000000000066e-01
2.730000000000000135e-02
2.439999999999999947e-01
8.917000000000000481e-01
-7.318000000000000060e-01
1.360000000000000098e-01
-2.180999999999999883e-01
-1.423000000000000098e-01
-8.709999999999999964e-01
7.099999999999999367e-02
5.528999999999999471e-01
-7.701999999999999957e-01
4.238999999999999990e-01
-7.925999999999999712e-01
-4.668999999999999817e-01
5.957000000000000073e-01
-5.016000000000000458e-01
-5.410000000000000364e-01
-9.028000000000000469e-01
-3.130999999999999894e-01
9.263000000000000123e-01
3.366999999999999993e-01
-5.211999999999999966e-01
-9.064999999999999725e-01
-7.893999999999999906e-01
1.239999999999999991e-01
-3.063000000000000167e-01
6.284999999999999476e-01
3.709000000000000075e-01
6.831000000000000405e-01
-2.462999999999999912e-01
5.415999999999999703e-01
-3.886000000000000010e-01
7.057999999999999829e-01
6.524999999999999689e-01
-6.428000000000000380e-01
9.022000000000000020e-01
-4.069999999999999729e-01
-5.664000000000000146e-01
4.277000000000000246e-01
-2.571999999999999842e-01
9.659999999999999698e-01
-4.230999999999999761e-01
-3.289999999999999869e-02
5.560000000000000497e-01
-8.679000000000000048e-01
-4.270000000000000184e-02
7.754999999999999671e-01
-3.397999999999999909e-01
-2.149999999999999828e-02
3.846999999999999864e-01
-3.403999999999999804e-01
-6.905000000000000027e-01
-6.532999999999999918e-01
-3.390000000000000235e-01
-3.610000000000000014e-02
-1.799000000000000044e-01
-4.454000000000000181e-01
-5.211999999999999966e-01
6.665999999999999703e-01
1.008000000000000007e-01
2.147999999999999909e-01
2.630000000000000115e-01
8.649999999999999911e-01
-8.669999999999999929e-01
5.568999999999999506e-01
-8.848000000000000309e-01
-5.625000000000000000e-01
5.978999999999999870e-01
6.227000000000000313e-01
1.020999999999999963e-01
-7.996999999999999664e-01
9.625000000000000222e-01
-9.379999999999999449e-02
4.176000000000000267e-01
-8.408999999999999808e-01
-2.699999999999999969e-02
8.199999999999999512e-01
6.955999999999999961e-01
4.089999999999999747e-01
1.466999999999999971e-01
-3.511000000000000232e-01
1.129999999999999928e-02
-6.501000000000000112e-01
-2.703999999999999737e-01
6.019999999999999796e-01
-3.922999999999999821e-01
-9.405000000000000027e-01
-7.168999999999999817e-01
4.290999999999999814e-01
6.021999999999999575e-01
-5.463000000000000078e-01
1.953000000000000014e-01
-9.061000000000000165e-01
1.055999999999999994e-01
8.879000000000000226e-01
-8.333000000000000407e-01
-2.891000000000000236e-01
2.280000000000000082e-01
-1.892999999999999960e-01
2.011000000000000010e-01
-6.417000000000000481e-01
-5.958999999999999853e-01
-2.373999999999999999e-01
5.420000000000000373e-01
-4.516000000000000014e-01
-2.655000000000000138e-01
