3.089999999999999969e-01
7.029999999999999583e-01
-8.652999999999999581e-01
9.360000000000000542e-01
5.416999999999999593e-01
-6.330000000000000071e-01
-3.225000000000000089e-01
-9.638999999999999790e-01
-4.961999999999999744e-01
4.580000000000000043e-02
3.301999999999999935e-01
-2.560000000000000123e-02
8.770000000000000018e-01
5.698999999999999622e-01
5.413999999999999924e-01
5.533000000000000140e-01
6.081999999999999629e-01
4.210999999999999743e-01
2.129999999999999949e-02
-3.894000000000000239e-01
-6.449000000000000288e-01
-4.839999999999999858e-01
5.479000000000000536e-01
2.245999999999999941e-01
5.632000000000000339e-01
3.291999999999999926e-01
-5.316999999999999504e-01
9.059999999999999998e-02
-2.520000000000000018e-02
-5.256999999999999451e-01
9.375999999999999890e-01
-5.629999999999999449e-01
-3.059999999999999873e-02
6.058000000000000052e-01
6.482999999999999874e-01
-9.324000000000000066e-01
4.299999999999999933e-01
-7.329999999999999849e-01
1.275000000000000022e-01
-8.764999999999999458e-01
-5.782000000000000473e-01
3.008000000000000118e-01
-6.871000000000000441e-01
1.935999999999999943e-01
-8.397000000000000020e-01
-3.141999999999999793e-01
9.760999999999999677e-01
-2.452999999999999903e-01
-5.918999999999999817e-01
8.691999999999999726e-01
2.134000000000000064e-01
6.578000000000000513e-01
-8.404000000000000359e-01
3.779000000000000137e-01
8.470999999999999641e-01
-1.517999999999999905e-01
-8.139999999999999458e-01
5.332000000000000073e-01
-3.967999999999999861e-01
5.452000000000000179e-01
-2.548000000000000265e-01
5.524999999999999911e-01
-4.601000000000000090e-01
1.198000000000000037e-01
3.106999999999999762e-01
6.975999999999999979e-01
-7.196000000000000174e-01
6.988999999999999657e-01
-1.491999999999999993e-01
-3.503000000000000003e-01
5.387999999999999456e-01
-1.610999999999999932e-01
-2.217999999999999972e-01
4.068999999999999839e-01
2.706999999999999962e-01
4.707999999999999963e-01
-7.790000000000000258e-01
-5.610000000000000542e-01
1.741999999999999937e-01
7.164000000000000368e-01
9.120000000000000329e-01
-7.301999999999999602e-01
6.548000000000000487e-01
-8.709000000000000075e-01
-4.685000000000000275e-01
-1.355999999999999983e-01
-7.635999999999999455e-01
4.653999999999999804e-01
9.308999999999999497e-01
6.954000000000000181e-01
5.856999999999999984e-01
-9.165999999999999703e-01
9.036999999999999478e-01
1.019000000000000045e-01
6.088999999999999968e-01
-3.018000000000000127e-01
7.117999999999999883e-01
-7.599000000000000199e-01
-6.505999999999999561e-01
-3.961000000000000076e-01
7.870000000000000606e-02
-8.487999999999999989e-01
-6.842000000000000304e-01
9.092999999999999972e-01
-7.230999999999999650e-01
1.527999999999999914e-01
-5.844000000000000306e-01
2.500000000000000052e-03
-4.084999999999999742e-01
5.760999999999999455e-01
-8.701999999999999735e-01
-6.584999999999999742e-01
-4.149999999999999800e-01
-1.073000000000000065e-01
-8.041000000000000369e-01
9.699999999999999734e-01
2.340000000000000135e-01
1.308999999999999886e-01
3.039000000000000035e-01
-2.962000000000000188e-01
6.137000000000000233e-01
-6.643999999999999906e-01
4.298000000000000154e-01
-7.885999999999999677e-01
-7.657000000000000473e-01
-1.869999999999999996e-01
-6.062999999999999501e-01
-7.629000000000000226e-01
1.990999999999999992e-01
-6.900000000000000577e-02
6.555999999999999606e-01
4.150000000000000216e-02
-2.116000000000000103e-01
8.494000000000000439e-01
4.136000000000000232e-01
-8.484000000000000430e-01
1.257999999999999952e-01
9.941999999999999726e-01
-7.399999999999999634e-02
4.386999999999999789e-01
-2.426999999999999991e-01
1.630000000000000060e-01
5.731000000000000538e-01
-1.877999999999999947e-01
1.990000000000000102e-01
-4.143999999999999906e-01
-6.632000000000000117e-01
3.919999999999999873e-02
2.290000000000000091e-01
1.784999999999999920e-01
3.819999999999999785e-02
-8.759999999999999731e-02
-9.619999999999999662e-01
-5.161999999999999922e-01
8.630999999999999783e-01
8.075999999999999845e-01
-8.464000000000000412e-01
-1.900999999999999912e-01
-9.717999999999999972e-01
-2.780000000000000249e-01
-8.518000000000000016e-01
-3.219000000000000195e-01
7.320000000000000118e-02
-6.672000000000000153e-01
-7.300999999999999712e-01
-7.882000000000000117e-01
-9.124999999999999778e-01
3.286000000000000032e-01
9.569999999999999618e-01
-1.734999999999999876e-01
7.896999999999999575e-01
4.888000000000000123e-01
7.769000000000000350e-01
3.822999999999999732e-01
-7.523999999999999577e-01
