-5.070000000000000062e-01
8.556000000000000272e-01
6.282999999999999696e-01
-4.371999999999999775e-01
1.169000000000000039e-01
9.024999999999999689e-01
-7.754999999999999671e-01
1.187000000000000000e-01
-7.530999999999999917e-01
3.385000000000000231e-01
9.155999999999999694e-01
7.810000000000000275e-01
6.410000000000000420e-02
5.968999999999999861e-01
-4.429000000000000159e-01
7.156000000000000139e-01
9.784000000000000474e-01
-2.497000000000000053e-01
5.431000000000000272e-01
3.105999999999999872e-01
6.089999999999999858e-01
4.842000000000000193e-01
7.446000000000000396e-01
-4.471999999999999864e-01
4.583999999999999742e-01
1.736999999999999933e-01
-5.674000000000000155e-01
4.927000000000000268e-01
-6.049999999999999822e-02
-6.440000000000000169e-01
9.639999999999999680e-01
7.298000000000000043e-01
-7.387000000000000233e-01
2.919999999999999818e-01
7.227999999999999980e-01
-2.260999999999999954e-01
5.259000000000000341e-01
6.950000000000000622e-02
-2.538000000000000256e-01
-6.058999999999999941e-01
6.016000000000000236e-01
-2.492999999999999938e-01
4.270000000000000184e-02
-3.983999999999999764e-01
-3.110999999999999877e-01
6.562000000000000055e-01
-1.679999999999999896e-02
8.388999999999999790e-01
-2.828999999999999848e-01
9.120000000000000329e-02
-5.300000000000000024e-03
7.874999999999999778e-01
7.235000000000000320e-01
2.450000000000000094e-02
4.418000000000000260e-01
-9.350000000000000533e-01
9.725000000000000311e-01
-4.991999999999999771e-01
2.691000000000000059e-01
5.890000000000000097e-02
-5.537999999999999590e-01
-2.520000000000000018e-02
4.013999999999999790e-01
3.014999999999999902e-01
3.216999999999999860e-01
-9.071000000000000174e-01
5.012999999999999678e-01
9.838000000000000078e-01
8.309999999999999332e-02
-7.290999999999999703e-01
-4.655000000000000249e-01
-7.961000000000000298e-01
4.381999999999999784e-01
-8.935999999999999499e-01
-1.988999999999999935e-01
-2.903999999999999915e-01
-1.490000000000000005e-02
-5.929999999999999855e-02
-8.365000000000000213e-01
-7.338000000000000078e-01
4.141000000000000236e-01
5.672000000000000375e-01
-2.954999999999999849e-01
-5.616999999999999771e-01
-3.176999999999999824e-01
7.782000000000000028e-01
-9.159000000000000474e-01
-3.236999999999999877e-01
-5.194999999999999618e-01
-5.050000000000000044e-01
-5.864000000000000323e-01
3.715999999999999859e-01
-2.084999999999999909e-01
-6.990000000000000380e-02
-4.274999999999999911e-01
-6.038999999999999924e-01
-8.608999999999999986e-01
4.643999999999999795e-01
-7.000999999999999446e-01
2.797000000000000042e-01
-3.417999999999999927e-01
-2.053999999999999992e-01
4.702999999999999958e-01
2.212000000000000077e-01
-9.110000000000000320e-01
-6.179999999999999938e-01
6.967999999999999750e-01
4.324000000000000066e-01
-7.480999999999999872e-01
-9.482000000000000428e-01
-5.393000000000000016e-01
-5.997999999999999998e-01
-3.961999999999999966e-01
-6.267000000000000348e-01
7.663999999999999702e-01
2.904999999999999805e-01
-3.251999999999999891e-01
-2.540999999999999925e-01
1.653999999999999915e-01
-1.849999999999999908e-02
-5.676999999999999824e-01
4.178999999999999937e-01
9.472000000000000419e-01
4.116000000000000214e-01
-7.769000000000000350e-01
1.557999999999999940e-01
-9.036999999999999478e-01
-8.379999999999999671e-01
-7.879999999999999505e-02
6.460000000000000187e-01
-3.209000000000000186e-01
3.556000000000000272e-01
-3.336000000000000076e-01
-4.768999999999999906e-01
-2.169999999999999984e-01
5.000999999999999890e-01
6.704999999999999849e-01
-8.869000000000000217e-01
7.381999999999999673e-01
2.016000000000000014e-01
-4.737000000000000099e-01
-4.989999999999999991e-02
-4.988000000000000211e-01
5.568999999999999506e-01
2.857999999999999985e-01
4.702000000000000068e-01
9.455000000000000071e-01
-1.116000000000000048e-01
4.495000000000000107e-01
8.486000000000000210e-01
6.226000000000000423e-01
-1.673999999999999932e-01
1.949999999999999997e-02
-6.085000000000000409e-01
-4.198999999999999955e-01
8.474000000000000421e-01
-9.548999999999999710e-01
3.078000000000000180e-01
7.973999999999999977e-01
-1.560999999999999888e-01
8.168999999999999595e-01
9.018000000000000460e-01
5.090999999999999970e-01
-1.965000000000000080e-01
7.772999999999999909e-01
-3.003000000000000114e-01
3.196999999999999842e-01
-5.604000000000000092e-01
-6.405999999999999472e-01
-7.423999999999999488e-01
-3.806999999999999829e-01
5.674000000000000155e-01
1.349999999999999985e-02
9.029000000000000359e-01
1.797999999999999876e-01
