7.691000000000000059e-01
6.683000000000000052e-01
1.744999999999999885e-01
-8.421999999999999487e-01
6.534999999999999698e-01
8.728000000000000203e-01
-2.560999999999999943e-01
-1.519000000000000072e-01
-7.409000000000000030e-01
-8.210000000000000631e-02
7.790000000000000258e-01
1.274000000000000132e-01
-9.354999999999999982e-01
-9.284000000000000030e-01
-2.431999999999999995e-01
-9.650999999999999579e-01
4.401999999999999802e-01
-1.381999999999999895e-01
-1.479000000000000037e-01
-3.694999999999999951e-01
-5.591000000000000414e-01
5.202999999999999847e-01
7.683999999999999719e-01
-5.109999999999999959e-02
4.689999999999999725e-02
1.930000000000000118e-02
7.798000000000000487e-01
-3.926999999999999935e-01
1.229999999999999982e-01
-3.074999999999999956e-01
-3.155999999999999917e-01
-8.242000000000000437e-01
3.368999999999999773e-01
-2.594000000000000195e-01
-3.790000000000000036e-01
-4.048999999999999821e-01
-4.356999999999999762e-01
-5.505999999999999783e-01
1.066000000000000003e-01
9.133000000000000007e-01
-6.743000000000000105e-01
-6.430000000000000160e-01
8.016999999999999682e-01
-3.129000000000000115e-01
-7.679999999999999327e-02
-1.439999999999999891e-01
-1.988999999999999935e-01
-9.316999999999999726e-01
7.479999999999999982e-01
-6.578000000000000513e-01
3.140000000000000013e-01
3.599999999999999728e-02
3.053000000000000158e-01
8.081000000000000405e-01
1.460000000000000013e-02
5.412000000000000144e-01
7.611999999999999877e-01
-1.123999999999999999e-01
-7.568000000000000282e-01
-6.766999999999999682e-01
-8.448999999999999844e-01
-3.674000000000000044e-01
-3.864000000000000212e-01
-6.161999999999999700e-01
-5.301000000000000156e-01
5.106000000000000538e-01
8.725000000000000533e-01
-4.801000000000000267e-01
4.102000000000000091e-01
-2.447000000000000008e-01
2.686999999999999944e-01
1.480000000000000066e-02
-4.445000000000000062e-01
6.904000000000000137e-01
-8.787000000000000366e-01
-6.524999999999999689e-01
-7.902000000000000135e-01
1.696999999999999897e-01
3.887999999999999790e-01
4.260999999999999788e-01
-9.199000000000000510e-01
-1.617000000000000104e-01
-4.692999999999999949e-01
-4.369999999999999996e-01
2.439000000000000057e-01
-2.053999999999999992e-01
8.909999999999999865e-02
1.983999999999999930e-01
4.863000000000000100e-01
7.788000000000000478e-01
-2.184000000000000108e-01
-8.836000000000000520e-01
-9.011000000000000121e-01
-6.611000000000000210e-01
2.696000000000000063e-01
1.605999999999999928e-01
-9.836000000000000298e-01
5.906000000000000139e-01
-4.568999999999999728e-01
9.858000000000000096e-01
-4.107000000000000095e-01
5.590000000000000524e-01
-7.713999999999999746e-01
1.920999999999999930e-01
-6.052999999999999492e-01
2.217999999999999972e-01
-8.455000000000000293e-01
-5.721000000000000529e-01
-1.690000000000000113e-01
7.810000000000000275e-01
7.393999999999999462e-01
-7.530999999999999917e-01
-6.149999999999999911e-01
-3.219999999999999946e-02
-9.744000000000000439e-01
-6.081999999999999629e-01
2.102999999999999869e-01
4.297000000000000264e-01
2.883000000000000007e-01
9.277999999999999581e-01
4.714999999999999747e-01
-5.147000000000000464e-01
1.969999999999999876e-02
4.685000000000000275e-01
2.570000000000000062e-01
5.775000000000000133e-01
2.154000000000000081e-01
-8.021000000000000352e-01
1.192000000000000004e-01
9.127999999999999448e-01
5.589999999999999830e-02
-8.169999999999999485e-02
8.599999999999999312e-02
-7.092000000000000526e-01
1.322000000000000119e-01
-8.959999999999999909e-02
-5.499000000000000554e-01
-6.526999999999999469e-01
6.401000000000000023e-01
-9.840999999999999748e-01
-7.979999999999999594e-02
-5.151999999999999913e-01
-8.712999999999999634e-01
5.469000000000000528e-01
-6.135000000000000453e-01
5.362000000000000099e-01
1.358000000000000040e-01
4.592999999999999861e-01
3.987999999999999878e-01
-6.350000000000000089e-02
4.746000000000000218e-01
9.752999999999999448e-01
3.291999999999999926e-01
-1.729999999999999871e-01
-5.803000000000000380e-01
-4.326999999999999735e-01
9.059000000000000385e-01
-8.738000000000000211e-01
6.116000000000000325e-01
-1.497999999999999887e-01
6.358000000000000318e-01
-5.573000000000000176e-01
-2.346999999999999920e-01
8.866000000000000547e-01
-8.390000000000000235e-02
7.430999999999999828e-01
-6.104000000000000536e-01
-3.185000000000000053e-01
-8.249999999999999556e-01
8.108999999999999542e-01
1.653000000000000025e-01
9.955000000000000515e-01
-8.173000000000000265e-01
-4.621999999999999997e-01
5.129000000000000226e-01
