1.305000000000000049e-01
-3.168000000000000260e-01
-2.599999999999999881e-03
4.370999999999999885e-01
4.969999999999999973e-01
8.381999999999999451e-01
3.316000000000000059e-01
-3.130000000000000004e-01
5.756000000000000005e-01
1.827999999999999903e-01
-7.344000000000000528e-01
2.187999999999999945e-01
1.093999999999999972e-01
-7.357000000000000206e-01
-6.654999999999999805e-01
-4.006000000000000116e-01
-8.761999999999999789e-01
-1.484000000000000041e-01
-9.664000000000000368e-01
-8.790000000000000591e-02
4.181000000000000272e-01
6.821000000000000396e-01
-5.664000000000000146e-01
-3.140000000000000013e-01
-1.792999999999999872e-01
8.101000000000000423e-01
4.789999999999999813e-01
2.421000000000000096e-01
-6.895000000000000018e-01
9.989000000000000101e-01
5.311000000000000165e-01
3.373999999999999777e-01
-4.247000000000000219e-01
8.297999999999999821e-01
-7.371999999999999664e-01
-7.610000000000000098e-02
6.915999999999999925e-01
-1.769999999999999907e-01
-6.683000000000000052e-01
-2.169000000000000095e-01
7.309999999999999831e-01
7.544999999999999485e-01
7.038999999999999702e-01
1.348999999999999921e-01
2.117999999999999883e-01
-9.776000000000000245e-01
-4.678999999999999826e-01
-5.679999999999999494e-01
6.105000000000000426e-01
-4.642000000000000015e-01
9.671999999999999487e-01
-3.452000000000000068e-01
-5.814000000000000279e-01
-3.901999999999999913e-01
1.439999999999999891e-01
1.100000000000000006e-01
9.916000000000000369e-01
1.958999999999999908e-01
-2.099999999999999922e-01
9.327999999999999625e-01
-5.756000000000000005e-01
8.869000000000000217e-01
9.106999999999999540e-01
7.614999999999999547e-01
5.760999999999999455e-01
-3.271999999999999909e-01
4.782000000000000139e-01
-5.491000000000000325e-01
5.492000000000000215e-01
-7.549000000000000155e-01
-6.427000000000000490e-01
8.752999999999999670e-01
3.179000000000000159e-01
8.151000000000000467e-01
-9.849999999999999867e-01
-2.152000000000000024e-01
-2.190999999999999892e-01
-6.139000000000000012e-01
8.092000000000000304e-01
2.657999999999999807e-01
-9.129000000000000448e-01
6.171999999999999709e-01
-4.758000000000000007e-01
-7.765999999999999570e-01
-4.809999999999999692e-02
-1.864999999999999991e-01
-1.650000000000000078e-02
7.611999999999999877e-01
3.789000000000000146e-01
-7.914999999999999813e-01
6.068999999999999950e-01
-7.752999999999999892e-01
-2.255000000000000060e-01
-2.842999999999999972e-01
-1.175999999999999962e-01
-7.158999999999999808e-01
-6.366000000000000547e-01
3.301000000000000045e-01
9.343000000000000194e-01
-1.376000000000000001e-01
3.929000000000000270e-01
-4.733999999999999875e-01
-7.065000000000000169e-01
7.479000000000000092e-01
-4.615000000000000213e-01
8.159999999999999476e-01
5.449000000000000510e-01
7.143000000000000460e-01
3.310000000000000164e-01
3.547000000000000153e-01
-7.326000000000000290e-01
-1.728999999999999981e-01
8.568000000000000060e-01
9.671999999999999487e-01
5.818999999999999728e-01
3.307999999999999829e-01
6.612999999999999989e-01
2.965999999999999748e-01
1.770000000000000046e-02
-8.071000000000000396e-01
7.461999999999999744e-01
-2.291999999999999871e-01
2.300999999999999990e-01
9.246999999999999664e-01
6.725999999999999757e-01
7.641999999999999904e-01
-2.114000000000000046e-01
-4.774999999999999800e-01
7.903999999999999915e-01
4.646000000000000130e-01
7.946999999999999620e-01
4.859999999999999737e-02
1.585000000000000020e-01
-4.113999999999999879e-01
-7.149999999999999412e-02
-2.752999999999999892e-01
-7.791000000000000147e-01
4.107999999999999985e-01
-3.265000000000000124e-01
-4.411999999999999811e-01
-5.713000000000000300e-01
4.798000000000000043e-01
-1.562000000000000055e-01
-7.844999999999999751e-01
-9.456999999999999851e-01
2.245999999999999941e-01
-1.996999999999999886e-01
-2.817000000000000060e-01
-7.860000000000000320e-02
3.562000000000000166e-01
-6.551000000000000156e-01
1.106000000000000039e-01
-3.659000000000000030e-01
5.210000000000000048e-02
-7.893999999999999906e-01
-2.175999999999999879e-01
4.345999999999999863e-01
6.901000000000000467e-01
-6.800000000000000488e-01
-8.113000000000000211e-01
-5.869999999999999662e-01
4.838999999999999968e-01
-1.005000000000000060e-01
-7.586000000000000520e-01
-9.324000000000000066e-01
-6.730000000000000426e-01
1.869000000000000106e-01
7.163000000000000478e-01
1.156999999999999973e-01
-1.420000000000000082e-02
-7.006999999999999895e-01
-3.390000000000000235e-01
-6.633000000000000007e-01
-7.860000000000000320e-02
8.214000000000000190e-01
