-7.088196000000006336e+01 6.801264263261528331e-01 0.000000000000000000e+00 2.983850117150015802e+00
-7.110715400000003683e+01 6.822872072984915714e-01 0.000000000000000000e+00 2.334448470992926516e+00
-6.892131200000004299e+01 6.613136209589828285e-01 0.000000000000000000e+00 2.479004053736178381e+00
-6.935587600000006603e+01 6.654833484937464627e-01 0.000000000000000000e+00 2.571611558360817007e+00
-7.144817400000005136e+01 6.855593616506815424e-01 0.000000000000000000e+00 2.017694590549153233e+00
-7.246950400000002901e+01 6.953592250150647525e-01 0.000000000000000000e+00 2.615437084352453478e+00
-7.138420800000001520e+01 6.849455952285001814e-01 0.000000000000000000e+00 2.365323181782732487e+00
-7.154164600000002849e+01 6.864562439790136139e-01 0.000000000000000000e+00 2.168798516305116220e+00
-7.100768800000004433e+01 6.813328113545736864e-01 0.000000000000000000e+00 2.194410261048270083e+00
-7.132037000000001115e+01 6.843330569916369344e-01 0.000000000000000000e+00 2.467827321427461751e+00
-6.984463800000007438e+01 6.701731165586254368e-01 0.000000000000000000e+00 2.266025495536227119e+00
-7.103740600000004690e+01 6.816179614426576272e-01 0.000000000000000000e+00 2.387859261449235770e+00
-7.036677400000003502e+01 6.751831147547279199e-01 0.000000000000000000e+00 1.966436985798210912e+00
-7.104891400000001056e+01 6.817283829788868266e-01 0.000000000000000000e+00 2.847985550589692938e+00
-6.980040200000001960e+01 6.697486633889472296e-01 0.000000000000000000e+00 2.229979499021586875e+00
-7.075232800000003408e+01 6.788825816455383855e-01 0.000000000000000000e+00 2.867369686385067062e+00
-7.115117200000007358e+01 6.827095687150501746e-01 0.000000000000000000e+00 2.820169249168487546e+00
-7.103552800000005618e+01 6.815999416611979722e-01 0.000000000000000000e+00 2.131786677318328493e+00
-7.173095600000002037e+01 6.882727108736621524e-01 0.000000000000000000e+00 2.528274287571654177e+00
-7.113877800000005891e+01 6.825906458335737614e-01 0.000000000000000000e+00 2.219918791470361530e+00
-7.192842600000003017e+01 6.901674745823213053e-01 0.000000000000000000e+00 2.343386889797920425e+00
-7.150976600000004169e+01 6.861503490732961952e-01 0.000000000000000000e+00 2.035066190977728784e+00
-7.104620600000006903e+01 6.817023991832573682e-01 0.000000000000000000e+00 2.156054841126132882e+00
-7.106037400000001014e+01 6.818383439456221495e-01 0.000000000000000000e+00 2.611072504539778905e+00
-7.090337800000001778e+01 6.803319362725345210e-01 0.000000000000000000e+00 2.215691285226870644e+00
-7.035613600000002066e+01 6.750810410405801987e-01 0.000000000000000000e+00 2.106702689734205158e+00
-7.109287400000003743e+01 6.821501878739731906e-01 0.000000000000000000e+00 2.996790825574328743e+00
-7.167944800000003625e+01 6.877784814256164836e-01 0.000000000000000000e+00 2.662125690043938953e+00
-7.192263000000004070e+01 6.901118608158992584e-01 0.000000000000000000e+00 2.588117918312631272e+00
-7.128282000000005780e+01 6.839727573144198658e-01 0.000000000000000000e+00 2.073400450730855216e+00
-7.049837200000001758e+01 6.764458235942076847e-01 0.000000000000000000e+00 2.626551183743473850e+00
-7.142549200000003395e+01 6.853417233742860049e-01 0.000000000000000000e+00 1.841723124744374163e+00
-7.100367600000002710e+01 6.812943154210183705e-01 0.000000000000000000e+00 2.139675172511619650e+00
-7.045619000000004917e+01 6.760410789608021220e-01 0.000000000000000000e+00 2.701722701510758107e+00
-7.095263600000001247e+01 6.808045765255406057e-01 0.000000000000000000e+00 2.147590904251607924e+00
-7.005492000000000985e+01 6.721908139414386474e-01 0.000000000000000000e+00 2.444446903212721178e+00
-6.966658400000007134e+01 6.684646532103619698e-01 0.000000000000000000e+00 2.229287981574367805e+00
-7.160160000000001901e+01 6.870315144676394370e-01 0.000000000000000000e+00 2.396351472509402392e+00
-7.203118400000003874e+01 6.911534579173819193e-01 0.000000000000000000e+00 2.513686336383521791e+00
-7.076221200000009048e+01 6.789774205805486629e-01 0.000000000000000000e+00 2.123020931267994182e+00
-6.916472199999999759e+01 6.636491880543625710e-01 0.000000000000000000e+00 2.097391441699218984e+00
-7.172157200000005162e+01 6.881826695375503622e-01 0.000000000000000000e+00 2.104074021822685658e+00
-7.106044199999999478e+01 6.818389964190720853e-01 0.000000000000000000e+00 2.063530014671583146e+00
-7.045543400000002521e+01 6.760338249912686281e-01 0.000000000000000000e+00 2.202155678320585341e+00
-7.219104200000005278e+01 6.926873270465602195e-01 0.000000000000000000e+00 2.646466288620363372e+00
-7.058858000000002164e+01 6.773113871969358435e-01 0.000000000000000000e+00 2.540897446083794975e+00
-7.097322400000000187e+01 6.810021224577523791e-01 0.000000000000000000e+00 2.391756596561606774e+00
-7.056739000000006001e+01 6.771080649556515674e-01 0.000000000000000000e+00 1.899094787529100659e+00
-7.172143200000004981e+01 6.881813262098589457e-01 0.000000000000000000e+00 2.810517398675657752e+00
-7.001598000000002742e+01 6.718171769392856651e-01 0.000000000000000000e+00 2.046876476562039748e+00
-7.222323799999999494e+01 6.929962540347806010e-01 0.000000000000000000e+00 2.315904566463320435e+00
-7.167898600000005160e+01 6.877740484442350644e-01 0.000000000000000000e+00 2.674031094952285414e+00
-7.121506000000002246e+01 6.833225867118026819e-01 0.000000000000000000e+00 2.084214502716391415e+00
-7.124478600000003325e+01 6.836078135614690465e-01 0.000000000000000000e+00 2.353099295299581950e+00
-7.137203200000008962e+01 6.848287641001440385e-01 0.000000000000000000e+00 2.249053452925734664e+00
-7.071002200000002347e+01 6.784766472076056987e-01 0.000000000000000000e+00 2.223341273875238944e+00
-7.119689400000005719e+01 6.831482803486516042e-01 0.000000000000000000e+00 3.072778281101993247e+00
-7.133729200000004766e+01 6.844954269287311099e-01 0.000000000000000000e+00 2.236563011177118199e+00
-7.147043600000006336e+01 6.857729699440030524e-01 0.000000000000000000e+00 2.263526406078387510e+00
-7.184733800000005033e+01 6.893894191834875063e-01 0.000000000000000000e+00 2.248324000644646325e+00
-7.247934400000004018e+01 6.954536417613715882e-01 0.000000000000000000e+00 2.769613451361693901e+00
-7.093058000000004881e+01 6.805929448429653972e-01 0.000000000000000000e+00 2.155622166533013750e+00
-7.179355000000002462e+01 6.888733126844679422e-01 0.000000000000000000e+00 2.712942172888015868e+00
-7.022912400000002719e+01 6.738623357781899914e-01 0.000000000000000000e+00 2.265283772761230718e+00
-7.069886400000005722e+01 6.783695839906048741e-01 0.000000000000000000e+00 2.271326825666869720e+00
-7.109671400000004837e+01 6.821870334335076169e-01 0.000000000000000000e+00 2.309581494863989448e+00
-7.253242200000003947e+01 6.959629356699562619e-01 0.000000000000000000e+00 2.773440346550607227e+00
-7.211755800000004513e+01 6.919822335317624695e-01 0.000000000000000000e+00 1.900941721814041863e+00
-7.229963800000004426e+01 6.937293271463501609e-01 0.000000000000000000e+00 2.368650309574308110e+00
-7.246303600000004508e+01 6.952971632757242171e-01 0.000000000000000000e+00 2.464247028378593107e+00
-7.259249400000007313e+01 6.965393383919222803e-01 0.000000000000000000e+00 2.344065759834455420e+00
-7.287671800000008204e+01 6.992665238901242253e-01 0.000000000000000000e+00 2.453237217994527875e+00
-7.350723400000005370e+01 7.053164496232929848e-01 0.000000000000000000e+00 1.995417568523369933e+00
-7.257786000000005799e+01 6.963989222673842017e-01 0.000000000000000000e+00 2.251665500302503453e+00
-7.287743000000003235e+01 6.992733556709540554e-01 0.000000000000000000e+00 2.312672437316454666e+00
-7.338766000000008205e+01 7.041691134421053100e-01 0.000000000000000000e+00 2.392087043026265292e+00
-7.113157600000003811e+01 6.825215412190510644e-01 0.000000000000000000e+00 2.167225059845941271e+00
-7.342952000000008184e+01 7.045707684218209810e-01 0.000000000000000000e+00 2.639634769961154870e+00
-7.185792600000002039e+01 6.894910131377449680e-01 0.000000000000000000e+00 2.875123744886136201e+00
-7.288679400000000896e+01 6.993632051031101193e-01 0.000000000000000000e+00 2.163934212569150972e+00
-7.390055199999999047e+01 7.090904136297864202e-01 0.000000000000000000e+00 2.321583243317483003e+00
-7.246692799999999579e+01 6.953345077855433987e-01 0.000000000000000000e+00 2.226209375746725616e+00
-7.359996400000002836e+01 7.062062123148609150e-01 0.000000000000000000e+00 2.035171856219389230e+00
-7.404562200000003713e+01 7.104823889739666498e-01 0.000000000000000000e+00 2.401247929747607479e+00
-7.339217400000005398e+01 7.042124261649534978e-01 0.000000000000000000e+00 2.038647663001782462e+00
-7.349538600000008159e+01 7.052027657198133292e-01 0.000000000000000000e+00 2.376709208893760028e+00
-7.426784400000003927e+01 7.126146530184577221e-01 0.000000000000000000e+00 2.657977215030295159e+00
-7.291837800000004677e+01 6.996662598302805236e-01 0.000000000000000000e+00 2.644285596961680085e+00
-7.279731200000009039e+01 6.985046076139822535e-01 0.000000000000000000e+00 2.641685877887509637e+00
-7.391936400000004426e+01 7.092709184907142195e-01 0.000000000000000000e+00 2.351419948294298568e+00
-7.399757600000005198e+01 7.100213781006886604e-01 0.000000000000000000e+00 2.176623606289930457e+00
-7.223745600000005140e+01 6.931326785570363080e-01 0.000000000000000000e+00 2.331258253932690039e+00
-7.382081000000002291e+01 7.083252733671854262e-01 0.000000000000000000e+00 2.074479684332211527e+00
-7.478264800000003731e+01 7.175542992243245655e-01 0.000000000000000000e+00 2.498611556767502240e+00
-7.323298200000002112e+01 7.026849474375066462e-01 0.000000000000000000e+00 1.960501585807966851e+00
-7.495276800000003448e+01 7.191866342732792239e-01 0.000000000000000000e+00 2.212237788508516712e+00
-7.483193200000003742e+01 7.180271889524734164e-01 0.000000000000000000e+00 2.020563770356374800e+00
-7.384973000000000809e+01 7.086027664874284815e-01 0.000000000000000000e+00 2.452912830625348928e+00
-7.512407800000005409e+01 7.208303876076106453e-01 0.000000000000000000e+00 1.937222175771016186e+00
-7.411576800000004539e+01 7.111554537185234004e-01 0.000000000000000000e+00 2.371353903816863173e+00
-7.555817600000001732e+01 7.249956437802010933e-01 0.000000000000000000e+00 2.147357317710127056e+00
-7.612968000000006441e+01 7.304793377010679878e-01 0.000000000000000000e+00 2.288742881270338980e+00
-7.435439200000007531e+01 7.134450981972549899e-01 0.000000000000000000e+00 2.023176841418595551e+00
-7.719278400000003160e+01 7.406800308581563685e-01 0.000000000000000000e+00 3.216400319910945438e+00
-7.717621200000004933e+01 7.405210192402911229e-01 0.000000000000000000e+00 2.246932743136246469e+00
-7.658602000000007592e+01 7.348580102630243305e-01 0.000000000000000000e+00 2.172930498174985736e+00
-7.566146800000004191e+01 7.259867509508844963e-01 0.000000000000000000e+00 2.050030652684357690e+00
-7.687308000000005848e+01 7.376124077421737368e-01 0.000000000000000000e+00 2.662444765491470466e+00
-7.651284400000005803e+01 7.341558720691473416e-01 0.000000000000000000e+00 2.294479551573710197e+00
-7.658325999999999567e+01 7.348315275171082295e-01 0.000000000000000000e+00 2.100963526238820211e+00
-7.621140800000003424e+01 7.312635340264906914e-01 0.000000000000000000e+00 1.779687649571228381e+00
-7.575381000000005827e+01 7.268727907057082049e-01 0.000000000000000000e+00 2.079761479403856583e+00
-7.645418800000004467e+01 7.335930561472597811e-01 0.000000000000000000e+00 2.675118535173400591e+00
-7.633322600000003888e+01 7.324324018315316875e-01 0.000000000000000000e+00 2.132059822280279349e+00
-7.621581800000001294e+01 7.313058488487682585e-01 0.000000000000000000e+00 1.868102292766213646e+00
-7.725482800000006023e+01 7.412753553101749660e-01 0.000000000000000000e+00 2.437630228754429584e+00
-7.693836200000006897e+01 7.382388014446535918e-01 0.000000000000000000e+00 1.932987172708226842e+00
-7.758953800000004719e+01 7.444869639642756054e-01 0.000000000000000000e+00 2.834921590591888307e+00
-7.794094200000002104e+01 7.478587548503726756e-01 0.000000000000000000e+00 2.304671911406975582e+00
-7.744631200000006288e+01 7.431126821648307290e-01 0.000000000000000000e+00 1.965734703129307093e+00
-7.796522799999999620e+01 7.480917838240317419e-01 0.000000000000000000e+00 2.192618537854091443e+00
-7.659526400000007129e+01 7.349467082714449262e-01 0.000000000000000000e+00 2.100596762707918064e+00
-7.760202400000004275e+01 7.446067696039490036e-01 0.000000000000000000e+00 1.860760779631315254e+00
-7.749327200000004723e+01 7.435632726533029091e-01 0.000000000000000000e+00 1.877167598899894818e+00
-7.786453400000003455e+01 7.471256049772213581e-01 0.000000000000000000e+00 2.100911879950506211e+00
-7.769134600000003843e+01 7.454638318614303927e-01 0.000000000000000000e+00 2.067780692678539367e+00
-7.702781400000002066e+01 7.390971110778479236e-01 0.000000000000000000e+00 2.157918132195140615e+00
-7.730946800000002384e+01 7.417996369177156657e-01 0.000000000000000000e+00 1.886362625725323205e+00
-7.735164400000005003e+01 7.422043239799349656e-01 0.000000000000000000e+00 2.164034597191649034e+00
-7.669759000000003368e+01 7.359285464810574329e-01 0.000000000000000000e+00 1.815616958529802316e+00
-7.717188400000003412e+01 7.404794912242324001e-01 0.000000000000000000e+00 2.119272893259631640e+00
-7.743351600000008261e+01 7.429899020138408527e-01 0.000000000000000000e+00 2.341815143388141784e+00
-7.783447600000005195e+01 7.468371925218871832e-01 0.000000000000000000e+00 2.436437546045827851e+00
-7.711664600000005976e+01 7.399494716884099654e-01 0.000000000000000000e+00 1.895447734821085639e+00
-7.811800000000002342e+01 7.495576613816319345e-01 0.000000000000000000e+00 2.459613223104951896e+00
-7.751677000000002238e+01 7.437887406110991195e-01 0.000000000000000000e+00 2.492475461780065960e+00
-7.693820199999998977e+01 7.382372662130055607e-01 0.000000000000000000e+00 2.021067911632437486e+00
-7.833878199999999481e+01 7.516761083412972777e-01 0.000000000000000000e+00 2.666492011567546339e+00
-7.745321599999999762e+01 7.431789274104095844e-01 0.000000000000000000e+00 2.286046867796374116e+00
-7.748460200000003795e+01 7.434800822884166660e-01 0.000000000000000000e+00 1.793722697056419069e+00
-7.730122400000004745e+01 7.417205341070904900e-01 0.000000000000000000e+00 2.505842603468457774e+00
-7.690893000000009749e+01 7.379563955831395239e-01 0.000000000000000000e+00 2.523298833818038212e+00
-7.698178600000004224e+01 7.386554633137211168e-01 0.000000000000000000e+00 1.930771485363016016e+00
-7.698945800000005590e+01 7.387290776712076568e-01 0.000000000000000000e+00 2.168114073240109629e+00
-7.757941800000003241e+01 7.443898605625859366e-01 0.000000000000000000e+00 2.248333078975658150e+00
-7.777951600000005783e+01 7.463098404510516426e-01 0.000000000000000000e+00 2.387594373478599596e+00
-7.734943000000005497e+01 7.421830802120159554e-01 0.000000000000000000e+00 1.841114891783637075e+00
-7.749352600000004543e+01 7.435657098335429760e-01 0.000000000000000000e+00 1.945280914336232625e+00
-7.828766600000004416e+01 7.511856402107877084e-01 0.000000000000000000e+00 2.102331443283429024e+00
-7.733201200000004860e+01 7.420159510568155037e-01 0.000000000000000000e+00 1.970482021492777402e+00
-7.781509800000004873e+01 7.466512567790076771e-01 0.000000000000000000e+00 2.109629386091933512e+00
-7.690252999999997030e+01 7.378949863172475920e-01 0.000000000000000000e+00 2.428211567567514440e+00
-7.674666000000007671e+01 7.363993828368785577e-01 0.000000000000000000e+00 1.878123932292676157e+00
-7.710108400000008544e+01 7.398001512203180585e-01 0.000000000000000000e+00 1.780474834902534775e+00
-7.675672400000003393e+01 7.364959489074910381e-01 0.000000000000000000e+00 2.106655228350229336e+00
-7.746969200000008016e+01 7.433370178892875213e-01 0.000000000000000000e+00 2.319949716351628499e+00
-7.775865400000003547e+01 7.461096654346436319e-01 0.000000000000000000e+00 2.156660574550900655e+00
-7.776217200000000673e+01 7.461434213404876115e-01 0.000000000000000000e+00 2.477888905967978950e+00
-7.732856600000002345e+01 7.419828860052123387e-01 0.000000000000000000e+00 2.292810779094365259e+00
-7.753228600000001336e+01 7.439376197000926449e-01 0.000000000000000000e+00 2.492304476633315780e+00
-7.759474200000003918e+01 7.445368973736028462e-01 0.000000000000000000e+00 2.154414332527050835e+00
-7.695615400000005479e+01 7.384095192038293565e-01 0.000000000000000000e+00 2.050813305403542675e+00
-7.784273600000005899e+01 7.469164488556773174e-01 0.000000000000000000e+00 2.461245045345213711e+00
-7.695959400000005246e+01 7.384425266842455926e-01 0.000000000000000000e+00 2.291627156632190854e+00
-7.695638600000000906e+01 7.384117452897174250e-01 0.000000000000000000e+00 2.391512886156063722e+00
-7.809464200000006429e+01 7.493335367515272516e-01 0.000000000000000000e+00 2.405641746722009255e+00
-7.783595400000002940e+01 7.468513742242285369e-01 0.000000000000000000e+00 2.125170004342611385e+00
-7.719454600000003097e+01 7.406969375966718783e-01 0.000000000000000000e+00 2.033641015936935137e+00
-7.734560800000004122e+01 7.421464073660418714e-01 0.000000000000000000e+00 2.029372490149045305e+00
-7.697964600000008772e+01 7.386349295904394152e-01 0.000000000000000000e+00 1.583092410341482736e+00
-7.777460600000006252e+01 7.462627280298761434e-01 0.000000000000000000e+00 2.348489759025246482e+00
-7.739097400000005678e+01 7.425817031092284415e-01 0.000000000000000000e+00 2.322329669852836620e+00
-7.781050800000001288e+01 7.466072148211264636e-01 0.000000000000000000e+00 2.434469261707360666e+00
-7.799209600000008891e+01 7.483495875983996459e-01 0.000000000000000000e+00 2.567806794154313899e+00
-7.739794800000002795e+01 7.426486200186532827e-01 0.000000000000000000e+00 1.822298327841114229e+00
-7.709167999999999665e+01 7.397099179802492097e-01 0.000000000000000000e+00 1.945232251927618394e+00
-7.837459200000007797e+01 7.520197123743516121e-01 0.000000000000000000e+00 2.236618093663969464e+00
-7.828497600000005718e+01 7.511598291287181484e-01 0.000000000000000000e+00 2.126487687971634788e+00
-7.886838200000002530e+01 7.567577250937452815e-01 0.000000000000000000e+00 2.340979667513823248e+00
-7.758336800000003564e+01 7.444277615938778014e-01 0.000000000000000000e+00 1.905418819830867250e+00
-7.730866000000000327e+01 7.417918839978967505e-01 0.000000000000000000e+00 2.368351095917865301e+00
-7.850566200000002937e+01 7.532773549493951837e-01 0.000000000000000000e+00 2.192418581226927454e+00
-7.862926800000003880e+01 7.544633789680944558e-01 0.000000000000000000e+00 1.894987502790806078e+00
-7.700304200000002197e+01 7.388594188380601668e-01 0.000000000000000000e+00 2.176603683583645310e+00
-7.774904400000001203e+01 7.460174555838294808e-01 0.000000000000000000e+00 2.329942714097009038e+00
-7.724170199999998943e+01 7.411494087439117751e-01 0.000000000000000000e+00 2.448574659145621890e+00
-7.726588600000003737e+01 7.413814590073962707e-01 0.000000000000000000e+00 2.674375391139268032e+00
-7.765842600000004836e+01 7.451479579500056571e-01 0.000000000000000000e+00 1.796355940444910537e+00
-7.763089400000008311e+01 7.448837829643027986e-01 0.000000000000000000e+00 2.115788679076691103e+00
-7.785532600000003356e+01 7.470372523959212252e-01 0.000000000000000000e+00 2.229766231105354546e+00
-7.745876800000003470e+01 7.432321999485700381e-01 0.000000000000000000e+00 2.060820827291392821e+00
-7.786433400000005634e+01 7.471236859376624295e-01 0.000000000000000000e+00 2.196383227044962361e+00
-7.750643400000004135e+01 7.436895646466860077e-01 0.000000000000000000e+00 2.720521266756194212e+00
-7.767816000000003385e+01 7.453373095833000228e-01 0.000000000000000000e+00 1.825759283368998398e+00
-7.814698800000007850e+01 7.498358069753257027e-01 0.000000000000000000e+00 2.146337498538458011e+00
-7.754785400000004358e+01 7.440869977393718138e-01 0.000000000000000000e+00 2.263007425967452413e+00
-7.900536200000004783e+01 7.580720752877604385e-01 0.000000000000000000e+00 2.169865964616247922e+00
-7.856978600000003610e+01 7.538926374128279706e-01 0.000000000000000000e+00 2.232492711312770606e+00
-7.910306400000003180e+01 7.590095453027672079e-01 0.000000000000000000e+00 2.120404527801048822e+00
-7.891932400000001735e+01 7.572465236598389104e-01 0.000000000000000000e+00 2.297428535247548975e+00
-7.879907400000006135e+01 7.560927011249415353e-01 0.000000000000000000e+00 2.210911136582071279e+00
-7.786905600000005734e+01 7.471689944616524137e-01 0.000000000000000000e+00 2.234421369172373328e+00
-7.730237800000004711e+01 7.417316069653464572e-01 0.000000000000000000e+00 1.918724413369623294e+00
-7.881205400000003181e+01 7.562172467923257146e-01 0.000000000000000000e+00 2.683300288124022437e+00
-7.826285600000005616e+01 7.509475833534837719e-01 0.000000000000000000e+00 1.932004150837291379e+00
-7.839943800000003193e+01 7.522581146587759005e-01 0.000000000000000000e+00 2.188216688565638446e+00
-7.911184600000008516e+01 7.590938103298069395e-01 0.000000000000000000e+00 2.073445699742778370e+00
-7.894904600000003825e+01 7.575317121287141742e-01 0.000000000000000000e+00 2.065368733944512147e+00
-7.912142800000005138e+01 7.591857515150821634e-01 0.000000000000000000e+00 2.515299441421669169e+00
-7.934643800000002045e+01 7.613447669710264876e-01 0.000000000000000000e+00 2.172755697859706459e+00
-7.918314800000000275e+01 7.597779671230142640e-01 0.000000000000000000e+00 2.191877308116114254e+00
-7.927577200000006030e+01 7.606667127236166337e-01 0.000000000000000000e+00 2.369665831450383564e+00
-7.856676000000000215e+01 7.538636023442987222e-01 0.000000000000000000e+00 2.272876762469477896e+00
-7.827413400000006050e+01 7.510557979942203977e-01 0.000000000000000000e+00 2.422739166383223619e+00
-7.901713200000001791e+01 7.581850107658121285e-01 0.000000000000000000e+00 2.322681612556721120e+00
-7.891489600000002724e+01 7.572040361240008899e-01 0.000000000000000000e+00 2.330059882263400883e+00
-7.913034000000003232e+01 7.592712639178347267e-01 0.000000000000000000e+00 2.093196656124818311e+00
-7.918238000000003751e+01 7.597705980111078006e-01 0.000000000000000000e+00 2.213926813002934146e+00
-7.896405800000007957e+01 7.576757552380192218e-01 0.000000000000000000e+00 2.455306531632819755e+00
-7.883658000000006894e+01 7.564525786134561613e-01 0.000000000000000000e+00 2.001923439034964058e+00
-7.962896800000000042e+01 7.640556982041627476e-01 0.000000000000000000e+00 2.166930047342729537e+00
-7.778630200000007733e+01 7.463749534632914129e-01 0.000000000000000000e+00 2.333548538905994896e+00
-7.944079400000002522e+01 7.622501314542100559e-01 0.000000000000000000e+00 2.517461940643770824e+00
-7.836331800000004932e+01 7.519115361144059762e-01 0.000000000000000000e+00 2.267385565870787545e+00
-7.893212400000004436e+01 7.573693421916203317e-01 0.000000000000000000e+00 2.255024410946282920e+00
-7.826978200000002062e+01 7.510140396934144036e-01 0.000000000000000000e+00 2.059694551267544860e+00
-7.906411200000000861e+01 7.586357931582402570e-01 0.000000000000000000e+00 2.455155458275297686e+00
-7.918505600000007405e+01 7.597962747604085632e-01 0.000000000000000000e+00 2.360546167254819139e+00
-7.829397000000003004e+01 7.512461283376897780e-01 0.000000000000000000e+00 2.162563069180138076e+00
-7.928349200000006647e+01 7.607407876505972721e-01 0.000000000000000000e+00 2.250708366951761796e+00
-7.901086200000001725e+01 7.581248488756349158e-01 0.000000000000000000e+00 2.231543997207024788e+00
-7.917582600000004334e+01 7.597077110847566539e-01 0.000000000000000000e+00 2.130400308882077098e+00
-7.845734000000007313e+01 7.528136958015259061e-01 0.000000000000000000e+00 1.959020248940162690e+00
-7.884406800000006399e+01 7.565244274545481762e-01 0.000000000000000000e+00 1.681726687992752378e+00
-7.892242600000004416e+01 7.572762879634005184e-01 0.000000000000000000e+00 1.933550574974402192e+00
-7.978329000000005067e+01 7.655364483183461077e-01 0.000000000000000000e+00 2.059626761396982531e+00
-7.995189800000005675e+01 7.671542754282342225e-01 0.000000000000000000e+00 2.348714273938407704e+00
-7.944035800000004599e+01 7.622459479479714028e-01 0.000000000000000000e+00 2.259974639402715368e+00
-7.902666600000003427e+01 7.582764913815936980e-01 0.000000000000000000e+00 1.986939066754171757e+00
-7.899401999999999191e+01 7.579632465543644226e-01 0.000000000000000000e+00 2.287285147651395345e+00
-7.922437000000005014e+01 7.601735003665369694e-01 0.000000000000000000e+00 2.106192537435140899e+00
-7.811601800000008211e+01 7.495386436996019919e-01 0.000000000000000000e+00 2.230613179292259662e+00
-7.893064200000003439e+01 7.573551221084874330e-01 0.000000000000000000e+00 1.894396334177580687e+00
-7.927249000000001899e+01 7.606352212844517124e-01 0.000000000000000000e+00 2.279056194408713321e+00
-7.970281600000002697e+01 7.647642843709582250e-01 0.000000000000000000e+00 2.202762663672300114e+00
-8.001671400000002166e+01 7.677761977685410022e-01 0.000000000000000000e+00 2.263560803538789301e+00
-7.954642800000004854e+01 7.632637105781303610e-01 0.000000000000000000e+00 2.286394838339134150e+00
-7.956027200000004029e+01 7.633965464964098668e-01 0.000000000000000000e+00 2.142398124734206988e+00
-7.906894600000006790e+01 7.586821763443838407e-01 0.000000000000000000e+00 2.030401322892604998e+00
-7.880235400000003665e+01 7.561241733737102955e-01 0.000000000000000000e+00 2.381651958875636854e+00
-8.046344000000000563e+01 7.720626220988919819e-01 0.000000000000000000e+00 2.409691997083462045e+00
-7.926171000000003630e+01 7.605317850522174128e-01 0.000000000000000000e+00 2.150490026632643659e+00
-7.892563200000003576e+01 7.573070501675325250e-01 0.000000000000000000e+00 2.185000512626432467e+00
-8.008022800000003372e+01 7.683856271613186406e-01 0.000000000000000000e+00 2.058898881356858723e+00
-7.890787800000005348e+01 7.571366970258729401e-01 0.000000000000000000e+00 2.631255648467461850e+00
-7.982459600000004230e+01 7.659327875584831524e-01 0.000000000000000000e+00 1.919561941184614096e+00
-7.945329000000005237e+01 7.623700330458617058e-01 0.000000000000000000e+00 2.137421065776287765e+00
-7.898198599999999203e+01 7.578477779440944140e-01 0.000000000000000000e+00 1.834828171682569176e+00
-7.913431200000005106e+01 7.593093760434782569e-01 0.000000000000000000e+00 2.488983888624903162e+00
-7.936677600000002997e+01 7.615399141037896280e-01 0.000000000000000000e+00 2.282899732557943651e+00
-7.980879600000007201e+01 7.657811834333160261e-01 0.000000000000000000e+00 1.908083197470352932e+00
-8.040704400000004171e+01 7.715214913240225902e-01 0.000000000000000000e+00 2.135812059900440651e+00
-8.074353600000004860e+01 7.747501986205947988e-01 0.000000000000000000e+00 2.826955479796509962e+00
-7.885870800000002134e+01 7.566649011502725175e-01 0.000000000000000000e+00 2.098513072508938926e+00
-7.955846200000006263e+01 7.633791791884003697e-01 0.000000000000000000e+00 2.012057987536165271e+00
-7.994814800000003174e+01 7.671182934365011752e-01 0.000000000000000000e+00 2.087826379952183675e+00
-7.966346200000005240e+01 7.643866749569180330e-01 0.000000000000000000e+00 2.169659269380351141e+00
-8.029756600000004596e+01 7.704710282597769799e-01 0.000000000000000000e+00 2.083555474422012832e+00
-7.919588400000002082e+01 7.599001715621367392e-01 0.000000000000000000e+00 1.957714547795594173e+00
-7.852283400000004576e+01 7.534421236859381033e-01 0.000000000000000000e+00 2.054491911049955100e+00
-7.948744200000005833e+01 7.626977282409704850e-01 0.000000000000000000e+00 2.331676433067249921e+00
-7.935120400000000984e+01 7.613904976837193583e-01 0.000000000000000000e+00 2.154816284368061385e+00
-7.927335400000002608e+01 7.606435115353470389e-01 0.000000000000000000e+00 2.086481722243587633e+00
-8.002962200000003179e+01 7.679000525816842559e-01 0.000000000000000000e+00 2.258898722095090239e+00
-8.023869400000002372e+01 7.699061397751655322e-01 0.000000000000000000e+00 2.096903472189602269e+00
-7.858102000000002363e+01 7.540004298648614878e-01 0.000000000000000000e+00 1.920111496026134068e+00
-7.916456400000004123e+01 7.595996499671847646e-01 0.000000000000000000e+00 1.642556543775278932e+00
-7.978867600000003790e+01 7.655881280536720457e-01 0.000000000000000000e+00 2.009176465248658339e+00
-8.049532400000003918e+01 7.723685553854010566e-01 0.000000000000000000e+00 2.264131423672355314e+00
-7.957625200000005350e+01 7.635498777571806395e-01 0.000000000000000000e+00 2.258175405166969796e+00
-7.948382600000003606e+01 7.626630320057421475e-01 0.000000000000000000e+00 2.159988944912786479e+00
-7.940755400000003306e+01 7.619311870794908126e-01 0.000000000000000000e+00 2.128983625645501476e+00
-7.985601400000003025e+01 7.662342494828191519e-01 0.000000000000000000e+00 2.187265766461714112e+00
-7.920780000000000598e+01 7.600145079390666636e-01 0.000000000000000000e+00 2.667343049825902757e+00
-7.964216600000001733e+01 7.641823356246667531e-01 0.000000000000000000e+00 2.349398074135483405e+00
-7.935863600000006102e+01 7.614618091937352951e-01 0.000000000000000000e+00 1.866186391760457974e+00
-8.055482400000002485e+01 7.729394696542276622e-01 0.000000000000000000e+00 2.674878695979700627e+00
-7.987370400000008885e+01 7.664039885318204570e-01 0.000000000000000000e+00 1.929186767375875577e+00
-8.009899800000003722e+01 7.685657290239384931e-01 0.000000000000000000e+00 2.345815687214108269e+00
-7.968733200000005468e+01 7.646157123282943946e-01 0.000000000000000000e+00 1.987401697708987669e+00
-7.988285200000004238e+01 7.664917654012524117e-01 0.000000000000000000e+00 2.056461245007593863e+00
-7.991304000000003782e+01 7.667814252323000845e-01 0.000000000000000000e+00 2.833200584840296354e+00
-7.899079800000004070e+01 7.579323308270680126e-01 0.000000000000000000e+00 2.124635949896338527e+00
-8.059511600000004705e+01 7.733260793638004893e-01 0.000000000000000000e+00 2.452442548950541479e+00
-8.019301800000005187e+01 7.694678695206628172e-01 0.000000000000000000e+00 2.301130321656833289e+00
-7.954671400000005121e+01 7.632664548046997899e-01 0.000000000000000000e+00 2.107210952176771457e+00
-7.886315600000003201e+01 7.567075805900665975e-01 0.000000000000000000e+00 2.287227247229423277e+00
-7.961987000000004855e+01 7.639684010946206083e-01 0.000000000000000000e+00 2.131390446789763526e+00
-7.977481000000001643e+01 7.654550810410407635e-01 0.000000000000000000e+00 1.904515532951235102e+00
-7.909427200000001790e+01 7.589251843237497797e-01 0.000000000000000000e+00 2.046978059920022464e+00
-7.958438200000003349e+01 7.636278867152570538e-01 0.000000000000000000e+00 2.012001384037719998e+00
-8.029915400000005832e+01 7.704862654338762162e-01 0.000000000000000000e+00 2.266104648658289200e+00
-8.031998000000005788e+01 7.706860950231633201e-01 0.000000000000000000e+00 1.989118633206601316e+00
-7.839121200000006695e+01 7.521791845617111782e-01 0.000000000000000000e+00 2.112416676608126487e+00
-7.901102800000002446e+01 7.581264416784689875e-01 0.000000000000000000e+00 2.143474778314101492e+00
-7.857557800000007830e+01 7.539482127984593607e-01 0.000000000000000000e+00 1.858901090580565185e+00
-7.913078400000003398e+01 7.592755241856559145e-01 0.000000000000000000e+00 1.977587106190191735e+00
-7.964578000000007307e+01 7.642170126694998178e-01 0.000000000000000000e+00 2.345659806811918546e+00
-7.944193200000000843e+01 7.622610507893010645e-01 0.000000000000000000e+00 2.181233883081553415e+00
-7.985089400000002513e+01 7.661851220701065834e-01 0.000000000000000000e+00 2.019386310109728910e+00
-7.919604200000003402e+01 7.599016876033886092e-01 0.000000000000000000e+00 2.146842463213019858e+00
-7.897150600000004772e+01 7.577472202711991178e-01 0.000000000000000000e+00 2.169938685063089956e+00
-7.989952200000001881e+01 7.666517173485015713e-01 0.000000000000000000e+00 2.324359708404997615e+00
-7.984370000000005518e+01 7.661160942171667543e-01 0.000000000000000000e+00 2.150777811571310316e+00
-8.015758400000002837e+01 7.691278732819800679e-01 0.000000000000000000e+00 2.359136775988671442e+00
-7.944517600000003199e+01 7.622921776109495839e-01 0.000000000000000000e+00 2.089550929915591215e+00
-7.966292600000002722e+01 7.643815319308995271e-01 0.000000000000000000e+00 2.386891342845227637e+00
-7.922587000000004309e+01 7.601878931632300995e-01 0.000000000000000000e+00 2.116953138595680350e+00
-7.944160600000006411e+01 7.622579227548202940e-01 0.000000000000000000e+00 2.127253649867059782e+00
-7.970742400000006000e+01 7.648084990423997809e-01 0.000000000000000000e+00 2.667170247948074113e+00
-7.938459800000006794e+01 7.617109197188997038e-01 0.000000000000000000e+00 2.331548481072593937e+00
-7.845657600000004095e+01 7.528063650704099885e-01 0.000000000000000000e+00 2.112457463327409801e+00
-7.964784800000006726e+01 7.642368555385407047e-01 0.000000000000000000e+00 2.577208103703296338e+00
-7.941574000000001377e+01 7.620097333686437491e-01 0.000000000000000000e+00 2.384303245831118190e+00
-7.895348400000005995e+01 7.575742956165304465e-01 0.000000000000000000e+00 2.049426902140245144e+00
-7.906360000000005073e+01 7.586308804169693554e-01 0.000000000000000000e+00 1.868151760755031088e+00
-7.938901200000003655e+01 7.617532729219683718e-01 0.000000000000000000e+00 1.956433294599687178e+00
-7.966450800000001209e+01 7.643967115338116125e-01 0.000000000000000000e+00 2.327968267064782104e+00
-7.952727200000006746e+01 7.630799049691616709e-01 0.000000000000000000e+00 2.101639932739395533e+00
-7.936006000000006111e+01 7.614754727553959546e-01 0.000000000000000000e+00 1.933559145955740188e+00
-8.002793800000003444e+01 7.678838942685968227e-01 0.000000000000000000e+00 2.030468425169946300e+00
-7.992571000000000936e+01 7.669029963883676748e-01 0.000000000000000000e+00 1.906078156765081522e+00
-7.992349600000002852e+01 7.668817526204487756e-01 0.000000000000000000e+00 2.316796801486435076e+00
-8.011124600000006524e+01 7.686832510065368940e-01 0.000000000000000000e+00 2.183181928565771646e+00
-7.971732200000006685e+01 7.649034723101788558e-01 0.000000000000000000e+00 2.271727284972579586e+00
-7.936084800000003270e+01 7.614830337712584774e-01 0.000000000000000000e+00 2.241940158171988884e+00
-7.931824200000005476e+01 7.610742207739875642e-01 0.000000000000000000e+00 1.937538778924009497e+00
-7.949104000000006920e+01 7.627322517626384801e-01 0.000000000000000000e+00 1.995242400301175278e+00
-8.058197600000006844e+01 7.731999984647689450e-01 0.000000000000000000e+00 2.146671764586455478e+00
-7.938497400000005655e+01 7.617145275132707338e-01 0.000000000000000000e+00 2.227628228898587803e+00
-7.998957400000004725e+01 7.675157841003739101e-01 0.000000000000000000e+00 2.262336920429712350e+00
-7.957626200000002825e+01 7.635499737091583361e-01 0.000000000000000000e+00 2.095896089392627726e+00
-7.951718200000006220e+01 7.629830894234059802e-01 0.000000000000000000e+00 2.204439659001302676e+00
-8.041358000000001027e+01 7.715842055368130614e-01 0.000000000000000000e+00 2.161761120527015745e+00
-8.020622400000006280e+01 7.695945837027490244e-01 0.000000000000000000e+00 2.224248277741120994e+00
-7.970489600000006192e+01 7.647842423823730806e-01 0.000000000000000000e+00 2.176538957408102437e+00
-7.884299800000005121e+01 7.565141605929069923e-01 0.000000000000000000e+00 2.113019643002196357e+00
-7.946764600000001622e+01 7.625077817054122242e-01 0.000000000000000000e+00 2.405331598107115276e+00
-7.959697800000003554e+01 7.637487478266880014e-01 0.000000000000000000e+00 2.333537406988398732e+00
-7.965832400000005009e+01 7.643373748306452331e-01 0.000000000000000000e+00 1.936722994805942344e+00
-7.976594600000005642e+01 7.653700292077826317e-01 0.000000000000000000e+00 1.984455054089411252e+00
-7.969108200000005127e+01 7.646516943200272198e-01 0.000000000000000000e+00 2.296697340006279564e+00
-8.034642600000005075e+01 7.709398496240605914e-01 0.000000000000000000e+00 2.134356850239822911e+00
-7.946226800000003720e+01 7.624561787316687100e-01 0.000000000000000000e+00 2.367837586605427092e+00
-8.009192800000005263e+01 7.684978909755250109e-01 0.000000000000000000e+00 2.351587916645501597e+00
-7.952164800000005584e+01 7.630259415767601805e-01 0.000000000000000000e+00 2.130303069275745198e+00
-7.925040600000005497e+01 7.604233209363382429e-01 0.000000000000000000e+00 2.141766734406457928e+00
-7.959660400000004188e+01 7.637451592227125774e-01 0.000000000000000000e+00 2.285650274331025411e+00
-7.988413800000007825e+01 7.665041048256175937e-01 0.000000000000000000e+00 2.557293486701765151e+00
-7.946195000000003006e+01 7.624531274587696972e-01 0.000000000000000000e+00 2.033197975499621446e+00
-7.890327000000004887e+01 7.570924823544317173e-01 0.000000000000000000e+00 2.461949109153274584e+00
-7.936265600000007225e+01 7.615003818888729237e-01 0.000000000000000000e+00 2.106607013555113816e+00
-7.877182200000004286e+01 7.558312127946209547e-01 0.000000000000000000e+00 1.803015554344465698e+00
-7.994105000000004679e+01 7.670501867225495429e-01 0.000000000000000000e+00 1.958782266195923327e+00
-8.052743800000001784e+01 7.726766955674025938e-01 0.000000000000000000e+00 2.457330420704795237e+00
-7.958596600000008436e+01 7.636430855085655223e-01 0.000000000000000000e+00 2.251562224176220983e+00
-7.981884000000007973e+01 7.658775575999731133e-01 0.000000000000000000e+00 2.403585683553182140e+00
-7.922165000000003943e+01 7.601474014285334313e-01 0.000000000000000000e+00 2.296350129283995400e+00
-7.905348400000002584e+01 7.585338153960707874e-01 0.000000000000000000e+00 2.528418102361133624e+00
-7.938456400000002589e+01 7.617105934821742919e-01 0.000000000000000000e+00 1.972272508960159154e+00
-7.970957800000005022e+01 7.648291670984510571e-01 0.000000000000000000e+00 2.470861825011466006e+00
-8.067575400000005459e+01 7.740998169236266158e-01 0.000000000000000000e+00 2.176206683747634152e+00
-7.923556600000004835e+01 7.602809282010544178e-01 0.000000000000000000e+00 1.782799971683403095e+00
-7.997314400000009016e+01 7.673581350005957979e-01 0.000000000000000000e+00 1.738593599756754982e+00
-7.925625000000006537e+01 7.604793952722547212e-01 0.000000000000000000e+00 1.895694758998116791e+00
-7.888298600000004512e+01 7.568978533623496041e-01 0.000000000000000000e+00 1.820735434107367157e+00
-7.932207000000006758e+01 7.611109511911484660e-01 0.000000000000000000e+00 2.101212921941356004e+00
-7.905207800000003715e+01 7.585203245479705814e-01 0.000000000000000000e+00 1.734840305029704322e+00
-7.989981200000002559e+01 7.666544999558623230e-01 0.000000000000000000e+00 2.012446520490505542e+00
-7.976918000000001996e+01 7.654010600774525663e-01 0.000000000000000000e+00 1.978073419090689455e+00
-8.054302200000005030e+01 7.728262271298464992e-01 0.000000000000000000e+00 2.181208057063327654e+00
-7.994112400000005891e+01 7.670508967671865186e-01 0.000000000000000000e+00 2.214519865380677910e+00
-7.965425000000006150e+01 7.642982839948267992e-01 0.000000000000000000e+00 2.016803045401160066e+00
-7.924780800000007730e+01 7.603983926124660009e-01 0.000000000000000000e+00 2.276532445028772944e+00
-7.887685000000006141e+01 7.568389772286772121e-01 0.000000000000000000e+00 1.785023769385922110e+00
-8.039582600000004220e+01 7.714138523951536985e-01 0.000000000000000000e+00 1.813501556959614680e+00
-7.995439600000004532e+01 7.671782442323270557e-01 0.000000000000000000e+00 2.315514541152110084e+00
-7.991063000000004024e+01 7.667583008056131355e-01 0.000000000000000000e+00 2.275632566669067547e+00
-7.930712600000002510e+01 7.609675605552934652e-01 0.000000000000000000e+00 2.280971391626423372e+00
-8.005137000000003411e+01 7.681087289433387033e-01 0.000000000000000000e+00 2.086634547990780408e+00
-8.036777600000007737e+01 7.711447070969927875e-01 0.000000000000000000e+00 2.327846709917284151e+00
-7.956027800000003936e+01 7.633966040675965736e-01 0.000000000000000000e+00 2.358497722489011128e+00
-7.928785600000003342e+01 7.607826610937761247e-01 0.000000000000000000e+00 2.283936046634220229e+00
-7.967213600000008000e+01 7.644699037025957100e-01 0.000000000000000000e+00 1.934142298856591946e+00
-7.939871800000008761e+01 7.618464039117710529e-01 0.000000000000000000e+00 2.355086691165540369e+00
-7.880165800000004594e+01 7.561174951160447577e-01 0.000000000000000000e+00 2.143968871380949714e+00
-7.990234800000003190e+01 7.666788333774715580e-01 0.000000000000000000e+00 2.039786015637896188e+00
-8.030613800000007529e+01 7.705532782952795312e-01 0.000000000000000000e+00 2.445553596156242016e+00
-7.974288600000004124e+01 7.651487639466203472e-01 0.000000000000000000e+00 1.970612152289616503e+00
-7.982944400000008045e+01 7.659793050773956447e-01 0.000000000000000000e+00 2.465142726227166126e+00
-7.961004600000008224e+01 7.638741378714788421e-01 0.000000000000000000e+00 2.038901953415220625e+00
-8.023377200000001608e+01 7.698589122116165084e-01 0.000000000000000000e+00 2.114029458434122599e+00
-8.062835800000003417e+01 7.736450429289152275e-01 0.000000000000000000e+00 2.218181299126367190e+00
-8.006327199999998356e+01 7.682229309874991641e-01 0.000000000000000000e+00 2.190636700862941932e+00
-8.012971800000002531e+01 7.688604935002132379e-01 0.000000000000000000e+00 2.392910270043740795e+00
-8.007441000000002873e+01 7.683298023005449284e-01 0.000000000000000000e+00 2.320142132771746191e+00
-7.977878400000004433e+01 7.654932123570798996e-01 0.000000000000000000e+00 1.965879156284829232e+00
-7.953854600000006769e+01 7.631880812291070848e-01 0.000000000000000000e+00 1.898697821470432201e+00
-7.843447200000001374e+01 7.525942728183400154e-01 0.000000000000000000e+00 2.171571854395805801e+00
-7.966627000000006831e+01 7.644136182723276773e-01 0.000000000000000000e+00 2.121359033494778501e+00
-7.961042000000001906e+01 7.638777264754537111e-01 0.000000000000000000e+00 2.559625633059284588e+00
-7.974452200000003188e+01 7.651644616902135709e-01 0.000000000000000000e+00 2.301609995290297750e+00
-7.966467400000004773e+01 7.643983043366460173e-01 0.000000000000000000e+00 2.213992027880677504e+00
-8.011571200000005888e+01 7.687261031598910943e-01 0.000000000000000000e+00 2.519931687437081624e+00
-7.869487800000003119e+01 7.550929198954510202e-01 0.000000000000000000e+00 2.058448314274957447e+00
-7.890649600000006103e+01 7.571234364625197832e-01 0.000000000000000000e+00 1.634511592199438867e+00
-7.995225400000001059e+01 7.671576913186489710e-01 0.000000000000000000e+00 2.166583815638310373e+00
-7.942458200000005775e+01 7.620945741075512148e-01 0.000000000000000000e+00 1.784905930938375906e+00
-7.942272600000003990e+01 7.620767654204427810e-01 0.000000000000000000e+00 2.171760621080686793e+00
-7.960969400000000462e+01 7.638707603618540842e-01 0.000000000000000000e+00 2.273996991452572836e+00
-8.015334400000004678e+01 7.690871896433277843e-01 0.000000000000000000e+00 2.399262069563991240e+00
-7.900112200000002360e+01 7.580313916491077109e-01 0.000000000000000000e+00 2.517865698056690249e+00
-7.937919000000003678e+01 7.616590288892218785e-01 0.000000000000000000e+00 1.984666396794598775e+00
-7.855291000000003976e+01 7.537307088548327316e-01 0.000000000000000000e+00 2.951896862830386326e+00
-8.002980800000005956e+01 7.679018372884743870e-01 0.000000000000000000e+00 2.312067293753459651e+00
-7.971033600000008335e+01 7.648364402583802679e-01 0.000000000000000000e+00 2.214331868748118826e+00
-8.000973800000005554e+01 7.677092616687205551e-01 0.000000000000000000e+00 2.145389953430095975e+00
-7.893141000000005647e+01 7.573624912203945625e-01 0.000000000000000000e+00 2.114658412681166499e+00
-7.988834000000001367e+01 7.665444238467532534e-01 0.000000000000000000e+00 2.217327987292885716e+00
-7.902511200000004976e+01 7.582615804442197627e-01 0.000000000000000000e+00 1.827579054669500991e+00
-7.976911400000003027e+01 7.654004267943982365e-01 0.000000000000000000e+00 2.561130832822158698e+00
-8.003709400000003882e+01 7.679717478996115343e-01 0.000000000000000000e+00 2.446053397908186433e+00
-7.913337200000003691e+01 7.593003565575504599e-01 0.000000000000000000e+00 1.831422660565365845e+00
-7.972344800000003318e+01 7.649622524918732180e-01 0.000000000000000000e+00 2.019873275176870209e+00
-8.010400000000008447e+01 7.686137242033115324e-01 0.000000000000000000e+00 2.401491341528080969e+00
-7.950376400000006072e+01 7.628543410593872087e-01 0.000000000000000000e+00 2.071418378525431425e+00
-7.947356400000003873e+01 7.625645660859656783e-01 0.000000000000000000e+00 1.828534374379346072e+00
-8.005517400000003647e+01 7.681452290757525558e-01 0.000000000000000000e+00 1.877054717758272151e+00
-7.948659200000001590e+01 7.626895723228439561e-01 0.000000000000000000e+00 2.305554225868521989e+00
-7.907626400000000899e+01 7.587523940018500168e-01 0.000000000000000000e+00 2.642372243006292365e+00
-7.929210200000004249e+01 7.608234023036154481e-01 0.000000000000000000e+00 2.169186062776878199e+00
-7.911826200000005826e+01 7.591553731188620535e-01 0.000000000000000000e+00 2.193864783121836748e+00
-8.010169400000003748e+01 7.685915976771948710e-01 0.000000000000000000e+00 2.380212137809094575e+00
-7.929624000000006845e+01 7.608631072320931610e-01 0.000000000000000000e+00 2.138471994653937891e+00
-7.980520200000006525e+01 7.657466982924392429e-01 0.000000000000000000e+00 2.402183612439887650e+00
-7.965671200000004148e+01 7.643219073717989476e-01 0.000000000000000000e+00 2.231061768577481619e+00
-8.092330800000007685e+01 7.764751465186711110e-01 0.000000000000000000e+00 2.354924992422338104e+00
-7.941495200000004218e+01 7.620021723527812263e-01 0.000000000000000000e+00 2.874040966385240203e+00
-7.894000600000006784e+01 7.574449715406439410e-01 0.000000000000000000e+00 2.178233003917986910e+00
-8.049152400000002672e+01 7.723320936337784159e-01 0.000000000000000000e+00 2.462136355229217699e+00
-8.004369600000003970e+01 7.680350953954568904e-01 0.000000000000000000e+00 2.037579400196479984e+00
-8.003883800000006943e+01 7.679884819245670347e-01 0.000000000000000000e+00 2.114742775904054461e+00
-8.064308400000004440e+01 7.737863418116505132e-01 0.000000000000000000e+00 2.213053906636891277e+00
-7.989653800000003514e+01 7.666230852782802696e-01 0.000000000000000000e+00 1.651722507986707722e+00
-7.972259200000003432e+01 7.649540390025603154e-01 0.000000000000000000e+00 2.117869265987431415e+00
-8.058377200000006724e+01 7.732172314400095336e-01 0.000000000000000000e+00 2.226565176424136983e+00
-8.039973600000003273e+01 7.714513696185336666e-01 0.000000000000000000e+00 2.445183450493990218e+00
-8.028864200000009532e+01 7.703854007146512251e-01 0.000000000000000000e+00 2.297806720479951270e+00
-7.957703000000000770e+01 7.635573428210650215e-01 0.000000000000000000e+00 1.839148364478965902e+00
-8.071079000000004555e+01 7.744359942735863367e-01 0.000000000000000000e+00 2.239593274650240051e+00
-8.044259000000005244e+01 7.718625622248581619e-01 0.000000000000000000e+00 2.375029510906499830e+00
-7.999471600000003946e+01 7.675651226074378108e-01 0.000000000000000000e+00 2.074328625607365861e+00
-7.919819200000003434e+01 7.599223172786486735e-01 0.000000000000000000e+00 1.677066059285703847e+00
-7.966720000000005086e+01 7.644225418062772226e-01 0.000000000000000000e+00 1.914713582821833793e+00
-8.014656400000004055e+01 7.690221342022748319e-01 0.000000000000000000e+00 2.549446413965354985e+00
-8.021366200000004199e+01 7.696659527839511128e-01 0.000000000000000000e+00 2.515477735085948297e+00
-8.066554200000001629e+01 7.740018307637395178e-01 0.000000000000000000e+00 2.643260514461087229e+00
-8.015938800000004960e+01 7.691451830188031913e-01 0.000000000000000000e+00 2.363165555581510091e+00
-8.032744600000002322e+01 7.707577327699035585e-01 0.000000000000000000e+00 2.222089558215716298e+00
-8.012474000000007379e+01 7.688127286055881360e-01 0.000000000000000000e+00 2.365249283549903936e+00
-7.938435600000002523e+01 7.617085976810328285e-01 0.000000000000000000e+00 2.251929006466601546e+00
-8.038535200000005432e+01 7.713133522934446651e-01 0.000000000000000000e+00 2.649547337762899080e+00
-7.952578400000004422e+01 7.630656273148418434e-01 0.000000000000000000e+00 2.107807005651785470e+00
-7.939856800000006842e+01 7.618449646321016067e-01 0.000000000000000000e+00 2.112868935634124146e+00
-8.005733000000005006e+01 7.681659163221995490e-01 0.000000000000000000e+00 2.167537922798048466e+00
-8.064962600000002624e+01 7.738491135956279132e-01 0.000000000000000000e+00 1.970475145623306279e+00
-7.969506400000004476e+01 7.646899023976484466e-01 0.000000000000000000e+00 2.285741371387568943e+00
-8.080182400000003895e+01 7.753094835096934201e-01 0.000000000000000000e+00 2.455031918948212155e+00
-8.030188600000002452e+01 7.705124795142529459e-01 0.000000000000000000e+00 1.908969575611434433e+00
-7.990528600000007486e+01 7.667070240685948113e-01 0.000000000000000000e+00 2.230220200797321084e+00
-8.034260799999999847e+01 7.709032151588772752e-01 0.000000000000000000e+00 2.139514669958038962e+00
-8.357381200000001797e+01 8.019072566561888937e-01 0.000000000000000000e+00 2.133022587940086368e+00
-8.444490000000007512e+01 8.102655183133952166e-01 0.000000000000000000e+00 1.998204322067008709e+00
-8.399453600000005338e+01 8.059441866534641230e-01 0.000000000000000000e+00 1.889892348787105103e+00
-8.335315800000006448e+01 7.997900378818415534e-01 0.000000000000000000e+00 1.987109020977078533e+00
-8.418045400000009693e+01 8.077281066371911900e-01 0.000000000000000000e+00 2.170027404724780506e+00
-8.333115199999998879e+01 7.995788859591550501e-01 0.000000000000000000e+00 2.119693090633832266e+00
-8.397868200000003469e+01 8.057920643876156364e-01 0.000000000000000000e+00 2.152256591682415454e+00
-8.269798400000003369e+01 7.935035137614330214e-01 0.000000000000000000e+00 2.387916140801219722e+00
-8.335415000000007524e+01 7.997995563180546608e-01 0.000000000000000000e+00 1.982650340943768796e+00
-8.279527800000005300e+01 7.944370689357395099e-01 0.000000000000000000e+00 1.654986372526518812e+00
-8.352027000000005330e+01 8.013935105758275279e-01 0.000000000000000000e+00 1.891256465550044785e+00
-8.367948200000000725e+01 8.029211812072294396e-01 0.000000000000000000e+00 2.210597038435408113e+00
-8.394045600000005436e+01 8.054252783566885343e-01 0.000000000000000000e+00 2.288107829464460785e+00
-8.304990400000001216e+01 7.968802557695925382e-01 0.000000000000000000e+00 1.869957529789423534e+00
-8.400151800000003277e+01 8.060111803244714990e-01 0.000000000000000000e+00 1.825670022978971740e+00
-8.304717200000007438e+01 7.968540416892160305e-01 0.000000000000000000e+00 2.035384041893804508e+00
-8.394133200000004535e+01 8.054336837499572743e-01 0.000000000000000000e+00 1.672438633494227611e+00
-8.346202000000005228e+01 8.008345903042449754e-01 0.000000000000000000e+00 1.686934368622681424e+00
-8.412326000000001613e+01 8.071793188944798025e-01 0.000000000000000000e+00 1.977494881628947931e+00
