-1.284231199999999973e+01 7.670165798652588407e-01 2.000000000000000096e-04 1.201741939161396155e+00
-1.406816799999999645e+01 8.402317358688899951e-01 2.999999999999999737e-04 1.451511888550011120e+00
-1.557030399999999482e+01 9.299479191552388890e-01 5.000000000000000104e-04 1.095384198999685532e+00
-1.113013200000000325e+01 6.647553633713988441e-01 0.000000000000000000e+00 1.440772634533360685e+00
-1.203288000000000402e+01 7.186726551674712526e-01 1.000000000000000048e-04 9.582399627768732886e-01
-1.667035800000000023e+01 9.956494576902863436e-01 3.299999999999999982e-03 8.907833481455179614e-02
-1.672647999999999868e+01 9.990013856371542378e-01 8.000000000000000167e-03 3.360846454226827651e-02
-1.671477599999999697e+01 9.983023555831620488e-01 6.599999999999999964e-03 3.980156110841242406e-02
-1.673149599999999637e+01 9.993009699460078110e-01 8.600000000000000006e-03 2.915425335845355653e-02
-1.673734799999999723e+01 9.996504849730039055e-01 9.299999999999999239e-03 2.143774863801405431e-02
