7.036999999999999922e-01
-6.940000000000000335e-02
-9.441000000000000503e-01
3.165000000000000036e-01
9.795000000000000373e-01
-6.439000000000000279e-01
-9.036999999999999478e-01
6.448000000000000398e-01
-9.560999999999999499e-01
-7.858000000000000540e-01
5.769999999999999574e-01
1.806999999999999995e-01
7.100000000000000408e-03
3.195999999999999952e-01
-2.278999999999999915e-01
5.362999999999999989e-01
-6.400000000000000133e-01
-8.610999999999999766e-01
4.304000000000000048e-01
8.761999999999999789e-01
6.536999999999999478e-01
-8.062000000000000277e-01
-1.487999999999999878e-01
-3.426000000000000156e-01
-1.072000000000000036e-01
3.899999999999999821e-03
-5.171999999999999931e-01
-3.439999999999999725e-01
6.884000000000000119e-01
-9.889000000000000012e-01
-6.250000000000000000e-01
7.110999999999999543e-01
3.180000000000000188e-02
4.582999999999999852e-01
2.549000000000000155e-01
9.685000000000000275e-01
8.466000000000000192e-01
-4.450999999999999956e-01
-9.886000000000000343e-01
3.511000000000000232e-01
-8.980000000000000204e-01
9.324000000000000066e-01
4.827000000000000179e-01
2.116000000000000103e-01
3.220000000000000084e-01
3.778000000000000247e-01
-6.167000000000000259e-01
-4.681000000000000161e-01
-4.269999999999999907e-01
6.064000000000000501e-01
-5.600000000000000117e-02
-9.868000000000000105e-01
-9.053999999999999826e-01
-5.343999999999999861e-01
2.172000000000000042e-01
1.517000000000000015e-01
-4.733999999999999875e-01
-8.075999999999999845e-01
-5.661000000000000476e-01
4.036000000000000143e-01
-3.553000000000000047e-01
7.117999999999999883e-01
-7.249999999999999500e-02
-9.161000000000000254e-01
-8.282000000000000473e-01
-5.518999999999999462e-01
-2.081000000000000072e-01
-9.719999999999999474e-02
-9.289999999999999647e-02
-5.309000000000000385e-01
-9.610999999999999543e-01
1.299999999999999940e-02
4.929000000000000048e-01
3.842999999999999750e-01
-4.683999999999999830e-01
-6.824999999999999956e-01
1.019999999999999934e-01
-2.887000000000000122e-01
-4.016000000000000125e-01
-6.659000000000000474e-01
-1.140000000000000041e-01
-9.325999999999999845e-01
-2.899999999999999800e-01
-9.574000000000000288e-01
8.725000000000000533e-01
-2.484999999999999987e-01
6.458000000000000407e-01
-6.928999999999999604e-01
4.588999999999999746e-01
-9.355999999999999872e-01
7.941000000000000281e-01
5.948999999999999844e-01
4.712000000000000077e-01
-1.164000000000000035e-01
-2.551999999999999824e-01
-6.269000000000000128e-01
5.644000000000000128e-01
-8.477999999999999980e-01
6.196000000000000396e-01
-5.207000000000000517e-01
1.391000000000000014e-01
-4.269999999999999907e-01
-9.425000000000000044e-01
-9.096999999999999531e-01
8.713999999999999524e-01
-4.081000000000000183e-01
2.374999999999999889e-01
7.603999999999999648e-01
8.649999999999999356e-02
5.227000000000000535e-01
-2.149999999999999828e-02
4.399000000000000132e-01
-3.482999999999999985e-01
-1.194000000000000061e-01
-9.045999999999999597e-01
-7.630000000000000671e-02
3.924000000000000266e-01
-5.315999999999999615e-01
6.641000000000000236e-01
6.673999999999999932e-01
-3.720999999999999863e-01
-1.125000000000000028e-01
4.784999999999999809e-01
-1.885999999999999899e-01
1.796999999999999986e-01
1.519000000000000072e-01
8.818000000000000282e-01
-5.968999999999999861e-01
-3.902999999999999803e-01
4.429999999999999910e-02
-8.972999999999999865e-01
4.151000000000000245e-01
3.178000000000000269e-01
-1.855999999999999872e-01
6.555999999999999606e-01
4.535000000000000142e-01
9.998000000000000220e-01
2.821000000000000174e-01
7.000999999999999446e-01
-4.590000000000000330e-02
-9.076999999999999513e-01
9.175999999999999712e-01
3.406000000000000139e-01
4.668999999999999817e-01
2.086000000000000076e-01
-4.076000000000000179e-01
8.455000000000000293e-01
-5.457999999999999519e-01
5.439999999999999697e-02
-1.830000000000000029e-02
-1.121000000000000052e-01
-9.797000000000000153e-01
-3.486000000000000210e-01
8.894999999999999574e-01
-5.703000000000000291e-01
7.643999999999999684e-01
-5.189000000000000279e-01
2.999999999999999889e-01
-7.409000000000000030e-01
-1.622000000000000108e-01
-1.960000000000000075e-01
-6.419000000000000261e-01
-4.889999999999999902e-02
-8.970000000000000195e-02
-8.326000000000000068e-01
6.999999999999999929e-04
1.214999999999999969e-01
-8.461999999999999522e-01
-7.981000000000000316e-01
9.613000000000000433e-01
2.230999999999999928e-01
2.170000000000000054e-02
2.336000000000000021e-01
-5.110000000000000098e-01
-5.000000000000000278e-02
-1.322000000000000119e-01
4.965999999999999859e-01
7.979000000000000536e-01
8.404000000000000359e-01
-9.985000000000000542e-01
-2.750000000000000222e-01
7.496000000000000441e-01
9.193999999999999950e-01
-8.079999999999999682e-02
5.116000000000000547e-01
-9.136999999999999567e-01
-1.489000000000000046e-01
9.239999999999999603e-02
5.058000000000000274e-01
-6.922000000000000375e-01
5.953000000000000513e-01
-8.296000000000000041e-01
-9.794000000000000483e-01
-6.948999999999999622e-01
9.529999999999999583e-02
-2.753999999999999782e-01
-4.249999999999999889e-01
-5.961999999999999522e-01
2.129999999999999949e-01
-6.075000000000000400e-01
-8.129999999999999727e-02
-2.474999999999999978e-01
-2.602999999999999758e-01
4.798000000000000043e-01
-6.109999999999999876e-01
6.218000000000000194e-01
2.406999999999999973e-01
-7.044000000000000261e-01
-3.217999999999999750e-01
-1.746000000000000052e-01
-6.104000000000000536e-01
-4.404000000000000137e-01
-4.542999999999999816e-01
3.397999999999999909e-01
7.842000000000000082e-01
4.860999999999999766e-01
1.497999999999999887e-01
-1.082000000000000045e-01
8.659999999999999920e-01
6.865999999999999881e-01
-6.350000000000000089e-02
-5.197000000000000508e-01
6.226000000000000423e-01
3.197999999999999732e-01
8.727000000000000313e-01
5.790000000000000008e-02
2.836000000000000187e-01
-9.101000000000000201e-01
-5.540000000000000480e-01
-7.016000000000000014e-01
6.733000000000000096e-01
-1.710000000000000131e-01
9.298999999999999488e-01
-4.462999999999999745e-01
5.286999999999999478e-01
-9.425999999999999934e-01
-1.593999999999999861e-01
-5.128000000000000336e-01
-3.962999999999999856e-01
2.386000000000000065e-01
4.540000000000000285e-02
-4.409000000000000141e-01
2.550000000000000044e-01
-7.237999999999999989e-01
7.872000000000000108e-01
