-4.633999999999999786e-01
6.959999999999999520e-02
-6.925999999999999934e-01
-1.557000000000000051e-01
-2.106999999999999984e-01
-7.526000000000000467e-01
9.155999999999999694e-01
-4.852000000000000202e-01
8.934999999999999609e-01
1.640000000000000069e-01
1.758000000000000118e-01
-3.677000000000000268e-01
-8.870999999999999996e-01
8.716000000000000414e-01
8.629000000000000004e-01
9.784000000000000474e-01
-4.465999999999999970e-01
-3.144000000000000128e-01
7.349999999999999589e-02
9.991999999999999771e-01
-6.705999999999999739e-01
1.009000000000000036e-01
-5.404999999999999805e-01
-1.688000000000000056e-01
7.848000000000000531e-01
-2.194000000000000117e-01
-8.071000000000000396e-01
-6.025000000000000355e-01
-9.948000000000000176e-01
9.123999999999999888e-01
-7.943999999999999950e-01
-2.265999999999999959e-01
-9.425000000000000044e-01
3.291000000000000036e-01
-5.053999999999999604e-01
-5.023999999999999577e-01
7.167000000000000037e-01
3.474999999999999756e-01
-7.677000000000000490e-01
7.583999999999999631e-01
-4.718999999999999861e-01
-2.738999999999999768e-01
4.173000000000000043e-01
-2.664000000000000257e-01
2.071999999999999953e-01
7.560000000000000053e-02
-7.034000000000000252e-01
-7.386000000000000343e-01
6.277000000000000357e-01
-4.173999999999999932e-01
3.255000000000000115e-01
-1.458000000000000129e-01
7.893000000000000016e-01
-4.460000000000000075e-01
6.620000000000000329e-01
-5.688999999999999613e-01
-1.635000000000000064e-01
-6.360999999999999988e-01
-5.120000000000000245e-02
3.234000000000000208e-01
-6.827999999999999625e-01
7.150999999999999579e-01
-4.027000000000000024e-01
-3.330000000000000321e-02
-2.416000000000000092e-01
9.250000000000000444e-01
4.954000000000000070e-01
5.746999999999999886e-01
5.711000000000000520e-01
9.731999999999999540e-01
6.968999999999999639e-01
-5.565999999999999837e-01
6.690000000000000391e-01
-5.860999999999999543e-01
4.938000000000000167e-01
-5.334999999999999742e-01
1.361999999999999877e-01
-8.585000000000000409e-01
-2.368000000000000105e-01
2.911000000000000254e-01
7.487000000000000322e-01
-2.349999999999999867e-01
-4.959999999999999826e-02
1.381999999999999895e-01
3.548000000000000043e-01
-5.425999999999999712e-01
-6.703999999999999959e-01
3.710999999999999854e-01
3.637000000000000233e-01
5.726999999999999869e-01
5.747999999999999776e-01
7.248999999999999888e-01
-7.596000000000000529e-01
1.062000000000000027e-01
9.333000000000000185e-01
-1.769999999999999907e-01
-7.281999999999999584e-01
-8.162000000000000366e-01
-6.697999999999999510e-01
-6.862000000000000322e-01
-2.182000000000000051e-01
-7.844999999999999751e-01
-7.873999999999999888e-01
7.674999999999999600e-01
7.038999999999999702e-01
-7.579000000000000181e-01
-2.309999999999999901e-02
-3.941000000000000059e-01
-2.581999999999999851e-01
-5.661000000000000476e-01
5.402000000000000135e-01
-5.044999999999999485e-01
-1.388999999999999957e-01
-2.310999999999999999e-01
-3.558999999999999941e-01
-1.207000000000000017e-01
2.220999999999999919e-01
-1.203999999999999931e-01
-4.586999999999999966e-01
-1.398000000000000076e-01
6.812000000000000277e-01
-5.168000000000000371e-01
2.670000000000000151e-02
-9.153999999999999915e-01
-4.490000000000000241e-02
9.243999999999999995e-01
-7.530999999999999917e-01
-1.096000000000000030e-01
7.445000000000000506e-01
4.840999999999999748e-01
-2.620999999999999996e-01
-6.208000000000000185e-01
6.787999999999999590e-01
-6.018000000000000016e-01
6.221999999999999753e-01
4.712000000000000077e-01
3.726999999999999758e-01
-3.156999999999999806e-01
8.219999999999999529e-01
7.748000000000000442e-01
-4.462999999999999745e-01
4.328000000000000180e-01
5.630000000000000282e-02
-4.426999999999999824e-01
-8.831999999999999851e-01
-3.874000000000000221e-01
-7.842000000000000082e-01
2.156000000000000139e-01
-5.309000000000000385e-01
8.101000000000000423e-01
8.767000000000000348e-01
2.899999999999999800e-01
7.119999999999999940e-02
-6.168000000000000149e-01
6.837999999999999634e-01
-6.493999999999999773e-01
-9.422000000000000375e-01
-4.334000000000000075e-01
-9.151000000000000245e-01
-5.671000000000000485e-01
-4.002999999999999892e-01
-5.600000000000000533e-01
-9.384000000000000119e-01
-6.360000000000000098e-01
6.687999999999999501e-01
-7.151999999999999469e-01
-3.864000000000000212e-01
6.620000000000000329e-01
-3.039999999999999925e-01
-4.862000000000000210e-01
9.586000000000000076e-01
9.482000000000000428e-01
-6.282999999999999696e-01
6.431000000000000050e-01
-8.449999999999999734e-01
3.323999999999999733e-01
9.699999999999999734e-01
5.247000000000000552e-01
-2.953999999999999959e-01
-5.503000000000000114e-01
-3.272999999999999798e-01
8.718000000000000194e-01
-2.006000000000000005e-01
-8.319999999999999618e-01
-6.247000000000000330e-01
-7.620000000000000384e-02
7.215000000000000302e-01
1.617000000000000104e-01
-4.854999999999999871e-01
6.816999999999999726e-01
9.906000000000000361e-01
5.097000000000000419e-01
-6.110000000000000153e-02
9.778999999999999915e-01
-9.614000000000000323e-01
-3.235000000000000098e-01
4.616999999999999993e-01
4.544000000000000261e-01
-8.998000000000000442e-01
3.022000000000000242e-01
-9.415999999999999925e-01
2.384999999999999898e-01
7.272999999999999465e-01
-3.071999999999999731e-01
-7.378000000000000114e-01
5.298000000000000487e-01
-5.977000000000000091e-01
8.118999999999999551e-01
8.640000000000000457e-02
4.717999999999999972e-01
-4.639999999999999680e-02
-5.538999999999999480e-01
1.494000000000000050e-01
-6.493999999999999773e-01
-4.408000000000000251e-01
4.009999999999999676e-02
-8.786000000000000476e-01
-9.686000000000000165e-01
3.574999999999999845e-01
4.268000000000000127e-01
-6.159000000000000030e-01
8.031000000000000361e-01
-8.417999999999999927e-01
-5.433000000000000052e-01
-5.623000000000000220e-01
9.020000000000000240e-02
8.115999999999999881e-01
-3.306999999999999940e-01
3.164000000000000146e-01
3.186999999999999833e-01
-7.138999999999999790e-01
6.877999999999999670e-01
-2.340000000000000066e-02
8.186999999999999833e-01
3.895000000000000129e-01
5.721000000000000529e-01
8.931000000000000050e-01
2.540999999999999925e-01
7.301999999999999602e-01
5.883000000000000451e-01
-7.916999999999999593e-01
-5.847999999999999865e-01
-4.511000000000000010e-01
1.791999999999999982e-01
6.464999999999999636e-01
