8.707000000000000295e-01
-5.336999999999999522e-01
-9.455999999999999961e-01
-3.235999999999999988e-01
4.636000000000000121e-01
-2.368000000000000105e-01
9.700000000000000289e-02
-1.116999999999999937e-01
-3.084999999999999964e-01
-3.980000000000000204e-01
-7.633999999999999675e-01
9.959000000000000075e-01
-2.659000000000000252e-01
3.109999999999999917e-02
6.710000000000000409e-01
7.378000000000000114e-01
-5.571000000000000396e-01
5.850000000000000339e-02
-1.113999999999999990e-01
-2.394000000000000017e-01
3.924000000000000266e-01
-2.964999999999999858e-01
-8.662999999999999590e-01
6.319000000000000172e-01
-4.245999999999999774e-01
-4.122999999999999998e-01
6.035000000000000364e-01
-8.269999999999999574e-02
-8.932999999999999829e-01
-8.688000000000000167e-01
-5.259000000000000341e-01
-8.931999999999999940e-01
1.019000000000000045e-01
9.675000000000000266e-01
1.507000000000000006e-01
-4.791000000000000258e-01
-6.906999999999999806e-01
7.359999999999999876e-01
5.907999999999999918e-01
1.409999999999999969e-02
6.736999999999999655e-01
-9.766000000000000236e-01
2.466000000000000136e-01
6.545999999999999597e-01
-4.001000000000000112e-01
-3.151999999999999802e-01
-1.277000000000000079e-01
-5.272000000000000020e-01
9.733000000000000540e-01
-4.360999999999999877e-01
-9.323000000000000176e-01
-9.425000000000000044e-01
-1.443000000000000116e-01
-7.935999999999999721e-01
2.247999999999999998e-01
6.469999999999999363e-02
-2.306999999999999884e-01
2.469999999999999973e-02
-6.955000000000000071e-01
-3.496000000000000218e-01
8.760999999999999899e-01
1.569000000000000117e-01
-3.030000000000000054e-02
-7.033000000000000362e-01
8.070000000000000506e-01
7.490999999999999881e-01
1.852999999999999925e-01
-9.735000000000000320e-01
-2.069999999999999896e-01
2.863999999999999879e-01
-3.343999999999999750e-01
-2.861000000000000210e-01
-2.309999999999999901e-02
1.370000000000000037e-02
9.555000000000000160e-01
-1.719999999999999862e-01
-8.106999999999999762e-01
2.157000000000000028e-01
2.649000000000000243e-01
1.857000000000000040e-01
-7.875999999999999668e-01
-3.881999999999999895e-01
2.255999999999999950e-01
-8.656000000000000361e-01
-5.692000000000000393e-01
7.793999999999999817e-01
1.892999999999999960e-01
-9.678999999999999826e-01
-3.785999999999999921e-01
-8.101000000000000423e-01
-1.443000000000000116e-01
-3.250000000000000111e-01
-2.572999999999999732e-01
-4.037999999999999923e-01
-3.274000000000000243e-01
-8.020000000000000462e-01
7.471999999999999753e-01
-8.480000000000000038e-02
9.205999999999999739e-01
2.616999999999999882e-01
-3.224000000000000199e-01
-2.680000000000000090e-02
4.360999999999999877e-01
-5.029999999999999749e-02
9.932999999999999607e-01
5.934000000000000385e-01
3.940000000000000169e-01
-1.969999999999999876e-02
-3.642000000000000237e-01
-5.179999999999999882e-02
3.389999999999999958e-02
-3.699000000000000066e-01
-9.054999999999999716e-01
5.020999999999999908e-01
2.821000000000000174e-01
7.635999999999999455e-01
8.565000000000000391e-01
9.283000000000000140e-01
4.969999999999999973e-01
-1.290999999999999925e-01
-7.082000000000000517e-01
8.637000000000000233e-01
-5.157000000000000473e-01
1.713000000000000078e-01
-3.030999999999999805e-01
-5.314999999999999725e-01
-4.359999999999999987e-02
7.272999999999999465e-01
1.270000000000000018e-01
6.458000000000000407e-01
-2.019999999999999921e-02
-1.889000000000000123e-01
-8.078999999999999515e-01
7.171999999999999487e-01
7.134000000000000341e-01
6.371999999999999886e-01
-7.452999999999999625e-01
2.821000000000000174e-01
-9.577999999999999847e-01
4.551999999999999935e-01
-7.367000000000000215e-01
7.185000000000000275e-01
-2.248999999999999888e-01
-1.975000000000000089e-01
2.595000000000000084e-01
