-7.854999999999999760e-01
5.280000000000000249e-01
-7.939000000000000501e-01
-1.715000000000000135e-01
-6.978999999999999648e-01
9.800999999999999712e-01
-6.710000000000000409e-01
-4.405000000000000027e-01
4.050000000000000266e-01
-6.523999999999999799e-01
-8.046999999999999709e-01
-5.807999999999999829e-01
4.146000000000000241e-01
5.521000000000000352e-01
3.057000000000000273e-01
-5.180000000000000160e-01
-2.641999999999999904e-01
-1.554000000000000103e-01
-2.829999999999999738e-01
-8.350999999999999535e-01
7.467000000000000304e-01
-2.746000000000000107e-01
-7.949000000000000510e-01
7.956999999999999629e-01
7.413999999999999480e-01
3.991999999999999993e-01
2.676000000000000045e-01
9.600999999999999535e-01
5.881999999999999451e-01
-1.628999999999999893e-01
-5.301000000000000156e-01
-5.506999999999999673e-01
-2.250999999999999945e-01
-8.202000000000000401e-01
-4.272000000000000242e-01
-1.529999999999999936e-02
3.017000000000000237e-01
-1.454999999999999905e-01
-5.037000000000000366e-01
-4.940999999999999837e-01
7.907999999999999474e-01
-7.053000000000000380e-01
-1.744999999999999885e-01
7.790000000000000258e-01
-8.949000000000000288e-01
-5.241999999999999993e-01
2.041000000000000036e-01
-3.205000000000000071e-01
-5.366999999999999549e-01
-2.227000000000000091e-01
1.292000000000000093e-01
9.445999999999999952e-01
-7.581999999999999851e-01
5.000000000000000000e-01
4.712999999999999967e-01
3.575999999999999734e-01
-9.917000000000000259e-01
-9.195999999999999730e-01
-4.416999999999999815e-01
5.303999999999999826e-01
1.842999999999999916e-01
4.120000000000000051e-02
3.099999999999999978e-01
4.043999999999999817e-01
-5.507999999999999563e-01
7.255000000000000338e-01
4.400000000000000265e-03
3.090000000000000038e-02
-4.006000000000000116e-01
-8.818000000000000282e-01
-7.665999999999999481e-01
-1.210999999999999993e-01
5.345999999999999641e-01
-6.203999999999999515e-01
-2.306999999999999884e-01
-5.924000000000000377e-01
-3.447999999999999954e-01
6.950000000000000622e-02
2.452000000000000013e-01
-2.856000000000000205e-01
2.780000000000000249e-01
-4.909000000000000030e-01
3.408999999999999808e-01
-1.323000000000000009e-01
-5.619999999999999996e-02
4.076000000000000179e-01
8.719000000000000083e-01
1.827000000000000013e-01
-6.242999999999999661e-01
-4.577999999999999847e-01
3.019000000000000017e-01
-7.729000000000000314e-01
-6.890000000000000291e-02
-4.092999999999999972e-01
8.147999999999999687e-01
9.039000000000000368e-01
-5.254999999999999671e-01
-6.173999999999999488e-01
8.932999999999999829e-01
-2.356999999999999929e-01
6.140999999999999792e-01
-6.291999999999999815e-01
5.547999999999999599e-01
-7.286000000000000254e-01
-7.059999999999999609e-02
6.524999999999999689e-01
-9.202000000000000179e-01
7.330000000000000404e-02
-1.531000000000000139e-01
1.214999999999999969e-01
5.625000000000000000e-01
7.846999999999999531e-01
-9.335999999999999854e-01
9.630999999999999561e-01
1.812000000000000000e-01
-1.510000000000000057e-02
-3.472999999999999976e-01
-5.089000000000000190e-01
-2.601999999999999869e-01
8.162000000000000366e-01
4.592999999999999861e-01
-6.859999999999999432e-02
-3.927999999999999825e-01
-2.149000000000000077e-01
-6.779999999999999916e-02
-6.155000000000000471e-01
-5.600000000000000533e-01
7.489999999999999991e-01
3.379999999999999671e-02
-4.748999999999999888e-01
1.444000000000000006e-01
-3.392999999999999905e-01
4.738999999999999879e-01
-1.648999999999999910e-01
-4.224999999999999867e-01
-9.070000000000000284e-02
7.198999999999999844e-01
2.970000000000000070e-02
-9.830999999999999739e-01
-9.176999999999999602e-01
-3.438999999999999835e-01
-2.943000000000000060e-01
-6.412999999999999812e-01
-3.444999999999999729e-01
-9.317999999999999616e-01
