-2.595472200000001450e+01 2.391659740254954702e-01 0.000000000000000000e+00 2.586656006365880778e+00
-2.676769600000001503e+01 2.466573167787487475e-01 0.000000000000000000e+00 3.441883290384829763e+00
-2.641245200000000537e+01 2.433838362430406077e-01 0.000000000000000000e+00 2.665966053967126381e+00
-2.643678000000001660e+01 2.436080123993521751e-01 0.000000000000000000e+00 2.648229711495678540e+00
-2.635400600000001603e+01 2.428452716412740631e-01 0.000000000000000000e+00 2.763492811197342469e+00
-2.624584600000001799e+01 2.418486055336348806e-01 0.000000000000000000e+00 2.922109953317425735e+00
-2.669496800000001002e+01 2.459871472828501771e-01 0.000000000000000000e+00 3.302002079635194765e+00
-2.758718400000001125e+01 2.542086843380778061e-01 0.000000000000000000e+00 3.252907034623496507e+00
-2.652566800000000313e+01 2.444270920681374804e-01 0.000000000000000000e+00 2.518448308101997490e+00
-2.722328400000000670e+01 2.508554410265956269e-01 0.000000000000000000e+00 2.307394836401985394e+00
-2.615534600000001930e+01 2.410146717065144439e-01 0.000000000000000000e+00 3.099511823517576481e+00
-2.675034200000001761e+01 2.464974042081869154e-01 0.000000000000000000e+00 2.912101204714734770e+00
-2.656198000000001969e+01 2.447616976496889973e-01 0.000000000000000000e+00 3.448347401995409012e+00
-2.679607800000000850e+01 2.469188494846197568e-01 0.000000000000000000e+00 2.571897591453681908e+00
-2.713164600000002125e+01 2.500110208271519863e-01 0.000000000000000000e+00 2.913525618070923251e+00
-2.662756000000001322e+01 2.453660001953525682e-01 0.000000000000000000e+00 2.502618839406739237e+00
-2.714757600000001503e+01 2.501578116102019522e-01 0.000000000000000000e+00 3.288200243144286272e+00
-2.574893400000001265e+01 2.372696914352693531e-01 0.000000000000000000e+00 3.930851729849988541e+00
-2.769397200000001291e+01 2.551927078246031266e-01 0.000000000000000000e+00 3.392225058407069227e+00
-2.725198800000001143e+01 2.511199408782384124e-01 0.000000000000000000e+00 2.848720856992953632e+00
-2.731856200000000356e+01 2.517334028738926754e-01 0.000000000000000000e+00 3.339364985989480505e+00
-2.787900200000001050e+01 2.568977108746814952e-01 0.000000000000000000e+00 3.233661288396910916e+00
-2.854332200000001762e+01 2.630192459026667318e-01 0.000000000000000000e+00 2.878283041078763649e+00
-2.800452200000002279e+01 2.580543448413131769e-01 0.000000000000000000e+00 2.969656143465131848e+00
-2.859582200000000896e+01 2.635030196697807359e-01 0.000000000000000000e+00 3.618684912293498535e+00
-2.780827000000002158e+01 2.562459339966718375e-01 0.000000000000000000e+00 3.109036946133680424e+00
-2.827481400000001699e+01 2.605450149186616660e-01 0.000000000000000000e+00 2.869103195577449306e+00
-2.775984000000001473e+01 2.557996642149320543e-01 0.000000000000000000e+00 2.753662632153250911e+00
-2.759435400000001692e+01 2.542747540125580019e-01 0.000000000000000000e+00 2.905249496037519918e+00
-2.868225200000001607e+01 2.642994495115268405e-01 0.000000000000000000e+00 2.918395571060900195e+00
-2.850900999999999996e+01 2.627030697979576557e-01 0.000000000000000000e+00 3.462560479390121237e+00
-2.851884600000001058e+01 2.627937059650688467e-01 0.000000000000000000e+00 3.061381315859712959e+00
-2.751552600000003324e+01 2.535483746122901838e-01 0.000000000000000000e+00 3.486851210094484177e+00
-2.839462000000001396e+01 2.616489958699543816e-01 0.000000000000000000e+00 2.755051651865068063e+00
-2.933073000000002040e+01 2.702750046534431183e-01 0.000000000000000000e+00 2.864254004363990358e+00
-2.896139200000001068e+01 2.668716515944262735e-01 0.000000000000000000e+00 3.817759456409748786e+00
-2.847261400000000364e+01 2.623676901783789650e-01 0.000000000000000000e+00 3.147183670323597582e+00
-2.935903400000000474e+01 2.705358186097171491e-01 0.000000000000000000e+00 3.071157614808126102e+00
-2.940992800000001495e+01 2.710047935069268554e-01 0.000000000000000000e+00 3.581115621839911611e+00
-3.041146400000000938e+01 2.802336857663622616e-01 0.000000000000000000e+00 3.544383929528942545e+00
-3.092713800000002067e+01 2.849854867869867636e-01 0.000000000000000000e+00 2.969766969288119896e+00
-3.190303800000001644e+01 2.939781500122557456e-01 0.000000000000000000e+00 2.993225373459070582e+00
-3.247398800000002694e+01 2.992393049138516448e-01 0.000000000000000000e+00 3.222605135358721284e+00
-3.264586000000002031e+01 3.008230604357836069e-01 0.000000000000000000e+00 2.807213015491242469e+00
-3.236374600000002744e+01 2.982234537208194869e-01 0.000000000000000000e+00 2.483885795916461969e+00
-3.201638600000001844e+01 2.950226221828242679e-01 0.000000000000000000e+00 3.230695961829558538e+00
-3.247937400000001418e+01 2.992889354949882508e-01 0.000000000000000000e+00 2.876563378974390517e+00
-3.201394400000002349e+01 2.950001197915996798e-01 0.000000000000000000e+00 2.951770147231123520e+00
-3.189970800000001461e+01 2.939474649333130851e-01 0.000000000000000000e+00 2.811151379833428887e+00
-3.215257600000001048e+01 2.962775774084102087e-01 0.000000000000000000e+00 2.625180273833637390e+00
-3.161764000000001928e+01 2.913482820963163022e-01 0.000000000000000000e+00 2.873281973948638157e+00
-3.082226000000001065e+01 2.840190634508459322e-01 0.000000000000000000e+00 2.836275956071605542e+00
-3.223990200000000073e+01 2.970822636557816088e-01 0.000000000000000000e+00 3.217872536727056421e+00
-3.249392600000000897e+01 2.994230283684937710e-01 0.000000000000000000e+00 3.258019304176676734e+00
-3.265035000000001730e+01 3.008644346112948620e-01 0.000000000000000000e+00 3.566371656604272466e+00
-3.153303800000000123e+01 2.905686967964040690e-01 0.000000000000000000e+00 2.432557727398729330e+00
-3.246781400000001838e+01 2.991824131188389746e-01 0.000000000000000000e+00 3.563320199908331265e+00
-3.233721400000001012e+01 2.979789682810274898e-01 0.000000000000000000e+00 3.022744580040737539e+00
-3.248864600000000991e+01 2.993743745496297293e-01 0.000000000000000000e+00 3.042735259080639576e+00
-3.202862600000002402e+01 2.951354105811000439e-01 0.000000000000000000e+00 3.150022797243784201e+00
-3.106827000000002315e+01 2.862859812498504963e-01 0.000000000000000000e+00 3.314017555396282066e+00
-3.126839600000001340e+01 2.881300899911355407e-01 0.000000000000000000e+00 3.173986024929612793e+00
-3.260123000000001525e+01 3.004118066600444670e-01 0.000000000000000000e+00 3.171092580203583644e+00
-3.219948000000002253e+01 2.967097854993192563e-01 0.000000000000000000e+00 2.650634644797735806e+00
-3.064434600000002717e+01 2.823796324793730883e-01 0.000000000000000000e+00 2.513397565750231877e+00
-3.290937800000001801e+01 3.032513098750667657e-01 0.000000000000000000e+00 3.194248468086781312e+00
-3.320237000000002325e+01 3.059511545145769951e-01 0.000000000000000000e+00 2.299676654895358219e+00
-3.211197800000002189e+01 2.959034774579856197e-01 0.000000000000000000e+00 3.016281390551262209e+00
-3.189757600000002569e+01 2.939278191109991334e-01 0.000000000000000000e+00 2.695087522992509310e+00
-3.387610400000002642e+01 3.121594370900595550e-01 0.000000000000000000e+00 3.279414589847561068e+00
-3.446345000000000169e+01 3.175716768428094583e-01 0.000000000000000000e+00 2.825310457438101164e+00
-3.455162800000002221e+01 3.183842140473160387e-01 0.000000000000000000e+00 3.092289655049026642e+00
-3.355222800000002081e+01 3.091750044691483068e-01 0.000000000000000000e+00 3.191566918168483813e+00
-3.353927600000003650e+01 3.090556551771168059e-01 0.000000000000000000e+00 3.189674369470426374e+00
-3.531013000000000801e+01 3.253736115692884567e-01 0.000000000000000000e+00 3.469972701126863068e+00
-3.434587200000002127e+01 3.164882263287194242e-01 0.000000000000000000e+00 2.757299136345000790e+00
-3.346355200000001417e+01 3.083578783249081301e-01 0.000000000000000000e+00 2.865455981429676502e+00
-3.430980600000000180e+01 3.161558875728194828e-01 0.000000000000000000e+00 2.874207860369548229e+00
-3.441445200000003268e+01 3.171201730896467952e-01 0.000000000000000000e+00 2.863525558809552063e+00
-3.504422400000002114e+01 3.229233573346555475e-01 0.000000000000000000e+00 3.151375160120136965e+00
-3.490309800000002838e+01 3.216229181602224263e-01 0.000000000000000000e+00 3.297586817137892812e+00
-3.577837600000002283e+01 3.296883759760713684e-01 0.000000000000000000e+00 3.318000528891038581e+00
-3.556700000000001438e+01 3.277406014275474067e-01 0.000000000000000000e+00 2.569574451896341483e+00
-3.355559200000001141e+01 3.092060028491972479e-01 0.000000000000000000e+00 2.650875610617302591e+00
-3.496778800000004139e+01 3.222190195886913133e-01 0.000000000000000000e+00 2.656712528377958460e+00
-3.536226600000001952e+01 3.258540311716173199e-01 0.000000000000000000e+00 3.111392097029653137e+00
-3.658592799999999556e+01 3.371297564176045092e-01 0.000000000000000000e+00 2.907768849485179441e+00
-3.670239000000002250e+01 3.382029232836169519e-01 0.000000000000000000e+00 3.095957057407794366e+00
-3.669033200000001926e+01 3.380918119677338574e-01 0.000000000000000000e+00 3.192569210813501979e+00
-3.601659400000000488e+01 3.318834925332975194e-01 0.000000000000000000e+00 2.358535851495990876e+00
-3.603975000000003348e+01 3.320968690161795744e-01 0.000000000000000000e+00 2.804693029584881536e+00
-3.549296800000001184e+01 3.270584159127475909e-01 0.000000000000000000e+00 3.569883193937806176e+00
-3.720961000000004049e+01 3.428768229056285421e-01 0.000000000000000000e+00 3.030521412532533709e+00
-3.696614800000000400e+01 3.406333842601210748e-01 0.000000000000000000e+00 2.321709685193045658e+00
-3.779933199999999971e+01 3.483109568768671394e-01 0.000000000000000000e+00 2.992611360083532457e+00
-3.809645200000001353e+01 3.510488399565802609e-01 0.000000000000000000e+00 3.160592872604694570e+00
-3.752205000000000723e+01 3.457558757779543579e-01 0.000000000000000000e+00 2.336123077457671560e+00
-3.837191600000002722e+01 3.535871686610434494e-01 0.000000000000000000e+00 2.619904926516196664e+00
-3.839295200000001529e+01 3.537810098984721652e-01 0.000000000000000000e+00 2.597906408858464022e+00
-3.792871000000003079e+01 3.495031413043280799e-01 0.000000000000000000e+00 2.601290733443493597e+00
