-1.587531599999997312e+01 6.284491174176886075e-01 0.000000000000000000e+00 1.063134322283012967e+00
-1.588952199999997106e+01 6.290114840604713597e-01 0.000000000000000000e+00 1.031724150313151123e+00
-1.623501799999996464e+01 6.426884814992207540e-01 0.000000000000000000e+00 9.772739074475369492e-01
-1.703243799999997066e+01 6.742555945703065934e-01 0.000000000000000000e+00 1.209252299812582754e+00
-1.755739399999997019e+01 6.950367957056490242e-01 0.000000000000000000e+00 1.137496810324754248e+00
-1.693690799999997765e+01 6.704738906856778646e-01 0.000000000000000000e+00 1.017292700614347289e+00
-1.775189199999998024e+01 7.027363020612713562e-01 0.000000000000000000e+00 1.266330187180916944e+00
-1.698739199999997496e+01 6.724723784791626358e-01 0.000000000000000000e+00 1.127989540183611750e+00
-1.765848199999996027e+01 6.990385216795769185e-01 0.000000000000000000e+00 8.367955096230212941e-01
-1.700661399999997059e+01 6.732333112968149624e-01 0.000000000000000000e+00 8.940886911715235641e-01
-1.722129999999997096e+01 6.817319910851060705e-01 0.000000000000000000e+00 9.028315882642099499e-01
-1.768225799999996894e+01 6.999797316823087590e-01 0.000000000000000000e+00 1.327424979346832901e+00
-1.738849999999997564e+01 6.883508635807615850e-01 0.000000000000000000e+00 9.495240811090892574e-01
-1.764676999999996809e+01 6.985748839124175102e-01 0.000000000000000000e+00 1.240360665494133707e+00
-1.761214999999997133e+01 6.972043972748602769e-01 0.000000000000000000e+00 1.155501269640762496e+00
-1.768781599999996601e+01 7.001997537716080355e-01 0.000000000000000000e+00 1.172794494102858298e+00
-1.760924399999997192e+01 6.970893587373460099e-01 0.000000000000000000e+00 8.398861082385635779e-01
-1.757737399999997052e+01 6.958277351342566641e-01 0.000000000000000000e+00 9.301548287128206249e-01
-1.781604599999995742e+01 7.052759381024562568e-01 0.000000000000000000e+00 1.202789313055282916e+00
-1.655425999999997799e+01 6.553261734445443576e-01 0.000000000000000000e+00 1.110168439308361510e+00
-1.745038199999996920e+01 6.908005589621976084e-01 0.000000000000000000e+00 8.563521852177832239e-01
-1.746382599999997254e+01 6.913327606477933651e-01 0.000000000000000000e+00 1.070228215690749662e+00
-1.776402199999997222e+01 7.032164870096698772e-01 0.000000000000000000e+00 1.033071672010761777e+00
-1.761963799999997704e+01 6.975008214210773883e-01 0.000000000000000000e+00 1.151814284516458953e+00
-1.772818399999996686e+01 7.017977839444825561e-01 0.000000000000000000e+00 1.215075977731683299e+00
-1.755451799999996965e+01 6.949229447648744840e-01 0.000000000000000000e+00 1.209145889751534364e+00
-1.747051199999997095e+01 6.915974363745035491e-01 0.000000000000000000e+00 1.136197884251584744e+00
-1.777013599999997595e+01 7.034585192252109653e-01 0.000000000000000000e+00 1.424988977984664063e+00
-1.736667599999997336e+01 6.874869265392232753e-01 0.000000000000000000e+00 9.894934924189210390e-01
-1.729667799999996092e+01 6.847159466531529404e-01 0.000000000000000000e+00 1.077302242611307914e+00
-1.765870799999996876e+01 6.990474682416826235e-01 0.000000000000000000e+00 1.171422490844599151e+00
-1.719432799999997741e+01 6.806642624430440103e-01 0.000000000000000000e+00 9.942900367538025641e-01
-1.722716199999996789e+01 6.819640474880337422e-01 0.000000000000000000e+00 1.154092269719480646e+00
-1.720219199999997528e+01 6.809755711350644614e-01 0.000000000000000000e+00 1.034365151482792289e+00
-1.698908799999996688e+01 6.725395172815106237e-01 0.000000000000000000e+00 1.177465171869493732e+00
-1.722982599999996722e+01 6.820695060785146868e-01 0.000000000000000000e+00 9.464171069498228395e-01
-1.765272399999997788e+01 6.988105822786806476e-01 0.000000000000000000e+00 1.019776234231328793e+00
-1.803323399999997179e+01 7.138736634588348506e-01 0.000000000000000000e+00 1.229413445445601383e+00
-1.710723999999998313e+01 6.772167482809531291e-01 0.000000000000000000e+00 1.141527597634685476e+00
-1.730255199999997018e+01 6.849484780947769913e-01 0.000000000000000000e+00 1.077765714545839693e+00
-1.752557199999997550e+01 6.937770722573433080e-01 0.000000000000000000e+00 1.108005215507543939e+00
-1.829859999999996489e+01 7.243785900059762639e-01 0.000000000000000000e+00 1.029709604449210225e+00
-1.877911799999996845e+01 7.434006436774316384e-01 0.000000000000000000e+00 1.282772971117766669e+00
-1.858989599999996400e+01 7.359099960017562170e-01 0.000000000000000000e+00 1.004593444469306984e+00
-1.803954799999998571e+01 7.141236129859739323e-01 0.000000000000000000e+00 1.042833715642531356e+00
-1.922301599999995858e+01 7.609730375953525083e-01 0.000000000000000000e+00 1.132014544711499315e+00
-1.896990599999997329e+01 7.509532839029169349e-01 0.000000000000000000e+00 9.903444234887949227e-01
-1.914620599999996742e+01 7.579323940762662248e-01 0.000000000000000000e+00 1.213145856463494265e+00
-1.884361199999996828e+01 7.459537391483335167e-01 0.000000000000000000e+00 1.025191303288997435e+00
-1.891074199999996353e+01 7.486111847860925650e-01 0.000000000000000000e+00 1.174982372975883926e+00
-1.902145399999996656e+01 7.529938917941011445e-01 0.000000000000000000e+00 1.027455986957764189e+00
-1.827160199999996948e+01 7.233098321134063813e-01 0.000000000000000000e+00 1.023767352239321138e+00
-1.917393399999997072e+01 7.590300501561678681e-01 0.000000000000000000e+00 1.232116473588795058e+00
-1.861471799999997145e+01 7.368926135441438152e-01 0.000000000000000000e+00 9.576086643384977837e-01
-1.898565599999997389e+01 7.515767721912337551e-01 0.000000000000000000e+00 1.161827371721293023e+00
-1.873329199999996675e+01 7.415865500710565605e-01 0.000000000000000000e+00 9.046740643809990656e-01
-1.887850799999997520e+01 7.473351516758959256e-01 0.000000000000000000e+00 1.099175257363447011e+00
-1.937565199999996679e+01 7.670153714604656114e-01 0.000000000000000000e+00 1.009568373466121605e+00
-1.977237999999996632e+01 7.827204674380754401e-01 0.000000000000000000e+00 1.259592509063501842e+00
-1.879108399999996237e+01 7.438743364303203043e-01 0.000000000000000000e+00 1.082920050092770481e+00
-1.920020999999996647e+01 7.600702265538700209e-01 0.000000000000000000e+00 1.038509337434860624e+00
-1.942658599999997904e+01 7.690316732050457293e-01 0.000000000000000000e+00 1.349499531103469652e+00
-1.942866799999997340e+01 7.691140924187772621e-01 0.000000000000000000e+00 1.168870219518303610e+00
-1.903522399999996395e+01 7.535389986976008814e-01 0.000000000000000000e+00 1.303114888856540921e+00
-1.922748599999996344e+01 7.611499895095606982e-01 0.000000000000000000e+00 1.190198768988192990e+00
-1.775084399999997231e+01 7.026948153484992021e-01 0.000000000000000000e+00 1.351993184215681376e+00
-1.963948799999997519e+01 7.774597305738853992e-01 0.000000000000000000e+00 1.344002383301157399e+00
-1.929563199999996215e+01 7.638476550902361106e-01 0.000000000000000000e+00 1.254310221231919931e+00
-1.815386199999996819e+01 7.186489107758556871e-01 0.000000000000000000e+00 1.011094467984014811e+00
-1.881107399999997298e+01 7.446656717245081492e-01 0.000000000000000000e+00 1.046061406411610717e+00
-1.900618199999997415e+01 7.523893258805030015e-01 0.000000000000000000e+00 1.204166422303005080e+00
-1.950382799999997729e+01 7.720894181171832349e-01 0.000000000000000000e+00 1.098737336473834425e+00
-1.920824799999996912e+01 7.603884233069806431e-01 0.000000000000000000e+00 1.105129281022693810e+00
-1.912508799999996967e+01 7.570964051446679166e-01 0.000000000000000000e+00 1.369500686660519717e+00
-1.956204599999995963e+01 7.743940683501494560e-01 0.000000000000000000e+00 1.015304896179496819e+00
-1.999512399999995793e+01 7.915381357106364701e-01 0.000000000000000000e+00 1.204500010702290513e+00
-1.994430199999996134e+01 7.895262676605516727e-01 0.000000000000000000e+00 1.259987710215837664e+00
-1.971460999999996488e+01 7.804335519830872814e-01 0.000000000000000000e+00 1.338314785448287081e+00
-1.999287799999996906e+01 7.914492243013949713e-01 0.000000000000000000e+00 1.194862293877119397e+00
-1.985142799999998076e+01 7.858497056739406350e-01 0.000000000000000000e+00 1.276570295126750576e+00
-1.964782799999997209e+01 7.777898824675082423e-01 0.000000000000000000e+00 1.352815170998924010e+00
-1.953531999999995961e+01 7.733360780013522895e-01 0.000000000000000000e+00 1.265702443050275017e+00
-1.981342799999997339e+01 7.843454164703822507e-01 0.000000000000000000e+00 1.171850415703232118e+00
-1.983821399999996515e+01 7.853266088966817104e-01 0.000000000000000000e+00 1.169915782604832977e+00
-2.024405599999996141e+01 8.013924967637974239e-01 0.000000000000000000e+00 1.247823649344178998e+00
-2.096313399999995752e+01 8.298583197089579588e-01 0.000000000000000000e+00 1.308591039990505855e+00
-2.112526399999996940e+01 8.362764883556127460e-01 0.000000000000000000e+00 1.097606796950124197e+00
-2.097124799999996014e+01 8.301795250404757631e-01 0.000000000000000000e+00 1.415414291813780423e+00
-2.102225799999997236e+01 8.321988353634629521e-01 0.000000000000000000e+00 1.191112776142925878e+00
-2.193496399999996171e+01 8.683297243587952963e-01 0.000000000000000000e+00 1.021775260383276152e+00
-2.234104399999998947e+01 8.844050338267134270e-01 0.000000000000000000e+00 9.511823711018558836e-01
-2.220222999999998237e+01 8.789098653661155947e-01 0.000000000000000000e+00 9.239633266477077500e-01
-2.236933199999997868e+01 8.855248583790880090e-01 0.000000000000000000e+00 9.147394774977892773e-01
-2.214887399999996731e+01 8.767976849780876325e-01 0.000000000000000000e+00 1.006525238170780767e+00
-2.170497999999996708e+01 8.592254494063983339e-01 0.000000000000000000e+00 1.106763141103393133e+00
-2.153353799999996454e+01 8.524386507317561756e-01 0.000000000000000000e+00 1.036279692246072859e+00
-2.234344199999997471e+01 8.844999623927689569e-01 0.000000000000000000e+00 9.662107456900216329e-01
-2.270598799999996942e+01 8.988519106452201868e-01 0.000000000000000000e+00 8.389798669981789470e-01
-2.306860799999998335e+01 9.132067883029632016e-01 0.000000000000000000e+00 7.192724070134405290e-01
-2.305314199999997626e+01 9.125945425971148106e-01 0.000000000000000000e+00 7.290926589185274809e-01
-2.316734599999997712e+01 9.171154858656186404e-01 0.000000000000000000e+00 7.382777363868177067e-01
-2.247095199999997917e+01 8.895476444018660667e-01 0.000000000000000000e+00 8.520590493218840322e-01
-2.162821199999997646e+01 8.561864685227474903e-01 0.000000000000000000e+00 7.973315751070103596e-01
-2.301541999999997046e+01 9.111012584566773320e-01 0.000000000000000000e+00 8.364555107201701034e-01
-2.284049799999997532e+01 9.041766985602359696e-01 0.000000000000000000e+00 8.955900538987816573e-01
-2.304590399999997530e+01 9.123080150903949415e-01 0.000000000000000000e+00 7.322309742013086709e-01
-2.295439799999997987e+01 9.086856075151114043e-01 0.000000000000000000e+00 7.147199095358039989e-01
-2.328664199999996498e+01 9.218380038873986715e-01 0.000000000000000000e+00 6.328241368003993950e-01
-2.310154999999997827e+01 9.145108486962159056e-01 0.000000000000000000e+00 5.468392413301969013e-01
-2.220632399999998796e+01 8.790719327345202228e-01 0.000000000000000000e+00 7.326270572909159284e-01
-2.346689399999998571e+01 9.289735601379189855e-01 0.000000000000000000e+00 5.213617224348193746e-01
-2.095383399999997920e+01 8.294901647196669670e-01 0.000000000000000000e+00 1.245163350950185821e+00
-2.316372599999999338e+01 9.169721825257013403e-01 0.000000000000000000e+00 5.224601026998432207e-01
-2.283794199999996977e+01 9.040755153180174419e-01 0.000000000000000000e+00 7.599288022445307433e-01
-2.328561199999998621e+01 9.217972297326714193e-01 0.000000000000000000e+00 5.757880701028169623e-01
-2.303068999999997502e+01 9.117057451971598558e-01 0.000000000000000000e+00 7.549139927598679245e-01
-2.353715599999997465e+01 9.317549908752974508e-01 0.000000000000000000e+00 5.573440531664436426e-01
-2.364443599999998824e+01 9.360018368162902336e-01 0.000000000000000000e+00 4.413311131318316538e-01
-2.331459599999998034e+01 9.229446065294061308e-01 0.000000000000000000e+00 6.035834602763660017e-01
-2.351422999999999064e+01 9.308474294468567223e-01 0.000000000000000000e+00 4.186420996218099821e-01
-2.324730399999997488e+01 9.202807478692525134e-01 0.000000000000000000e+00 6.730824885164330418e-01
-2.433060999999999652e+01 9.631651036574020441e-01 0.000000000000000000e+00 1.761000000000002841e-01
-2.433596599999999910e+01 9.633771292619878190e-01 0.000000000000000000e+00 1.938155971561890123e-01
-2.434822800000000242e+01 9.638625396360412934e-01 0.000000000000000000e+00 1.994706560936326256e-01
-2.428894399999999720e+01 9.615156901322585714e-01 1.000000000000000082e-05 1.919761508336097489e-01
-2.428631999999999991e+01 9.614118150040972255e-01 0.000000000000000000e+00 1.159360063817865272e-01
-2.431102599999999825e+01 9.623898405057578209e-01 0.000000000000000000e+00 1.496396740321379593e-01
-2.431606599999999574e+01 9.625893567580191545e-01 0.000000000000000000e+00 1.747729472050738864e-01
-2.437669400000000053e+01 9.649894105957381729e-01 1.000000000000000082e-05 2.420145975311857600e-01
-2.431550599999999918e+01 9.625671882855457717e-01 0.000000000000000000e+00 1.577992675918531984e-01
-2.432767399999999824e+01 9.630488775231481613e-01 0.000000000000000000e+00 1.789161750681310670e-01
-2.433979199999999921e+01 9.635285874328513023e-01 1.000000000000000082e-05 1.889908135654249643e-01
-2.435306799999999683e+01 9.640541385767048554e-01 0.000000000000000000e+00 2.062530322421731177e-01
-2.436135000000000161e+01 9.643819944499646413e-01 2.000000000000000164e-05 2.178971815264522105e-01
-2.436773200000000372e+01 9.646346358630465412e-01 0.000000000000000000e+00 2.310280348898171299e-01
-2.438837399999999533e+01 9.654517815930421243e-01 1.000000000000000082e-05 2.703485242602537975e-01
-2.432371400000000250e+01 9.628921147535144387e-01 0.000000000000000000e+00 2.481988356625437486e-01
-2.432994000000000057e+01 9.631385806635499591e-01 0.000000000000000000e+00 1.852528667698957465e-01
-2.430472199999999816e+01 9.621402868441991663e-01 0.000000000000000000e+00 1.688702757034572788e-01
-2.438180999999999443e+01 9.651919354264064665e-01 0.000000000000000000e+00 2.448234331806159458e-01
-2.429384199999999794e+01 9.617095850932856349e-01 0.000000000000000000e+00 1.314149055857099513e-01
-2.432532399999999839e+01 9.629558491118755947e-01 0.000000000000000000e+00 1.733712016443216264e-01
-2.432341399999999609e+01 9.628802387861176149e-01 0.000000000000000000e+00 1.983635663333489507e-01
-2.432797799999999455e+01 9.630609118367765564e-01 0.000000000000000000e+00 1.720582680138307841e-01
-2.439762199999999837e+01 9.658178780813186926e-01 0.000000000000000000e+00 2.610751707145596567e-01
-2.430551199999999312e+01 9.621715602250097144e-01 0.000000000000000000e+00 2.344399728387771553e-01
-2.434013400000000260e+01 9.635421260356834550e-01 0.000000000000000000e+00 2.320223030989769786e-01
-2.432741599999999593e+01 9.630386641911871104e-01 0.000000000000000000e+00 2.190628823148295934e-01
-2.444782200000000572e+01 9.678051232923351455e-01 0.000000000000000000e+00 2.746651484144564392e-01
-2.435513999999999868e+01 9.641361619248567383e-01 3.000000000000000076e-05 2.393431195770809872e-01
-2.430809399999999698e+01 9.622737727177358424e-01 0.000000000000000000e+00 2.347561097708588951e-01
-2.440839199999999920e+01 9.662442253108534107e-01 1.000000000000000082e-05 2.675379333738291399e-01
-2.435992200000000096e+01 9.643254648451572431e-01 0.000000000000000000e+00 2.747919497960726876e-01
-2.435249000000000308e+01 9.640312575461877920e-01 0.000000000000000000e+00 2.222414073284121050e-01
-2.437100600000000483e+01 9.647642422539004503e-01 0.000000000000000000e+00 2.384870501619521521e-01
-2.432358400000000032e+01 9.628869685009758816e-01 0.000000000000000000e+00 2.612652557896443239e-01
-2.439729199999999665e+01 9.658048145171824750e-01 0.000000000000000000e+00 2.470735970507493551e-01
-2.437526999999999688e+01 9.649330393371625680e-01 0.000000000000000000e+00 2.629822122110046512e-01
-2.429211599999999649e+01 9.616412586941976981e-01 0.000000000000000000e+00 2.046714058872874942e-01
-2.441738600000000048e+01 9.666002668134009435e-01 1.000000000000000082e-05 2.780051394845031720e-01
-2.426354800000000367e+01 9.605103499055862581e-01 0.000000000000000000e+00 1.643004125117011049e-01
-2.441790400000000005e+01 9.666207726504388864e-01 0.000000000000000000e+00 2.691873606530471030e-01
-2.433028200000000041e+01 9.631521192663820008e-01 0.000000000000000000e+00 2.201276142182397311e-01
-2.428848999999999592e+01 9.614977178349318754e-01 0.000000000000000000e+00 2.184385069376078847e-01
-2.426586200000000559e+01 9.606019532007713524e-01 0.000000000000000000e+00 1.949691189119265589e-01
-2.436290400000000389e+01 9.644435119610786922e-01 1.000000000000000082e-05 2.270116821272028240e-01
-2.449736000000000047e+01 9.697661622019627670e-01 1.000000000000000082e-05 3.208471721533289189e-01
-2.441025399999999834e+01 9.663179354818277611e-01 0.000000000000000000e+00 3.252605940230732795e-01
-2.429060799999999887e+01 9.615815621647513245e-01 0.000000000000000000e+00 2.206417076793887044e-01
-2.443240999999999374e+01 9.671950152606179074e-01 0.000000000000000000e+00 2.940941543386433321e-01
-2.432079399999999936e+01 9.627765220041882843e-01 1.000000000000000082e-05 2.235510353771186232e-01
-2.447762400000000227e+01 9.689848818935044017e-01 0.000000000000000000e+00 3.034917611981445829e-01
-2.435439599999999771e+01 9.641067095257134234e-01 0.000000000000000000e+00 2.728124000854874054e-01
-2.444550800000000024e+01 9.677135199971498292e-01 0.000000000000000000e+00 3.079305443397483133e-01
-2.448511999999999844e+01 9.692816227321849887e-01 0.000000000000000000e+00 3.360039099099106363e-01
-2.449073199999999417e+01 9.695037824956156403e-01 1.000000000000000082e-05 3.024312536892986847e-01
-2.445983000000000018e+01 9.682804786806592512e-01 0.000000000000000000e+00 3.345415344659438128e-01
-2.445127399999999795e+01 9.679417760905106860e-01 1.000000000000000082e-05 2.602394571827021386e-01
-2.454207599999999800e+01 9.715363147289706180e-01 0.000000000000000000e+00 3.163864294680087119e-01
-2.449241200000000518e+01 9.695702879130364549e-01 1.000000000000000082e-05 3.518974372160046937e-01
-2.452274999999999849e+01 9.707712649092873347e-01 1.000000000000000082e-05 3.321927533127950194e-01
-2.456224999999999881e+01 9.723349339498279509e-01 0.000000000000000000e+00 3.356555947438213949e-01
-2.450715400000000344e+01 9.701538729509009418e-01 1.000000000000000082e-05 3.472328172534643875e-01
-2.456096599999999697e+01 9.722841048093708860e-01 0.000000000000000000e+00 3.292306355088721048e-01
-2.457845600000000275e+01 9.729764737085876414e-01 0.000000000000000000e+00 3.287463405549677642e-01
-2.458847399999999794e+01 9.733730518465149029e-01 0.000000000000000000e+00 3.435436339216329515e-01
-2.460610199999999637e+01 9.740708836907339130e-01 0.000000000000000000e+00 3.230068648549663246e-01
-2.448278599999999372e+01 9.691892277058400396e-01 0.000000000000000000e+00 3.251701854398554303e-01
-2.446053000000000210e+01 9.683081892712511740e-01 0.000000000000000000e+00 3.111375289469144323e-01
-2.466376200000000196e+01 9.763534446243434806e-01 1.000000000000000082e-05 3.236830719495026321e-01
-2.455077199999999849e+01 9.718805594372375012e-01 0.000000000000000000e+00 3.400792510369586297e-01
-2.469686199999999943e+01 9.776637596937584052e-01 0.000000000000000000e+00 3.129607361631775997e-01
-2.470556999999999803e+01 9.780084794407211124e-01 1.000000000000000082e-05 2.959718815132018066e-01
-2.461704200000000142e+01 9.745039606351267869e-01 0.000000000000000000e+00 3.247648899954204138e-01
-2.438618799999999709e+01 9.653652453772796349e-01 0.000000000000000000e+00 3.467103437753309425e-01
-2.457908399999999816e+01 9.730013340670041755e-01 1.000000000000000082e-05 3.381546089282152501e-01
-2.440167199999999781e+01 9.659782036411715955e-01 0.000000000000000000e+00 3.364785229101526220e-01
-2.437098800000000409e+01 9.647635296958566586e-01 0.000000000000000000e+00 2.834609642232662763e-01
-2.445263799999999321e+01 9.679957721556066153e-01 0.000000000000000000e+00 3.452675726494341957e-01
-2.466831199999999669e+01 9.765335634631903128e-01 0.000000000000000000e+00 3.577809462661635242e-01
-2.453854799999999869e+01 9.713966533523876734e-01 0.000000000000000000e+00 3.418547782171531546e-01
-2.434980200000000039e+01 9.639248488783149771e-01 0.000000000000000000e+00 2.936557160892995788e-01
-2.449238400000000127e+01 9.695691794894126803e-01 1.000000000000000082e-05 3.309490939279287613e-01
-2.450657400000000052e+01 9.701309127472675931e-01 0.000000000000000000e+00 3.253069843465499211e-01
-2.448628199999999921e+01 9.693276223125675273e-01 1.000000000000000082e-05 3.362002963542520817e-01
-2.441401799999999511e+01 9.664669392860958386e-01 0.000000000000000000e+00 3.185547478056087733e-01
-2.444106000000000378e+01 9.675374389872176684e-01 0.000000000000000000e+00 3.782317252423414433e-01
-2.456766599999999556e+01 9.725493347478928463e-01 0.000000000000000000e+00 3.498025775730758125e-01
-2.416577799999999598e+01 9.566399721310631099e-01 0.000000000000000000e+00 4.468450759887072077e-01
-2.452009999999999579e+01 9.706663605306180553e-01 0.000000000000000000e+00 3.583589431299464834e-01
-2.449956800000000001e+01 9.698535693220010634e-01 0.000000000000000000e+00 3.380557520452938669e-01
-2.454375399999999630e+01 9.716027409732750364e-01 1.000000000000000082e-05 3.606808677594041113e-01
-2.451310799999999190e+01 9.703895713171633020e-01 0.000000000000000000e+00 3.620574293638729180e-01
-2.457707599999999104e+01 9.729218442585632065e-01 0.000000000000000000e+00 3.358745283764776879e-01
-2.438524399999999659e+01 9.653278756665385485e-01 0.000000000000000000e+00 3.294339032800101541e-01
-2.451505799999999624e+01 9.704667651052407695e-01 0.000000000000000000e+00 3.337327101956676922e-01
-2.454832199999999887e+01 9.717835723701659933e-01 0.000000000000000000e+00 3.510223566450526023e-01
-2.466705000000000680e+01 9.764836052270093880e-01 0.000000000000000000e+00 3.307738687112727893e-01
-2.452495999999999654e+01 9.708587512024415833e-01 1.000000000000000082e-05 3.599702058378014824e-01
-2.455453999999999226e+01 9.720297215877373720e-01 0.000000000000000000e+00 3.606476934459428296e-01
-2.457771799999999374e+01 9.729472588287918500e-01 0.000000000000000000e+00 3.351752312333406425e-01
-2.443561200000000255e+01 9.673217714192969829e-01 1.000000000000000082e-05 3.298496043209801498e-01
-2.462950999999999979e+01 9.749975258401257783e-01 1.000000000000000082e-05 3.418008663274894610e-01
-2.440105399999999847e+01 9.659537391483348223e-01 0.000000000000000000e+00 3.111259965695799545e-01
-2.439408799999999644e+01 9.656779791853876693e-01 3.000000000000000076e-05 3.503813389477643536e-01
-2.461469400000000007e+01 9.744110113969700615e-01 0.000000000000000000e+00 3.514660245717682319e-01
-2.453582599999999303e+01 9.712888987415431163e-01 5.000000000000000240e-05 3.823864221998840018e-01
-2.455550599999999761e+01 9.720679622027543765e-01 0.000000000000000000e+00 3.724587390394654696e-01
-2.476998400000000089e+01 9.805584079869840153e-01 0.000000000000000000e+00 2.704517809185592037e-01
-2.493887199999999993e+01 9.872441025925237090e-01 0.000000000000000000e+00 1.010024342940965547e-01
-2.502667599999999837e+01 9.907199607301344635e-01 3.000000000000000076e-05 1.258165677131236893e-01
-2.508004800000000145e+01 9.928327745030898210e-01 3.000000000000000076e-05 1.039682182207618127e-01
-2.511354400000000098e+01 9.941587658494682733e-01 0.000000000000000000e+00 5.790455804532343431e-02
-2.512723799999999841e+01 9.947008641745608282e-01 3.000000000000000076e-05 4.152426765206576609e-02
-2.506063999999999581e+01 9.920644785856512771e-01 2.000000000000000164e-05 1.124677480144164882e-01
-2.512348199999999565e+01 9.945521770627564484e-01 2.000000000000000164e-05 4.603574452246166765e-02
-2.507981399999999894e+01 9.928235112485204183e-01 2.000000000000000164e-05 1.024041399691840298e-01
-2.513075999999999866e+01 9.948402880317959163e-01 2.000000000000000164e-05 1.871380412012640590e-02
-2.513474999999999682e+01 9.949982383981694767e-01 5.000000000000000240e-05 2.913270750315932051e-02
-2.512966399999999823e+01 9.947969011642406878e-01 3.000000000000000076e-05 3.358648573820155470e-02
-2.513474999999999682e+01 9.949982383981694767e-01 5.000000000000000240e-05 2.913270750315932051e-02
-2.513208999999999804e+01 9.948929381539204364e-01 3.000000000000000076e-05 2.280239886370263175e-02
-2.512809999999999988e+01 9.947349877875468760e-01 0.000000000000000000e+00 0.000000000000000000e+00
-2.513545199999999369e+01 9.950260281618771296e-01 8.000000000000000654e-05 4.169917393750974949e-02
-2.513873999999999853e+01 9.951561887645431481e-01 8.000000000000000654e-05 3.626376993779042990e-02
-2.509507200000000182e+01 9.934275229503071181e-01 8.000000000000000654e-05 1.050162470162292472e-01
-2.512942999999999927e+01 9.947876379096713961e-01 1.000000000000000082e-05 1.329999999999991259e-02
-2.513474999999999682e+01 9.949982383981694767e-01 5.000000000000000240e-05 2.913270750315932051e-02
-2.513474999999999682e+01 9.949982383981694767e-01 5.000000000000000240e-05 2.913270750315932051e-02
-2.513607999999999620e+01 9.950508885202938858e-01 6.000000000000000152e-05 3.174487312460008009e-02
-2.512723799999999841e+01 9.947008641745608282e-01 3.000000000000000076e-05 4.152426765206576609e-02
-2.513740999999999914e+01 9.951035386424186280e-01 6.999999999999999387e-05 3.410550919684006421e-02
-2.513498399999999933e+01 9.950075016527387683e-01 6.000000000000000152e-05 3.384564105142352786e-02
-2.510101999999999833e+01 9.936629837972218438e-01 6.000000000000000152e-05 9.367794389138310585e-02
-2.503395399999999782e+01 9.910080716991738203e-01 2.000000000000000164e-05 1.217876537671242765e-01
-2.513075999999999866e+01 9.948402880317959163e-01 2.000000000000000164e-05 1.871380412012640590e-02
-2.505445800000000034e+01 9.918197544841673707e-01 3.000000000000000076e-05 1.186670456071577118e-01
-2.513075999999999866e+01 9.948402880317959163e-01 2.000000000000000164e-05 1.871380412012640590e-02
-2.513342000000000098e+01 9.949455882760450676e-01 4.000000000000000327e-05 2.619386928040183180e-02
-2.513075999999999866e+01 9.948402880317959163e-01 2.000000000000000164e-05 1.871380412012640590e-02
-2.506815199999999422e+01 9.923618528092599256e-01 6.000000000000000152e-05 1.186919878330357364e-01
-2.513607999999999620e+01 9.950508885202938858e-01 6.000000000000000152e-05 3.174487312460008009e-02
-2.505445800000000034e+01 9.918197544841673707e-01 3.000000000000000076e-05 1.186670456071577118e-01
-2.512371600000000171e+01 9.945614403173259621e-01 2.000000000000000164e-05 4.206655313820337194e-02
-2.503990200000000144e+01 9.912435325460887681e-01 3.000000000000000076e-05 1.235689461005635009e-01
-2.513474999999999682e+01 9.949982383981694767e-01 5.000000000000000240e-05 2.913270750315932051e-02
-2.509483799999999576e+01 9.934182596957376044e-01 4.000000000000000327e-05 9.358006649091675511e-02
-2.512105599999999939e+01 9.944561400730768108e-01 2.000000000000000164e-05 5.181895897343842539e-02
-2.513474999999999682e+01 9.949982383981694767e-01 5.000000000000000240e-05 2.913270750315932051e-02
-2.510454199999999503e+01 9.938024076544567098e-01 4.000000000000000327e-05 8.328390919807435178e-02
-2.509898800000000207e+01 9.935825439113895596e-01 0.000000000000000000e+00 7.923282821322635838e-02
-2.513342000000000098e+01 9.949455882760450676e-01 4.000000000000000327e-05 2.619386928040183180e-02
-2.512880200000000031e+01 9.947627775512547510e-01 5.000000000000000240e-05 4.693832183371752370e-02
-2.512481199999999859e+01 9.946048271848810796e-01 3.000000000000000076e-05 4.804776512319093584e-02
-2.513208999999999804e+01 9.948929381539204364e-01 3.000000000000000076e-05 2.280239886370263175e-02
-2.512175799999999271e+01 9.944839298367843528e-01 6.000000000000000152e-05 6.516568034594180658e-02
-2.513474999999999682e+01 9.949982383981694767e-01 5.000000000000000240e-05 2.913270750315932051e-02
-2.513740999999999914e+01 9.951035386424186280e-01 6.999999999999999387e-05 3.410550919684006421e-02
-2.504561599999999899e+01 9.914697301384342021e-01 0.000000000000000000e+00 1.155007024509661223e-01
-2.511823599999999956e+01 9.943445059795495977e-01 6.999999999999999387e-05 7.454242845791922423e-02
-2.509436999999999784e+01 9.933997331865991320e-01 2.000000000000000164e-05 9.014175760792789149e-02
-2.513208999999999804e+01 9.948929381539204364e-01 3.000000000000000076e-05 2.280239886370263175e-02
-2.504279599999999917e+01 9.913580960449069890e-01 6.999999999999999387e-05 1.307121673407223572e-01
-2.513740999999999914e+01 9.951035386424186280e-01 6.999999999999999387e-05 3.410550919684006421e-02
-2.513873999999999853e+01 9.951561887645431481e-01 8.000000000000000654e-05 3.626376993779042990e-02
-2.513075999999999866e+01 9.948402880317959163e-01 2.000000000000000164e-05 1.871380412012640590e-02
-2.513208999999999804e+01 9.948929381539204364e-01 3.000000000000000076e-05 2.280239886370263175e-02
-2.513474999999999682e+01 9.949982383981694767e-01 5.000000000000000240e-05 2.913270750315932051e-02
-2.508685799999999944e+01 9.931023589629905945e-01 0.000000000000000000e+00 9.158760577345111120e-02
-2.513607999999999620e+01 9.950508885202938858e-01 6.000000000000000152e-05 3.174487312460008009e-02
-2.509945599999999999e+01 9.936010704205280319e-01 3.000000000000000076e-05 8.693101679382361779e-02
-2.513474999999999682e+01 9.949982383981694767e-01 5.000000000000000240e-05 2.913270750315932051e-02
-2.506572599999999795e+01 9.922658158195802880e-01 4.000000000000000327e-05 1.143628485800938371e-01
-2.509726399999999913e+01 9.935142966854174640e-01 6.000000000000000152e-05 9.809932455826506081e-02
-2.489785599999999732e+01 9.856204203300726885e-01 0.000000000000000000e+00 1.870236901323122924e-01
-2.512942999999999927e+01 9.947876379096713961e-01 1.000000000000000082e-05 1.329999999999991259e-02
-2.513075999999999866e+01 9.948402880317959163e-01 2.000000000000000164e-05 1.871380412012640590e-02
-2.513474999999999682e+01 9.949982383981694767e-01 5.000000000000000240e-05 2.913270750315932051e-02
-2.504584999999999795e+01 9.914789933930033827e-01 1.000000000000000082e-05 1.169588009134457790e-01
-2.513474999999999682e+01 9.949982383981694767e-01 5.000000000000000240e-05 2.913270750315932051e-02
-2.509570000000000078e+01 9.934523833087237632e-01 3.000000000000000076e-05 9.161361550257966779e-02
-2.513474999999999682e+01 9.949982383981694767e-01 5.000000000000000240e-05 2.913270750315932051e-02
-2.513208999999999804e+01 9.948929381539204364e-01 3.000000000000000076e-05 2.280239886370263175e-02
-2.512723799999999841e+01 9.947008641745608282e-01 2.000000000000000164e-05 3.274798406934472522e-02
-2.511534199999999828e+01 9.942299424807312658e-01 5.000000000000000240e-05 7.406020098336850432e-02
-2.513607999999999620e+01 9.950508885202938858e-01 6.000000000000000152e-05 3.174487312460008009e-02
-2.513342000000000098e+01 9.949455882760450676e-01 4.000000000000000327e-05 2.619386928040183180e-02
-2.512019399999999791e+01 9.944220164600907630e-01 4.000000000000000327e-05 6.119941542600573076e-02
-2.504209399999999874e+01 9.913303062811991140e-01 1.000000000000000082e-05 1.187798726445456476e-01
-2.513474999999999682e+01 9.949982383981694767e-01 5.000000000000000240e-05 2.913270750315932051e-02
-2.512324800000000025e+01 9.945429138081873788e-01 0.000000000000000000e+00 3.413510435746384963e-02
-2.513873999999999853e+01 9.951561887645431481e-01 8.000000000000000654e-05 3.626376993779042990e-02
-2.506064000000000291e+01 9.920644785856516101e-01 3.000000000000000076e-05 1.153292187039720862e-01
-2.513208999999999804e+01 9.948929381539204364e-01 3.000000000000000076e-05 2.280239886370263175e-02
-2.510235000000000127e+01 9.937156339193464749e-01 6.999999999999999387e-05 9.500109249770515019e-02
-2.509992399999999790e+01 9.936195969296665043e-01 6.999999999999999387e-05 9.740407674043483066e-02
-2.515602999999999767e+01 9.958406403521620209e-01 2.100000000000000087e-04 5.444490403846384552e-02
-2.515336999999999890e+01 9.957353401079129807e-01 1.900000000000000105e-04 5.243887350568677413e-02
-2.515336999999999890e+01 9.957353401079129807e-01 1.900000000000000105e-04 5.243887350568677413e-02
-2.514538999999999902e+01 9.954194393751657488e-01 1.299999999999999886e-04 4.495368997562063790e-02
-2.514140000000000086e+01 9.952614890087922994e-01 1.000000000000000048e-04 4.010100882884230777e-02
-2.515470000000000184e+01 9.957879902300376118e-01 2.000000000000000096e-04 5.346801177178973213e-02
-2.515203999999999951e+01 9.956826899857884605e-01 1.800000000000000113e-04 5.135434831549375023e-02
-2.514672000000000551e+01 9.954720894972906020e-01 1.399999999999999877e-04 4.638176670663003709e-02
-2.514938000000000073e+01 9.955773897415394202e-01 1.600000000000000131e-04 4.900424224060326989e-02
-2.519991999999999877e+01 9.975780943822715185e-01 5.400000000000000069e-04 6.662079937294997090e-02
-2.524247999999999692e+01 9.992628982902564960e-01 8.599999999999999789e-04 4.638176670663003709e-02
-2.518394799999999734e+01 9.969458178780812307e-01 5.599999999999999509e-04 9.443563408935490289e-02
-2.525710999999999729e+01 9.998420496336263286e-01 9.700000000000000505e-04 2.280239886370262134e-02
-2.523050999999999888e+01 9.987890471911358148e-01 7.699999999999999597e-04 5.625269376265917831e-02
-2.526109999999999900e+01 1.000000000000000000e+00 1.350000000000000071e-03 0.000000000000000000e+00
-2.526109999999999900e+01 1.000000000000000000e+00 1.289999999999999914e-03 0.000000000000000000e+00
-2.526109999999999900e+01 1.000000000000000000e+00 1.590000000000000050e-03 0.000000000000000000e+00
-2.526109999999999900e+01 1.000000000000000000e+00 1.129999999999999928e-03 0.000000000000000000e+00
-2.526109999999999900e+01 1.000000000000000000e+00 1.110000000000000092e-03 0.000000000000000000e+00
-2.526109999999999900e+01 1.000000000000000000e+00 1.449999999999999900e-03 0.000000000000000000e+00
-2.526109999999999900e+01 1.000000000000000000e+00 1.459999999999999926e-03 0.000000000000000000e+00
-2.526109999999999900e+01 1.000000000000000000e+00 1.440000000000000091e-03 0.000000000000000000e+00
-2.526109999999999900e+01 1.000000000000000000e+00 1.289999999999999914e-03 0.000000000000000000e+00
-2.526109999999999900e+01 1.000000000000000000e+00 1.299999999999999940e-03 0.000000000000000000e+00
-2.526109999999999900e+01 1.000000000000000000e+00 1.020000000000000073e-03 0.000000000000000000e+00
-2.526109999999999900e+01 1.000000000000000000e+00 1.280000000000000105e-03 0.000000000000000000e+00
-2.526109999999999900e+01 1.000000000000000000e+00 1.729999999999999984e-03 0.000000000000000000e+00
-2.526109999999999900e+01 1.000000000000000000e+00 1.289999999999999914e-03 0.000000000000000000e+00
-2.526109999999999900e+01 1.000000000000000000e+00 2.269999999999999882e-03 0.000000000000000000e+00
-2.526109999999999900e+01 1.000000000000000000e+00 1.500000000000000031e-03 0.000000000000000000e+00
-2.526109999999999900e+01 1.000000000000000000e+00 3.540000000000000178e-03 0.000000000000000000e+00
-2.526109999999999900e+01 1.000000000000000000e+00 1.680000000000000070e-03 0.000000000000000000e+00
-2.526109999999999900e+01 1.000000000000000000e+00 2.589999999999999854e-03 0.000000000000000000e+00
-2.526109999999999900e+01 1.000000000000000000e+00 1.440000000000000091e-03 0.000000000000000000e+00
-2.526109999999999900e+01 1.000000000000000000e+00 1.799999999999999951e-03 0.000000000000000000e+00
-2.526109999999999900e+01 1.000000000000000000e+00 1.330000000000000019e-03 0.000000000000000000e+00
-2.526109999999999900e+01 1.000000000000000000e+00 1.250000000000000026e-03 0.000000000000000000e+00
-2.526109999999999900e+01 1.000000000000000000e+00 1.270000000000000078e-03 0.000000000000000000e+00
-2.526109999999999900e+01 1.000000000000000000e+00 1.330000000000000019e-03 0.000000000000000000e+00
-2.526109999999999900e+01 1.000000000000000000e+00 1.219999999999999947e-03 0.000000000000000000e+00
-2.526109999999999900e+01 1.000000000000000000e+00 1.920000000000000049e-03 0.000000000000000000e+00
-2.526109999999999900e+01 1.000000000000000000e+00 1.280000000000000105e-03 0.000000000000000000e+00
-2.525844000000000023e+01 9.998946997557509597e-01 9.799999999999999684e-04 1.871380412012643019e-02
-2.526109999999999900e+01 1.000000000000000000e+00 1.549999999999999946e-03 0.000000000000000000e+00
-2.526109999999999900e+01 1.000000000000000000e+00 1.139999999999999954e-03 0.000000000000000000e+00
-2.526109999999999900e+01 1.000000000000000000e+00 1.389999999999999960e-03 0.000000000000000000e+00
-2.523316999999999766e+01 9.988943474353847440e-01 7.900000000000000121e-04 5.444490403846384552e-02
-2.526109999999999900e+01 1.000000000000000000e+00 1.309999999999999967e-03 0.000000000000000000e+00
-2.524513999999999925e+01 9.993681985345056473e-01 8.800000000000000313e-04 4.343761810535473611e-02
-2.526109999999999900e+01 1.000000000000000000e+00 1.389999999999999960e-03 0.000000000000000000e+00
-2.526109999999999900e+01 1.000000000000000000e+00 2.020000000000000094e-03 0.000000000000000000e+00
-2.526109999999999900e+01 1.000000000000000000e+00 1.309999999999999967e-03 0.000000000000000000e+00
-2.522119999999999962e+01 9.984204963362640628e-01 6.999999999999999929e-04 6.125530280075408562e-02
-2.526109999999999900e+01 1.000000000000000000e+00 1.479999999999999979e-03 0.000000000000000000e+00
-2.526109999999999900e+01 1.000000000000000000e+00 1.180000000000000059e-03 0.000000000000000000e+00
-2.526109999999999900e+01 1.000000000000000000e+00 1.280000000000000105e-03 0.000000000000000000e+00
-2.526109999999999900e+01 1.000000000000000000e+00 1.000000000000000021e-03 0.000000000000000000e+00
-2.526109999999999900e+01 1.000000000000000000e+00 1.240000000000000000e-03 0.000000000000000000e+00
-2.526109999999999900e+01 1.000000000000000000e+00 1.379999999999999933e-03 0.000000000000000000e+00
-2.526109999999999900e+01 1.000000000000000000e+00 1.209999999999999921e-03 0.000000000000000000e+00
-2.526109999999999900e+01 1.000000000000000000e+00 1.490000000000000005e-03 0.000000000000000000e+00
-2.526109999999999900e+01 1.000000000000000000e+00 1.350000000000000071e-03 0.000000000000000000e+00
-2.526109999999999900e+01 1.000000000000000000e+00 1.160000000000000007e-03 0.000000000000000000e+00
-2.526109999999999900e+01 1.000000000000000000e+00 1.449999999999999900e-03 0.000000000000000000e+00
-2.526109999999999900e+01 1.000000000000000000e+00 1.410000000000000012e-03 0.000000000000000000e+00
-2.526109999999999900e+01 1.000000000000000000e+00 1.199999999999999895e-03 0.000000000000000000e+00
-2.526109999999999900e+01 1.000000000000000000e+00 1.309999999999999967e-03 0.000000000000000000e+00
-2.526109999999999900e+01 1.000000000000000000e+00 1.180000000000000059e-03 0.000000000000000000e+00
-2.526109999999999900e+01 1.000000000000000000e+00 1.449999999999999900e-03 0.000000000000000000e+00
-2.526109999999999900e+01 1.000000000000000000e+00 1.289999999999999914e-03 0.000000000000000000e+00
-2.526109999999999900e+01 1.000000000000000000e+00 1.330000000000000019e-03 0.000000000000000000e+00
-2.526109999999999900e+01 1.000000000000000000e+00 1.250000000000000026e-03 0.000000000000000000e+00
-2.526109999999999900e+01 1.000000000000000000e+00 1.569999999999999998e-03 0.000000000000000000e+00
-2.526109999999999900e+01 1.000000000000000000e+00 1.539999999999999919e-03 0.000000000000000000e+00
-2.526109999999999900e+01 1.000000000000000000e+00 1.030000000000000100e-03 0.000000000000000000e+00
-2.526109999999999900e+01 1.000000000000000000e+00 1.319999999999999993e-03 0.000000000000000000e+00
-2.526109999999999900e+01 1.000000000000000000e+00 1.090000000000000040e-03 0.000000000000000000e+00
-2.526109999999999900e+01 1.000000000000000000e+00 1.240000000000000000e-03 0.000000000000000000e+00
-2.526109999999999900e+01 1.000000000000000000e+00 1.600000000000000077e-03 0.000000000000000000e+00
-2.526109999999999900e+01 1.000000000000000000e+00 1.670000000000000043e-03 0.000000000000000000e+00
-2.526109999999999900e+01 1.000000000000000000e+00 1.930000000000000075e-03 0.000000000000000000e+00
-2.526109999999999900e+01 1.000000000000000000e+00 1.289999999999999914e-03 0.000000000000000000e+00
-2.526109999999999900e+01 1.000000000000000000e+00 1.750000000000000036e-03 0.000000000000000000e+00
-2.526109999999999900e+01 1.000000000000000000e+00 1.369999999999999907e-03 0.000000000000000000e+00
-2.526109999999999900e+01 1.000000000000000000e+00 1.170000000000000033e-03 0.000000000000000000e+00
-2.526109999999999900e+01 1.000000000000000000e+00 1.240000000000000000e-03 0.000000000000000000e+00
-2.525844000000000023e+01 9.998946997557509597e-01 9.799999999999999684e-04 1.871380412012643019e-02
-2.526109999999999900e+01 1.000000000000000000e+00 1.580000000000000024e-03 0.000000000000000000e+00
-2.526109999999999900e+01 1.000000000000000000e+00 2.119999999999999923e-03 0.000000000000000000e+00
-2.526109999999999900e+01 1.000000000000000000e+00 1.529999999999999893e-03 0.000000000000000000e+00
-2.526109999999999900e+01 1.000000000000000000e+00 1.309999999999999967e-03 0.000000000000000000e+00
-2.526109999999999900e+01 1.000000000000000000e+00 1.139999999999999954e-03 0.000000000000000000e+00
-2.525976999999999606e+01 9.999473498778753688e-01 9.899999999999999946e-04 1.329999999999992993e-02
-2.526109999999999900e+01 1.000000000000000000e+00 1.330000000000000019e-03 0.000000000000000000e+00
-2.526109999999999900e+01 1.000000000000000000e+00 1.139999999999999954e-03 0.000000000000000000e+00
-2.526109999999999900e+01 1.000000000000000000e+00 1.500000000000000031e-03 0.000000000000000000e+00
-2.526109999999999900e+01 1.000000000000000000e+00 1.619999999999999912e-03 0.000000000000000000e+00
-2.526109999999999900e+01 1.000000000000000000e+00 1.459999999999999926e-03 0.000000000000000000e+00
-2.526109999999999900e+01 1.000000000000000000e+00 1.660000000000000017e-03 0.000000000000000000e+00
-2.526109999999999900e+01 1.000000000000000000e+00 1.330000000000000019e-03 0.000000000000000000e+00
-2.523450000000000060e+01 9.989469975575094862e-01 8.000000000000000383e-04 5.346801177178972519e-02
-2.526109999999999900e+01 1.000000000000000000e+00 1.340000000000000045e-03 0.000000000000000000e+00
-2.525045999999999680e+01 9.995787990230036169e-01 9.200000000000000278e-04 3.626376993779042990e-02
-2.526109999999999900e+01 1.000000000000000000e+00 1.559999999999999972e-03 0.000000000000000000e+00
-2.526109999999999900e+01 1.000000000000000000e+00 1.139999999999999954e-03 0.000000000000000000e+00
-2.526109999999999900e+01 1.000000000000000000e+00 1.500000000000000031e-03 0.000000000000000000e+00
-2.526109999999999900e+01 1.000000000000000000e+00 1.389999999999999960e-03 0.000000000000000000e+00
-2.526109999999999900e+01 1.000000000000000000e+00 1.420000000000000038e-03 0.000000000000000000e+00
-2.526109999999999900e+01 1.000000000000000000e+00 1.389999999999999960e-03 0.000000000000000000e+00
-2.526109999999999900e+01 1.000000000000000000e+00 1.170000000000000033e-03 0.000000000000000000e+00
-2.526109999999999900e+01 1.000000000000000000e+00 1.180000000000000059e-03 0.000000000000000000e+00
-2.526109999999999900e+01 1.000000000000000000e+00 1.350000000000000071e-03 0.000000000000000000e+00
-2.526109999999999900e+01 1.000000000000000000e+00 1.270000000000000078e-03 0.000000000000000000e+00
-2.526109999999999900e+01 1.000000000000000000e+00 1.219999999999999947e-03 0.000000000000000000e+00
-2.526109999999999900e+01 1.000000000000000000e+00 2.000000000000000042e-03 0.000000000000000000e+00
-2.526109999999999900e+01 1.000000000000000000e+00 1.299999999999999940e-03 0.000000000000000000e+00
-2.526109999999999900e+01 1.000000000000000000e+00 1.149999999999999981e-03 0.000000000000000000e+00
-2.526109999999999900e+01 1.000000000000000000e+00 1.010000000000000047e-03 0.000000000000000000e+00
-2.526109999999999900e+01 1.000000000000000000e+00 1.569999999999999998e-03 0.000000000000000000e+00
-2.526109999999999900e+01 1.000000000000000000e+00 1.270000000000000078e-03 0.000000000000000000e+00
-2.524115000000000109e+01 9.992102481681320869e-01 8.499999999999999526e-04 4.772974741059037712e-02
-2.526109999999999900e+01 1.000000000000000000e+00 1.340000000000000045e-03 0.000000000000000000e+00
-2.526109999999999900e+01 1.000000000000000000e+00 1.500000000000000031e-03 0.000000000000000000e+00
-2.526109999999999900e+01 1.000000000000000000e+00 1.569999999999999998e-03 0.000000000000000000e+00
-2.526109999999999900e+01 1.000000000000000000e+00 1.199999999999999895e-03 0.000000000000000000e+00
-2.526109999999999900e+01 1.000000000000000000e+00 1.850000000000000082e-03 0.000000000000000000e+00
-2.526109999999999900e+01 1.000000000000000000e+00 1.469999999999999953e-03 0.000000000000000000e+00
-2.526109999999999900e+01 1.000000000000000000e+00 1.709999999999999932e-03 0.000000000000000000e+00
-2.526109999999999900e+01 1.000000000000000000e+00 1.389999999999999960e-03 0.000000000000000000e+00
-2.526109999999999900e+01 1.000000000000000000e+00 1.449999999999999900e-03 0.000000000000000000e+00
-2.526109999999999900e+01 1.000000000000000000e+00 1.309999999999999967e-03 0.000000000000000000e+00
-2.526109999999999900e+01 1.000000000000000000e+00 1.459999999999999926e-03 0.000000000000000000e+00
-2.526109999999999900e+01 1.000000000000000000e+00 1.449999999999999900e-03 0.000000000000000000e+00
-2.526109999999999900e+01 1.000000000000000000e+00 1.469999999999999953e-03 0.000000000000000000e+00
-2.526109999999999900e+01 1.000000000000000000e+00 1.670000000000000043e-03 0.000000000000000000e+00
-2.526109999999999900e+01 1.000000000000000000e+00 1.459999999999999926e-03 0.000000000000000000e+00
-2.526109999999999900e+01 1.000000000000000000e+00 1.340000000000000045e-03 0.000000000000000000e+00
-2.526109999999999900e+01 1.000000000000000000e+00 1.440000000000000091e-03 0.000000000000000000e+00
-2.526109999999999900e+01 1.000000000000000000e+00 1.410000000000000012e-03 0.000000000000000000e+00
-2.526109999999999900e+01 1.000000000000000000e+00 1.549999999999999946e-03 0.000000000000000000e+00
-2.526109999999999900e+01 1.000000000000000000e+00 1.549999999999999946e-03 0.000000000000000000e+00
-2.526109999999999900e+01 1.000000000000000000e+00 1.930000000000000075e-03 0.000000000000000000e+00
-2.526109999999999900e+01 1.000000000000000000e+00 1.459999999999999926e-03 0.000000000000000000e+00
-2.526109999999999900e+01 1.000000000000000000e+00 1.539999999999999919e-03 0.000000000000000000e+00
-2.526109999999999900e+01 1.000000000000000000e+00 1.580000000000000024e-03 0.000000000000000000e+00
-2.526109999999999900e+01 1.000000000000000000e+00 1.660000000000000017e-03 0.000000000000000000e+00
-2.526109999999999900e+01 1.000000000000000000e+00 1.410000000000000012e-03 0.000000000000000000e+00
-2.526109999999999900e+01 1.000000000000000000e+00 1.569999999999999998e-03 0.000000000000000000e+00
-2.526109999999999900e+01 1.000000000000000000e+00 1.219999999999999947e-03 0.000000000000000000e+00
-2.526109999999999900e+01 1.000000000000000000e+00 1.680000000000000070e-03 0.000000000000000000e+00
-2.526109999999999900e+01 1.000000000000000000e+00 1.520000000000000084e-03 0.000000000000000000e+00
-2.526109999999999900e+01 1.000000000000000000e+00 1.280000000000000105e-03 0.000000000000000000e+00
-2.526109999999999900e+01 1.000000000000000000e+00 1.379999999999999933e-03 0.000000000000000000e+00
-2.526109999999999900e+01 1.000000000000000000e+00 1.830000000000000029e-03 0.000000000000000000e+00
-2.526109999999999900e+01 1.000000000000000000e+00 1.629999999999999939e-03 0.000000000000000000e+00
-2.526109999999999900e+01 1.000000000000000000e+00 1.430000000000000064e-03 0.000000000000000000e+00
-2.526109999999999900e+01 1.000000000000000000e+00 1.420000000000000038e-03 0.000000000000000000e+00
-2.526109999999999900e+01 1.000000000000000000e+00 1.750000000000000036e-03 0.000000000000000000e+00
-2.526109999999999900e+01 1.000000000000000000e+00 1.600000000000000077e-03 0.000000000000000000e+00
-2.526109999999999900e+01 1.000000000000000000e+00 1.369999999999999907e-03 0.000000000000000000e+00
-2.526109999999999900e+01 1.000000000000000000e+00 1.270000000000000078e-03 0.000000000000000000e+00
-2.526109999999999900e+01 1.000000000000000000e+00 1.619999999999999912e-03 0.000000000000000000e+00
-2.526109999999999900e+01 1.000000000000000000e+00 1.449999999999999900e-03 0.000000000000000000e+00
-2.526109999999999900e+01 1.000000000000000000e+00 1.379999999999999933e-03 0.000000000000000000e+00
-2.526109999999999900e+01 1.000000000000000000e+00 1.479999999999999979e-03 0.000000000000000000e+00
-2.526109999999999900e+01 1.000000000000000000e+00 1.590000000000000050e-03 0.000000000000000000e+00
-2.526109999999999900e+01 1.000000000000000000e+00 1.319999999999999993e-03 0.000000000000000000e+00
-2.526109999999999900e+01 1.000000000000000000e+00 1.529999999999999893e-03 0.000000000000000000e+00
-2.526109999999999900e+01 1.000000000000000000e+00 1.399999999999999986e-03 0.000000000000000000e+00
-2.526109999999999900e+01 1.000000000000000000e+00 1.360000000000000098e-03 0.000000000000000000e+00
-2.526109999999999900e+01 1.000000000000000000e+00 1.539999999999999919e-03 0.000000000000000000e+00
-2.526109999999999900e+01 1.000000000000000000e+00 1.510000000000000057e-03 0.000000000000000000e+00
-2.526109999999999900e+01 1.000000000000000000e+00 1.559999999999999972e-03 0.000000000000000000e+00
-2.526109999999999900e+01 1.000000000000000000e+00 1.469999999999999953e-03 0.000000000000000000e+00
-2.526109999999999900e+01 1.000000000000000000e+00 1.539999999999999919e-03 0.000000000000000000e+00
-2.526109999999999900e+01 1.000000000000000000e+00 1.619999999999999912e-03 0.000000000000000000e+00
-2.526109999999999900e+01 1.000000000000000000e+00 1.459999999999999926e-03 0.000000000000000000e+00
-2.526109999999999900e+01 1.000000000000000000e+00 1.699999999999999905e-03 0.000000000000000000e+00
-2.526109999999999900e+01 1.000000000000000000e+00 1.350000000000000071e-03 0.000000000000000000e+00
-2.526109999999999900e+01 1.000000000000000000e+00 1.449999999999999900e-03 0.000000000000000000e+00
-2.526109999999999900e+01 1.000000000000000000e+00 1.740000000000000010e-03 0.000000000000000000e+00
-2.526109999999999900e+01 1.000000000000000000e+00 1.539999999999999919e-03 0.000000000000000000e+00
-2.526109999999999900e+01 1.000000000000000000e+00 1.399999999999999986e-03 0.000000000000000000e+00
-2.526109999999999900e+01 1.000000000000000000e+00 1.340000000000000045e-03 0.000000000000000000e+00
-2.526109999999999900e+01 1.000000000000000000e+00 1.569999999999999998e-03 0.000000000000000000e+00
-2.526109999999999900e+01 1.000000000000000000e+00 1.389999999999999960e-03 0.000000000000000000e+00
-2.526109999999999900e+01 1.000000000000000000e+00 1.559999999999999972e-03 0.000000000000000000e+00
-2.526109999999999900e+01 1.000000000000000000e+00 1.559999999999999972e-03 0.000000000000000000e+00
-2.526109999999999900e+01 1.000000000000000000e+00 1.420000000000000038e-03 0.000000000000000000e+00
-2.526109999999999900e+01 1.000000000000000000e+00 1.289999999999999914e-03 0.000000000000000000e+00
-2.526109999999999900e+01 1.000000000000000000e+00 1.399999999999999986e-03 0.000000000000000000e+00
-2.526109999999999900e+01 1.000000000000000000e+00 1.680000000000000070e-03 0.000000000000000000e+00
-2.526109999999999900e+01 1.000000000000000000e+00 1.539999999999999919e-03 0.000000000000000000e+00
-2.526109999999999900e+01 1.000000000000000000e+00 1.369999999999999907e-03 0.000000000000000000e+00
-2.526109999999999900e+01 1.000000000000000000e+00 1.379999999999999933e-03 0.000000000000000000e+00
-2.526109999999999900e+01 1.000000000000000000e+00 1.490000000000000005e-03 0.000000000000000000e+00
-2.526109999999999900e+01 1.000000000000000000e+00 1.580000000000000024e-03 0.000000000000000000e+00
-2.526109999999999900e+01 1.000000000000000000e+00 1.549999999999999946e-03 0.000000000000000000e+00
-2.526109999999999900e+01 1.000000000000000000e+00 1.740000000000000010e-03 0.000000000000000000e+00
-2.526109999999999900e+01 1.000000000000000000e+00 1.469999999999999953e-03 0.000000000000000000e+00
-2.526109999999999900e+01 1.000000000000000000e+00 1.360000000000000098e-03 0.000000000000000000e+00
-2.526109999999999900e+01 1.000000000000000000e+00 1.680000000000000070e-03 0.000000000000000000e+00
-2.526109999999999900e+01 1.000000000000000000e+00 1.170000000000000033e-03 0.000000000000000000e+00
-2.526109999999999900e+01 1.000000000000000000e+00 1.360000000000000098e-03 0.000000000000000000e+00
-2.526109999999999900e+01 1.000000000000000000e+00 1.629999999999999939e-03 0.000000000000000000e+00
-2.526109999999999900e+01 1.000000000000000000e+00 1.670000000000000043e-03 0.000000000000000000e+00
-2.526109999999999900e+01 1.000000000000000000e+00 1.520000000000000084e-03 0.000000000000000000e+00
-2.526109999999999900e+01 1.000000000000000000e+00 1.600000000000000077e-03 0.000000000000000000e+00
-2.526109999999999900e+01 1.000000000000000000e+00 1.520000000000000084e-03 0.000000000000000000e+00
-2.526109999999999900e+01 1.000000000000000000e+00 1.330000000000000019e-03 0.000000000000000000e+00
-2.526109999999999900e+01 1.000000000000000000e+00 1.699999999999999905e-03 0.000000000000000000e+00
-2.526109999999999900e+01 1.000000000000000000e+00 1.539999999999999919e-03 0.000000000000000000e+00
-2.526109999999999900e+01 1.000000000000000000e+00 1.619999999999999912e-03 0.000000000000000000e+00
-2.526109999999999900e+01 1.000000000000000000e+00 1.549999999999999946e-03 0.000000000000000000e+00
-2.526109999999999900e+01 1.000000000000000000e+00 1.440000000000000091e-03 0.000000000000000000e+00
-2.526109999999999900e+01 1.000000000000000000e+00 1.520000000000000084e-03 0.000000000000000000e+00
-2.526109999999999900e+01 1.000000000000000000e+00 1.289999999999999914e-03 0.000000000000000000e+00
-2.526109999999999900e+01 1.000000000000000000e+00 1.789999999999999925e-03 0.000000000000000000e+00
-2.526109999999999900e+01 1.000000000000000000e+00 1.610000000000000103e-03 0.000000000000000000e+00
-2.526109999999999900e+01 1.000000000000000000e+00 1.680000000000000070e-03 0.000000000000000000e+00
-2.526109999999999900e+01 1.000000000000000000e+00 1.340000000000000045e-03 0.000000000000000000e+00
-2.526109999999999900e+01 1.000000000000000000e+00 1.549999999999999946e-03 0.000000000000000000e+00
-2.526109999999999900e+01 1.000000000000000000e+00 1.379999999999999933e-03 0.000000000000000000e+00
-2.526109999999999900e+01 1.000000000000000000e+00 1.330000000000000019e-03 0.000000000000000000e+00
-2.526109999999999900e+01 1.000000000000000000e+00 1.379999999999999933e-03 0.000000000000000000e+00
-2.526109999999999900e+01 1.000000000000000000e+00 1.340000000000000045e-03 0.000000000000000000e+00
-2.526109999999999900e+01 1.000000000000000000e+00 1.319999999999999993e-03 0.000000000000000000e+00
-2.526109999999999900e+01 1.000000000000000000e+00 1.559999999999999972e-03 0.000000000000000000e+00
-2.526109999999999900e+01 1.000000000000000000e+00 1.799999999999999951e-03 0.000000000000000000e+00
-2.526109999999999900e+01 1.000000000000000000e+00 1.410000000000000012e-03 0.000000000000000000e+00
-2.526109999999999900e+01 1.000000000000000000e+00 1.629999999999999939e-03 0.000000000000000000e+00
-2.526109999999999900e+01 1.000000000000000000e+00 1.469999999999999953e-03 0.000000000000000000e+00
-2.526109999999999900e+01 1.000000000000000000e+00 1.289999999999999914e-03 0.000000000000000000e+00
-2.526109999999999900e+01 1.000000000000000000e+00 1.690000000000000096e-03 0.000000000000000000e+00
-2.526109999999999900e+01 1.000000000000000000e+00 1.430000000000000064e-03 0.000000000000000000e+00
-2.526109999999999900e+01 1.000000000000000000e+00 1.459999999999999926e-03 0.000000000000000000e+00
-2.526109999999999900e+01 1.000000000000000000e+00 1.539999999999999919e-03 0.000000000000000000e+00
-2.526109999999999900e+01 1.000000000000000000e+00 1.430000000000000064e-03 0.000000000000000000e+00
-2.526109999999999900e+01 1.000000000000000000e+00 1.479999999999999979e-03 0.000000000000000000e+00
-2.526109999999999900e+01 1.000000000000000000e+00 1.350000000000000071e-03 0.000000000000000000e+00
-2.526109999999999900e+01 1.000000000000000000e+00 1.309999999999999967e-03 0.000000000000000000e+00
-2.526109999999999900e+01 1.000000000000000000e+00 1.369999999999999907e-03 0.000000000000000000e+00
-2.526109999999999900e+01 1.000000000000000000e+00 1.600000000000000077e-03 0.000000000000000000e+00
-2.526109999999999900e+01 1.000000000000000000e+00 1.490000000000000005e-03 0.000000000000000000e+00
-2.526109999999999900e+01 1.000000000000000000e+00 1.529999999999999893e-03 0.000000000000000000e+00
-2.526109999999999900e+01 1.000000000000000000e+00 1.260000000000000052e-03 0.000000000000000000e+00
-2.526109999999999900e+01 1.000000000000000000e+00 1.420000000000000038e-03 0.000000000000000000e+00
-2.526109999999999900e+01 1.000000000000000000e+00 1.399999999999999986e-03 0.000000000000000000e+00
-2.526109999999999900e+01 1.000000000000000000e+00 1.529999999999999893e-03 0.000000000000000000e+00
-2.526109999999999900e+01 1.000000000000000000e+00 1.510000000000000057e-03 0.000000000000000000e+00
-2.526109999999999900e+01 1.000000000000000000e+00 1.559999999999999972e-03 0.000000000000000000e+00
-2.526109999999999900e+01 1.000000000000000000e+00 1.340000000000000045e-03 0.000000000000000000e+00
-2.526109999999999900e+01 1.000000000000000000e+00 1.459999999999999926e-03 0.000000000000000000e+00
-2.526109999999999900e+01 1.000000000000000000e+00 1.660000000000000017e-03 0.000000000000000000e+00
-2.526109999999999900e+01 1.000000000000000000e+00 1.559999999999999972e-03 0.000000000000000000e+00
-2.526109999999999900e+01 1.000000000000000000e+00 1.420000000000000038e-03 0.000000000000000000e+00
-2.526109999999999900e+01 1.000000000000000000e+00 1.479999999999999979e-03 0.000000000000000000e+00
-2.526109999999999900e+01 1.000000000000000000e+00 1.229999999999999974e-03 0.000000000000000000e+00
-2.526109999999999900e+01 1.000000000000000000e+00 1.500000000000000031e-03 0.000000000000000000e+00
-2.526109999999999900e+01 1.000000000000000000e+00 1.369999999999999907e-03 0.000000000000000000e+00
-2.526109999999999900e+01 1.000000000000000000e+00 1.580000000000000024e-03 0.000000000000000000e+00
-2.526109999999999900e+01 1.000000000000000000e+00 1.459999999999999926e-03 0.000000000000000000e+00
-2.526109999999999900e+01 1.000000000000000000e+00 1.449999999999999900e-03 0.000000000000000000e+00
-2.526109999999999900e+01 1.000000000000000000e+00 1.520000000000000084e-03 0.000000000000000000e+00
-2.526109999999999900e+01 1.000000000000000000e+00 1.690000000000000096e-03 0.000000000000000000e+00
-2.526109999999999900e+01 1.000000000000000000e+00 1.430000000000000064e-03 0.000000000000000000e+00
-2.526109999999999900e+01 1.000000000000000000e+00 1.449999999999999900e-03 0.000000000000000000e+00
-2.526109999999999900e+01 1.000000000000000000e+00 1.459999999999999926e-03 0.000000000000000000e+00
-2.526109999999999900e+01 1.000000000000000000e+00 1.430000000000000064e-03 0.000000000000000000e+00
-2.526109999999999900e+01 1.000000000000000000e+00 1.510000000000000057e-03 0.000000000000000000e+00
-2.526109999999999900e+01 1.000000000000000000e+00 1.270000000000000078e-03 0.000000000000000000e+00
-2.526109999999999900e+01 1.000000000000000000e+00 1.569999999999999998e-03 0.000000000000000000e+00
-2.526109999999999900e+01 1.000000000000000000e+00 1.529999999999999893e-03 0.000000000000000000e+00
-2.526109999999999900e+01 1.000000000000000000e+00 1.539999999999999919e-03 0.000000000000000000e+00
-2.526109999999999900e+01 1.000000000000000000e+00 1.580000000000000024e-03 0.000000000000000000e+00
-2.526109999999999900e+01 1.000000000000000000e+00 1.469999999999999953e-03 0.000000000000000000e+00
-2.526109999999999900e+01 1.000000000000000000e+00 1.459999999999999926e-03 0.000000000000000000e+00
-2.526109999999999900e+01 1.000000000000000000e+00 1.559999999999999972e-03 0.000000000000000000e+00
-2.526109999999999900e+01 1.000000000000000000e+00 1.479999999999999979e-03 0.000000000000000000e+00
-2.526109999999999900e+01 1.000000000000000000e+00 1.529999999999999893e-03 0.000000000000000000e+00
-2.526109999999999900e+01 1.000000000000000000e+00 1.529999999999999893e-03 0.000000000000000000e+00
-2.526109999999999900e+01 1.000000000000000000e+00 1.449999999999999900e-03 0.000000000000000000e+00
-2.526109999999999900e+01 1.000000000000000000e+00 1.500000000000000031e-03 0.000000000000000000e+00
-2.526109999999999900e+01 1.000000000000000000e+00 1.559999999999999972e-03 0.000000000000000000e+00
-2.526109999999999900e+01 1.000000000000000000e+00 1.330000000000000019e-03 0.000000000000000000e+00
-2.526109999999999900e+01 1.000000000000000000e+00 1.490000000000000005e-03 0.000000000000000000e+00
-2.526109999999999900e+01 1.000000000000000000e+00 1.389999999999999960e-03 0.000000000000000000e+00
-2.526109999999999900e+01 1.000000000000000000e+00 1.569999999999999998e-03 0.000000000000000000e+00
-2.526109999999999900e+01 1.000000000000000000e+00 1.340000000000000045e-03 0.000000000000000000e+00
-2.526109999999999900e+01 1.000000000000000000e+00 1.420000000000000038e-03 0.000000000000000000e+00
-2.526109999999999900e+01 1.000000000000000000e+00 1.500000000000000031e-03 0.000000000000000000e+00
-2.526109999999999900e+01 1.000000000000000000e+00 1.379999999999999933e-03 0.000000000000000000e+00
-2.526109999999999900e+01 1.000000000000000000e+00 1.580000000000000024e-03 0.000000000000000000e+00
-2.526109999999999900e+01 1.000000000000000000e+00 1.440000000000000091e-03 0.000000000000000000e+00
-2.526109999999999900e+01 1.000000000000000000e+00 1.330000000000000019e-03 0.000000000000000000e+00
-2.526109999999999900e+01 1.000000000000000000e+00 1.619999999999999912e-03 0.000000000000000000e+00
-2.526109999999999900e+01 1.000000000000000000e+00 1.479999999999999979e-03 0.000000000000000000e+00
-2.526109999999999900e+01 1.000000000000000000e+00 1.340000000000000045e-03 0.000000000000000000e+00
-2.526109999999999900e+01 1.000000000000000000e+00 1.319999999999999993e-03 0.000000000000000000e+00
-2.526109999999999900e+01 1.000000000000000000e+00 1.289999999999999914e-03 0.000000000000000000e+00
-2.526109999999999900e+01 1.000000000000000000e+00 1.319999999999999993e-03 0.000000000000000000e+00
-2.526109999999999900e+01 1.000000000000000000e+00 1.500000000000000031e-03 0.000000000000000000e+00
-2.526109999999999900e+01 1.000000000000000000e+00 1.490000000000000005e-03 0.000000000000000000e+00
-2.526109999999999900e+01 1.000000000000000000e+00 1.580000000000000024e-03 0.000000000000000000e+00
-2.526109999999999900e+01 1.000000000000000000e+00 1.500000000000000031e-03 0.000000000000000000e+00
-2.526109999999999900e+01 1.000000000000000000e+00 1.369999999999999907e-03 0.000000000000000000e+00
-2.526109999999999900e+01 1.000000000000000000e+00 1.449999999999999900e-03 0.000000000000000000e+00
-2.526109999999999900e+01 1.000000000000000000e+00 1.490000000000000005e-03 0.000000000000000000e+00
-2.526109999999999900e+01 1.000000000000000000e+00 1.430000000000000064e-03 0.000000000000000000e+00
-2.526109999999999900e+01 1.000000000000000000e+00 1.569999999999999998e-03 0.000000000000000000e+00
-2.526109999999999900e+01 1.000000000000000000e+00 1.379999999999999933e-03 0.000000000000000000e+00
-2.526109999999999900e+01 1.000000000000000000e+00 1.459999999999999926e-03 0.000000000000000000e+00
-2.526109999999999900e+01 1.000000000000000000e+00 1.479999999999999979e-03 0.000000000000000000e+00
-2.526109999999999900e+01 1.000000000000000000e+00 1.479999999999999979e-03 0.000000000000000000e+00
-2.526109999999999900e+01 1.000000000000000000e+00 1.289999999999999914e-03 0.000000000000000000e+00
-2.526109999999999900e+01 1.000000000000000000e+00 1.539999999999999919e-03 0.000000000000000000e+00
-2.526109999999999900e+01 1.000000000000000000e+00 1.590000000000000050e-03 0.000000000000000000e+00
-2.526109999999999900e+01 1.000000000000000000e+00 1.209999999999999921e-03 0.000000000000000000e+00
-2.526109999999999900e+01 1.000000000000000000e+00 1.319999999999999993e-03 0.000000000000000000e+00
-2.526109999999999900e+01 1.000000000000000000e+00 1.629999999999999939e-03 0.000000000000000000e+00
-2.526109999999999900e+01 1.000000000000000000e+00 1.260000000000000052e-03 0.000000000000000000e+00
-2.526109999999999900e+01 1.000000000000000000e+00 1.520000000000000084e-03 0.000000000000000000e+00
-2.526109999999999900e+01 1.000000000000000000e+00 1.449999999999999900e-03 0.000000000000000000e+00
-2.526109999999999900e+01 1.000000000000000000e+00 1.459999999999999926e-03 0.000000000000000000e+00
-2.526109999999999900e+01 1.000000000000000000e+00 1.539999999999999919e-03 0.000000000000000000e+00
-2.526109999999999900e+01 1.000000000000000000e+00 1.639999999999999965e-03 0.000000000000000000e+00
-2.526109999999999900e+01 1.000000000000000000e+00 1.430000000000000064e-03 0.000000000000000000e+00
-2.526109999999999900e+01 1.000000000000000000e+00 1.629999999999999939e-03 0.000000000000000000e+00
-2.526109999999999900e+01 1.000000000000000000e+00 1.219999999999999947e-03 0.000000000000000000e+00
-2.526109999999999900e+01 1.000000000000000000e+00 1.619999999999999912e-03 0.000000000000000000e+00
-2.526109999999999900e+01 1.000000000000000000e+00 1.469999999999999953e-03 0.000000000000000000e+00
-2.526109999999999900e+01 1.000000000000000000e+00 1.379999999999999933e-03 0.000000000000000000e+00
-2.526109999999999900e+01 1.000000000000000000e+00 1.779999999999999898e-03 0.000000000000000000e+00
-2.526109999999999900e+01 1.000000000000000000e+00 1.500000000000000031e-03 0.000000000000000000e+00
-2.526109999999999900e+01 1.000000000000000000e+00 1.430000000000000064e-03 0.000000000000000000e+00
-2.526109999999999900e+01 1.000000000000000000e+00 1.529999999999999893e-03 0.000000000000000000e+00
-2.526109999999999900e+01 1.000000000000000000e+00 1.529999999999999893e-03 0.000000000000000000e+00
-2.526109999999999900e+01 1.000000000000000000e+00 1.469999999999999953e-03 0.000000000000000000e+00
-2.526109999999999900e+01 1.000000000000000000e+00 1.340000000000000045e-03 0.000000000000000000e+00
-2.526109999999999900e+01 1.000000000000000000e+00 1.539999999999999919e-03 0.000000000000000000e+00
-2.526109999999999900e+01 1.000000000000000000e+00 1.420000000000000038e-03 0.000000000000000000e+00
-2.526109999999999900e+01 1.000000000000000000e+00 1.559999999999999972e-03 0.000000000000000000e+00
-2.526109999999999900e+01 1.000000000000000000e+00 1.610000000000000103e-03 0.000000000000000000e+00
-2.526109999999999900e+01 1.000000000000000000e+00 1.610000000000000103e-03 0.000000000000000000e+00
-2.526109999999999900e+01 1.000000000000000000e+00 1.379999999999999933e-03 0.000000000000000000e+00
-2.526109999999999900e+01 1.000000000000000000e+00 1.360000000000000098e-03 0.000000000000000000e+00
-2.526109999999999900e+01 1.000000000000000000e+00 1.500000000000000031e-03 0.000000000000000000e+00
-2.526109999999999900e+01 1.000000000000000000e+00 1.369999999999999907e-03 0.000000000000000000e+00
-2.526109999999999900e+01 1.000000000000000000e+00 1.440000000000000091e-03 0.000000000000000000e+00
-2.526109999999999900e+01 1.000000000000000000e+00 1.399999999999999986e-03 0.000000000000000000e+00
-2.526109999999999900e+01 1.000000000000000000e+00 1.569999999999999998e-03 0.000000000000000000e+00
-2.526109999999999900e+01 1.000000000000000000e+00 1.510000000000000057e-03 0.000000000000000000e+00
-2.526109999999999900e+01 1.000000000000000000e+00 1.309999999999999967e-03 0.000000000000000000e+00
-2.526109999999999900e+01 1.000000000000000000e+00 1.569999999999999998e-03 0.000000000000000000e+00
-2.526109999999999900e+01 1.000000000000000000e+00 1.240000000000000000e-03 0.000000000000000000e+00
-2.526109999999999900e+01 1.000000000000000000e+00 1.539999999999999919e-03 0.000000000000000000e+00
-2.526109999999999900e+01 1.000000000000000000e+00 1.369999999999999907e-03 0.000000000000000000e+00
-2.526109999999999900e+01 1.000000000000000000e+00 1.690000000000000096e-03 0.000000000000000000e+00
-2.526109999999999900e+01 1.000000000000000000e+00 1.350000000000000071e-03 0.000000000000000000e+00
-2.526109999999999900e+01 1.000000000000000000e+00 1.539999999999999919e-03 0.000000000000000000e+00
-2.526109999999999900e+01 1.000000000000000000e+00 1.389999999999999960e-03 0.000000000000000000e+00
-2.526109999999999900e+01 1.000000000000000000e+00 1.399999999999999986e-03 0.000000000000000000e+00
-2.526109999999999900e+01 1.000000000000000000e+00 1.510000000000000057e-03 0.000000000000000000e+00
-2.526109999999999900e+01 1.000000000000000000e+00 1.440000000000000091e-03 0.000000000000000000e+00
-2.526109999999999900e+01 1.000000000000000000e+00 1.430000000000000064e-03 0.000000000000000000e+00
-2.526109999999999900e+01 1.000000000000000000e+00 1.580000000000000024e-03 0.000000000000000000e+00
-2.526109999999999900e+01 1.000000000000000000e+00 1.420000000000000038e-03 0.000000000000000000e+00
-2.526109999999999900e+01 1.000000000000000000e+00 1.549999999999999946e-03 0.000000000000000000e+00
-2.526109999999999900e+01 1.000000000000000000e+00 1.490000000000000005e-03 0.000000000000000000e+00
-2.526109999999999900e+01 1.000000000000000000e+00 1.170000000000000033e-03 0.000000000000000000e+00
-2.526109999999999900e+01 1.000000000000000000e+00 1.490000000000000005e-03 0.000000000000000000e+00
-2.526109999999999900e+01 1.000000000000000000e+00 1.459999999999999926e-03 0.000000000000000000e+00
-2.526109999999999900e+01 1.000000000000000000e+00 1.440000000000000091e-03 0.000000000000000000e+00
-2.526109999999999900e+01 1.000000000000000000e+00 1.430000000000000064e-03 0.000000000000000000e+00
-2.526109999999999900e+01 1.000000000000000000e+00 1.580000000000000024e-03 0.000000000000000000e+00
-2.526109999999999900e+01 1.000000000000000000e+00 1.649999999999999991e-03 0.000000000000000000e+00
-2.526109999999999900e+01 1.000000000000000000e+00 1.440000000000000091e-03 0.000000000000000000e+00
-2.526109999999999900e+01 1.000000000000000000e+00 1.510000000000000057e-03 0.000000000000000000e+00
-2.526109999999999900e+01 1.000000000000000000e+00 1.529999999999999893e-03 0.000000000000000000e+00
-2.526109999999999900e+01 1.000000000000000000e+00 1.260000000000000052e-03 0.000000000000000000e+00
-2.526109999999999900e+01 1.000000000000000000e+00 1.619999999999999912e-03 0.000000000000000000e+00
-2.526109999999999900e+01 1.000000000000000000e+00 1.490000000000000005e-03 0.000000000000000000e+00
-2.526109999999999900e+01 1.000000000000000000e+00 1.330000000000000019e-03 0.000000000000000000e+00
-2.526109999999999900e+01 1.000000000000000000e+00 1.529999999999999893e-03 0.000000000000000000e+00
-2.526109999999999900e+01 1.000000000000000000e+00 1.610000000000000103e-03 0.000000000000000000e+00
-2.526109999999999900e+01 1.000000000000000000e+00 1.680000000000000070e-03 0.000000000000000000e+00
-2.526109999999999900e+01 1.000000000000000000e+00 1.520000000000000084e-03 0.000000000000000000e+00
-2.526109999999999900e+01 1.000000000000000000e+00 1.410000000000000012e-03 0.000000000000000000e+00
-2.526109999999999900e+01 1.000000000000000000e+00 1.510000000000000057e-03 0.000000000000000000e+00
-2.526109999999999900e+01 1.000000000000000000e+00 1.629999999999999939e-03 0.000000000000000000e+00
-2.526109999999999900e+01 1.000000000000000000e+00 1.549999999999999946e-03 0.000000000000000000e+00
-2.526109999999999900e+01 1.000000000000000000e+00 1.529999999999999893e-03 0.000000000000000000e+00
-2.526109999999999900e+01 1.000000000000000000e+00 1.420000000000000038e-03 0.000000000000000000e+00
-2.526109999999999900e+01 1.000000000000000000e+00 1.520000000000000084e-03 0.000000000000000000e+00
-2.526109999999999900e+01 1.000000000000000000e+00 1.559999999999999972e-03 0.000000000000000000e+00
-2.526109999999999900e+01 1.000000000000000000e+00 1.449999999999999900e-03 0.000000000000000000e+00
-2.526109999999999900e+01 1.000000000000000000e+00 1.490000000000000005e-03 0.000000000000000000e+00
-2.526109999999999900e+01 1.000000000000000000e+00 1.500000000000000031e-03 0.000000000000000000e+00
-2.526109999999999900e+01 1.000000000000000000e+00 1.369999999999999907e-03 0.000000000000000000e+00
-2.526109999999999900e+01 1.000000000000000000e+00 1.520000000000000084e-03 0.000000000000000000e+00
-2.526109999999999900e+01 1.000000000000000000e+00 1.539999999999999919e-03 0.000000000000000000e+00
-2.526109999999999900e+01 1.000000000000000000e+00 1.209999999999999921e-03 0.000000000000000000e+00
-2.526109999999999900e+01 1.000000000000000000e+00 1.539999999999999919e-03 0.000000000000000000e+00
-2.526109999999999900e+01 1.000000000000000000e+00 1.539999999999999919e-03 0.000000000000000000e+00
-2.526109999999999900e+01 1.000000000000000000e+00 1.399999999999999986e-03 0.000000000000000000e+00
-2.526109999999999900e+01 1.000000000000000000e+00 1.440000000000000091e-03 0.000000000000000000e+00
-2.526109999999999900e+01 1.000000000000000000e+00 1.459999999999999926e-03 0.000000000000000000e+00
-2.526109999999999900e+01 1.000000000000000000e+00 1.619999999999999912e-03 0.000000000000000000e+00
-2.526109999999999900e+01 1.000000000000000000e+00 1.430000000000000064e-03 0.000000000000000000e+00
-2.526109999999999900e+01 1.000000000000000000e+00 1.389999999999999960e-03 0.000000000000000000e+00
-2.526109999999999900e+01 1.000000000000000000e+00 1.229999999999999974e-03 0.000000000000000000e+00
-2.526109999999999900e+01 1.000000000000000000e+00 1.490000000000000005e-03 0.000000000000000000e+00
-2.526109999999999900e+01 1.000000000000000000e+00 1.420000000000000038e-03 0.000000000000000000e+00
-2.526109999999999900e+01 1.000000000000000000e+00 1.330000000000000019e-03 0.000000000000000000e+00
-2.526109999999999900e+01 1.000000000000000000e+00 1.420000000000000038e-03 0.000000000000000000e+00
-2.526109999999999900e+01 1.000000000000000000e+00 1.430000000000000064e-03 0.000000000000000000e+00
-2.526109999999999900e+01 1.000000000000000000e+00 1.580000000000000024e-03 0.000000000000000000e+00
-2.526109999999999900e+01 1.000000000000000000e+00 1.389999999999999960e-03 0.000000000000000000e+00
-2.526109999999999900e+01 1.000000000000000000e+00 1.469999999999999953e-03 0.000000000000000000e+00
-2.526109999999999900e+01 1.000000000000000000e+00 1.610000000000000103e-03 0.000000000000000000e+00
-2.526109999999999900e+01 1.000000000000000000e+00 1.510000000000000057e-03 0.000000000000000000e+00
-2.526109999999999900e+01 1.000000000000000000e+00 1.490000000000000005e-03 0.000000000000000000e+00
-2.526109999999999900e+01 1.000000000000000000e+00 1.610000000000000103e-03 0.000000000000000000e+00
-2.526109999999999900e+01 1.000000000000000000e+00 1.319999999999999993e-03 0.000000000000000000e+00
-2.526109999999999900e+01 1.000000000000000000e+00 1.319999999999999993e-03 0.000000000000000000e+00
-2.526109999999999900e+01 1.000000000000000000e+00 1.449999999999999900e-03 0.000000000000000000e+00
-2.526109999999999900e+01 1.000000000000000000e+00 1.520000000000000084e-03 0.000000000000000000e+00
-2.526109999999999900e+01 1.000000000000000000e+00 1.449999999999999900e-03 0.000000000000000000e+00
-2.526109999999999900e+01 1.000000000000000000e+00 1.539999999999999919e-03 0.000000000000000000e+00
-2.526109999999999900e+01 1.000000000000000000e+00 1.529999999999999893e-03 0.000000000000000000e+00
-2.526109999999999900e+01 1.000000000000000000e+00 1.619999999999999912e-03 0.000000000000000000e+00
-2.526109999999999900e+01 1.000000000000000000e+00 1.459999999999999926e-03 0.000000000000000000e+00
-2.526109999999999900e+01 1.000000000000000000e+00 1.449999999999999900e-03 0.000000000000000000e+00
-2.526109999999999900e+01 1.000000000000000000e+00 1.500000000000000031e-03 0.000000000000000000e+00
-2.526109999999999900e+01 1.000000000000000000e+00 1.319999999999999993e-03 0.000000000000000000e+00
-2.526109999999999900e+01 1.000000000000000000e+00 1.420000000000000038e-03 0.000000000000000000e+00
-2.526109999999999900e+01 1.000000000000000000e+00 1.389999999999999960e-03 0.000000000000000000e+00
-2.526109999999999900e+01 1.000000000000000000e+00 1.510000000000000057e-03 0.000000000000000000e+00
-2.526109999999999900e+01 1.000000000000000000e+00 1.569999999999999998e-03 0.000000000000000000e+00
-2.526109999999999900e+01 1.000000000000000000e+00 1.539999999999999919e-03 0.000000000000000000e+00
-2.526109999999999900e+01 1.000000000000000000e+00 1.420000000000000038e-03 0.000000000000000000e+00
-2.526109999999999900e+01 1.000000000000000000e+00 1.459999999999999926e-03 0.000000000000000000e+00
-2.526109999999999900e+01 1.000000000000000000e+00 1.629999999999999939e-03 0.000000000000000000e+00
-2.526109999999999900e+01 1.000000000000000000e+00 1.379999999999999933e-03 0.000000000000000000e+00
-2.526109999999999900e+01 1.000000000000000000e+00 1.330000000000000019e-03 0.000000000000000000e+00
-2.526109999999999900e+01 1.000000000000000000e+00 1.529999999999999893e-03 0.000000000000000000e+00
-2.526109999999999900e+01 1.000000000000000000e+00 1.319999999999999993e-03 0.000000000000000000e+00
-2.526109999999999900e+01 1.000000000000000000e+00 1.180000000000000059e-03 0.000000000000000000e+00
-2.526109999999999900e+01 1.000000000000000000e+00 1.379999999999999933e-03 0.000000000000000000e+00
-2.526109999999999900e+01 1.000000000000000000e+00 1.090000000000000040e-03 0.000000000000000000e+00
-2.526109999999999900e+01 1.000000000000000000e+00 1.529999999999999893e-03 0.000000000000000000e+00
-2.526109999999999900e+01 1.000000000000000000e+00 1.680000000000000070e-03 0.000000000000000000e+00
-2.526109999999999900e+01 1.000000000000000000e+00 1.600000000000000077e-03 0.000000000000000000e+00
-2.526109999999999900e+01 1.000000000000000000e+00 1.340000000000000045e-03 0.000000000000000000e+00
-2.526109999999999900e+01 1.000000000000000000e+00 1.660000000000000017e-03 0.000000000000000000e+00
-2.526109999999999900e+01 1.000000000000000000e+00 1.389999999999999960e-03 0.000000000000000000e+00
-2.526109999999999900e+01 1.000000000000000000e+00 1.469999999999999953e-03 0.000000000000000000e+00
-2.526109999999999900e+01 1.000000000000000000e+00 1.440000000000000091e-03 0.000000000000000000e+00
-2.526109999999999900e+01 1.000000000000000000e+00 1.340000000000000045e-03 0.000000000000000000e+00
-2.526109999999999900e+01 1.000000000000000000e+00 1.770000000000000089e-03 0.000000000000000000e+00
-2.526109999999999900e+01 1.000000000000000000e+00 1.619999999999999912e-03 0.000000000000000000e+00
-2.526109999999999900e+01 1.000000000000000000e+00 1.529999999999999893e-03 0.000000000000000000e+00
-2.526109999999999900e+01 1.000000000000000000e+00 1.389999999999999960e-03 0.000000000000000000e+00
-2.526109999999999900e+01 1.000000000000000000e+00 1.490000000000000005e-03 0.000000000000000000e+00
-2.526109999999999900e+01 1.000000000000000000e+00 1.389999999999999960e-03 0.000000000000000000e+00
-2.526109999999999900e+01 1.000000000000000000e+00 1.449999999999999900e-03 0.000000000000000000e+00
-2.526109999999999900e+01 1.000000000000000000e+00 1.479999999999999979e-03 0.000000000000000000e+00
-2.526109999999999900e+01 1.000000000000000000e+00 1.449999999999999900e-03 0.000000000000000000e+00
-2.526109999999999900e+01 1.000000000000000000e+00 1.420000000000000038e-03 0.000000000000000000e+00
-2.526109999999999900e+01 1.000000000000000000e+00 1.459999999999999926e-03 0.000000000000000000e+00
-2.526109999999999900e+01 1.000000000000000000e+00 1.619999999999999912e-03 0.000000000000000000e+00
-2.526109999999999900e+01 1.000000000000000000e+00 1.569999999999999998e-03 0.000000000000000000e+00
-2.526109999999999900e+01 1.000000000000000000e+00 1.709999999999999932e-03 0.000000000000000000e+00
-2.526109999999999900e+01 1.000000000000000000e+00 1.260000000000000052e-03 0.000000000000000000e+00
-2.526109999999999900e+01 1.000000000000000000e+00 1.539999999999999919e-03 0.000000000000000000e+00
-2.526109999999999900e+01 1.000000000000000000e+00 1.500000000000000031e-03 0.000000000000000000e+00
-2.526109999999999900e+01 1.000000000000000000e+00 1.490000000000000005e-03 0.000000000000000000e+00
-2.526109999999999900e+01 1.000000000000000000e+00 1.180000000000000059e-03 0.000000000000000000e+00
-2.526109999999999900e+01 1.000000000000000000e+00 1.539999999999999919e-03 0.000000000000000000e+00
-2.526109999999999900e+01 1.000000000000000000e+00 1.379999999999999933e-03 0.000000000000000000e+00
-2.526109999999999900e+01 1.000000000000000000e+00 1.590000000000000050e-03 0.000000000000000000e+00
-2.526109999999999900e+01 1.000000000000000000e+00 1.399999999999999986e-03 0.000000000000000000e+00
-2.526109999999999900e+01 1.000000000000000000e+00 1.709999999999999932e-03 0.000000000000000000e+00
-2.526109999999999900e+01 1.000000000000000000e+00 1.479999999999999979e-03 0.000000000000000000e+00
-2.526109999999999900e+01 1.000000000000000000e+00 1.539999999999999919e-03 0.000000000000000000e+00
-2.526109999999999900e+01 1.000000000000000000e+00 1.529999999999999893e-03 0.000000000000000000e+00
-2.526109999999999900e+01 1.000000000000000000e+00 1.559999999999999972e-03 0.000000000000000000e+00
-2.526109999999999900e+01 1.000000000000000000e+00 1.319999999999999993e-03 0.000000000000000000e+00
-2.526109999999999900e+01 1.000000000000000000e+00 1.459999999999999926e-03 0.000000000000000000e+00
-2.526109999999999900e+01 1.000000000000000000e+00 1.670000000000000043e-03 0.000000000000000000e+00
-2.526109999999999900e+01 1.000000000000000000e+00 1.709999999999999932e-03 0.000000000000000000e+00
-2.526109999999999900e+01 1.000000000000000000e+00 1.430000000000000064e-03 0.000000000000000000e+00
-2.526109999999999900e+01 1.000000000000000000e+00 1.490000000000000005e-03 0.000000000000000000e+00
-2.526109999999999900e+01 1.000000000000000000e+00 1.459999999999999926e-03 0.000000000000000000e+00
-2.526109999999999900e+01 1.000000000000000000e+00 1.309999999999999967e-03 0.000000000000000000e+00
-2.526109999999999900e+01 1.000000000000000000e+00 1.260000000000000052e-03 0.000000000000000000e+00
-2.526109999999999900e+01 1.000000000000000000e+00 1.500000000000000031e-03 0.000000000000000000e+00
-2.526109999999999900e+01 1.000000000000000000e+00 1.309999999999999967e-03 0.000000000000000000e+00
-2.526109999999999900e+01 1.000000000000000000e+00 1.330000000000000019e-03 0.000000000000000000e+00
-2.526109999999999900e+01 1.000000000000000000e+00 1.299999999999999940e-03 0.000000000000000000e+00
-2.526109999999999900e+01 1.000000000000000000e+00 1.360000000000000098e-03 0.000000000000000000e+00
-2.526109999999999900e+01 1.000000000000000000e+00 1.449999999999999900e-03 0.000000000000000000e+00
-2.526109999999999900e+01 1.000000000000000000e+00 1.549999999999999946e-03 0.000000000000000000e+00
-2.526109999999999900e+01 1.000000000000000000e+00 1.729999999999999984e-03 0.000000000000000000e+00
-2.526109999999999900e+01 1.000000000000000000e+00 1.779999999999999898e-03 0.000000000000000000e+00
-2.526109999999999900e+01 1.000000000000000000e+00 1.410000000000000012e-03 0.000000000000000000e+00
-2.526109999999999900e+01 1.000000000000000000e+00 1.289999999999999914e-03 0.000000000000000000e+00
-2.526109999999999900e+01 1.000000000000000000e+00 1.670000000000000043e-03 0.000000000000000000e+00
-2.526109999999999900e+01 1.000000000000000000e+00 1.580000000000000024e-03 0.000000000000000000e+00
-2.526109999999999900e+01 1.000000000000000000e+00 1.520000000000000084e-03 0.000000000000000000e+00
-2.526109999999999900e+01 1.000000000000000000e+00 1.539999999999999919e-03 0.000000000000000000e+00
-2.526109999999999900e+01 1.000000000000000000e+00 1.680000000000000070e-03 0.000000000000000000e+00
-2.526109999999999900e+01 1.000000000000000000e+00 1.199999999999999895e-03 0.000000000000000000e+00
-2.526109999999999900e+01 1.000000000000000000e+00 1.340000000000000045e-03 0.000000000000000000e+00
-2.526109999999999900e+01 1.000000000000000000e+00 1.379999999999999933e-03 0.000000000000000000e+00
-2.526109999999999900e+01 1.000000000000000000e+00 1.559999999999999972e-03 0.000000000000000000e+00
-2.526109999999999900e+01 1.000000000000000000e+00 1.559999999999999972e-03 0.000000000000000000e+00
-2.526109999999999900e+01 1.000000000000000000e+00 1.449999999999999900e-03 0.000000000000000000e+00
-2.526109999999999900e+01 1.000000000000000000e+00 1.479999999999999979e-03 0.000000000000000000e+00
-2.526109999999999900e+01 1.000000000000000000e+00 1.590000000000000050e-03 0.000000000000000000e+00
-2.526109999999999900e+01 1.000000000000000000e+00 1.260000000000000052e-03 0.000000000000000000e+00
-2.526109999999999900e+01 1.000000000000000000e+00 1.649999999999999991e-03 0.000000000000000000e+00
-2.526109999999999900e+01 1.000000000000000000e+00 1.360000000000000098e-03 0.000000000000000000e+00
-2.526109999999999900e+01 1.000000000000000000e+00 1.520000000000000084e-03 0.000000000000000000e+00
-2.526109999999999900e+01 1.000000000000000000e+00 1.549999999999999946e-03 0.000000000000000000e+00
-2.526109999999999900e+01 1.000000000000000000e+00 1.510000000000000057e-03 0.000000000000000000e+00
-2.526109999999999900e+01 1.000000000000000000e+00 1.289999999999999914e-03 0.000000000000000000e+00
-2.526109999999999900e+01 1.000000000000000000e+00 1.479999999999999979e-03 0.000000000000000000e+00
-2.526109999999999900e+01 1.000000000000000000e+00 1.500000000000000031e-03 0.000000000000000000e+00
-2.526109999999999900e+01 1.000000000000000000e+00 1.490000000000000005e-03 0.000000000000000000e+00
-2.526109999999999900e+01 1.000000000000000000e+00 1.520000000000000084e-03 0.000000000000000000e+00
-2.526109999999999900e+01 1.000000000000000000e+00 1.430000000000000064e-03 0.000000000000000000e+00
-2.526109999999999900e+01 1.000000000000000000e+00 1.529999999999999893e-03 0.000000000000000000e+00
-2.526109999999999900e+01 1.000000000000000000e+00 1.539999999999999919e-03 0.000000000000000000e+00
-2.526109999999999900e+01 1.000000000000000000e+00 1.289999999999999914e-03 0.000000000000000000e+00
-2.526109999999999900e+01 1.000000000000000000e+00 1.369999999999999907e-03 0.000000000000000000e+00
-2.526109999999999900e+01 1.000000000000000000e+00 1.430000000000000064e-03 0.000000000000000000e+00
-2.526109999999999900e+01 1.000000000000000000e+00 1.520000000000000084e-03 0.000000000000000000e+00
-2.526109999999999900e+01 1.000000000000000000e+00 1.289999999999999914e-03 0.000000000000000000e+00
-2.526109999999999900e+01 1.000000000000000000e+00 1.529999999999999893e-03 0.000000000000000000e+00
-2.526109999999999900e+01 1.000000000000000000e+00 1.529999999999999893e-03 0.000000000000000000e+00
-2.526109999999999900e+01 1.000000000000000000e+00 1.330000000000000019e-03 0.000000000000000000e+00
-2.526109999999999900e+01 1.000000000000000000e+00 1.430000000000000064e-03 0.000000000000000000e+00
-2.526109999999999900e+01 1.000000000000000000e+00 1.270000000000000078e-03 0.000000000000000000e+00
-2.526109999999999900e+01 1.000000000000000000e+00 1.440000000000000091e-03 0.000000000000000000e+00
-2.526109999999999900e+01 1.000000000000000000e+00 1.369999999999999907e-03 0.000000000000000000e+00
-2.526109999999999900e+01 1.000000000000000000e+00 1.510000000000000057e-03 0.000000000000000000e+00
-2.526109999999999900e+01 1.000000000000000000e+00 1.580000000000000024e-03 0.000000000000000000e+00
-2.526109999999999900e+01 1.000000000000000000e+00 1.379999999999999933e-03 0.000000000000000000e+00
-2.526109999999999900e+01 1.000000000000000000e+00 1.539999999999999919e-03 0.000000000000000000e+00
-2.526109999999999900e+01 1.000000000000000000e+00 1.430000000000000064e-03 0.000000000000000000e+00
-2.526109999999999900e+01 1.000000000000000000e+00 1.459999999999999926e-03 0.000000000000000000e+00
-2.526109999999999900e+01 1.000000000000000000e+00 1.549999999999999946e-03 0.000000000000000000e+00
-2.526109999999999900e+01 1.000000000000000000e+00 1.469999999999999953e-03 0.000000000000000000e+00
-2.526109999999999900e+01 1.000000000000000000e+00 1.549999999999999946e-03 0.000000000000000000e+00
-2.526109999999999900e+01 1.000000000000000000e+00 1.529999999999999893e-03 0.000000000000000000e+00
-2.526109999999999900e+01 1.000000000000000000e+00 1.569999999999999998e-03 0.000000000000000000e+00
-2.526109999999999900e+01 1.000000000000000000e+00 1.619999999999999912e-03 0.000000000000000000e+00
-2.526109999999999900e+01 1.000000000000000000e+00 1.449999999999999900e-03 0.000000000000000000e+00
-2.526109999999999900e+01 1.000000000000000000e+00 1.500000000000000031e-03 0.000000000000000000e+00
-2.526109999999999900e+01 1.000000000000000000e+00 1.270000000000000078e-03 0.000000000000000000e+00
-2.526109999999999900e+01 1.000000000000000000e+00 1.559999999999999972e-03 0.000000000000000000e+00
-2.526109999999999900e+01 1.000000000000000000e+00 1.459999999999999926e-03 0.000000000000000000e+00
-2.526109999999999900e+01 1.000000000000000000e+00 1.449999999999999900e-03 0.000000000000000000e+00
-2.526109999999999900e+01 1.000000000000000000e+00 1.369999999999999907e-03 0.000000000000000000e+00
-2.526109999999999900e+01 1.000000000000000000e+00 1.539999999999999919e-03 0.000000000000000000e+00
-2.526109999999999900e+01 1.000000000000000000e+00 1.379999999999999933e-03 0.000000000000000000e+00
-2.526109999999999900e+01 1.000000000000000000e+00 1.520000000000000084e-03 0.000000000000000000e+00
-2.526109999999999900e+01 1.000000000000000000e+00 1.430000000000000064e-03 0.000000000000000000e+00
-2.526109999999999900e+01 1.000000000000000000e+00 1.629999999999999939e-03 0.000000000000000000e+00
-2.526109999999999900e+01 1.000000000000000000e+00 1.479999999999999979e-03 0.000000000000000000e+00
-2.526109999999999900e+01 1.000000000000000000e+00 1.430000000000000064e-03 0.000000000000000000e+00
-2.526109999999999900e+01 1.000000000000000000e+00 1.670000000000000043e-03 0.000000000000000000e+00
-2.526109999999999900e+01 1.000000000000000000e+00 1.469999999999999953e-03 0.000000000000000000e+00
-2.526109999999999900e+01 1.000000000000000000e+00 1.729999999999999984e-03 0.000000000000000000e+00
-2.526109999999999900e+01 1.000000000000000000e+00 1.420000000000000038e-03 0.000000000000000000e+00
-2.526109999999999900e+01 1.000000000000000000e+00 1.430000000000000064e-03 0.000000000000000000e+00
-2.526109999999999900e+01 1.000000000000000000e+00 1.539999999999999919e-03 0.000000000000000000e+00
-2.526109999999999900e+01 1.000000000000000000e+00 1.500000000000000031e-03 0.000000000000000000e+00
-2.526109999999999900e+01 1.000000000000000000e+00 1.600000000000000077e-03 0.000000000000000000e+00
-2.526109999999999900e+01 1.000000000000000000e+00 1.459999999999999926e-03 0.000000000000000000e+00
-2.526109999999999900e+01 1.000000000000000000e+00 1.309999999999999967e-03 0.000000000000000000e+00
-2.526109999999999900e+01 1.000000000000000000e+00 1.410000000000000012e-03 0.000000000000000000e+00
-2.526109999999999900e+01 1.000000000000000000e+00 1.660000000000000017e-03 0.000000000000000000e+00
-2.526109999999999900e+01 1.000000000000000000e+00 1.209999999999999921e-03 0.000000000000000000e+00
-2.526109999999999900e+01 1.000000000000000000e+00 1.610000000000000103e-03 0.000000000000000000e+00
-2.526109999999999900e+01 1.000000000000000000e+00 1.449999999999999900e-03 0.000000000000000000e+00
-2.526109999999999900e+01 1.000000000000000000e+00 1.619999999999999912e-03 0.000000000000000000e+00
-2.526109999999999900e+01 1.000000000000000000e+00 1.569999999999999998e-03 0.000000000000000000e+00
-2.526109999999999900e+01 1.000000000000000000e+00 1.369999999999999907e-03 0.000000000000000000e+00
-2.526109999999999900e+01 1.000000000000000000e+00 1.459999999999999926e-03 0.000000000000000000e+00
-2.526109999999999900e+01 1.000000000000000000e+00 1.440000000000000091e-03 0.000000000000000000e+00
-2.526109999999999900e+01 1.000000000000000000e+00 1.529999999999999893e-03 0.000000000000000000e+00
-2.526109999999999900e+01 1.000000000000000000e+00 1.440000000000000091e-03 0.000000000000000000e+00
-2.526109999999999900e+01 1.000000000000000000e+00 1.399999999999999986e-03 0.000000000000000000e+00
-2.526109999999999900e+01 1.000000000000000000e+00 1.420000000000000038e-03 0.000000000000000000e+00
-2.526109999999999900e+01 1.000000000000000000e+00 1.350000000000000071e-03 0.000000000000000000e+00
-2.526109999999999900e+01 1.000000000000000000e+00 1.430000000000000064e-03 0.000000000000000000e+00
-2.526109999999999900e+01 1.000000000000000000e+00 1.529999999999999893e-03 0.000000000000000000e+00
-2.526109999999999900e+01 1.000000000000000000e+00 1.379999999999999933e-03 0.000000000000000000e+00
-2.526109999999999900e+01 1.000000000000000000e+00 1.490000000000000005e-03 0.000000000000000000e+00
-2.526109999999999900e+01 1.000000000000000000e+00 1.459999999999999926e-03 0.000000000000000000e+00
-2.526109999999999900e+01 1.000000000000000000e+00 1.469999999999999953e-03 0.000000000000000000e+00
-2.526109999999999900e+01 1.000000000000000000e+00 1.590000000000000050e-03 0.000000000000000000e+00
-2.526109999999999900e+01 1.000000000000000000e+00 1.580000000000000024e-03 0.000000000000000000e+00
-2.526109999999999900e+01 1.000000000000000000e+00 1.639999999999999965e-03 0.000000000000000000e+00
-2.526109999999999900e+01 1.000000000000000000e+00 1.399999999999999986e-03 0.000000000000000000e+00
-2.526109999999999900e+01 1.000000000000000000e+00 1.350000000000000071e-03 0.000000000000000000e+00
-2.526109999999999900e+01 1.000000000000000000e+00 1.350000000000000071e-03 0.000000000000000000e+00
-2.526109999999999900e+01 1.000000000000000000e+00 1.600000000000000077e-03 0.000000000000000000e+00
-2.526109999999999900e+01 1.000000000000000000e+00 1.299999999999999940e-03 0.000000000000000000e+00
-2.526109999999999900e+01 1.000000000000000000e+00 1.319999999999999993e-03 0.000000000000000000e+00
-2.526109999999999900e+01 1.000000000000000000e+00 1.369999999999999907e-03 0.000000000000000000e+00
-2.526109999999999900e+01 1.000000000000000000e+00 1.440000000000000091e-03 0.000000000000000000e+00
-2.526109999999999900e+01 1.000000000000000000e+00 1.309999999999999967e-03 0.000000000000000000e+00
-2.526109999999999900e+01 1.000000000000000000e+00 1.500000000000000031e-03 0.000000000000000000e+00
-2.526109999999999900e+01 1.000000000000000000e+00 1.520000000000000084e-03 0.000000000000000000e+00
-2.526109999999999900e+01 1.000000000000000000e+00 1.680000000000000070e-03 0.000000000000000000e+00
-2.526109999999999900e+01 1.000000000000000000e+00 1.610000000000000103e-03 0.000000000000000000e+00
-2.526109999999999900e+01 1.000000000000000000e+00 1.459999999999999926e-03 0.000000000000000000e+00
-2.526109999999999900e+01 1.000000000000000000e+00 1.529999999999999893e-03 0.000000000000000000e+00
-2.526109999999999900e+01 1.000000000000000000e+00 1.569999999999999998e-03 0.000000000000000000e+00
-2.526109999999999900e+01 1.000000000000000000e+00 1.580000000000000024e-03 0.000000000000000000e+00
-2.526109999999999900e+01 1.000000000000000000e+00 1.440000000000000091e-03 0.000000000000000000e+00
-2.526109999999999900e+01 1.000000000000000000e+00 1.399999999999999986e-03 0.000000000000000000e+00
-2.526109999999999900e+01 1.000000000000000000e+00 1.629999999999999939e-03 0.000000000000000000e+00
-2.526109999999999900e+01 1.000000000000000000e+00 1.369999999999999907e-03 0.000000000000000000e+00
-2.526109999999999900e+01 1.000000000000000000e+00 1.369999999999999907e-03 0.000000000000000000e+00
-2.526109999999999900e+01 1.000000000000000000e+00 1.520000000000000084e-03 0.000000000000000000e+00
-2.526109999999999900e+01 1.000000000000000000e+00 1.410000000000000012e-03 0.000000000000000000e+00
-2.526109999999999900e+01 1.000000000000000000e+00 1.360000000000000098e-03 0.000000000000000000e+00
-2.526109999999999900e+01 1.000000000000000000e+00 1.500000000000000031e-03 0.000000000000000000e+00
-2.526109999999999900e+01 1.000000000000000000e+00 1.379999999999999933e-03 0.000000000000000000e+00
-2.526109999999999900e+01 1.000000000000000000e+00 1.899999999999999996e-03 0.000000000000000000e+00
-2.526109999999999900e+01 1.000000000000000000e+00 1.500000000000000031e-03 0.000000000000000000e+00
-2.526109999999999900e+01 1.000000000000000000e+00 1.479999999999999979e-03 0.000000000000000000e+00
-2.526109999999999900e+01 1.000000000000000000e+00 1.250000000000000026e-03 0.000000000000000000e+00
-2.526109999999999900e+01 1.000000000000000000e+00 1.600000000000000077e-03 0.000000000000000000e+00
-2.526109999999999900e+01 1.000000000000000000e+00 1.500000000000000031e-03 0.000000000000000000e+00
-2.526109999999999900e+01 1.000000000000000000e+00 1.340000000000000045e-03 0.000000000000000000e+00
-2.526109999999999900e+01 1.000000000000000000e+00 1.440000000000000091e-03 0.000000000000000000e+00
-2.526109999999999900e+01 1.000000000000000000e+00 1.529999999999999893e-03 0.000000000000000000e+00
-2.526109999999999900e+01 1.000000000000000000e+00 1.420000000000000038e-03 0.000000000000000000e+00
-2.526109999999999900e+01 1.000000000000000000e+00 1.420000000000000038e-03 0.000000000000000000e+00
-2.526109999999999900e+01 1.000000000000000000e+00 1.440000000000000091e-03 0.000000000000000000e+00
-2.526109999999999900e+01 1.000000000000000000e+00 1.539999999999999919e-03 0.000000000000000000e+00
-2.526109999999999900e+01 1.000000000000000000e+00 1.500000000000000031e-03 0.000000000000000000e+00
-2.526109999999999900e+01 1.000000000000000000e+00 1.500000000000000031e-03 0.000000000000000000e+00
-2.526109999999999900e+01 1.000000000000000000e+00 1.299999999999999940e-03 0.000000000000000000e+00
-2.526109999999999900e+01 1.000000000000000000e+00 1.520000000000000084e-03 0.000000000000000000e+00
-2.526109999999999900e+01 1.000000000000000000e+00 1.389999999999999960e-03 0.000000000000000000e+00
-2.526109999999999900e+01 1.000000000000000000e+00 1.360000000000000098e-03 0.000000000000000000e+00
-2.526109999999999900e+01 1.000000000000000000e+00 1.260000000000000052e-03 0.000000000000000000e+00
-2.526109999999999900e+01 1.000000000000000000e+00 1.529999999999999893e-03 0.000000000000000000e+00
-2.526109999999999900e+01 1.000000000000000000e+00 1.459999999999999926e-03 0.000000000000000000e+00
-2.526109999999999900e+01 1.000000000000000000e+00 1.309999999999999967e-03 0.000000000000000000e+00
-2.526109999999999900e+01 1.000000000000000000e+00 1.389999999999999960e-03 0.000000000000000000e+00
-2.526109999999999900e+01 1.000000000000000000e+00 1.619999999999999912e-03 0.000000000000000000e+00
-2.526109999999999900e+01 1.000000000000000000e+00 1.750000000000000036e-03 0.000000000000000000e+00
-2.526109999999999900e+01 1.000000000000000000e+00 1.529999999999999893e-03 0.000000000000000000e+00
-2.526109999999999900e+01 1.000000000000000000e+00 1.789999999999999925e-03 0.000000000000000000e+00
-2.526109999999999900e+01 1.000000000000000000e+00 1.760000000000000063e-03 0.000000000000000000e+00
-2.526109999999999900e+01 1.000000000000000000e+00 1.399999999999999986e-03 0.000000000000000000e+00
-2.526109999999999900e+01 1.000000000000000000e+00 1.330000000000000019e-03 0.000000000000000000e+00
-2.526109999999999900e+01 1.000000000000000000e+00 1.690000000000000096e-03 0.000000000000000000e+00
-2.526109999999999900e+01 1.000000000000000000e+00 1.680000000000000070e-03 0.000000000000000000e+00
-2.526109999999999900e+01 1.000000000000000000e+00 1.379999999999999933e-03 0.000000000000000000e+00
-2.526109999999999900e+01 1.000000000000000000e+00 1.399999999999999986e-03 0.000000000000000000e+00
-2.526109999999999900e+01 1.000000000000000000e+00 1.479999999999999979e-03 0.000000000000000000e+00
-2.526109999999999900e+01 1.000000000000000000e+00 1.389999999999999960e-03 0.000000000000000000e+00
