-3.966000000000000081e-01
-9.244999999999999885e-01
-1.592000000000000082e-01
-1.973000000000000032e-01
-4.220000000000000140e-02
4.884000000000000008e-01
-4.968000000000000194e-01
4.471999999999999864e-01
-6.692000000000000171e-01
-7.724999999999999645e-01
7.166000000000000147e-01
-2.690000000000000169e-01
6.930000000000000049e-02
-4.540000000000000285e-02
-3.620999999999999774e-01
-3.214000000000000190e-01
5.545999999999999819e-01
-7.265000000000000346e-01
-9.496999999999999886e-01
5.149000000000000243e-01
-7.808000000000000496e-01
2.576999999999999846e-01
-2.684000000000000274e-01
2.707999999999999852e-01
7.151999999999999469e-01
-3.130000000000000004e-01
-3.804000000000000159e-01
-7.237000000000000099e-01
4.656000000000000139e-01
1.585999999999999910e-01
-8.047999999999999599e-01
-1.773000000000000131e-01
5.875000000000000222e-01
-2.109000000000000041e-01
-4.491999999999999882e-01
5.109999999999999959e-02
-7.423999999999999488e-01
3.683000000000000163e-01
-1.068000000000000060e-01
-8.221000000000000529e-01
-7.408000000000000140e-01
-4.000000000000000083e-03
-2.331999999999999906e-01
-6.719999999999999585e-02
-2.172999999999999932e-01
-7.277000000000000135e-01
8.132000000000000339e-01
5.534999999999999920e-01
9.133999999999999897e-01
-5.769999999999999574e-01
3.885000000000000120e-01
-1.327000000000000124e-01
7.512999999999999678e-01
6.815999999999999837e-01
-7.839000000000000412e-01
-4.968000000000000194e-01
-3.099999999999999891e-03
6.149999999999999911e-01
-1.113999999999999990e-01
-4.768999999999999906e-01
-7.520000000000000295e-02
4.284000000000000030e-01
-8.763999999999999568e-01
-1.370999999999999996e-01
-7.882000000000000117e-01
9.119000000000000439e-01
5.911999999999999478e-01
2.403000000000000136e-01
8.441999999999999504e-01
-5.828999999999999737e-01
7.270999999999999686e-01
9.242000000000000215e-01
5.763000000000000345e-01
-6.242999999999999661e-01
-2.510000000000000009e-01
5.926000000000000156e-01
-2.319999999999999840e-02
-4.069999999999999729e-01
8.123000000000000220e-01
4.390000000000000013e-01
-1.890999999999999903e-01
6.724999999999999867e-01
-1.053000000000000047e-01
5.480000000000000149e-02
-9.406999999999999806e-01
7.496000000000000441e-01
-3.070999999999999841e-01
-9.332000000000000295e-01
-5.000000000000000104e-03
-1.254000000000000115e-01
-2.048000000000000098e-01
-2.202999999999999958e-01
-2.117999999999999883e-01
8.903999999999999693e-01
9.194999999999999840e-01
7.045000000000000151e-01
7.136000000000000121e-01
1.816000000000000114e-01
7.237000000000000099e-01
-3.548000000000000043e-01
4.225999999999999757e-01
6.689000000000000501e-01
3.896000000000000019e-01
-9.049000000000000377e-01
-4.539000000000000257e-01
2.960999999999999743e-01
-8.952999999999999847e-01
3.187999999999999723e-01
-4.907000000000000250e-01
-1.854000000000000092e-01
-4.900000000000000189e-02
-6.065000000000000391e-01
5.813000000000000389e-01
4.728999999999999870e-01
-7.589000000000000190e-01
-4.847000000000000197e-01
2.406999999999999973e-01
-9.940999999999999837e-01
4.813000000000000056e-01
-6.021999999999999575e-01
6.017000000000000126e-01
8.505000000000000338e-01
3.718000000000000194e-01
6.045000000000000373e-01
-6.472999999999999865e-01
