-8.209551600000004612e+01 6.131321711815130859e-01 0.000000000000000000e+00 3.299146119792425225e+00
-8.117522600000003763e+01 6.062589650271521524e-01 0.000000000000000000e+00 3.357008351861622941e+00
-8.233724200000004600e+01 6.149375071417746419e-01 0.000000000000000000e+00 2.924944163817577270e+00
-8.131680800000000886e+01 6.073163733155683142e-01 0.000000000000000000e+00 2.915469014217891175e+00
-8.316860800000007714e+01 6.211465824416546599e-01 0.000000000000000000e+00 2.993236824444080124e+00
-8.128253200000004597e+01 6.070603822538958028e-01 0.000000000000000000e+00 2.637713795782363757e+00
-8.243167000000002531e+01 6.156427447416005228e-01 0.000000000000000000e+00 3.080682444317698554e+00
-8.217883200000005672e+01 6.137544185643563077e-01 0.000000000000000000e+00 3.068497049173070312e+00
-8.208046800000003884e+01 6.130197848617542355e-01 0.000000000000000000e+00 2.637080522049666254e+00
-8.158769600000005084e+01 6.093395063157560632e-01 0.000000000000000000e+00 3.058618581691197491e+00
-8.289730399999999122e+01 6.191203425362951096e-01 0.000000000000000000e+00 3.476330555702246805e+00
-8.154596400000005474e+01 6.090278299537030815e-01 0.000000000000000000e+00 2.963489418649658091e+00
-8.269887000000005628e+01 6.176383338324800132e-01 0.000000000000000000e+00 2.617125834775718918e+00
-8.140171400000005519e+01 6.079504956484660383e-01 0.000000000000000000e+00 3.191178616535009560e+00
-8.256771400000008043e+01 6.166587923549227135e-01 0.000000000000000000e+00 2.638001395647542768e+00
-8.011159000000003516e+01 5.983151761114844369e-01 0.000000000000000000e+00 2.319616783114195169e+00
-8.136887600000007126e+01 6.077052443214965294e-01 0.000000000000000000e+00 2.847341480626616406e+00
-8.311955000000003224e+01 6.207801916870870906e-01 0.000000000000000000e+00 2.667670595777476894e+00
-8.234739400000003684e+01 6.150133275775926389e-01 0.000000000000000000e+00 3.776878920078500457e+00
-8.233413600000004351e+01 6.149143099122975631e-01 0.000000000000000000e+00 2.316675920169877223e+00
-8.296240600000001564e+01 6.196065582585797982e-01 0.000000000000000000e+00 2.783799035393644150e+00
-8.282338200000006623e+01 6.185682544495592072e-01 0.000000000000000000e+00 2.516337476860071032e+00
-8.205388000000004922e+01 6.128212117975765372e-01 0.000000000000000000e+00 2.263558724975815561e+00
-8.273387200000007624e+01 6.178997470411589088e-01 0.000000000000000000e+00 2.923682675235242723e+00
-8.261776000000006093e+01 6.170325620092719232e-01 0.000000000000000000e+00 3.094122074795590649e+00
-8.177810000000002333e+01 6.107615427875364711e-01 0.000000000000000000e+00 2.290815696989995764e+00
-8.322436200000001350e+01 6.215629824198460884e-01 0.000000000000000000e+00 2.952718165864507416e+00
-8.379563400000007789e+01 6.258295399465110265e-01 0.000000000000000000e+00 2.987985915217705735e+00
-8.302278800000003400e+01 6.200575225568040194e-01 0.000000000000000000e+00 2.509887935575505491e+00
-8.371612400000003618e+01 6.252357177585773362e-01 0.000000000000000000e+00 3.205237757396225629e+00
-8.305367800000001921e+01 6.202882252028265597e-01 0.000000000000000000e+00 2.509983830588186304e+00
-8.235232600000009029e+01 6.150501623283274322e-01 0.000000000000000000e+00 2.587179682593431007e+00
-8.348884000000003880e+01 6.235382421937143427e-01 0.000000000000000000e+00 2.708116599924729417e+00
-8.253808600000003537e+01 6.164375149837226786e-01 0.000000000000000000e+00 2.775486743262204570e+00
-8.421447400000002403e+01 6.289576557205520668e-01 0.000000000000000000e+00 2.320671569058919026e+00
-8.341527400000009607e+01 6.229888129008269715e-01 0.000000000000000000e+00 2.425914105361089312e+00
-8.447806800000003591e+01 6.309263133209309649e-01 0.000000000000000000e+00 2.374410860895685982e+00
-8.287395600000003526e+01 6.189459674835490199e-01 0.000000000000000000e+00 2.689776288407795146e+00
-8.536450000000006355e+01 6.375466502558347903e-01 0.000000000000000000e+00 3.028667128115814400e+00
-8.281481000000000847e+01 6.185042342785744829e-01 0.000000000000000000e+00 2.878023399624798806e+00
-8.545885400000004495e+01 6.382513351850293004e-01 0.000000000000000000e+00 3.203918184538450564e+00
-8.599374800000006758e+01 6.422462028166789905e-01 0.000000000000000000e+00 3.291552268253144398e+00
-8.538241400000003978e+01 6.376804413597791932e-01 0.000000000000000000e+00 2.933112903460841192e+00
-8.565832600000001662e+01 6.397410962147291880e-01 0.000000000000000000e+00 3.008495590037779888e+00
-8.606372000000006039e+01 6.427687902413308230e-01 0.000000000000000000e+00 3.333966013108960347e+00
-8.638935000000005004e+01 6.452007650753989187e-01 0.000000000000000000e+00 3.414419854577543934e+00
-8.446674600000002897e+01 6.308417547143181370e-01 0.000000000000000000e+00 2.756717176314222417e+00
-8.538244199999998330e+01 6.376806504783960605e-01 0.000000000000000000e+00 2.717207662406836199e+00
-8.657058400000002507e+01 6.465543152000109428e-01 0.000000000000000000e+00 2.744701756892152122e+00
-8.699998000000002207e+01 6.497612686927772829e-01 0.000000000000000000e+00 2.742443169839255290e+00
-8.519901000000002966e+01 6.363106845423255331e-01 0.000000000000000000e+00 2.235708884280895425e+00
-8.865462800000003085e+01 6.621190437603114987e-01 0.000000000000000000e+00 2.924823815261218485e+00
-8.736283200000001159e+01 6.524712368544677288e-01 0.000000000000000000e+00 3.311003280245119029e+00
-8.706043800000003330e+01 6.502128005986770320e-01 0.000000000000000000e+00 2.964314852985816540e+00
-8.753208200000003103e+01 6.537352842108724582e-01 0.000000000000000000e+00 2.991702589347255081e+00
-8.794903000000005022e+01 6.568492695412015969e-01 0.000000000000000000e+00 2.446415785564381107e+00
-8.813596000000003983e+01 6.582453603673918963e-01 0.000000000000000000e+00 2.673759699469091089e+00
-8.679340200000008565e+01 6.482184363454138731e-01 0.000000000000000000e+00 3.443679457213804973e+00
-8.759883000000003506e+01 6.542337931204459389e-01 0.000000000000000000e+00 2.821698957000798202e+00
-8.846296400000001370e+01 6.606875969507519653e-01 0.000000000000000000e+00 3.277111921396273608e+00
-8.805726200000006543e+01 6.576576026193605706e-01 0.000000000000000000e+00 2.645013339898001803e+00
-8.581768400000001407e+01 6.409312649510476856e-01 0.000000000000000000e+00 2.363605726180304956e+00
-8.754097400000003404e+01 6.538016943089117738e-01 0.000000000000000000e+00 2.329823179947831058e+00
-8.832438999999999396e+01 6.596526539766518482e-01 0.000000000000000000e+00 3.174280439944483057e+00
-8.817339400000007288e+01 6.585249370216884612e-01 0.000000000000000000e+00 2.623026318402914114e+00
-8.757646200000000647e+01 6.540667372193049722e-01 0.000000000000000000e+00 2.703644831240025859e+00
-8.821695000000008235e+01 6.588502359679546672e-01 0.000000000000000000e+00 2.393245176459458445e+00
-8.691600600000006693e+01 6.491341070224277976e-01 0.000000000000000000e+00 3.182675291587378830e+00
-8.846811800000006087e+01 6.607260897133809818e-01 0.000000000000000000e+00 2.800459506032045631e+00
-8.831158800000002884e+01 6.595570419574102727e-01 0.000000000000000000e+00 2.906291811569506223e+00
-8.980733800000008671e+01 6.707280838087676944e-01 0.000000000000000000e+00 3.262707286677953178e+00
-8.759699400000003777e+01 6.542200809139682161e-01 0.000000000000000000e+00 2.694562873633427724e+00
-8.677446400000006577e+01 6.480769974748932238e-01 0.000000000000000000e+00 2.604834082058691269e+00
-8.814312000000005298e+01 6.582988349852463283e-01 0.000000000000000000e+00 2.664172051273693054e+00
-8.724010000000002663e+01 6.515546102066318568e-01 0.000000000000000000e+00 2.098367880043916500e+00
-8.731915400000001171e+01 6.521450267485118246e-01 0.000000000000000000e+00 3.314467957774693829e+00
-8.757897400000005916e+01 6.540854981466867057e-01 0.000000000000000000e+00 2.728620194712693792e+00
-8.700203000000006170e+01 6.497765791629733778e-01 0.000000000000000000e+00 2.545529288673564761e+00
-8.877452000000005228e+01 6.630144598055350835e-01 0.000000000000000000e+00 2.679122975222233194e+00
-8.830991800000006720e+01 6.595445695255925944e-01 0.000000000000000000e+00 2.280744427486585124e+00
-8.807261800000006247e+01 6.577722892439097357e-01 0.000000000000000000e+00 3.264093979273775759e+00
-8.845455400000007273e+01 6.606247866803396374e-01 0.000000000000000000e+00 2.966444491899215219e+00
-8.695114400000001353e+01 6.493965359501044921e-01 0.000000000000000000e+00 2.211910688751727694e+00
-8.860711600000004751e+01 6.617641993408286405e-01 0.000000000000000000e+00 2.774101695379437071e+00
-8.809530000000003724e+01 6.579416902609729334e-01 0.000000000000000000e+00 2.644521614831902401e+00
-8.835291800000004514e+01 6.598657159736006639e-01 0.000000000000000000e+00 2.109449067065004346e+00
-8.712170400000009352e+01 6.506703670703908315e-01 0.000000000000000000e+00 2.705069727435296834e+00
-8.759053400000000522e+01 6.541718342615462367e-01 0.000000000000000000e+00 2.653250082758993322e+00
-8.931917200000006574e+01 6.670822052753163645e-01 0.000000000000000000e+00 3.056820335520640697e+00
-8.713485400000008951e+01 6.507685781353049759e-01 0.000000000000000000e+00 2.872543838222331836e+00
-8.809490200000007576e+01 6.579387177891985461e-01 0.000000000000000000e+00 3.213864980223511303e+00
-8.798112000000006105e+01 6.570889344136804366e-01 0.000000000000000000e+00 2.372927870625637148e+00
-8.899277000000000726e+01 6.646444647422278251e-01 0.000000000000000000e+00 2.598624547659197148e+00
-8.759174800000003813e+01 6.541809010473111918e-01 0.000000000000000000e+00 2.882822649204011434e+00
-8.939997200000003374e+01 6.676856618566897605e-01 0.000000000000000000e+00 3.135852215457207048e+00
-8.858232600000009427e+01 6.615790546792912341e-01 0.000000000000000000e+00 2.944825970904415335e+00
-8.747697200000003193e+01 6.533236939608786376e-01 0.000000000000000000e+00 2.472478519688127374e+00
-8.862062000000008766e+01 6.618650542625476030e-01 0.000000000000000000e+00 2.738816741336714600e+00
-8.806699000000001831e+01 6.577302564018305819e-01 0.000000000000000000e+00 2.906918823421046127e+00
-8.791341400000004569e+01 6.565832706599862290e-01 0.000000000000000000e+00 2.340692531598028037e+00
-8.868828600000004769e+01 6.623704192753595565e-01 0.000000000000000000e+00 2.883890082139508593e+00
-8.880666000000002214e+01 6.632544981041158527e-01 0.000000000000000000e+00 2.983878984466259432e+00
-8.677541200000005972e+01 6.480840776337934983e-01 0.000000000000000000e+00 2.884325309315083796e+00
-8.921079800000005378e+01 6.662728116670268985e-01 0.000000000000000000e+00 2.525794617960289923e+00
-8.674264800000005948e+01 6.478393789774552491e-01 0.000000000000000000e+00 3.002096454768456102e+00
-8.786329200000008655e+01 6.562089333979616024e-01 0.000000000000000000e+00 2.493163031117966888e+00
-8.611157599999999945e+01 6.431262038323974917e-01 0.000000000000000000e+00 2.401016582810983291e+00
-8.842095600000006073e+01 6.603738592766144055e-01 0.000000000000000000e+00 2.949377264602399684e+00
-8.874186000000004526e+01 6.627705378754896737e-01 0.000000000000000000e+00 2.424230796759994533e+00
-8.708707600000006721e+01 6.504117470889573260e-01 0.000000000000000000e+00 2.710508444200985245e+00
-8.796429200000004300e+01 6.569632541246783752e-01 0.000000000000000000e+00 3.501321192127395232e+00
-8.830744000000004235e+01 6.595260625279606437e-01 0.000000000000000000e+00 2.893078694631955106e+00
-8.743193600000006427e+01 6.529873416019835730e-01 0.000000000000000000e+00 2.522729208235566123e+00
-8.727248000000003003e+01 6.517964409505041523e-01 0.000000000000000000e+00 2.291259038744040577e+00
-8.829539600000005350e+01 6.594361116484301899e-01 0.000000000000000000e+00 2.858018107184407075e+00
-8.756012600000005364e+01 6.539447314431504621e-01 0.000000000000000000e+00 2.758565850444096856e+00
-8.840301000000003739e+01 6.602398291799640440e-01 0.000000000000000000e+00 2.696969971537269473e+00
-8.824208600000004310e+01 6.590379647381203743e-01 0.000000000000000000e+00 2.698302265230767993e+00
-8.849314200000003439e+01 6.609129820090775542e-01 0.000000000000000000e+00 2.673574058729458969e+00
-8.727611400000003528e+01 6.518235815596218341e-01 0.000000000000000000e+00 2.397662508707304241e+00
-8.828205800000006320e+01 6.593364965013713830e-01 0.000000000000000000e+00 2.291664467709358721e+00
-8.745688000000004081e+01 6.531736364159164143e-01 0.000000000000000000e+00 2.551912938019696764e+00
-8.749489400000005901e+01 6.534575448129998909e-01 0.000000000000000000e+00 2.019300553062866488e+00
-8.892402400000003126e+01 6.641310337256053353e-01 0.000000000000000000e+00 3.065223311426613417e+00
-8.955760400000006882e+01 6.688629399239560680e-01 0.000000000000000000e+00 2.572016593954983055e+00
-8.822758200000005502e+01 6.589296412943550507e-01 0.000000000000000000e+00 2.800449736334029271e+00
-9.003935000000004152e+01 6.724608705458671176e-01 0.000000000000000000e+00 3.331946222949323300e+00
-8.752251200000004872e+01 6.536638104548856409e-01 0.000000000000000000e+00 3.210175861486832094e+00
-8.894450200000007101e+01 6.642839741200780024e-01 0.000000000000000000e+00 2.605291629500128714e+00
-8.890353999999999246e+01 6.639780485200003080e-01 0.000000000000000000e+00 2.677262524416772482e+00
-8.867257200000004502e+01 6.622530589199177031e-01 0.000000000000000000e+00 2.487733512072157094e+00
-8.756610200000005761e+01 6.539893633309015186e-01 0.000000000000000000e+00 2.915843079910615199e+00
-8.866297200000005319e+01 6.621813611082693063e-01 0.000000000000000000e+00 2.645294328359799607e+00
-8.910527400000006537e+01 6.654847033465706163e-01 0.000000000000000000e+00 2.657016429986114758e+00
-8.704116800000001319e+01 6.500688821788368488e-01 0.000000000000000000e+00 2.778090137976669816e+00
-8.897035200000001964e+01 6.644770354149849290e-01 0.000000000000000000e+00 2.486956351900567963e+00
-8.942324400000003948e+01 6.678594693017607664e-01 0.000000000000000000e+00 2.512288113355848562e+00
-8.919606000000005963e+01 6.661627405891025200e-01 0.000000000000000000e+00 2.940691662472857182e+00
-8.905430600000003949e+01 6.651040477148939534e-01 0.000000000000000000e+00 2.420909226216422017e+00
-8.716057600000002026e+01 6.509606834593897329e-01 0.000000000000000000e+00 2.261208872500448663e+00
-8.805817000000003247e+01 6.576643840373787020e-01 0.000000000000000000e+00 3.119731976622285963e+00
-8.827618000000005338e+01 6.592925965287808054e-01 0.000000000000000000e+00 2.638120368211374522e+00
-8.780441600000004598e+01 6.557692166939396161e-01 0.000000000000000000e+00 2.693889586000064451e+00
-8.864546000000001413e+01 6.620505723501871609e-01 0.000000000000000000e+00 3.076292852697147584e+00
-8.746033000000005586e+01 6.531994028169776367e-01 0.000000000000000000e+00 2.599009768443483193e+00
-8.851764800000006517e+01 6.610960056103543092e-01 0.000000000000000000e+00 2.846414410598823608e+00
-8.843926800000004107e+01 6.605106228523335288e-01 0.000000000000000000e+00 3.120449021783806121e+00
-8.827732600000003060e+01 6.593011554550460840e-01 0.000000000000000000e+00 3.464329184635777104e+00
-8.827582000000003859e+01 6.592899078608438490e-01 0.000000000000000000e+00 2.495792492345564106e+00
-8.729588800000001925e+01 6.519712641145732901e-01 0.000000000000000000e+00 2.639918087315085149e+00
-8.961583800000005340e+01 6.692978618368237154e-01 0.000000000000000000e+00 3.007853189074603417e+00
-8.799791200000005631e+01 6.572143458358886692e-01 0.000000000000000000e+00 2.858834803798586677e+00
-8.894639400000006901e+01 6.642981045637903481e-01 0.000000000000000000e+00 2.843774997770293744e+00
-8.798879400000005546e+01 6.571462478518668160e-01 0.000000000000000000e+00 2.369790695178275897e+00
-8.714425600000008387e+01 6.508387971795880356e-01 0.000000000000000000e+00 2.497040223634469758e+00
-8.741908000000009338e+01 6.528913262825513097e-01 0.000000000000000000e+00 2.203614482314605549e+00
-8.882452800000005766e+01 6.633879456560466403e-01 0.000000000000000000e+00 2.669984565917634445e+00
-8.744491000000007830e+01 6.530842382070175534e-01 0.000000000000000000e+00 2.984850465147782295e+00
-8.790360400000002983e+01 6.565100044587078854e-01 0.000000000000000000e+00 3.025969458274170965e+00
-8.820484800000009784e+01 6.587598519141456554e-01 0.000000000000000000e+00 2.895148706513059889e+00
-8.786071800000003407e+01 6.561897094222129967e-01 0.000000000000000000e+00 2.609379738999094922e+00
-8.882289400000007618e+01 6.633757420910224578e-01 0.000000000000000000e+00 2.959831393430948587e+00
-8.875392800000010141e+01 6.628606679995496798e-01 0.000000000000000000e+00 2.486523685063103617e+00
-8.748673600000002182e+01 6.533966166101425888e-01 0.000000000000000000e+00 2.663718273904226663e+00
-8.827376200000000495e+01 6.592745376424714587e-01 0.000000000000000000e+00 2.991861290699126208e+00
-8.888457600000009506e+01 6.638364154679073925e-01 0.000000000000000000e+00 2.893290490644961910e+00
-8.792916800000008948e+01 6.567009297563103365e-01 0.000000000000000000e+00 2.745630391190019282e+00
-8.914617800000004877e+01 6.657901957723688646e-01 0.000000000000000000e+00 3.909033028162935519e+00
-8.872238200000003872e+01 6.626250660030639228e-01 0.000000000000000000e+00 2.749692970496152800e+00
-8.796503400000003126e+01 6.569687957680369061e-01 0.000000000000000000e+00 2.700049993858887110e+00
-8.850169200000006242e+01 6.609768378725771054e-01 0.000000000000000000e+00 2.900582702854198391e+00
-8.842629400000008388e+01 6.604137262472998815e-01 0.000000000000000000e+00 3.238145597696747924e+00
-8.738166400000008593e+01 6.526118840616518257e-01 0.000000000000000000e+00 2.287804849235584470e+00
-8.848091200000006040e+01 6.608216419844465950e-01 0.000000000000000000e+00 2.699591923493232848e+00
-8.831703800000006765e+01 6.595977454025651054e-01 0.000000000000000000e+00 2.945861108686682162e+00
-8.772019400000007749e+01 6.551402028301223091e-01 0.000000000000000000e+00 2.807382739784584746e+00
-8.954218600000007200e+01 6.687477902510400307e-01 0.000000000000000000e+00 2.483617729699313159e+00
-8.869463400000002196e+01 6.624178294533118461e-01 0.000000000000000000e+00 2.961651609389257978e+00
-8.846889000000005865e+01 6.607318554124010923e-01 0.000000000000000000e+00 2.658043596388710572e+00
-8.809942800000006002e+01 6.579725203199818795e-01 0.000000000000000000e+00 2.766685230827823805e+00
-8.740991800000003309e+01 6.528228996835589992e-01 0.000000000000000000e+00 2.437053262055831837e+00
-8.749823000000006346e+01 6.534824598025477105e-01 0.000000000000000000e+00 3.016283991314914203e+00
-8.839441600000004939e+01 6.601756447014948126e-01 0.000000000000000000e+00 3.454267096780883062e+00
-8.794990800000003617e+01 6.568558269035585928e-01 0.000000000000000000e+00 2.521726664658261896e+00
-8.845716400000006274e+01 6.606442795228814058e-01 0.000000000000000000e+00 3.247929554254214146e+00
-8.858189600000005726e+01 6.615758432148108881e-01 0.000000000000000000e+00 2.348012879351388804e+00
-8.809176400000008300e+01 6.579152815670160637e-01 0.000000000000000000e+00 2.649112968962869630e+00
-8.822736800000001267e+01 6.589280430306367897e-01 0.000000000000000000e+00 2.561379789811054852e+00
-8.828490600000003496e+01 6.593577668521601876e-01 0.000000000000000000e+00 2.872769017136989067e+00
-8.827055600000007018e+01 6.592505935607901879e-01 0.000000000000000000e+00 3.150122739321742138e+00
-8.823453600000007668e+01 6.589815773966679613e-01 0.000000000000000000e+00 2.763496916513532131e+00
-8.872909600000006947e+01 6.626752096600857511e-01 0.000000000000000000e+00 2.829894066615686210e+00
-8.893549600000007160e+01 6.642167126105253949e-01 0.000000000000000000e+00 2.414354934947020581e+00
-8.874415400000002307e+01 6.627876706650646099e-01 0.000000000000000000e+00 2.340062608133346433e+00
-8.860455400000006421e+01 6.617450649873450885e-01 0.000000000000000000e+00 2.769816540743768929e+00
-8.879337000000003854e+01 6.631552414461152622e-01 0.000000000000000000e+00 2.872756506309829039e+00
-8.808737600000007717e+01 6.578825096922751303e-01 0.000000000000000000e+00 2.442858245560522779e+00
-8.819086200000006670e+01 6.586553971648001493e-01 0.000000000000000000e+00 3.179428255659317415e+00
-8.884294400000004543e+01 6.635254859580586029e-01 0.000000000000000000e+00 2.898711498019681976e+00
-8.820760600000005525e+01 6.587804500979501654e-01 0.000000000000000000e+00 3.197200566714891945e+00
-8.787051800000006097e+01 6.562629009382708878e-01 0.000000000000000000e+00 2.690560869334109206e+00
-8.843417600000003631e+01 6.604725931380716064e-01 0.000000000000000000e+00 2.609266186370676088e+00
-8.878009800000002372e+01 6.630561192215113087e-01 0.000000000000000000e+00 3.215732759952278919e+00
-8.828784400000000687e+01 6.593797093699331757e-01 0.000000000000000000e+00 2.496903822386129512e+00
-8.724274000000004037e+01 6.515743271048352048e-01 0.000000000000000000e+00 2.691387325180345513e+00
-8.945280600000006643e+01 6.680802537505056149e-01 0.000000000000000000e+00 2.694593784337427689e+00
-8.912635800000006725e+01 6.656421696654032383e-01 0.000000000000000000e+00 3.148447155912215578e+00
-8.787051600000000917e+01 6.562628860012263976e-01 0.000000000000000000e+00 3.149643832829484680e+00
-8.819018800000002045e+01 6.586503633809404068e-01 0.000000000000000000e+00 2.955177959579395441e+00
-8.793930600000004461e+01 6.567766456328194558e-01 0.000000000000000000e+00 2.879097310477011007e+00
-8.862151800000003732e+01 6.618717609953451708e-01 0.000000000000000000e+00 2.715166636863261207e+00
-8.824184600000005219e+01 6.590361722928291810e-01 0.000000000000000000e+00 3.169520627662131940e+00
-8.782203400000004478e+01 6.559007971153584249e-01 0.000000000000000000e+00 2.594179062074368769e+00
-8.726893200000003503e+01 6.517699426342824509e-01 0.000000000000000000e+00 3.349525089777125597e+00
-8.833165400000004297e+01 6.597069053207995637e-01 0.000000000000000000e+00 2.841692725995147661e+00
-8.897690200000009497e+01 6.645259542343913139e-01 0.000000000000000000e+00 3.040666745396741089e+00
-8.809263600000008410e+01 6.579217941182408103e-01 0.000000000000000000e+00 2.877476461022993259e+00
-8.835953400000006752e+01 6.599151277154617912e-01 0.000000000000000000e+00 3.028882198196142461e+00
-8.859306800000005921e+01 6.616592815431165953e-01 0.000000000000000000e+00 4.033079591890198046e+00
-8.760930000000000462e+01 6.543119885462747032e-01 0.000000000000000000e+00 2.203710093859394537e+00
-8.763727600000005680e+01 6.545209279190535856e-01 0.000000000000000000e+00 2.654892983409609997e+00
-8.857824600000002135e+01 6.615485831093400604e-01 0.000000000000000000e+00 2.859962218420362134e+00
-8.859162600000004772e+01 6.616485119343251675e-01 0.000000000000000000e+00 2.269992375309580979e+00
-8.824185400000004620e+01 6.590362320410055874e-01 0.000000000000000000e+00 2.331826862754314167e+00
-8.802875799999996786e+01 6.574447198669406411e-01 0.000000000000000000e+00 2.303630424780796826e+00
-8.805806000000006861e+01 6.576635624999538354e-01 0.000000000000000000e+00 2.732514712594509732e+00
-8.918240600000005713e+01 6.660607653890768809e-01 0.000000000000000000e+00 2.951479709898652271e+00
-8.846014000000002397e+01 6.606665058444921579e-01 0.000000000000000000e+00 2.753138614877077561e+00
-8.798484399999998118e+01 6.571167471897817469e-01 0.000000000000000000e+00 2.546190992713974754e+00
-8.816633200000008230e+01 6.584721943189947302e-01 0.000000000000000000e+00 2.899646327402043866e+00
-8.714577200000005064e+01 6.508501194590105010e-01 0.000000000000000000e+00 2.989139779574441214e+00
-8.876423400000004449e+01 6.629376385877625566e-01 0.000000000000000000e+00 2.783883783138987766e+00
-8.866333000000004461e+01 6.621840348391619946e-01 0.000000000000000000e+00 2.950907850633308627e+00
-8.872132000000001995e+01 6.626171344326501345e-01 0.000000000000000000e+00 2.752856896264883613e+00
-8.842490000000002226e+01 6.604033151275663371e-01 0.000000000000000000e+00 2.179677799375610903e+00
-8.827601200000009385e+01 6.592913418170772699e-01 0.000000000000000000e+00 2.541025460431598493e+00
-8.848560400000003767e+01 6.608566842898895288e-01 0.000000000000000000e+00 2.883586209752492469e+00
-8.809962400000004834e+01 6.579739841503029485e-01 0.000000000000000000e+00 2.843873768353172071e+00
-8.805220200000006514e+01 6.576198118978042739e-01 0.000000000000000000e+00 2.862911707412647999e+00
-8.762139600000003270e+01 6.544023277889517987e-01 0.000000000000000000e+00 2.301419399437019120e+00
-8.836033400000005145e+01 6.599211025330991021e-01 0.000000000000000000e+00 2.500609024493389398e+00
-8.866612200000001565e+01 6.622048869527161763e-01 0.000000000000000000e+00 3.165716058388589271e+00
-8.745862000000002467e+01 6.531866316442774822e-01 0.000000000000000000e+00 2.589251798797436166e+00
-8.803858000000006712e+01 6.575180756904840385e-01 0.000000000000000000e+00 2.725583474110347737e+00
-8.772610400000004915e+01 6.551843417954181792e-01 0.000000000000000000e+00 2.707567898918984195e+00
-8.745502600000006055e+01 6.531597897760419436e-01 0.000000000000000000e+00 1.993338322007540908e+00
-8.846679400000004989e+01 6.607162013901911601e-01 0.000000000000000000e+00 2.946845793740291874e+00
-8.842861200000005795e+01 6.604310382814039260e-01 0.000000000000000000e+00 3.203443167078671827e+00
-8.812762200000007340e+01 6.581830878305666710e-01 0.000000000000000000e+00 3.104464678054637883e+00
-8.808843800000008173e+01 6.578904412626886966e-01 0.000000000000000000e+00 2.570878302255098280e+00
-8.781129600000004132e+01 6.558206001256209339e-01 0.000000000000000000e+00 3.033244825479303408e+00
-8.802637200000005180e+01 6.574268999733378083e-01 0.000000000000000000e+00 2.296820382333592647e+00
-8.884774000000003014e+01 6.635613049897944871e-01 0.000000000000000000e+00 2.856140920468693611e+00
-8.763155000000007533e+01 6.544781631618143969e-01 0.000000000000000000e+00 3.029495145509672582e+00
-8.825286000000011200e+01 6.591184305946520272e-01 0.000000000000000000e+00 2.989103322051445577e+00
-8.900442400000009968e+01 6.647315028981607421e-01 0.000000000000000000e+00 2.840701096955901672e+00
-8.824009200000007525e+01 6.590230725051594574e-01 0.000000000000000000e+00 2.397687989561795963e+00
-8.836270000000006064e+01 6.599387730562615850e-01 0.000000000000000000e+00 2.189812135847052588e+00
-8.837795600000002594e+01 6.600527128286058920e-01 0.000000000000000000e+00 2.474320478018850356e+00
-8.781096000000007962e+01 6.558180907022135298e-01 0.000000000000000000e+00 2.689593839112875528e+00
-8.814425800000005040e+01 6.583073341633355335e-01 0.000000000000000000e+00 2.736120718480266945e+00
-8.819812000000007401e+01 6.587096036978152824e-01 0.000000000000000000e+00 2.261151856014892658e+00
-8.785032400000005737e+01 6.561120816040597603e-01 0.000000000000000000e+00 3.145424271204574129e+00
-8.958899400000007063e+01 6.690973768310021219e-01 0.000000000000000000e+00 3.463796053838894995e+00
-8.838890200000007269e+01 6.601344632709293947e-01 0.000000000000000000e+00 2.844696360995068840e+00
-8.916038800000004017e+01 6.658963234706524181e-01 0.000000000000000000e+00 2.909061529580433625e+00
-8.805618800000004853e+01 6.576495814266822837e-01 0.000000000000000000e+00 2.883471035327338949e+00
-8.765848600000006741e+01 6.546793352716643311e-01 0.000000000000000000e+00 2.913528408732079633e+00
-8.740953200000002710e+01 6.528200168340488885e-01 0.000000000000000000e+00 2.526495779736484426e+00
-8.875908000000009679e+01 6.628991458251343172e-01 0.000000000000000000e+00 3.089538240742474073e+00
-8.856753400000006593e+01 6.614685803011761678e-01 0.000000000000000000e+00 2.265654104325831142e+00
-8.918434400000005269e+01 6.660752393848032860e-01 0.000000000000000000e+00 2.650640745038181034e+00
-8.990961400000003323e+01 6.714919343696159615e-01 0.000000000000000000e+00 3.097451815427146204e+00
-8.778919400000003748e+01 6.556555308513446478e-01 0.000000000000000000e+00 3.013822575388809710e+00
-8.871591200000004562e+01 6.625767446654218240e-01 0.000000000000000000e+00 2.808393741397960053e+00
-8.858857800000004090e+01 6.616257478791267577e-01 0.000000000000000000e+00 2.588057423667020629e+00
-8.859528400000007764e+01 6.616758317879722906e-01 0.000000000000000000e+00 2.697346549149006734e+00
-8.848293400000007125e+01 6.608367433360250454e-01 0.000000000000000000e+00 2.822432822659962426e+00
-8.985379600000007372e+01 6.710750564060133927e-01 0.000000000000000000e+00 2.945740794960572728e+00
-8.938073800000009328e+01 6.675420123036439612e-01 0.000000000000000000e+00 2.683749360212388080e+00
-8.893671000000000504e+01 6.642257793962895729e-01 0.000000000000000000e+00 2.979833327096119255e+00
-8.884312600000002647e+01 6.635268452290710162e-01 0.000000000000000000e+00 3.461069819036660888e+00
-8.934470200000006912e+01 6.672728766431688108e-01 0.000000000000000000e+00 2.982766180252245380e+00
-8.925335200000004932e+01 6.665906271542022532e-01 0.000000000000000000e+00 2.897216793263437840e+00
-8.906486200000007614e+01 6.651828854336192531e-01 0.000000000000000000e+00 2.894338105202687750e+00
-8.802678200000006825e+01 6.574299620673770272e-01 0.000000000000000000e+00 2.579393663634142353e+00
-8.812493600000001948e+01 6.581630273803488196e-01 0.000000000000000000e+00 2.950606896706664539e+00
-8.789265800000008255e+01 6.564282540163850488e-01 0.000000000000000000e+00 2.153834964611689440e+00
-8.855171200000000908e+01 6.613504133453528278e-01 0.000000000000000000e+00 2.973794473116694093e+00
-8.717027200000002551e+01 6.510330982491545626e-01 0.000000000000000000e+00 2.457093370453649062e+00
-8.815791800000005196e+01 6.584093541744935330e-01 0.000000000000000000e+00 2.660780583894944762e+00
-8.881149199999998700e+01 6.632905860026453437e-01 0.000000000000000000e+00 2.496743411681251690e+00
-8.832433800000003998e+01 6.596522656135057616e-01 0.000000000000000000e+00 2.787869465618734832e+00
-8.802451600000001974e+01 6.574130383964188473e-01 0.000000000000000000e+00 2.658895168090109173e+00
-8.845481800000007411e+01 6.606267583701599388e-01 0.000000000000000000e+00 2.780233189129169613e+00
-8.947153000000000134e+01 6.682200943573075591e-01 0.000000000000000000e+00 3.324131869702481534e+00
-8.800118800000007013e+01 6.572388127141137737e-01 0.000000000000000000e+00 2.970143628716981787e+00
-8.811067400000007410e+01 6.580565113189191795e-01 0.000000000000000000e+00 2.099143759381308705e+00
-8.855211800000006406e+01 6.613534455653041766e-01 0.000000000000000000e+00 2.727264040821789859e+00
-8.963935000000006426e+01 6.694734617271859145e-01 0.000000000000000000e+00 3.291455895775968976e+00
-8.890145000000005382e+01 6.639624393089231802e-01 0.000000000000000000e+00 2.721043319717232567e+00
-8.826943200000006584e+01 6.592421989420097495e-01 0.000000000000000000e+00 3.308050324537510356e+00
-8.786289200000010169e+01 6.562059459891430580e-01 0.000000000000000000e+00 2.586760179021962092e+00
-8.877370600000006107e+01 6.630083804285891169e-01 0.000000000000000000e+00 2.308034325752657434e+00
-9.020556800000007058e+01 6.737022733434263611e-01 0.000000000000000000e+00 3.271921172795252630e+00
-8.881378200000003176e+01 6.633076889181326319e-01 0.000000000000000000e+00 3.117483070786820853e+00
-8.885583600000006754e+01 6.636217701442849171e-01 0.000000000000000000e+00 2.327777787631349238e+00
-8.891106800000005705e+01 6.640342715539684360e-01 0.000000000000000000e+00 2.413376133007389068e+00
-8.955234200000005274e+01 6.688236405609462309e-01 0.000000000000000000e+00 2.895166614042560926e+00
-8.911666600000008032e+01 6.655697847497267228e-01 0.000000000000000000e+00 2.416167963767286597e+00
-8.929437400000001901e+01 6.668970008656018855e-01 0.000000000000000000e+00 2.675952025759365860e+00
-8.885354600000003700e+01 6.636046672287977399e-01 0.000000000000000000e+00 2.958492644431545582e+00
-8.968082000000003973e+01 6.697831813364625297e-01 0.000000000000000000e+00 2.757942604130254605e+00
-8.895757400000006498e+01 6.643816026402724617e-01 0.000000000000000000e+00 2.956885126520539142e+00
-8.887274800000005825e+01 6.637480777891386907e-01 0.000000000000000000e+00 3.226450291658220504e+00
-8.878080400000007444e+01 6.630613919980766768e-01 0.000000000000000000e+00 2.411281937016452659e+00
-8.955204800000005605e+01 6.688214448154644609e-01 0.000000000000000000e+00 2.881439283402541740e+00
-8.894180600000005654e+01 6.642638389846399205e-01 0.000000000000000000e+00 2.680182663223994677e+00
-8.861232800000003351e+01 6.618031252777359930e-01 0.000000000000000000e+00 2.739321801788452415e+00
-8.820094600000007290e+01 6.587307097411192469e-01 0.000000000000000000e+00 3.336296838143461674e+00
-8.876719000000008464e+01 6.629597155389329588e-01 0.000000000000000000e+00 2.851264131534954060e+00
-8.894641000000005704e+01 6.642982240601429389e-01 0.000000000000000000e+00 3.008252389123403869e+00
-8.815648000000004458e+01 6.583986144397903084e-01 0.000000000000000000e+00 2.525518198970922779e+00
-8.937355800000005956e+01 6.674883883153484021e-01 0.000000000000000000e+00 2.907580822093525530e+00
-8.909670000000005530e+01 6.654206682385420679e-01 0.000000000000000000e+00 3.127819558721249837e+00
-8.800798600000003091e+01 6.572895837269869812e-01 0.000000000000000000e+00 2.508291819127716593e+00
-8.846732400000006180e+01 6.607201597068759202e-01 0.000000000000000000e+00 2.818804783359590616e+00
-8.891274600000004114e+01 6.640468037339626317e-01 0.000000000000000000e+00 2.843245750735371669e+00
-8.904965400000001807e+01 6.650693041503326075e-01 0.000000000000000000e+00 2.757383038479225945e+00
-8.910822000000007392e+01 6.655067056125202329e-01 0.000000000000000000e+00 3.014095773615240059e+00
-8.959329600000002358e+01 6.691295064128466308e-01 0.000000000000000000e+00 2.993941854320912199e+00
-8.952377400000005991e+01 6.686102798231160493e-01 0.000000000000000000e+00 3.076821281338416814e+00
-8.963003800000008425e+01 6.694039148498871494e-01 0.000000000000000000e+00 3.282409652038261072e+00
-8.883573400000008746e+01 6.634716379141022413e-01 0.000000000000000000e+00 2.601835257334151663e+00
-8.898327800000001275e+01 6.645735735309604708e-01 0.000000000000000000e+00 2.624729514706171329e+00
-8.830333200000002591e+01 6.594953818393926026e-01 0.000000000000000000e+00 2.942943093347682559e+00
-8.878190600000006327e+01 6.630696223093720532e-01 0.000000000000000000e+00 3.047467067258355033e+00
-8.785144600000008097e+01 6.561204612857963747e-01 0.000000000000000000e+00 2.820707359791120528e+00
-8.914193400000006307e+01 6.657584993648026916e-01 0.000000000000000000e+00 2.772519374005593562e+00
-8.878535800000004485e+01 6.630954036474772106e-01 0.000000000000000000e+00 2.400711931493689555e+00
-8.867611200000004601e+01 6.622794974879629981e-01 0.000000000000000000e+00 3.215695024589190876e+00
-8.937688599999999894e+01 6.675132435567193712e-01 0.000000000000000000e+00 3.068326692239121911e+00
-8.844800000000006435e+01 6.605758379868454933e-01 0.000000000000000000e+00 2.234641503347873925e+00
-8.853280600000007894e+01 6.612092134675383592e-01 0.000000000000000000e+00 3.120358001534664805e+00
-8.912886800000003973e+01 6.656609156557402596e-01 0.000000000000000000e+00 2.993277783073669873e+00
-8.817576400000007197e+01 6.585426374189391474e-01 0.000000000000000000e+00 2.892580474440625604e+00
-8.822319600000007256e+01 6.588968843566583855e-01 0.000000000000000000e+00 2.884364231399664025e+00
-8.775116000000004135e+01 6.553714730838202662e-01 0.000000000000000000e+00 2.762936581891729748e+00
-8.860330600000004608e+01 6.617357442718306837e-01 0.000000000000000000e+00 2.907355395253058639e+00
-8.963815000000006705e+01 6.694644995007298371e-01 0.000000000000000000e+00 2.979423511505050914e+00
-8.947801000000004024e+01 6.682684903801705545e-01 0.000000000000000000e+00 3.209551540009881077e+00
-8.944710200000002942e+01 6.680376533007509332e-01 0.000000000000000000e+00 2.944222444041204145e+00
-8.883799000000001911e+01 6.634884868998390806e-01 0.000000000000000000e+00 2.491539249098432052e+00
-8.888827600000004736e+01 6.638640489994798166e-01 0.000000000000000000e+00 2.517808967694336264e+00
-8.826655200000004697e+01 6.592206895985150972e-01 0.000000000000000000e+00 2.534302348743031175e+00
-8.834565600000006214e+01 6.598114795664976606e-01 0.000000000000000000e+00 2.322309991328079803e+00
-8.830389600000006567e+01 6.594995940858272565e-01 0.000000000000000000e+00 2.370120653107531172e+00
-8.887889000000002682e+01 6.637939494515493477e-01 0.000000000000000000e+00 2.621744643795944629e+00
-8.907755400000004897e+01 6.652776759154358510e-01 0.000000000000000000e+00 2.497210520181477378e+00
-8.720311000000003787e+01 6.512783495761244046e-01 0.000000000000000000e+00 2.578938591531191982e+00
-8.916991400000001988e+01 6.659674686116691111e-01 0.000000000000000000e+00 3.015802021776213149e+00
-8.870261000000006391e+01 6.624773983851567349e-01 0.000000000000000000e+00 2.670476255995994475e+00
-8.963726600000008204e+01 6.694578973272407030e-01 0.000000000000000000e+00 3.147467787600667588e+00
-8.794246400000005792e+01 6.568002312254430652e-01 0.000000000000000000e+00 2.598688649934225658e+00
-8.862728800000003559e+01 6.619148543675547058e-01 0.000000000000000000e+00 2.771529221150830669e+00
-8.966473200000007182e+01 6.696630277537753972e-01 0.000000000000000000e+00 3.321993484838447586e+00
-8.919138800000001766e+01 6.661278476541000471e-01 0.000000000000000000e+00 2.474534168559750835e+00
-8.854417200000006005e+01 6.612941006891209783e-01 0.000000000000000000e+00 2.961932354313871141e+00
-8.931384800000003565e+01 6.670424428639395442e-01 0.000000000000000000e+00 3.325705117927640231e+00
-8.918304400000003795e+01 6.660655303061424615e-01 0.000000000000000000e+00 3.109614982966036223e+00
-8.929911800000006394e+01 6.669324315341917941e-01 0.000000000000000000e+00 2.526484270236712515e+00
-8.869379200000004460e+01 6.624115409577486790e-01 0.000000000000000000e+00 2.144285200467851205e+00
-8.958191799999998750e+01 6.690445295689989580e-01 0.000000000000000000e+00 3.049165889599808388e+00
-8.875867400000005603e+01 6.628961136051829683e-01 0.000000000000000000e+00 2.514388119097484608e+00
-8.939853400000008321e+01 6.676749221219869801e-01 0.000000000000000000e+00 3.151509633067488547e+00
-8.848547000000000651e+01 6.608556835079349989e-01 0.000000000000000000e+00 2.602935407507563692e+00
-8.895943800000003421e+01 6.643955239653672740e-01 0.000000000000000000e+00 2.892306014754638888e+00
-8.893876200000005383e+01 6.642411048035297139e-01 0.000000000000000000e+00 3.043969561787184919e+00
-8.929624600000005330e+01 6.669109819388735483e-01 0.000000000000000000e+00 3.117340001659016036e+00
-8.930785000000007301e+01 6.669976466687036476e-01 0.000000000000000000e+00 2.831223573640802016e+00
-8.972995200000003990e+01 6.701501247616611368e-01 0.000000000000000000e+00 3.057594469099966350e+00
-8.888853800000005378e+01 6.638660057522560720e-01 0.000000000000000000e+00 3.255544801861164572e+00
-8.876052800000006471e+01 6.629099602450576612e-01 0.000000000000000000e+00 2.752788449425216388e+00
-8.910613400000003992e+01 6.654911262755305312e-01 0.000000000000000000e+00 2.715127081283525534e+00
-8.849794800000005068e+01 6.609488757260341130e-01 0.000000000000000000e+00 2.738533734952100840e+00
-8.817080600000006996e+01 6.585056084866315329e-01 0.000000000000000000e+00 3.229602431229270820e+00
-8.821747400000006678e+01 6.588541494735070669e-01 0.000000000000000000e+00 2.493006891392258506e+00
-8.900664800000001264e+01 6.647481128911919557e-01 0.000000000000000000e+00 2.719307085926802703e+00
-8.875408600000002934e+01 6.628618480260325407e-01 0.000000000000000000e+00 2.957451652994857572e+00
-8.768788400000005367e+01 6.548988948827931811e-01 0.000000000000000000e+00 2.704402077971649110e+00
-8.747698800000001995e+01 6.533238134572313394e-01 0.000000000000000000e+00 1.950922081979583833e+00
-8.882039400000006424e+01 6.633570707859056670e-01 0.000000000000000000e+00 2.883025168391666782e+00
-8.829724400000003470e+01 6.594499134771724114e-01 0.000000000000000000e+00 2.971752754793070217e+00
-8.835991800000002172e+01 6.599179956279274117e-01 0.000000000000000000e+00 2.964922969220296523e+00
-8.872790400000008049e+01 6.626663071818060802e-01 0.000000000000000000e+00 2.696120934250734180e+00
-8.794585400000005393e+01 6.568255495151813506e-01 0.000000000000000000e+00 2.800260886526485749e+00
-8.856236400000003073e+01 6.614299680421944494e-01 0.000000000000000000e+00 2.904454563705602066e+00
-8.803277200000006530e+01 6.574746985144368505e-01 0.000000000000000000e+00 2.913346778627874833e+00
-8.829414600000004043e+01 6.594267759958717390e-01 0.000000000000000000e+00 2.613977325082304848e+00
-8.861479400000004603e+01 6.618215426531032231e-01 0.000000000000000000e+00 2.377914509164055001e+00
